1 2
1 3
2 3
1 4
2 4
3 4
1 5
2 5
3 5
4 5
1 6
2 6
3 6
4 6
5 6
1 7
2 7
3 7
4 7
5 7
6 7
1 8
2 8
3 8
4 8
5 8
6 8
7 8
1 9
2 9
3 9
4 9
5 9
6 9
7 9
8 9
1 10
2 10
3 10
4 10
5 10
6 10
7 10
8 10
9 10
9 11
4 12
9 12
11 12
11 13
12 13
4 14
10 14
11 14
12 14
13 14
2 15
7 15
11 15
12 15
13 15
14 15
11 16
12 16
13 16
14 16
15 16
11 17
12 17
13 17
14 17
15 17
16 17
11 18
13 19
12 20
13 21
11 22
13 23
9 24
1 25
4 26
15 27
2 28
17 29
12 30
8 31
16 32
17 33
16 34
9 35
3 36
16 37
8 38
16 39
3 40
13 41
8 42
11 43
12 44
4 45
17 46
14 47
3 48
14 49
8 50
3 51
11 52
17 53
42 53
15 54
19 54
41 54
12 55
13 56
3 57
4 57
6 57
8 57
6 58
12 59
9 60
17 61
9 62
5 63
6 63
7 63
8 63
25 63
6 64
7 64
10 64
7 65
17 65
16 66
15 67
16 67
29 67
48 67
53 67
61 67
65 67
16 68
67 69
1 70
2 70
4 70
31 70
12 71
62 71
11 72
13 72
16 72
29 72
5 73
8 73
9 73
15 73
13 74
14 74
18 74
22 74
43 74
72 74
2 75
3 75
4 75
7 75
8 75
9 75
10 75
73 75
2 76
9 76
73 76
12 77
62 77
9 78
12 79
62 79
4 80
1 81
9 81
12 81
14 81
26 81
45 81
2 82
12 83
67 83
67 84
9 85
6 86
14 87
18 87
22 87
12 88
62 88
7 89
9 89
51 89
73 89
31 90
38 90
65 91
69 91
83 91
4 92
11 92
13 92
16 92
44 92
55 92
81 92
5 93
10 93
63 93
87 94
9 95
62 96
11 97
14 97
32 97
34 97
66 97
67 97
68 97
72 97
9 98
54 99
12 100
25 100
4 101
98 101
31 102
11 103
16 103
29 103
6 104
7 104
31 104
38 104
63 104
62 105
7 106
10 106
3 107
12 108
62 109
3 110
27 111
54 111
27 112
54 112
8 113
16 114
48 114
65 114
83 114
84 114
15 115
41 115
111 115
1 116
116 117
4 118
38 119
13 120
38 121
27 122
62 123
17 124
67 124
11 125
32 125
34 125
72 125
12 126
67 127
2 128
73 128
87 129
15 130
8 131
31 132
14 133
18 133
94 133
110 134
73 135
11 136
16 137
53 137
83 137
84 137
4 138
81 138
11 139
13 139
47 139
49 139
81 139
69 140
67 141
13 142
41 143
99 143
67 144
114 144
62 145
3 146
132 146
125 147
1 148
63 148
7 149
13 150
11 151
114 152
6 153
8 153
124 154
13 155
5 156
6 156
7 156
14 156
89 157
9 158
12 158
14 158
45 158
92 158
139 158
9 159
101 159
31 160
13 161
12 162
3 163
4 163
8 163
10 163
63 163
64 163
86 163
104 163
156 163
90 164
60 165
62 166
13 167
97 168
63 169
62 170
4 171
11 171
13 171
44 171
58 171
5 172
63 172
124 173
1 174
2 174
11 174
12 174
24 174
35 174
62 174
75 174
76 174
89 174
159 174
139 175
81 176
9 177
37 177
41 178
114 179
171 180
6 181
3 182
4 182
62 183
16 184
4 185
81 185
91 186
5 187
3 188
17 189
137 189
62 190
1 191
45 191
92 191
139 191
185 191
62 192
12 193
15 193
32 193
34 193
37 193
63 193
114 193
184 193
97 194
137 195
5 196
74 197
80 198
139 199
9 200
13 201
16 201
74 201
97 201
125 201
185 201
11 202
14 202
16 202
73 202
115 202
193 202
80 203
81 204
16 205
83 205
84 205
8 206
9 207
3 208
80 209
9 210
12 211
15 211
32 211
34 211
114 211
184 211
163 212
12 213
137 213
205 213
8 214
12 215
5 216
24 217
90 218
4 219
13 219
158 219
17 220
67 220
154 220
93 221
159 222
62 223
3 224
4 224
6 224
1 225
2 225
7 225
9 225
156 225
9 226
16 227
211 227
67 228
8 229
13 230
15 231
16 231
43 231
103 231
136 231
202 231
8 232
67 233
74 234
1 235
31 235
4 236
13 237
29 237
154 238
12 239
13 240
72 240
197 240
84 241
8 242
116 243
216 243
11 244
7 245
11 246
213 247
14 248
18 248
22 248
149 249
4 250
15 251
16 251
61 251
65 251
83 251
97 251
127 251
141 251
220 251
9 252
4 253
8 253
9 253
174 253
35 254
72 254
12 255
63 256
73 257
31 258
3 259
16 260
43 260
103 260
67 261
114 261
9 262
177 263
214 264
56 265
54 266
198 266
99 267
4 268
13 268
14 268
30 268
59 268
71 268
79 268
83 268
88 268
126 268
239 268
268 269
67 270
205 270
265 270
4 271
239 271
92 272
4 273
1 274
185 274
7 275
14 275
16 275
27 275
54 275
115 275
130 275
193 275
211 275
4 276
8 276
13 277
147 278
268 279
271 279
3 280
54 281
143 281
267 281
14 282
15 282
34 282
39 282
68 282
227 282
137 283
35 284
62 284
75 284
253 284
16 285
211 285
16 286
211 286
282 286
4 287
81 287
14 288
97 288
1 289
6 289
75 289
104 289
245 289
9 290
67 291
178 291
205 291
241 291
4 292
7 293
291 293
83 294
195 294
116 295
5 296
149 297
26 298
17 299
67 299
3 300
145 301
4 302
174 302
60 303
15 304
103 304
267 305
63 306
163 307
86 308
11 309
12 309
13 309
14 309
16 309
33 309
53 309
220 309
4 310
174 310
17 311
42 311
309 311
155 312
62 313
1 314
2 314
4 314
6 315
309 316
145 317
102 318
198 318
209 318
282 319
37 320
263 320
269 320
248 321
9 322
168 322
114 323
184 323
275 323
67 324
124 325
116 326
139 327
235 328
174 329
48 330
65 330
84 330
144 330
152 330
211 330
261 330
4 331
322 331
3 332
5 332
7 332
9 332
57 332
289 332
174 333
9 334
71 334
96 334
109 334
170 334
192 334
5 335
2 336
4 336
12 337
45 337
92 337
309 338
3 339
38 340
6 341
81 341
174 341
191 341
235 341
289 341
139 342
87 343
133 343
65 344
144 344
152 344
211 344
298 345
15 346
41 346
111 346
202 346
11 347
14 347
15 347
34 347
66 347
67 347
68 347
72 347
114 347
202 347
205 347
286 347
140 348
1 349
3 349
7 349
8 349
10 349
57 349
58 349
104 349
181 349
315 349
341 349
4 350
81 350
3 351
163 352
63 353
15 354
34 354
286 354
63 355
14 356
3 357
254 357
15 358
103 358
301 358
158 359
254 360
4 361
8 362
180 363
81 364
159 365
9 366
105 366
165 366
12 367
249 368
297 368
180 369
171 370
254 371
278 371
9 372
12 373
14 373
15 373
16 373
120 373
161 373
171 373
230 373
268 373
277 373
309 373
38 374
31 375
341 375
18 376
22 376
94 376
163 377
204 377
349 378
7 379
51 379
13 380
14 380
15 380
17 380
34 380
92 380
103 380
114 380
137 380
201 380
260 380
275 380
286 380
209 381
191 382
14 383
4 384
32 384
14 385
96 386
90 387
91 388
3 389
177 389
7 390
2 391
5 392
9 393
174 393
81 394
174 394
289 394
375 394
3 395
89 395
379 395
38 396
38 397
339 398
379 399
3 400
81 401
65 402
83 402
262 402
96 403
62 404
65 405
16 406
29 406
74 406
97 406
125 406
14 407
13 408
16 408
44 408
11 409
248 409
376 409
14 410
168 410
194 410
201 410
288 410
406 410
3 411
188 411
16 412
80 412
211 412
384 412
3 413
298 414
379 414
281 415
16 416
22 416
43 416
97 416
343 417
43 418
6 419
163 419
139 420
410 421
174 422
327 422
97 423
380 423
9 424
12 424
45 424
219 424
294 425
379 426
38 427
2 428
80 429
211 429
43 430
180 431
1 432
3 432
4 432
6 432
31 432
63 432
75 432
153 432
163 432
206 432
214 432
362 432
4 433
59 433
14 434
30 434
34 434
201 434
423 434
15 435
62 436
68 437
275 438
334 438
14 439
15 439
16 439
120 439
3 440
13 441
30 441
373 441
24 442
282 443
12 444
205 444
251 444
402 444
368 445
100 446
1 447
45 447
139 447
185 447
382 447
308 448
12 449
12 450
205 450
251 450
37 451
73 452
231 452
193 453
211 453
323 453
177 454
29 455
68 455
422 456
201 457
423 457
394 458
74 459
430 459
67 460
81 461
9 462
73 462
15 463
34 463
270 464
403 464
219 465
54 466
30 467
239 467
269 467
279 467
11 468
16 468
77 468
108 468
158 468
213 468
337 468
367 468
373 468
444 468
450 468
99 469
116 470
38 471
322 472
410 472
368 473
11 474
16 474
44 474
158 474
272 474
1 475
14 475
45 475
92 475
139 475
287 475
350 475
394 475
39 476
319 476
443 476
6 477
163 477
67 478
18 479
22 479
94 479
129 479
163 480
80 481
211 481
211 482
394 483
8 484
15 485
11 486
13 486
15 486
16 486
33 486
53 486
65 486
189 486
299 486
34 487
286 487
116 488
193 489
211 489
323 489
38 490
284 491
282 492
2 493
4 493
1 494
243 494
488 494
8 495
13 496
30 496
373 496
103 497
188 497
112 498
275 498
3 499
4 499
8 499
10 499
104 499
268 499
377 499
432 499
477 499
4 500
379 501
5 502
195 502
13 503
265 503
34 504
347 505
83 506
195 506
15 507
7 508
93 509
434 510
3 511
114 512
184 512
309 513
411 514
22 515
12 516
5 517
13 518
7 519
395 519
13 520
139 521
17 522
486 522
91 523
211 524
282 524
74 525
430 525
13 526
1 527
7 527
8 527
10 527
57 527
104 527
378 527
431 528
17 529
91 530
139 531
5 532
214 533
31 534
318 534
6 535
8 535
3 536
96 537
124 538
5 539
29 540
260 540
304 540
358 540
380 540
482 540
12 541
13 542
4 543
447 543
482 543
1 544
2 544
10 544
14 544
26 544
70 544
80 544
163 544
171 544
182 544
185 544
250 544
276 544
287 544
302 544
336 544
361 544
384 544
432 544
493 544
499 544
1 545
185 545
67 546
72 546
455 546
34 547
91 548
323 548
13 549
97 550
297 551
473 551
349 552
83 553
195 553
5 554
7 554
9 554
113 554
163 554
214 554
253 554
276 554
349 554
15 555
428 556
26 557
5 558
334 559
42 560
116 561
439 561
8 562
31 563
29 564
125 564
410 564
201 565
72 566
455 566
11 567
13 568
238 568
312 568
116 569
446 569
222 570
174 571
41 572
81 573
87 574
376 574
38 575
17 576
9 577
17 578
211 579
282 579
97 580
410 580
68 581
214 582
74 583
430 583
35 584
22 585
343 585
409 585
10 586
12 586
16 586
87 586
97 586
158 586
268 586
282 586
347 586
356 586
373 586
383 586
410 586
439 586
38 587
65 588
186 588
3 589
140 590
309 591
7 592
9 592
51 592
73 592
157 592
395 592
9 593
217 593
528 593
4 594
544 594
15 595
184 596
453 596
548 596
177 597
246 598
329 598
11 599
408 600
58 601
114 601
11 602
317 603
93 604
211 605
22 606
13 607
9 608
402 608
38 609
31 610
8 611
61 612
97 612
450 612
9 613
377 614
110 615
61 616
1 617
63 617
67 618
12 619
468 619
512 620
596 620
38 621
62 622
491 622
73 623
586 624
222 625
12 626
268 626
11 627
67 627
168 627
423 627
550 627
612 627
268 628
177 629
193 630
211 630
137 631
308 631
540 632
91 633
45 634
3 635
437 636
581 636
95 637
87 638
7 639
11 639
12 639
13 639
14 639
16 639
27 639
73 639
130 639
346 639
347 639
435 639
463 639
555 639
595 639
163 640
4 641
544 641
254 642
284 642
584 642
4 643
34 644
184 644
227 644
285 644
330 644
481 644
489 644
561 645
14 646
406 646
564 646
580 646
586 646
67 647
154 647
192 647
538 647
8 648
174 649
15 650
34 650
4 651
337 651
634 651
3 652
41 653
528 653
13 654
43 654
72 654
197 654
201 654
459 654
31 655
211 656
282 656
268 657
301 657
38 658
362 658
309 659
360 660
455 660
379 661
15 662
111 662
15 663
639 663
38 664
81 665
475 665
7 666
402 667
211 668
543 668
30 669
8 670
9 671
27 672
12 673
32 673
282 674
14 675
16 676
177 676
193 676
639 677
67 678
91 678
268 678
8 679
93 680
169 680
172 680
355 680
394 681
455 681
3 682
38 683
97 684
434 684
457 684
67 685
31 686
113 686
5 687
219 688
231 689
7 690
195 691
17 692
442 692
486 692
615 692
11 693
74 693
87 693
133 693
479 693
347 694
392 695
4 696
9 696
14 696
30 696
59 696
71 696
81 696
100 696
108 696
158 696
215 696
239 696
255 696
367 696
541 696
619 696
626 696
673 696
347 697
139 698
116 699
451 700
81 701
544 701
557 701
139 702
422 702
38 703
177 704
15 705
111 705
266 705
275 705
281 705
3 706
63 707
33 708
522 708
157 709
9 710
63 711
395 712
279 713
543 714
144 715
152 715
211 715
3 716
139 717
63 718
4 719
8 719
544 719
554 719
248 720
205 721
124 722
567 723
55 724
596 724
124 725
140 726
425 726
129 727
12 728
16 729
53 729
299 729
428 729
522 729
9 730
303 731
11 732
74 732
14 733
424 734
13 735
14 735
15 735
22 735
43 735
92 735
136 735
139 735
174 735
202 735
468 735
486 735
627 735
369 736
431 736
38 737
38 738
211 739
201 740
4 741
337 741
430 741
447 741
475 741
8 742
2 743
729 743
258 744
33 745
65 745
189 745
299 745
735 745
744 746
110 747
627 747
680 748
80 749
137 749
139 749
174 749
9 750
101 750
13 751
535 751
14 752
34 752
72 752
184 752
205 752
227 752
275 752
286 752
373 752
406 752
416 752
439 752
468 752
474 752
639 752
729 752
177 753
30 754
279 754
377 755
746 756
421 757
13 758
232 759
15 760
630 760
111 761
3 762
7 762
104 762
315 762
341 762
378 762
696 763
3 764
48 765
84 765
211 765
708 766
9 767
351 767
38 768
523 768
16 769
211 769
767 770
4 771
159 772
63 773
680 773
13 774
373 774
80 775
768 776
360 777
5 778
760 779
660 780
612 781
12 782
13 782
34 782
66 782
67 782
201 782
202 782
251 782
260 782
412 782
416 782
639 782
676 782
769 782
608 783
8 784
13 785
282 786
752 786
353 787
398 787
733 787
482 788
15 789
12 790
62 790
165 791
91 792
4 793
14 793
239 793
373 793
499 793
586 793
626 793
657 793
678 793
312 794
219 795
61 796
63 797
205 798
227 798
373 798
786 798
14 799
3 800
81 801
305 802
7 803
3 804
5 804
6 804
15 804
75 804
82 804
128 804
336 804
391 804
493 804
743 804
8 805
264 805
533 805
554 805
68 806
510 806
636 806
31 807
695 808
35 809
62 809
75 809
491 809
642 809
6 810
499 810
3 811
4 811
5 811
57 811
63 811
86 811
153 811
224 811
341 811
419 811
477 811
804 811
497 812
87 813
585 813
15 814
17 815
482 816
458 817
668 817
193 818
323 818
596 818
644 818
752 818
29 819
103 820
97 821
609 821
38 822
9 823
6 824
95 825
290 825
139 826
12 827
268 827
163 828
708 829
137 830
139 830
16 831
211 831
8 832
3 833
211 834
38 835
3 836
651 837
149 838
551 838
4 839
5 839
6 839
7 839
10 839
42 839
57 839
75 839
153 839
163 839
206 839
232 839
242 839
253 839
276 839
349 839
391 839
484 839
495 839
527 839
535 839
742 839
832 839
149 840
8 841
696 842
16 843
43 843
380 843
540 843
294 844
2 845
211 846
15 847
111 847
177 848
232 849
63 850
680 850
54 851
198 851
92 852
423 852
213 853
62 854
1 855
2 855
4 855
379 856
38 857
768 858
16 859
282 859
495 860
211 861
14 862
191 863
545 863
819 863
62 864
12 865
13 865
14 865
130 865
193 865
211 865
304 865
347 865
358 865
380 865
439 865
463 865
507 865
680 865
735 865
114 866
432 866
4 867
30 867
59 867
108 867
215 867
541 867
626 867
17 868
531 868
708 868
729 868
408 869
660 870
9 871
94 872
409 872
54 873
3 874
12 875
15 876
13 877
265 877
696 878
68 879
32 880
236 881
522 881
829 881
567 882
31 883
11 884
66 884
114 884
16 885
74 885
410 885
434 885
457 885
14 886
63 887
296 887
4 888
590 888
554 889
660 890
12 891
63 891
114 891
202 891
275 891
453 891
752 892
865 892
9 893
45 893
734 893
12 894
31 895
235 896
450 897
235 898
38 899
652 900
139 901
459 902
5 903
497 904
9 905
170 905
192 905
12 906
552 906
38 907
15 908
111 908
639 908
672 908
482 909
369 910
3 911
116 912
451 913
469 913
637 913
101 914
171 915
363 915
369 915
97 916
125 916
193 916
347 916
354 916
380 916
487 916
644 916
752 916
8 917
135 917
257 917
639 917
139 918
22 919
343 919
813 919
369 920
301 921
97 922
410 922
417 922
3 923
444 924
608 924
163 925
204 925
614 925
755 925
421 926
482 927
9 928
8 929
411 929
1 930
10 930
31 930
42 930
57 930
63 930
131 930
349 930
484 930
499 930
527 930
784 930
805 930
12 931
13 931
14 931
29 931
33 931
46 931
61 931
65 931
124 931
380 931
578 931
692 931
868 931
16 932
97 932
347 932
884 932
63 933
930 933
660 934
22 935
267 935
782 935
94 936
450 937
797 937
835 937
8 938
2 939
96 940
149 941
551 941
348 942
396 942
67 943
850 944
8 945
811 945
110 946
460 946
534 947
9 948
165 948
812 949
904 949
1 950
31 950
42 950
63 950
805 950
53 951
428 951
6 952
86 953
631 953
62 954
265 955
13 956
8 957
772 957
211 958
18 959
22 959
201 959
234 959
583 959
732 959
885 959
144 960
15 961
410 962
417 962
413 963
368 964
67 965
344 965
960 965
468 966
696 966
881 967
15 968
865 968
177 969
235 970
282 971
752 971
798 971
345 972
12 973
758 973
309 974
13 975
535 975
202 976
275 976
453 976
381 977
493 978
746 979
482 980
174 981
814 981
73 982
631 983
233 984
900 984
93 985
62 986
839 987
12 988
696 988
5 989
960 990
11 991
231 991
260 991
416 991
80 992
318 992
237 993
7 994
8 994
10 994
15 994
75 994
76 994
174 994
225 994
428 994
845 994
855 994
939 994
695 995
3 996
825 997
330 998
715 998
375 999
458 999
681 999
551 1000
518 1001
281 1002
62 1003
75 1003
253 1003
491 1003
93 1004
987 1004
67 1005
344 1005
960 1005
13 1006
7 1007
38 1008
749 1009
376 1010
585 1010
735 1010
935 1010
22 1011
94 1011
409 1011
746 1012
817 1013
140 1014
425 1014
16 1015
384 1015
880 1015
13 1016
3 1017
410 1018
108 1019
215 1019
541 1019
626 1019
15 1020
3 1021
62 1022
195 1023
425 1023
12 1024
696 1024
18 1025
732 1025
540 1026
752 1027
798 1027
211 1028
323 1028
512 1028
124 1029
6 1030
54 1031
662 1031
847 1031
908 1031
211 1032
116 1033
62 1034
237 1035
725 1035
600 1036
7 1037
54 1037
130 1037
498 1037
752 1037
976 1037
14 1038
41 1039
38 1040
434 1041
467 1041
496 1041
639 1042
211 1043
211 1044
762 1045
27 1046
908 1046
205 1047
373 1047
971 1047
708 1048
45 1049
189 1050
735 1050
554 1051
9 1052
825 1052
22 1053
379 1054
4 1055
174 1055
12 1056
434 1056
496 1056
696 1056
870 1056
15 1057
839 1058
597 1059
660 1060
770 1061
972 1061
211 1062
139 1063
491 1064
373 1065
2 1066
174 1067
251 1067
289 1067
375 1067
458 1067
483 1067
3 1068
165 1069
692 1070
532 1071
631 1072
379 1073
682 1074
2 1075
804 1075
754 1076
804 1077
12 1078
62 1078
74 1079
410 1079
434 1079
768 1080
482 1081
45 1082
741 1082
3 1083
371 1084
9 1085
37 1085
263 1085
676 1085
753 1085
848 1085
554 1086
8 1087
77 1088
108 1088
158 1088
373 1088
444 1088
966 1088
905 1089
14 1090
97 1090
15 1091
34 1091
38 1092
767 1092
62 1093
81 1094
282 1095
887 1096
159 1097
750 1097
914 1097
195 1098
124 1099
561 1100
16 1101
125 1101
193 1101
211 1101
15 1102
726 1103
12 1104
376 1104
349 1105
488 1106
434 1107
34 1108
510 1108
684 1108
1041 1108
1056 1108
1079 1108
1103 1109
94 1110
15 1111
53 1111
735 1111
11 1112
147 1112
38 1113
817 1114
357 1115
198 1116
476 1117
586 1118
66 1119
67 1119
114 1119
639 1119
694 1119
916 1119
932 1119
35 1120
114 1121
453 1121
38 1122
461 1122
13 1123
14 1123
92 1123
114 1123
260 1123
423 1123
540 1123
931 1123
17 1124
137 1124
231 1124
309 1124
486 1124
761 1124
951 1124
1111 1124
34 1125
201 1125
423 1125
885 1125
1041 1125
1056 1125
299 1126
522 1126
1124 1126
116 1127
494 1127
1106 1127
525 1128
451 1129
469 1129
637 1129
797 1129
9 1130
368 1130
1 1131
104 1131
103 1132
991 1132
1123 1132
71 1133
88 1133
96 1133
109 1133
145 1133
166 1133
170 1133
183 1133
192 1133
223 1133
284 1133
809 1133
854 1133
864 1133
954 1133
986 1133
1022 1133
1093 1133
15 1134
1127 1135
1025 1136
900 1137
696 1138
177 1139
15 1140
9 1141
331 1142
417 1142
3 1143
497 1143
11 1144
174 1144
248 1144
15 1145
266 1145
281 1145
540 1146
87 1147
585 1147
919 1147
282 1148
347 1148
455 1148
581 1148
806 1148
879 1148
590 1149
4 1150
174 1150
11 1151
248 1151
8 1152
139 1153
696 1154
18 1155
12 1156
697 1157
38 1158
218 1158
12 1159
756 1159
67 1160
3 1161
554 1162
14 1163
421 1164
7 1165
13 1166
53 1166
220 1166
311 1166
338 1166
513 1166
591 1166
659 1166
1124 1166
94 1167
121 1168
374 1168
490 1168
575 1168
609 1168
621 1168
835 1168
857 1168
1008 1168
1122 1168
265 1169
159 1170
12 1171
268 1171
839 1172
67 1173
344 1173
4 1174
32 1174
1015 1174
13 1175
639 1176
3 1177
1130 1178
426 1179
11 1180
191 1180
199 1180
521 1180
735 1180
826 1180
918 1180
3 1181
204 1182
755 1182
984 1183
22 1184
8 1185
810 1185
209 1186
992 1186
411 1187
441 1187
817 1188
10 1189
23 1189
57 1189
153 1189
163 1189
242 1189
832 1189
1058 1189
1172 1189
368 1190
1 1191
10 1191
70 1191
75 1191
76 1191
82 1191
128 1191
225 1191
493 1191
743 1191
845 1191
939 1191
994 1192
1191 1192
34 1193
885 1193
1041 1193
1056 1193
31 1194
22 1195
409 1195
67 1196
411 1197
628 1198
642 1199
426 1200
551 1201
13 1202
158 1202
327 1202
342 1202
475 1202
735 1202
901 1202
918 1202
781 1203
224 1204
341 1204
804 1204
348 1205
726 1205
1014 1205
201 1206
174 1207
91 1208
570 1208
35 1209
642 1209
15 1210
12 1211
867 1211
180 1212
116 1213
686 1214
12 1215
62 1215
268 1215
62 1216
12 1217
4 1218
13 1218
16 1218
272 1218
475 1218
62 1219
3 1220
22 1221
752 1221
991 1221
114 1222
853 1222
9 1223
38 1224
163 1225
81 1226
224 1227
308 1227
36 1228
289 1229
375 1229
458 1229
475 1229
483 1229
9 1230
9 1231
421 1232
11 1233
932 1233
330 1234
481 1234
916 1234
15 1235
16 1235
53 1235
65 1235
97 1235
220 1235
233 1235
261 1235
270 1235
291 1235
299 1235
460 1235
546 1235
627 1235
1119 1235
1160 1235
1173 1235
1187 1235
1196 1235
163 1236
477 1237
5 1238
64 1238
106 1238
930 1238
994 1238
163 1239
450 1240
33 1241
735 1241
11 1242
5 1243
695 1243
137 1244
308 1244
983 1244
1072 1244
124 1245
277 1245
34 1246
67 1247
91 1247
38 1248
523 1248
1080 1248
1090 1248
229 1249
731 1249
228 1250
17 1251
67 1251
72 1251
237 1251
564 1251
819 1251
931 1251
735 1252
552 1253
16 1254
125 1254
193 1254
282 1254
354 1254
547 1254
644 1254
650 1254
1091 1254
1125 1254
1246 1254
17 1255
235 1256
660 1257
74 1258
577 1258
301 1259
1056 1260
534 1261
450 1262
16 1263
22 1263
97 1263
752 1263
782 1263
451 1264
32 1265
1015 1265
851 1266
1116 1266
137 1267
1072 1267
67 1268
15 1269
9 1270
43 1271
858 1272
1 1273
185 1273
491 1274
700 1274
980 1275
4 1276
544 1276
476 1277
174 1278
746 1279
12 1280
13 1280
14 1280
130 1280
304 1280
347 1280
439 1280
507 1280
735 1280
5 1281
62 1282
95 1283
913 1283
94 1284
32 1285
696 1285
735 1286
16 1287
193 1287
547 1287
1246 1287
395 1288
29 1289
68 1289
546 1289
660 1289
11 1290
33 1290
299 1290
692 1290
1124 1290
381 1291
13 1292
189 1292
251 1292
412 1292
416 1292
769 1292
63 1293
9 1294
1036 1295
322 1296
1142 1296
14 1297
944 1298
12 1299
411 1300
1235 1300
8 1301
18 1301
1140 1302
905 1303
193 1304
94 1305
692 1306
144 1307
965 1307
11 1308
13 1308
53 1308
316 1308
373 1308
513 1308
659 1308
974 1308
1124 1308
65 1309
84 1309
144 1309
211 1309
644 1309
998 1309
1234 1309
155 1310
31 1311
33 1312
72 1313
1289 1313
205 1314
971 1314
925 1315
18 1316
9 1317
3 1318
89 1318
592 1318
942 1319
1 1320
185 1320
863 1320
532 1321
476 1322
8 1323
257 1323
211 1324
942 1325
13 1326
380 1326
434 1326
457 1326
654 1326
1206 1326
987 1327
1202 1327
34 1328
1103 1329
1053 1330
410 1331
379 1332
519 1332
1288 1332
334 1333
1133 1333
222 1334
850 1335
1298 1335
11 1336
9 1337
9 1338
753 1338
695 1339
497 1340
949 1340
201 1341
48 1342
84 1342
211 1342
12 1343
429 1344
72 1345
13 1346
1159 1347
1208 1348
15 1349
646 1350
211 1351
124 1352
257 1353
379 1354
1 1355
156 1355
9 1356
12 1357
434 1357
496 1357
7 1358
38 1358
349 1358
527 1358
80 1359
14 1360
26 1360
92 1360
138 1360
139 1360
364 1360
573 1360
665 1360
701 1360
801 1360
1094 1360
9 1361
363 1362
431 1362
1212 1362
91 1363
323 1363
268 1364
586 1365
794 1365
299 1366
1124 1366
557 1367
12 1368
174 1369
14 1370
18 1370
22 1370
72 1370
197 1370
732 1370
885 1370
67 1371
178 1371
241 1371
551 1372
1272 1373
31 1374
587 1374
1266 1375
532 1376
1054 1376
14 1377
92 1377
136 1377
139 1377
865 1377
1010 1377
1280 1377
1286 1377
1323 1377
11 1378
66 1378
932 1378
398 1379
624 1380
8 1381
1249 1381
380 1382
4 1383
139 1384
1127 1385
278 1386
1084 1386
235 1387
265 1388
1338 1389
1048 1390
1245 1391
1154 1392
9 1393
65 1394
189 1394
299 1394
735 1394
251 1395
483 1395
137 1396
301 1397
235 1398
9 1399
22 1400
27 1400
13 1401
865 1402
491 1403
430 1404
654 1404
265 1405
14 1406
227 1406
319 1406
443 1406
524 1406
656 1406
786 1406
859 1406
1095 1406
1148 1406
1254 1406
62 1407
642 1407
288 1408
561 1408
48 1409
1026 1409
5 1410
299 1411
1235 1411
11 1412
97 1412
418 1412
566 1412
1345 1412
817 1413
16 1414
87 1414
97 1414
268 1414
347 1414
356 1414
383 1414
624 1414
646 1414
1118 1414
1365 1414
379 1415
1 1416
14 1416
70 1416
250 1416
287 1416
336 1416
361 1416
493 1416
641 1416
701 1416
1360 1417
97 1418
455 1418
581 1418
879 1418
1289 1418
281 1419
1031 1419
987 1420
1202 1420
965 1421
1005 1421
491 1422
1173 1422
532 1423
821 1424
116 1425
994 1426
1191 1426
904 1427
1340 1427
534 1428
839 1429
1189 1429
1202 1430
482 1431
794 1432
794 1433
7 1434
942 1435
1 1436
3 1436
4 1436
206 1436
362 1436
499 1436
544 1436
866 1436
332 1437
1189 1437
34 1438
639 1438
410 1439
254 1440
278 1440
201 1441
45 1442
185 1442
382 1442
219 1443
701 1444
1348 1445
63 1446
38 1447
112 1448
875 1449
180 1450
421 1451
211 1452
1234 1452
29 1453
1035 1453
211 1454
1191 1455
214 1456
280 1456
4 1457
544 1457
1358 1458
149 1459
368 1459
81 1460
124 1461
3 1462
6 1463
379 1464
114 1465
432 1465
1436 1465
410 1466
885 1466
201 1467
12 1468
97 1469
434 1469
211 1470
3 1471
1025 1472
839 1473
1189 1473
18 1474
954 1474
1374 1474
174 1475
202 1476
43 1477
1412 1477
839 1478
1189 1478
211 1479
16 1480
428 1481
1124 1481
205 1482
87 1483
416 1483
515 1483
606 1483
735 1483
959 1483
1011 1483
1053 1483
1195 1483
1221 1483
1263 1483
1400 1483
1097 1484
567 1485
9 1486
74 1487
1142 1488
139 1489
13 1490
13 1491
72 1491
201 1491
459 1491
282 1492
63 1493
74 1494
133 1494
479 1494
812 1494
31 1495
744 1495
147 1496
17 1497
97 1498
141 1498
316 1498
782 1498
330 1499
344 1499
1309 1499
646 1500
72 1501
201 1501
1376 1502
750 1503
12 1504
1387 1505
254 1506
284 1506
584 1506
1199 1506
1407 1506
114 1507
853 1507
31 1508
113 1508
1214 1508
508 1509
881 1510
797 1511
4 1512
1344 1512
811 1513
1204 1513
95 1514
290 1514
697 1515
13 1516
104 1517
132 1517
160 1517
258 1517
686 1517
895 1517
950 1517
1194 1517
1508 1517
97 1518
347 1518
884 1518
1119 1518
159 1519
578 1520
900 1521
62 1522
334 1522
386 1522
537 1522
51 1523
1318 1523
5 1524
195 1524
654 1525
1151 1526
35 1527
61 1528
1213 1528
1482 1529
982 1530
277 1531
905 1531
46 1532
67 1532
91 1532
138 1533
139 1533
364 1533
573 1533
670 1533
13 1534
348 1535
726 1535
1014 1535
532 1536
91 1537
159 1538
180 1539
528 1539
1362 1539
54 1540
498 1540
752 1540
1289 1540
1132 1541
312 1542
1310 1542
97 1543
581 1543
11 1544
16 1544
29 1544
125 1544
546 1544
654 1544
1345 1544
1501 1544
32 1545
696 1545
695 1546
994 1547
1191 1547
1514 1548
254 1549
809 1549
1199 1549
1209 1549
1151 1550
211 1551
268 1552
1323 1553
1353 1553
2 1554
34 1555
11 1556
147 1556
1411 1557
409 1558
31 1559
205 1560
114 1561
357 1562
360 1562
1330 1562
1506 1562
11 1563
416 1563
843 1563
4 1564
5 1564
7 1564
8 1564
9 1564
75 1564
76 1564
82 1564
314 1564
493 1564
845 1564
1075 1564
42 1565
60 1565
437 1566
581 1566
482 1567
811 1568
1194 1569
275 1570
782 1571
91 1572
268 1572
16 1573
83 1573
84 1573
195 1573
213 1573
283 1573
380 1573
631 1573
749 1573
830 1573
1244 1573
67 1574
1235 1574
1544 1574
163 1575
116 1576
586 1577
1414 1577
31 1578
740 1578
482 1579
13 1580
195 1581
451 1582
278 1583
1556 1583
9 1584
37 1584
263 1584
454 1584
704 1584
848 1584
969 1584
1168 1585
3 1586
1437 1586
16 1587
830 1588
590 1589
661 1589
1232 1589
581 1590
1289 1590
9 1591
373 1591
673 1592
33 1593
1154 1593
832 1594
941 1594
1191 1595
1517 1596
528 1597
3 1598
540 1599
124 1600
156 1601
10 1602
163 1602
242 1602
1058 1602
1429 1602
1473 1602
219 1603
250 1604
287 1604
336 1604
2 1605
191 1606
288 1606
904 1606
154 1607
325 1607
538 1607
725 1607
1029 1607
1352 1607
1600 1607
825 1608
2 1609
43 1610
1589 1611
13 1612
34 1613
1134 1614
269 1615
9 1616
17 1617
309 1617
761 1617
1166 1617
1236 1617
1366 1617
380 1618
116 1619
9 1620
9 1621
71 1621
77 1621
79 1621
105 1621
166 1621
174 1621
183 1621
192 1621
404 1621
436 1621
622 1621
790 1621
809 1621
1022 1621
1078 1621
1216 1621
1407 1621
17 1622
217 1623
532 1624
1 1625
2 1625
4 1625
7 1625
10 1625
58 1625
63 1625
64 1625
104 1625
181 1625
224 1625
289 1625
315 1625
341 1625
477 1625
839 1625
1463 1625
497 1626
1427 1626
34 1627
91 1628
728 1629
1053 1630
11 1631
147 1631
13 1632
1446 1633
13 1634
94 1635
94 1636
34 1637
610 1638
31 1639
740 1639
631 1640
268 1641
7 1642
31 1642
38 1642
163 1642
289 1642
499 1642
7 1643
253 1643
276 1643
805 1643
1086 1643
512 1644
596 1644
38 1645
410 1646
830 1647
697 1648
62 1649
43 1650
1633 1651
376 1652
289 1653
531 1654
708 1654
729 1654
931 1654
482 1655
15 1656
89 1656
128 1656
135 1656
202 1656
257 1656
452 1656
592 1656
639 1656
65 1657
152 1657
965 1657
1005 1657
100 1658
569 1658
532 1659
149 1660
5 1661
195 1661
96 1662
696 1663
1180 1664
1656 1665
813 1666
1010 1666
1147 1666
11 1667
820 1667
880 1668
1553 1668
1298 1669
5 1670
64 1670
106 1670
930 1670
994 1670
782 1671
1085 1671
872 1672
7 1673
414 1673
426 1673
501 1673
1073 1673
62 1674
334 1674
1133 1674
1168 1675
1053 1676
235 1677
1 1678
499 1678
933 1678
1670 1678
398 1679
402 1680
16 1681
8 1682
207 1682
359 1682
74 1683
479 1683
686 1684
236 1685
525 1685
1015 1686
9 1687
11 1687
13 1687
16 1687
17 1687
20 1687
44 1687
55 1687
79 1687
81 1687
100 1687
108 1687
158 1687
255 1687
309 1687
337 1687
373 1687
424 1687
516 1687
619 1687
639 1687
673 1687
790 1687
865 1687
906 1687
1056 1687
1211 1687
1217 1687
1156 1688
67 1689
2 1690
7 1690
81 1691
289 1691
1204 1691
1625 1691
554 1692
27 1693
916 1694
1168 1695
270 1696
804 1697
1191 1697
13 1698
265 1698
67 1699
144 1700
211 1700
965 1700
1173 1700
16 1701
410 1701
457 1701
959 1701
1125 1701
482 1702
1509 1703
4 1704
14 1704
83 1704
88 1704
626 1704
678 1704
1641 1704
16 1705
177 1705
1282 1706
9 1707
71 1707
77 1707
105 1707
166 1707
174 1707
183 1707
404 1707
1407 1707
1205 1708
1254 1708
383 1709
450 1710
42 1711
74 1712
410 1712
1125 1712
38 1713
13 1714
92 1714
260 1714
540 1714
11 1715
1584 1716
13 1717
30 1717
373 1717
1056 1717
38 1718
5 1719
462 1719
639 1719
982 1719
9 1720
37 1720
263 1720
941 1721
6 1722
93 1722
104 1722
148 1722
193 1722
353 1722
355 1722
617 1722
711 1722
797 1722
811 1722
891 1722
1446 1722
1493 1722
898 1723
491 1724
11 1725
585 1725
1124 1726
610 1727
231 1728
416 1728
565 1729
692 1729
4 1730
13 1730
15 1730
16 1730
17 1730
47 1730
74 1730
87 1730
133 1730
158 1730
202 1730
288 1730
309 1730
380 1730
639 1730
646 1730
675 1730
733 1730
799 1730
886 1730
1370 1730
1327 1731
493 1732
1180 1733
686 1734
1508 1734
980 1735
451 1736
1048 1737
76 1738
174 1738
225 1738
855 1738
939 1738
1426 1738
1547 1738
1670 1738
1084 1739
87 1740
919 1740
865 1741
211 1742
163 1743
62 1744
1133 1744
1621 1744
1707 1744
527 1745
811 1745
839 1745
1189 1745
219 1746
430 1747
856 1747
329 1748
532 1748
32 1749
12 1750
696 1750
1621 1750
1707 1750
348 1751
1319 1751
1325 1751
3 1752
13 1753
1658 1754
394 1755
1067 1755
1229 1755
1395 1755
34 1756
1254 1756
450 1757
778 1757
1130 1758
596 1759
11 1760
373 1760
659 1760
1124 1760
38 1761
29 1762
125 1762
183 1762
1251 1762
1450 1762
7 1763
812 1764
1275 1765
139 1766
1687 1767
1621 1768
17 1769
674 1769
1582 1769
775 1770
804 1771
1048 1772
97 1773
782 1773
315 1774
1056 1774
1079 1774
74 1775
410 1775
778 1775
139 1776
361 1776
843 1777
482 1778
692 1779
1537 1779
67 1780
1235 1780
1358 1781
97 1782
380 1782
457 1782
627 1782
379 1783
915 1784
1362 1784
1 1785
4 1785
5 1785
6 1785
7 1785
48 1785
110 1785
146 1785
188 1785
349 1785
389 1785
411 1785
432 1785
635 1785
652 1785
800 1785
804 1785
811 1785
833 1785
836 1785
874 1785
911 1785
1021 1785
1143 1785
1181 1785
1220 1785
1318 1785
1462 1785
1471 1785
347 1786
15 1787
34 1787
330 1787
412 1787
429 1787
453 1787
715 1787
831 1787
846 1787
865 1787
958 1787
1028 1787
1454 1787
1470 1787
1723 1788
12 1789
1687 1789
9 1790
202 1791
8 1792
1 1793
5 1794
14 1794
1355 1794
1601 1794
38 1795
16 1796
532 1797
54 1798
762 1799
1154 1800
5 1801
184 1802
453 1802
818 1802
116 1803
186 1804
523 1804
1532 1804
1368 1805
1638 1805
1727 1805
1391 1806
248 1807
1526 1807
1550 1807
752 1808
1314 1808
12 1809
309 1810
1166 1810
16 1811
17 1811
115 1811
211 1811
304 1811
346 1811
347 1811
354 1811
373 1811
555 1811
650 1811
662 1811
735 1811
760 1811
789 1811
814 1811
876 1811
1057 1811
1210 1811
1235 1811
1787 1811
9 1812
9 1813
2 1814
7 1814
11 1814
193 1814
231 1814
373 1814
435 1814
507 1814
555 1814
595 1814
662 1814
735 1814
804 1814
814 1814
968 1814
1057 1814
1102 1814
1235 1814
1269 1814
1349 1814
1730 1814
38 1815
38 1816
13 1817
237 1818
80 1819
345 1820
1061 1820
1085 1821
4 1822
15 1822
47 1822
309 1822
646 1822
675 1822
714 1822
733 1822
41 1823
97 1824
631 1825
7 1826
847 1826
450 1827
376 1828
585 1828
735 1828
1666 1828
180 1829
1570 1829
1215 1830
778 1831
693 1832
1707 1833
9 1834
105 1834
166 1834
404 1834
54 1835
67 1836
946 1836
45 1837
139 1837
382 1837
8 1838
277 1839
195 1840
434 1841
496 1841
1148 1842
4 1843
1416 1843
1604 1843
976 1844
268 1845
1704 1845
1088 1846
887 1847
423 1848
1056 1848
91 1849
11 1850
231 1850
416 1850
424 1851
33 1852
778 1853
1391 1854
454 1855
257 1856
16 1857
158 1857
718 1857
752 1857
30 1858
59 1858
71 1858
81 1858
100 1858
158 1858
215 1858
255 1858
367 1858
541 1858
619 1858
626 1858
988 1858
1750 1858
84 1859
213 1859
450 1859
721 1859
752 1859
1314 1859
1482 1859
1560 1859
229 1860
731 1860
8 1861
1377 1862
38 1863
45 1864
185 1864
214 1865
535 1866
1130 1867
174 1868
646 1868
229 1869
731 1869
96 1870
321 1871
1857 1871
9 1872
944 1872
1258 1872
1846 1873
81 1874
371 1875
124 1876
976 1877
744 1878
756 1878
11 1879
97 1880
627 1880
1152 1881
1532 1881
330 1882
1309 1882
1452 1882
804 1883
1513 1883
368 1884
478 1885
992 1886
137 1887
9 1888
11 1888
20 1888
30 1888
55 1888
59 1888
71 1888
83 1888
100 1888
108 1888
193 1888
213 1888
255 1888
309 1888
337 1888
373 1888
541 1888
619 1888
626 1888
728 1888
827 1888
875 1888
891 1888
973 1888
1078 1888
1104 1888
1156 1888
1159 1888
1368 1888
1504 1888
1789 1888
1809 1888
825 1889
1411 1890
9 1891
144 1892
71 1893
79 1893
174 1893
183 1893
313 1893
436 1893
790 1893
986 1893
1034 1893
1078 1893
1216 1893
1219 1893
1522 1893
1649 1893
1674 1893
459 1894
275 1895
1681 1895
14 1896
16 1896
21 1896
74 1896
120 1896
142 1896
155 1896
161 1896
171 1896
201 1896
237 1896
309 1896
380 1896
441 1896
549 1896
568 1896
751 1896
774 1896
785 1896
877 1896
931 1896
956 1896
975 1896
1280 1896
1292 1896
1308 1896
1401 1896
1534 1896
1580 1896
1612 1896
1634 1896
1717 1896
14 1897
364 1898
670 1898
775 1899
1202 1900
103 1901
540 1901
12 1902
696 1902
15 1903
981 1903
1476 1903
782 1904
884 1904
1377 1905
627 1906
1004 1907
1420 1907
1785 1908
59 1909
71 1909
367 1909
619 1909
1750 1909
1463 1910
251 1911
11 1912
147 1912
1583 1912
309 1913
1166 1913
534 1914
38 1915
1411 1916
1148 1917
452 1918
450 1919
75 1920
76 1920
128 1920
225 1920
845 1920
1192 1920
1426 1920
348 1921
726 1921
291 1922
1859 1923
421 1924
577 1925
124 1926
1349 1926
787 1927
905 1928
1727 1929
205 1930
1859 1930
96 1931
135 1932
639 1932
8 1933
80 1934
1038 1934
4 1935
137 1936
1072 1936
214 1937
235 1938
787 1939
734 1940
15 1941
1274 1942
1268 1943
251 1944
268 1944
294 1944
553 1944
1573 1944
1704 1944
1888 1944
1704 1945
4 1946
32 1946
14 1947
67 1948
509 1949
639 1949
5 1950
135 1951
163 1952
231 1953
785 1953
825 1954
554 1955
1121 1956
1871 1956
1903 1956
7 1957
630 1957
636 1957
7 1958
73 1958
157 1958
375 1958
1656 1958
204 1959
1053 1960
17 1961
1570 1962
821 1963
1168 1963
34 1964
1254 1964
1811 1964
373 1965
178 1966
3 1967
139 1968
1573 1968
1588 1968
22 1969
3 1970
567 1971
8 1972
849 1972
1728 1972
1165 1973
1379 1974
451 1975
1228 1976
33 1977
1483 1978
1142 1979
95 1980
1548 1980
37 1981
1148 1982
1604 1983
269 1984
358 1985
639 1985
482 1986
532 1987
1633 1988
1180 1989
38 1990
458 1991
569 1992
890 1993
1060 1993
1289 1993
25 1994
214 1994
782 1995
75 1996
225 1996
845 1996
1426 1996
38 1997
1422 1998
373 1999
8 2000
211 2001
946 2002
1235 2002
31 2003
410 2004
111 2005
1617 2005
99 2006
281 2006
15 2007
1814 2007
1614 2008
658 2009
38 2010
949 2011
1606 2011
944 2012
88 2013
145 2013
166 2013
170 2013
809 2013
864 2013
986 2013
1674 2013
92 2014
171 2014
474 2014
1743 2015
277 2016
905 2016
381 2017
137 2018
468 2018
853 2018
1888 2018
83 2019
13 2020
1455 2021
1885 2021
178 2022
1725 2022
1922 2022
8 2023
839 2023
1 2024
933 2024
1096 2025
9 2026
13 2026
14 2026
16 2026
22 2026
72 2026
97 2026
136 2026
151 2026
202 2026
567 2026
599 2026
627 2026
1112 2026
1308 2026
1378 2026
1412 2026
1544 2026
1563 2026
1631 2026
1667 2026
1725 2026
1760 2026
1912 2026
646 2027
8 2028
1584 2029
603 2030
92 2031
136 2031
139 2031
1010 2031
1280 2031
1286 2031
1905 2031
9 2032
237 2033
1025 2034
144 2035
1499 2035
67 2036
817 2037
895 2038
1787 2038
91 2039
4 2040
229 2041
1506 2041
1562 2042
631 2043
1795 2043
439 2044
1408 2044
1468 2044
1391 2045
411 2046
268 2047
222 2048
1625 2049
1449 2050
1888 2050
17 2051
540 2052
11 2053
376 2053
1011 2053
915 2054
94 2055
1104 2055
31 2056
54 2057
146 2058
139 2059
360 2060
348 2061
1377 2062
447 2063
714 2063
90 2064
16 2065
268 2066
1858 2066
1154 2067
22 2068
29 2069
125 2069
11 2070
416 2070
1132 2070
7 2071
186 2072
29 2073
163 2074
89 2075
592 2075
1523 2075
80 2076
318 2076
1584 2077
2015 2078
38 2079
1136 2080
4 2081
1685 2081
364 2082
35 2083
6 2084
532 2085
439 2086
984 2087
417 2088
1515 2089
191 2090
2011 2090
1025 2091
8 2092
930 2092
1130 2093
8 2094
10 2094
58 2094
181 2094
315 2094
839 2094
930 2094
1105 2094
1358 2094
924 2095
264 2096
533 2096
582 2096
1937 2096
429 2097
764 2098
1649 2098
2 2099
8 2099
9 2099
10 2099
73 2099
289 2099
1920 2099
1996 2099
88 2100
96 2100
109 2100
166 2100
223 2100
284 2100
809 2100
854 2100
1093 2100
1744 2100
9 2101
13 2102
2098 2103
585 2104
185 2105
430 2106
32 2107
2 2108
1085 2109
8 2110
810 2110
147 2111
139 2112
1715 2112
551 2113
1191 2114
312 2115
8 2116
32 2117
696 2117
1592 2117
1687 2117
235 2118
1859 2118
205 2119
402 2119
924 2119
1088 2119
646 2120
174 2121
13 2122
14 2122
22 2122
72 2122
136 2122
151 2122
202 2122
567 2122
599 2122
1412 2122
1544 2122
1563 2122
1667 2122
1760 2122
18 2123
72 2123
197 2123
732 2123
885 2123
38 2124
1142 2125
191 2126
525 2127
213 2128
461 2128
735 2128
1377 2128
2031 2128
2122 2128
11 2129
9 2130
9 2131
1687 2132
1909 2132
770 2133
972 2133
3 2134
398 2134
639 2135
1250 2136
67 2137
251 2137
260 2137
416 2137
769 2137
1671 2137
1773 2137
1904 2137
1995 2137
551 2138
180 2139
696 2139
1379 2140
931 2141
1161 2141
17 2142
950 2143
1553 2144
2031 2145
16 2146
33 2146
220 2146
311 2146
373 2146
513 2146
591 2146
659 2146
1124 2146
1888 2146
22 2147
239 2148
692 2148
1108 2149
334 2150
1746 2151
944 2152
1999 2152
3 2153
3 2154
765 2154
1409 2154
8 2155
371 2156
248 2157
38 2158
1391 2159
9 2160
16 2161
177 2161
354 2162
487 2162
504 2162
650 2162
782 2162
1091 2162
1108 2162
1328 2162
1438 2162
1555 2162
1627 2162
1637 2162
1787 2162
1964 2162
309 2163
761 2163
1366 2163
139 2164
535 2165
203 2166
481 2166
544 2166
1819 2166
2076 2166
65 2167
998 2167
1234 2167
1882 2167
71 2168
79 2168
174 2168
183 2168
436 2168
986 2168
1034 2168
1216 2168
1522 2168
1540 2169
409 2170
813 2170
1127 2171
668 2172
3 2173
3 2174
268 2175
1019 2175
930 2176
804 2177
299 2178
1557 2178
34 2179
551 2179
1019 2180
1888 2180
417 2181
31 2182
740 2182
1880 2183
1670 2184
188 2185
484 2185
904 2185
1626 2185
1100 2186
1408 2186
1746 2187
178 2188
112 2189
275 2189
1046 2189
24 2190
1061 2191
1327 2192
804 2193
191 2194
2011 2194
1191 2195
2021 2195
189 2196
18 2197
22 2197
1010 2197
1104 2197
1828 2197
2053 2197
806 2198
1108 2198
1235 2199
752 2200
782 2200
991 2200
9 2201
12 2202
63 2202
275 2202
1888 2202
368 2203
122 2204
672 2204
94 2205
1652 2205
1828 2205
2053 2205
1729 2206
15 2207
111 2208
1814 2208
347 2209
368 2210
1573 2211
1704 2211
1888 2211
96 2212
1522 2212
211 2213
11 2214
13 2214
100 2214
193 2214
211 2214
215 2214
309 2214
337 2214
782 2214
865 2214
891 2214
973 2214
1024 2214
1056 2214
1078 2214
1104 2214
1159 2214
1217 2214
1280 2214
1299 2214
1504 2214
1750 2214
1809 2214
1902 2214
2202 2214
83 2215
67 2216
1787 2217
7 2218
58 2218
181 2218
552 2218
554 2218
930 2218
1105 2218
379 2219
174 2220
1382 2220
1191 2221
3 2222
1957 2223
185 2224
13 2225
373 2225
497 2226
1427 2226
804 2227
38 2228
362 2228
493 2229
67 2230
91 2230
13 2231
809 2231
31 2232
62 2233
642 2233
1506 2233
165 2234
15 2235
735 2235
1191 2236
908 2237
1419 2237
3 2238
1755 2238
569 2239
1895 2240
1109 2241
695 2242
77 2243
174 2243
183 2243
1833 2243
343 2244
813 2244
2104 2244
240 2245
527 2245
1 2246
139 2246
665 2246
1218 2246
1229 2246
2222 2246
715 2247
1307 2247
1309 2247
1202 2248
4 2249
804 2249
1357 2249
45 2250
468 2250
741 2250
773 2251
459 2252
1040 2253
113 2254
1517 2254
447 2255
62 2256
1707 2256
2243 2256
12 2257
154 2258
356 2258
14 2259
16 2259
72 2259
202 2259
1412 2259
1544 2259
1563 2259
1760 2259
12 2260
16 2260
158 2260
268 2260
383 2260
410 2260
439 2260
646 2260
1577 2260
1268 2261
6 2262
692 2262
204 2263
1630 2264
1676 2264
596 2265
235 2266
278 2267
1912 2267
303 2268
1565 2268
484 2269
1375 2269
379 2270
86 2271
153 2271
91 2272
73 2273
1530 2273
92 2274
1280 2274
1286 2274
1323 2274
1905 2274
67 2275
91 2275
137 2275
251 2275
268 2275
294 2275
506 2275
701 2276
1367 2276
90 2277
1529 2278
1154 2279
992 2280
1148 2281
1911 2281
71 2282
81 2282
158 2282
215 2282
367 2282
988 2282
1138 2282
1154 2282
1285 2282
363 2283
1988 2284
248 2285
585 2285
872 2285
1092 2285
1558 2285
2170 2285
735 2286
6 2287
1672 2287
944 2288
1999 2288
5 2289
422 2290
555 2290
690 2291
944 2291
65 2292
735 2292
1811 2293
22 2294
991 2294
4 2295
203 2295
429 2295
749 2295
775 2295
1819 2295
1934 2295
2076 2295
726 2296
16 2297
54 2297
115 2297
130 2297
193 2297
323 2297
752 2297
891 2297
2202 2297
373 2298
551 2299
4 2300
544 2300
978 2300
1191 2300
1732 2300
1124 2301
1859 2302
67 2303
154 2303
1166 2303
450 2304
2118 2304
34 2305
916 2305
2069 2305
1048 2306
97 2307
347 2307
1119 2307
1233 2307
1378 2307
1194 2308
450 2309
2118 2309
1893 2310
2168 2310
1031 2311
1553 2312
1794 2313
33 2314
220 2314
980 2315
1991 2316
5 2317
57 2317
153 2317
341 2317
945 2317
1513 2317
1722 2317
1785 2317
13 2318
9 2319
637 2319
1283 2319
139 2320
1125 2321
457 2322
627 2322
1123 2322
1388 2322
1848 2322
32 2323
1668 2323
11 2324
376 2324
585 2324
2170 2324
520 2325
1515 2326
114 2327
331 2328
472 2328
1296 2328
569 2329
1707 2330
38 2331
349 2331
527 2331
1458 2331
1781 2331
2094 2331
520 2332
987 2333
1202 2333
2192 2333
62 2334
334 2334
1133 2334
2100 2334
4 2335
55 2335
158 2335
191 2335
337 2335
475 2335
852 2335
1360 2335
1377 2335
1714 2335
6 2336
811 2336
953 2336
2271 2336
189 2337
251 2337
412 2337
769 2337
1896 2337
15 2338
104 2339
160 2339
2254 2339
16 2340
272 2340
11 2341
38 2342
787 2343
450 2344
203 2345
544 2345
1819 2345
1820 2345
16 2346
33 2346
220 2346
58 2347
460 2347
13 2348
38 2349
1245 2350
1806 2350
2159 2350
236 2351
411 2352
418 2353
1477 2353
2026 2353
2122 2353
1173 2354
922 2355
962 2355
1142 2355
15 2356
188 2356
188 2357
1589 2358
423 2359
550 2359
735 2359
1235 2359
1880 2359
1906 2359
2122 2360
211 2361
1122 2361
62 2362
189 2363
251 2363
769 2363
275 2364
303 2365
67 2366
154 2366
12 2367
63 2367
184 2367
202 2367
676 2367
1101 2367
1254 2367
1334 2367
2214 2367
980 2368
76 2369
855 2369
1426 2369
1920 2369
38 2370
1687 2371
2200 2371
178 2372
1168 2373
491 2374
5 2375
7 2375
14 2375
1355 2375
804 2376
1625 2377
13 2378
92 2378
103 2378
201 2378
423 2378
931 2378
1326 2378
1573 2378
171 2379
1205 2379
1253 2379
8 2380
15 2380
76 2380
202 2380
592 2380
639 2380
2099 2380
381 2381
424 2382
804 2382
1920 2382
402 2383
1503 2383
374 2384
835 2384
1585 2384
1963 2384
2373 2384
398 2385
14 2386
885 2386
1730 2386
12 2387
1688 2387
97 2388
410 2388
2355 2388
1133 2389
1621 2389
309 2390
486 2390
1290 2390
1593 2390
2346 2390
268 2391
852 2392
1123 2392
2359 2392
2378 2392
19 2393
111 2393
266 2393
466 2393
1037 2393
2057 2393
1056 2394
174 2395
2241 2396
3 2397
54 2398
498 2398
752 2398
2169 2398
180 2399
16 2400
2287 2401
924 2402
729 2403
80 2404
318 2404
180 2405
1362 2405
1811 2406
1814 2406
1154 2407
1106 2408
2073 2408
603 2409
1453 2410
1084 2411
410 2412
885 2412
35 2413
282 2414
220 2415
2390 2415
654 2416
201 2417
1578 2417
1602 2418
22 2419
80 2420
1730 2421
1792 2421
2142 2421
1307 2422
2031 2423
1943 2424
1976 2424
2021 2424
673 2425
2117 2425
67 2426
1657 2426
561 2427
696 2428
752 2428
798 2428
1766 2428
80 2429
1186 2429
62 2430
1133 2430
1621 2430
1707 2430
1762 2430
1413 2431
369 2432
1784 2432
67 2433
91 2433
12 2434
67 2434
251 2434
412 2434
676 2434
1086 2434
1263 2434
1498 2434
1571 2434
1671 2434
180 2435
1762 2435
1358 2436
233 2437
2214 2437
74 2438
430 2438
1491 2438
1166 2439
62 2440
2100 2440
1420 2441
41 2442
202 2442
472 2443
1296 2443
219 2444
41 2445
2192 2446
114 2447
251 2447
330 2447
405 2447
486 2447
588 2447
1309 2447
2167 2447
670 2448
9 2449
284 2449
839 2449
72 2450
322 2451
525 2452
700 2453
1943 2454
1976 2454
163 2455
293 2456
103 2457
1858 2458
865 2459
729 2460
1085 2460
4 2461
8 2461
268 2461
377 2461
432 2461
810 2461
839 2462
11 2463
29 2463
125 2463
254 2463
347 2463
566 2463
1491 2463
2259 2463
2022 2464
3 2465
104 2465
377 2465
477 2465
793 2465
1642 2465
631 2466
229 2467
731 2467
12 2468
268 2468
434 2468
441 2468
467 2468
696 2468
867 2468
1717 2468
410 2469
139 2470
746 2471
105 2472
404 2472
1377 2473
2307 2474
454 2475
969 2475
1716 2475
2077 2475
16 2476
53 2476
220 2476
546 2476
1160 2476
1187 2476
1574 2476
6 2477
155 2478
568 2478
2115 2478
181 2479
1 2480
2375 2480
73 2481
76 2482
225 2482
2369 2482
644 2483
1499 2483
1882 2483
2247 2483
2292 2484
33 2485
494 2486
1385 2486
2171 2486
84 2487
189 2487
830 2487
1267 2487
1522 2488
91 2489
1779 2489
646 2490
69 2491
348 2491
590 2491
726 2491
430 2492
1703 2493
345 2494
1061 2494
2133 2494
15 2495
1136 2496
1 2497
4 2497
1738 2497
2369 2497
360 2498
11 2499
159 2499
393 2499
422 2499
571 2499
749 2499
981 2499
994 2499
1144 2499
1207 2499
1278 2499
1475 2499
1738 2499
2243 2499
2395 2499
522 2500
1124 2500
596 2501
1903 2502
2398 2503
229 2504
373 2504
2288 2504
58 2505
460 2505
91 2506
282 2507
798 2507
268 2508
1859 2509
450 2510
835 2510
482 2511
4 2512
544 2512
1168 2513
149 2514
275 2515
5 2516
54 2517
143 2517
178 2517
1039 2517
2442 2517
7 2518
12 2519
268 2519
696 2519
1168 2520
4 2521
195 2522
213 2523
1507 2523
567 2524
146 2525
1517 2526
2038 2526
846 2527
1454 2527
1811 2527
2217 2527
1600 2528
821 2529
1119 2530
8 2531
2269 2531
22 2532
1330 2532
1960 2532
2082 2533
114 2534
13 2535
68 2536
876 2536
943 2536
1669 2536
2286 2537
1907 2538
38 2539
1276 2540
1000 2541
1201 2541
1372 2541
16 2542
22 2542
202 2542
567 2542
1112 2542
1544 2542
1667 2542
1912 2542
13 2543
1506 2544
1202 2545
180 2546
368 2546
459 2547
63 2548
275 2548
87 2549
376 2549
479 2549
959 2549
1025 2549
1155 2549
1316 2549
2123 2549
13 2550
1896 2550
13 2551
91 2552
8 2553
1515 2554
4 2555
8 2555
81 2555
174 2555
191 2555
349 2555
432 2555
475 2555
494 2555
527 2555
617 2555
950 2555
1191 2555
1355 2555
1436 2555
1785 2555
2497 2555
469 2556
1283 2556
692 2557
72 2558
1289 2558
493 2559
2294 2560
399 2561
661 2561
1054 2561
1332 2561
1415 2561
1783 2561
2270 2561
2268 2562
1676 2563
218 2564
2277 2564
4 2565
554 2566
1202 2567
1578 2568
71 2569
174 2569
436 2569
986 2569
2310 2569
379 2570
2044 2571
1 2572
185 2572
16 2573
43 2573
103 2573
1714 2573
2137 2573
1548 2574
207 2575
38 2576
2575 2577
949 2578
1507 2579
7 2580
57 2580
839 2580
930 2580
1745 2580
2331 2580
81 2581
1204 2581
1625 2581
1508 2582
289 2583
1785 2584
257 2585
97 2586
1477 2586
2259 2586
26 2587
1621 2588
34 2589
240 2590
804 2590
2123 2590
103 2591
3 2592
1976 2593
398 2594
9 2595
97 2596
627 2596
191 2597
1442 2597
514 2598
2352 2598
2312 2599
1340 2600
2226 2600
149 2601
1024 2601
12 2602
376 2602
1888 2602
2214 2602
11 2603
12 2603
17 2603
67 2603
73 2603
347 2603
354 2603
373 2603
435 2603
439 2603
463 2603
486 2603
507 2603
555 2603
595 2603
705 2603
789 2603
814 2603
847 2603
961 2603
1091 2603
1111 2603
1140 2603
1145 2603
1210 2603
1269 2603
1656 2603
1822 2603
2007 2603
2207 2603
2235 2603
2338 2603
2592 2604
794 2605
8 2606
154 2606
568 2607
16 2608
177 2608
193 2608
320 2608
1406 2608
1614 2609
83 2610
425 2610
1253 2610
2275 2610
646 2611
468 2612
1088 2612
22 2613
991 2613
1301 2614
1168 2615
16 2616
22 2617
56 2618
270 2618
503 2618
421 2619
284 2620
160 2621
2254 2621
777 2622
1562 2622
2060 2622
2498 2622
5 2623
221 2623
509 2623
604 2623
985 2623
1004 2623
1722 2623
11 2624
2112 2624
94 2625
409 2625
1672 2625
124 2626
2421 2627
478 2628
701 2629
1943 2630
733 2631
9 2632
9 2633
1483 2634
606 2635
1570 2635
74 2636
410 2636
778 2636
1781 2636
1 2637
6 2637
9 2637
12 2637
45 2637
57 2637
92 2637
118 2637
138 2637
163 2637
171 2637
185 2637
219 2637
224 2637
268 2637
273 2637
336 2637
350 2637
361 2637
433 2637
500 2637
594 2637
641 2637
643 2637
719 2637
888 2637
1150 2637
1218 2637
1383 2637
1436 2637
1564 2637
1625 2637
1730 2637
1785 2637
2040 2637
2461 2637
2512 2637
2521 2637
527 2638
4 2639
2268 2640
393 2641
422 2641
571 2641
749 2641
1475 2641
1377 2642
2031 2642
282 2643
10 2644
104 2644
378 2644
839 2644
1358 2644
2331 2644
2638 2644
1202 2645
62 2646
1321 2647
1376 2647
1536 2647
1659 2647
2085 2647
8 2648
1686 2649
1148 2650
1127 2651
2352 2651
2 2652
4 2652
73 2652
75 2652
153 2652
232 2652
242 2652
484 2652
495 2652
527 2652
670 2652
719 2652
784 2652
841 2652
938 2652
994 2652
1323 2652
1381 2652
2092 2652
2094 2652
2116 2652
2648 2652
94 2653
1698 2653
13 2654
2275 2655
787 2656
439 2657
74 2658
410 2658
434 2658
1193 2658
13 2659
220 2659
311 2659
338 2659
513 2659
659 2659
1124 2659
1913 2659
2439 2659
16 2660
311 2660
373 2660
1888 2660
2 2661
1811 2662
67 2663
12 2664
1234 2665
1882 2665
1406 2666
29 2667
304 2667
380 2667
482 2667
632 2667
843 2667
1901 2667
337 2668
634 2668
837 2668
41 2669
554 2670
1643 2670
2434 2670
1454 2671
13 2672
29 2673
65 2673
692 2673
1251 2673
2141 2673
1387 2674
2168 2674
180 2675
9 2676
1807 2677
612 2678
18 2679
361 2679
1494 2679
6 2680
432 2680
811 2680
2317 2680
2652 2680
2015 2681
1509 2682
1360 2683
7 2684
253 2684
276 2684
805 2684
1086 2684
3 2685
103 2686
2137 2686
281 2687
13 2688
2418 2689
74 2690
479 2690
42 2691
3 2692
1996 2693
1480 2694
74 2695
1775 2695
3 2696
45 2697
139 2697
2637 2698
825 2699
111 2700
1814 2700
17 2701
931 2701
57 2702
153 2702
341 2702
1722 2702
2680 2702
241 2703
293 2703
1922 2703
159 2704
1142 2705
2011 2706
348 2707
4 2708
544 2708
1191 2708
1732 2708
336 2709
361 2709
493 2709
641 2709
701 2709
1843 2709
662 2710
1896 2711
311 2712
1559 2713
264 2714
554 2714
639 2715
5 2716
1377 2717
178 2718
241 2718
165 2719
66 2720
1377 2721
394 2722
544 2722
62 2723
1893 2723
185 2724
15 2725
369 2726
5 2727
3 2728
393 2729
571 2729
67 2730
10 2731
289 2731
752 2732
1326 2732
248 2733
3 2734
124 2735
110 2736
16 2737
97 2737
1019 2738
1670 2739
692 2740
1127 2741
62 2742
301 2742
2013 2742
2681 2743
74 2744
646 2745
6 2746
332 2746
527 2746
811 2746
2317 2746
2580 2746
2637 2746
2702 2746
454 2747
1249 2748
1746 2748
77 2749
108 2749
213 2749
337 2749
373 2749
966 2749
2250 2749
1744 2750
450 2751
13 2752
2398 2753
900 2754
4 2755
1209 2755
2598 2756
211 2757
817 2758
2431 2758
7 2759
627 2760
2359 2760
7 2761
206 2761
276 2761
349 2761
742 2761
987 2761
1172 2761
1429 2761
1625 2761
2449 2761
2580 2761
2644 2761
1871 2762
2414 2762
1416 2763
2637 2763
12 2764
696 2764
1858 2764
1142 2765
13 2766
1670 2767
421 2768
825 2769
181 2770
7 2771
1578 2772
1514 2773
1980 2773
2574 2773
839 2774
849 2774
2652 2774
80 2775
2197 2775
544 2776
1416 2776
2637 2776
2694 2777
1656 2778
2758 2778
887 2779
1054 2780
1502 2780
4 2781
100 2781
108 2781
215 2781
626 2781
673 2781
842 2781
878 2781
1056 2781
1560 2781
1663 2781
1750 2781
1902 2781
2428 2781
2498 2781
2764 2781
12 2782
92 2782
1687 2782
13 2783
18 2783
197 2783
201 2783
459 2783
732 2783
1079 2783
1258 2783
1494 2783
1712 2783
1775 2783
1896 2783
2658 2783
2690 2783
1583 2784
363 2785
140 2786
888 2786
1149 2786
1589 2786
12 2787
94 2788
1954 2789
103 2790
1143 2790
1340 2790
33 2791
58 2792
181 2792
451 2793
991 2794
236 2795
62 2796
1133 2796
1621 2796
1142 2797
2443 2797
301 2798
2100 2799
1730 2800
349 2801
2094 2801
2 2802
4 2802
804 2802
978 2802
1416 2802
1564 2802
1732 2802
2559 2802
972 2803
1209 2804
1251 2805
2430 2805
2435 2805
22 2806
752 2806
1830 2806
1124 2807
97 2808
282 2808
437 2808
1289 2808
1473 2808
2536 2808
695 2809
41 2810
551 2811
198 2812
1108 2812
35 2813
360 2813
1549 2813
114 2814
10 2815
289 2815
1859 2816
9 2817
2497 2817
2674 2818
2166 2819
741 2820
1704 2821
63 2822
2214 2822
2297 2822
140 2823
425 2823
17 2824
97 2825
410 2825
2355 2825
473 2826
838 2826
1000 2826
1201 2826
2113 2826
2138 2826
2179 2826
2299 2826
2761 2827
1756 2828
1168 2829
2384 2829
185 2830
1373 2831
11 2832
2122 2832
18 2833
197 2833
2549 2833
2590 2833
450 2834
1952 2835
3 2836
544 2837
2621 2838
34 2839
1254 2839
1811 2839
1218 2840
2222 2840
1250 2841
540 2842
140 2843
13 2844
1001 2844
1209 2845
379 2846
392 2847
808 2847
1243 2847
1546 2847
2809 2847
8 2848
544 2848
2637 2848
1189 2849
1602 2849
1130 2850
4 2851
272 2851
475 2851
2246 2851
2637 2851
15 2852
946 2853
139 2854
16 2855
193 2855
320 2855
451 2855
540 2856
2573 2856
707 2857
544 2858
13 2859
4 2860
38 2861
2598 2862
1670 2863
38 2864
484 2865
904 2865
81 2866
925 2866
1182 2866
1959 2866
2263 2866
288 2867
450 2868
2118 2868
2145 2869
1517 2870
139 2871
1180 2871
8 2872
72 2873
885 2873
62 2874
75 2874
253 2874
362 2874
43 2875
547 2875
1747 2875
2106 2875
804 2876
1191 2876
2749 2877
16 2878
220 2878
2390 2878
513 2879
1025 2879
12 2880
2749 2881
2494 2882
275 2883
1962 2883
2635 2883
67 2884
1885 2884
1971 2884
532 2885
114 2886
1202 2887
27 2888
1483 2888
2689 2889
73 2890
1530 2890
348 2891
1275 2892
537 2893
1129 2893
2168 2893
2212 2893
4 2894
1234 2895
770 2896
533 2897
582 2897
1937 2897
997 2898
1608 2898
1889 2898
2699 2898
2769 2898
425 2899
844 2899
2275 2899
2484 2899
1108 2900
144 2901
2026 2902
1768 2903
129 2904
944 2905
1335 2905
31 2906
744 2906
461 2907
2122 2907
96 2908
180 2909
185 2910
31 2911
152 2912
237 2913
552 2914
1687 2914
865 2915
1280 2915
1323 2915
1905 2915
2335 2915
2717 2915
318 2916
2295 2916
67 2917
97 2918
183 2919
436 2919
1522 2919
2310 2919
2893 2919
450 2920
567 2921
38 2922
1168 2922
916 2923
1168 2923
219 2924
482 2925
1275 2925
1191 2926
1194 2927
2537 2928
839 2929
1189 2929
163 2930
239 2931
279 2931
177 2932
33 2933
38 2933
544 2934
180 2935
74 2936
430 2936
2127 2936
885 2937
4 2938
2637 2938
2623 2939
368 2940
1419 2941
268 2942
1893 2942
67 2943
2146 2943
2476 2943
2659 2943
2878 2943
341 2944
999 2944
715 2945
1069 2946
1235 2947
3 2948
114 2949
608 2950
804 2951
2463 2952
33 2953
735 2953
6 2954
349 2954
1625 2954
2094 2954
2218 2954
16 2955
53 2955
97 2955
627 2955
1160 2955
1187 2955
1300 2955
1411 2955
1574 2955
1780 2955
1811 2955
1814 2955
2118 2956
29 2957
2305 2957
189 2958
931 2959
1672 2959
9 2960
1496 2960
8 2961
2011 2962
3 2963
1730 2964
2741 2964
2715 2965
2813 2966
15 2967
2237 2967
191 2968
1442 2968
278 2969
89 2970
592 2970
1362 2970
6 2971
62 2972
541 2972
626 2972
1052 2972
1166 2973
839 2974
1327 2974
1420 2974
2333 2974
2761 2974
2532 2975
15 2976
82 2976
128 2976
226 2976
391 2976
493 2976
743 2976
811 2976
1075 2976
1077 2976
1664 2976
1697 2976
1771 2976
1814 2976
2177 2976
2193 2976
2802 2976
2876 2976
2951 2976
38 2977
1882 2977
1202 2978
13 2979
513 2979
1617 2979
1810 2979
2303 2979
2439 2979
2973 2979
1291 2980
1338 2981
4 2982
1191 2982
665 2983
2222 2983
2851 2983
13 2984
588 2984
1014 2985
2610 2985
110 2986
30 2987
741 2988
1675 2989
163 2990
1604 2991
233 2992
567 2993
1993 2994
768 2995
551 2996
5 2997
1515 2998
383 2999
10 3000
57 3000
63 3000
349 3000
527 3000
784 3000
805 3000
