1 2
1 3
2 3
1 4
2 4
3 4
1 5
2 5
3 5
4 5
1 6
2 6
3 6
4 6
5 6
1 7
2 7
3 7
4 7
5 7
6 7
1 8
2 8
3 8
4 8
5 8
6 8
7 8
1 9
2 9
3 9
4 9
5 9
6 9
7 9
8 9
1 10
2 10
3 10
4 10
5 10
6 10
7 10
8 10
9 10
9 11
4 12
9 12
11 12
11 13
12 13
4 14
10 14
11 14
12 14
13 14
2 15
7 15
11 15
12 15
13 15
14 15
11 16
12 16
13 16
14 16
15 16
11 17
12 17
13 17
14 17
15 17
16 17
11 18
13 19
12 20
13 21
11 22
13 23
9 24
1 25
4 26
15 27
2 28
17 29
12 30
8 31
16 32
17 33
16 34
9 35
3 36
16 37
8 38
16 39
3 40
13 41
8 42
11 43
12 44
4 45
17 46
14 47
3 48
14 49
8 50
3 51
11 52
17 53
42 53
15 54
19 54
41 54
12 55
13 56
3 57
4 57
6 57
8 57
6 58
12 59
9 60
17 61
9 62
5 63
6 63
7 63
8 63
25 63
6 64
7 64
10 64
7 65
17 65
16 66
15 67
16 67
29 67
48 67
53 67
61 67
65 67
16 68
67 69
1 70
2 70
4 70
31 70
12 71
62 71
11 72
13 72
16 72
29 72
5 73
8 73
9 73
15 73
13 74
14 74
18 74
22 74
43 74
72 74
2 75
3 75
4 75
7 75
8 75
9 75
10 75
73 75
2 76
9 76
73 76
12 77
62 77
9 78
12 79
62 79
4 80
1 81
9 81
12 81
14 81
26 81
45 81
2 82
12 83
67 83
67 84
9 85
6 86
14 87
18 87
22 87
12 88
62 88
7 89
9 89
51 89
73 89
31 90
38 90
65 91
69 91
83 91
4 92
11 92
13 92
16 92
44 92
55 92
81 92
5 93
10 93
63 93
87 94
9 95
62 96
11 97
14 97
32 97
34 97
66 97
67 97
68 97
72 97
9 98
54 99
12 100
25 100
4 101
98 101
31 102
11 103
16 103
29 103
6 104
7 104
31 104
38 104
63 104
62 105
7 106
10 106
3 107
12 108
62 109
3 110
27 111
54 111
27 112
54 112
8 113
16 114
48 114
65 114
83 114
84 114
15 115
41 115
111 115
1 116
116 117
4 118
38 119
13 120
38 121
27 122
62 123
17 124
67 124
11 125
32 125
34 125
72 125
12 126
67 127
2 128
73 128
87 129
15 130
8 131
31 132
14 133
18 133
94 133
110 134
73 135
11 136
16 137
53 137
83 137
84 137
4 138
81 138
11 139
13 139
47 139
49 139
81 139
69 140
67 141
13 142
41 143
99 143
67 144
114 144
62 145
3 146
132 146
125 147
1 148
63 148
7 149
13 150
11 151
114 152
6 153
8 153
124 154
13 155
5 156
6 156
7 156
14 156
89 157
9 158
12 158
14 158
45 158
92 158
139 158
9 159
101 159
31 160
13 161
12 162
3 163
4 163
8 163
10 163
63 163
64 163
86 163
104 163
156 163
90 164
60 165
62 166
13 167
97 168
63 169
62 170
4 171
11 171
13 171
44 171
58 171
5 172
63 172
124 173
1 174
2 174
11 174
12 174
24 174
35 174
62 174
75 174
76 174
89 174
159 174
139 175
81 176
9 177
37 177
41 178
114 179
171 180
6 181
3 182
4 182
62 183
16 184
4 185
81 185
91 186
5 187
3 188
17 189
137 189
62 190
1 191
45 191
92 191
139 191
185 191
62 192
12 193
15 193
32 193
34 193
37 193
63 193
114 193
184 193
97 194
137 195
5 196
74 197
80 198
139 199
9 200
13 201
16 201
74 201
97 201
125 201
185 201
11 202
14 202
16 202
73 202
115 202
193 202
80 203
81 204
16 205
83 205
84 205
8 206
9 207
3 208
80 209
9 210
12 211
15 211
32 211
34 211
114 211
184 211
163 212
12 213
137 213
205 213
8 214
12 215
5 216
24 217
90 218
4 219
13 219
158 219
17 220
67 220
154 220
93 221
159 222
62 223
3 224
4 224
6 224
1 225
2 225
7 225
9 225
156 225
9 226
16 227
211 227
67 228
8 229
13 230
15 231
16 231
43 231
103 231
136 231
202 231
8 232
67 233
74 234
1 235
31 235
4 236
13 237
29 237
154 238
12 239
13 240
72 240
197 240
84 241
8 242
116 243
216 243
11 244
7 245
11 246
213 247
14 248
18 248
22 248
149 249
4 250
15 251
16 251
61 251
65 251
83 251
97 251
127 251
141 251
220 251
9 252
4 253
8 253
9 253
174 253
35 254
72 254
12 255
63 256
73 257
31 258
3 259
16 260
43 260
103 260
67 261
114 261
9 262
177 263
214 264
56 265
54 266
198 266
99 267
4 268
13 268
14 268
30 268
59 268
71 268
79 268
83 268
88 268
126 268
239 268
268 269
67 270
205 270
265 270
4 271
239 271
92 272
4 273
1 274
185 274
7 275
14 275
16 275
27 275
54 275
115 275
130 275
193 275
211 275
4 276
8 276
13 277
147 278
268 279
271 279
3 280
54 281
143 281
267 281
14 282
15 282
34 282
39 282
68 282
227 282
137 283
35 284
62 284
75 284
253 284
16 285
211 285
16 286
211 286
282 286
4 287
81 287
14 288
97 288
1 289
6 289
75 289
104 289
245 289
9 290
67 291
178 291
205 291
241 291
4 292
7 293
291 293
83 294
195 294
116 295
5 296
149 297
26 298
17 299
67 299
3 300
145 301
4 302
174 302
60 303
15 304
103 304
267 305
63 306
163 307
86 308
11 309
12 309
13 309
14 309
16 309
33 309
53 309
220 309
4 310
174 310
17 311
42 311
309 311
155 312
62 313
1 314
2 314
4 314
6 315
309 316
145 317
102 318
198 318
209 318
282 319
37 320
263 320
269 320
248 321
9 322
168 322
114 323
184 323
275 323
67 324
124 325
116 326
139 327
235 328
174 329
48 330
65 330
84 330
144 330
152 330
211 330
261 330
4 331
322 331
3 332
5 332
7 332
9 332
57 332
289 332
174 333
9 334
71 334
96 334
109 334
170 334
192 334
5 335
2 336
4 336
12 337
45 337
92 337
309 338
3 339
38 340
6 341
81 341
174 341
191 341
235 341
289 341
139 342
87 343
133 343
65 344
144 344
152 344
211 344
298 345
15 346
41 346
111 346
202 346
11 347
14 347
15 347
34 347
66 347
67 347
68 347
72 347
114 347
202 347
205 347
286 347
140 348
1 349
3 349
7 349
8 349
10 349
57 349
58 349
104 349
181 349
315 349
341 349
4 350
81 350
3 351
163 352
63 353
15 354
34 354
286 354
63 355
14 356
3 357
254 357
15 358
103 358
301 358
158 359
254 360
4 361
8 362
180 363
81 364
159 365
9 366
105 366
165 366
12 367
249 368
297 368
180 369
171 370
254 371
278 371
9 372
12 373
14 373
15 373
16 373
120 373
161 373
171 373
230 373
268 373
277 373
309 373
38 374
31 375
341 375
18 376
22 376
94 376
163 377
204 377
349 378
7 379
51 379
13 380
14 380
15 380
17 380
34 380
92 380
103 380
114 380
137 380
201 380
260 380
275 380
286 380
209 381
191 382
14 383
4 384
32 384
14 385
96 386
90 387
91 388
3 389
177 389
7 390
2 391
5 392
9 393
174 393
81 394
174 394
289 394
375 394
3 395
89 395
379 395
38 396
38 397
339 398
379 399
3 400
81 401
65 402
83 402
262 402
96 403
62 404
65 405
16 406
29 406
74 406
97 406
125 406
14 407
13 408
16 408
44 408
11 409
248 409
376 409
14 410
168 410
194 410
201 410
288 410
406 410
3 411
188 411
16 412
80 412
211 412
384 412
3 413
298 414
379 414
281 415
16 416
22 416
43 416
97 416
343 417
43 418
6 419
163 419
139 420
410 421
174 422
327 422
97 423
380 423
9 424
12 424
45 424
219 424
294 425
379 426
38 427
2 428
80 429
211 429
43 430
180 431
1 432
3 432
4 432
6 432
31 432
63 432
75 432
153 432
163 432
206 432
214 432
362 432
4 433
59 433
14 434
30 434
34 434
201 434
423 434
15 435
62 436
68 437
275 438
334 438
14 439
15 439
16 439
120 439
3 440
13 441
30 441
373 441
24 442
282 443
12 444
205 444
251 444
402 444
368 445
100 446
1 447
45 447
139 447
185 447
382 447
308 448
12 449
12 450
205 450
251 450
37 451
73 452
231 452
193 453
211 453
323 453
177 454
29 455
68 455
422 456
201 457
423 457
394 458
74 459
430 459
67 460
81 461
9 462
73 462
15 463
34 463
270 464
403 464
219 465
54 466
30 467
239 467
269 467
279 467
11 468
16 468
77 468
108 468
158 468
213 468
337 468
367 468
373 468
444 468
450 468
99 469
116 470
38 471
322 472
410 472
368 473
11 474
16 474
44 474
158 474
272 474
1 475
14 475
45 475
92 475
139 475
287 475
350 475
394 475
39 476
319 476
443 476
6 477
163 477
67 478
18 479
22 479
94 479
129 479
163 480
80 481
211 481
211 482
394 483
8 484
15 485
11 486
13 486
15 486
16 486
33 486
53 486
65 486
189 486
299 486
34 487
286 487
116 488
193 489
211 489
323 489
38 490
284 491
282 492
2 493
4 493
1 494
243 494
488 494
8 495
13 496
30 496
373 496
103 497
188 497
112 498
275 498
3 499
4 499
8 499
10 499
104 499
268 499
377 499
432 499
477 499
4 500
379 501
5 502
195 502
13 503
265 503
34 504
347 505
83 506
195 506
15 507
7 508
93 509
434 510
3 511
114 512
184 512
309 513
411 514
22 515
12 516
5 517
13 518
7 519
395 519
13 520
139 521
17 522
486 522
91 523
211 524
282 524
74 525
430 525
13 526
1 527
7 527
8 527
10 527
57 527
104 527
378 527
431 528
17 529
91 530
139 531
5 532
214 533
31 534
318 534
6 535
8 535
3 536
96 537
124 538
5 539
29 540
260 540
304 540
358 540
380 540
482 540
12 541
13 542
4 543
447 543
482 543
1 544
2 544
10 544
14 544
26 544
70 544
80 544
163 544
171 544
182 544
185 544
250 544
276 544
287 544
302 544
336 544
361 544
384 544
432 544
493 544
499 544
1 545
185 545
67 546
72 546
455 546
34 547
91 548
323 548
13 549
97 550
297 551
473 551
349 552
83 553
195 553
5 554
7 554
9 554
113 554
163 554
214 554
253 554
276 554
349 554
15 555
428 556
26 557
5 558
334 559
42 560
116 561
439 561
8 562
31 563
29 564
125 564
410 564
201 565
72 566
455 566
11 567
13 568
238 568
312 568
116 569
446 569
222 570
174 571
41 572
81 573
87 574
376 574
38 575
17 576
9 577
17 578
211 579
282 579
97 580
410 580
68 581
214 582
74 583
430 583
35 584
22 585
343 585
409 585
10 586
12 586
16 586
87 586
97 586
158 586
268 586
282 586
347 586
356 586
373 586
383 586
410 586
439 586
38 587
65 588
186 588
3 589
140 590
309 591
7 592
9 592
51 592
73 592
157 592
395 592
9 593
217 593
528 593
4 594
544 594
15 595
184 596
453 596
548 596
177 597
246 598
329 598
11 599
408 600
58 601
114 601
11 602
317 603
93 604
211 605
22 606
13 607
9 608
402 608
38 609
31 610
8 611
61 612
97 612
450 612
9 613
377 614
110 615
61 616
1 617
63 617
67 618
12 619
468 619
512 620
596 620
38 621
62 622
491 622
73 623
586 624
222 625
12 626
268 626
11 627
67 627
168 627
423 627
550 627
612 627
268 628
177 629
193 630
211 630
137 631
308 631
540 632
91 633
45 634
3 635
437 636
581 636
95 637
87 638
7 639
11 639
12 639
13 639
14 639
16 639
27 639
73 639
130 639
346 639
347 639
435 639
463 639
555 639
595 639
163 640
4 641
544 641
254 642
284 642
584 642
4 643
34 644
184 644
227 644
285 644
330 644
481 644
489 644
561 645
14 646
406 646
564 646
580 646
586 646
67 647
154 647
192 647
538 647
8 648
174 649
15 650
34 650
4 651
337 651
634 651
3 652
41 653
528 653
13 654
43 654
72 654
197 654
201 654
459 654
31 655
211 656
282 656
268 657
301 657
38 658
362 658
309 659
360 660
455 660
379 661
15 662
111 662
15 663
639 663
38 664
81 665
475 665
7 666
402 667
211 668
543 668
30 669
8 670
9 671
27 672
12 673
32 673
282 674
14 675
16 676
177 676
193 676
639 677
67 678
91 678
268 678
8 679
93 680
169 680
172 680
355 680
394 681
455 681
3 682
38 683
97 684
434 684
457 684
67 685
31 686
113 686
5 687
219 688
231 689
7 690
195 691
17 692
442 692
486 692
615 692
11 693
74 693
87 693
133 693
479 693
347 694
392 695
4 696
9 696
14 696
30 696
59 696
71 696
81 696
100 696
108 696
158 696
215 696
239 696
255 696
367 696
541 696
619 696
626 696
673 696
347 697
139 698
116 699
451 700
81 701
544 701
557 701
139 702
422 702
38 703
177 704
15 705
111 705
266 705
275 705
281 705
3 706
63 707
33 708
522 708
157 709
9 710
63 711
395 712
279 713
543 714
144 715
152 715
211 715
3 716
139 717
63 718
4 719
8 719
544 719
554 719
248 720
205 721
124 722
567 723
55 724
596 724
124 725
140 726
425 726
129 727
12 728
16 729
53 729
299 729
428 729
522 729
9 730
303 731
11 732
74 732
14 733
424 734
13 735
14 735
15 735
22 735
43 735
92 735
136 735
139 735
174 735
202 735
468 735
486 735
627 735
369 736
431 736
38 737
38 738
211 739
201 740
4 741
337 741
430 741
447 741
475 741
8 742
2 743
729 743
258 744
33 745
65 745
189 745
299 745
735 745
744 746
110 747
627 747
680 748
80 749
137 749
139 749
174 749
9 750
101 750
13 751
535 751
14 752
34 752
72 752
184 752
205 752
227 752
275 752
286 752
373 752
406 752
416 752
439 752
468 752
474 752
639 752
729 752
177 753
30 754
279 754
377 755
746 756
421 757
13 758
232 759
15 760
630 760
111 761
3 762
7 762
104 762
315 762
341 762
378 762
696 763
3 764
48 765
84 765
211 765
708 766
9 767
351 767
38 768
523 768
16 769
211 769
767 770
4 771
159 772
63 773
680 773
13 774
373 774
80 775
768 776
360 777
5 778
760 779
660 780
612 781
12 782
13 782
34 782
66 782
67 782
201 782
202 782
251 782
260 782
412 782
416 782
639 782
676 782
769 782
608 783
8 784
13 785
282 786
752 786
353 787
398 787
733 787
482 788
15 789
12 790
62 790
165 791
91 792
4 793
14 793
239 793
373 793
499 793
586 793
626 793
657 793
678 793
312 794
219 795
61 796
63 797
205 798
227 798
373 798
786 798
14 799
3 800
81 801
305 802
7 803
3 804
5 804
6 804
15 804
75 804
82 804
128 804
336 804
391 804
493 804
743 804
8 805
264 805
533 805
554 805
68 806
510 806
636 806
31 807
695 808
35 809
62 809
75 809
491 809
642 809
6 810
499 810
3 811
4 811
5 811
57 811
63 811
86 811
153 811
224 811
341 811
419 811
477 811
804 811
497 812
87 813
585 813
15 814
17 815
482 816
458 817
668 817
193 818
323 818
596 818
644 818
752 818
29 819
103 820
97 821
609 821
38 822
9 823
6 824
95 825
290 825
139 826
12 827
268 827
163 828
708 829
137 830
139 830
16 831
211 831
8 832
3 833
211 834
38 835
3 836
651 837
149 838
551 838
4 839
5 839
6 839
7 839
10 839
42 839
57 839
75 839
153 839
163 839
206 839
232 839
242 839
253 839
276 839
349 839
391 839
484 839
495 839
527 839
535 839
742 839
832 839
149 840
8 841
696 842
16 843
43 843
380 843
540 843
294 844
2 845
211 846
15 847
111 847
177 848
232 849
63 850
680 850
54 851
198 851
92 852
423 852
213 853
62 854
1 855
2 855
4 855
379 856
38 857
768 858
16 859
282 859
495 860
211 861
14 862
191 863
545 863
819 863
62 864
12 865
13 865
14 865
130 865
193 865
211 865
304 865
347 865
358 865
380 865
439 865
463 865
507 865
680 865
735 865
114 866
432 866
4 867
30 867
59 867
108 867
215 867
541 867
626 867
17 868
531 868
708 868
729 868
408 869
660 870
9 871
94 872
409 872
54 873
3 874
12 875
15 876
13 877
265 877
696 878
68 879
32 880
236 881
522 881
829 881
567 882
31 883
11 884
66 884
114 884
16 885
74 885
410 885
434 885
457 885
14 886
63 887
296 887
4 888
590 888
554 889
660 890
12 891
63 891
114 891
202 891
275 891
453 891
752 892
865 892
9 893
45 893
734 893
12 894
31 895
235 896
450 897
235 898
38 899
652 900
139 901
459 902
5 903
497 904
9 905
170 905
192 905
12 906
552 906
38 907
15 908
111 908
639 908
672 908
482 909
369 910
3 911
116 912
451 913
469 913
637 913
101 914
171 915
363 915
369 915
97 916
125 916
193 916
347 916
354 916
380 916
487 916
644 916
752 916
8 917
135 917
257 917
639 917
139 918
22 919
343 919
813 919
369 920
301 921
97 922
410 922
417 922
3 923
444 924
608 924
163 925
204 925
614 925
755 925
421 926
482 927
9 928
8 929
411 929
1 930
10 930
31 930
42 930
57 930
63 930
131 930
349 930
484 930
499 930
527 930
784 930
805 930
12 931
13 931
14 931
29 931
33 931
46 931
61 931
65 931
124 931
380 931
578 931
692 931
868 931
16 932
97 932
347 932
884 932
63 933
930 933
660 934
22 935
267 935
782 935
94 936
450 937
797 937
835 937
8 938
2 939
96 940
149 941
551 941
348 942
396 942
67 943
850 944
8 945
811 945
110 946
460 946
534 947
9 948
165 948
812 949
904 949
1 950
31 950
42 950
63 950
805 950
53 951
428 951
6 952
86 953
631 953
62 954
265 955
13 956
8 957
772 957
211 958
18 959
22 959
201 959
234 959
583 959
732 959
885 959
144 960
15 961
410 962
417 962
413 963
368 964
67 965
344 965
960 965
468 966
696 966
881 967
15 968
865 968
177 969
235 970
282 971
752 971
798 971
345 972
12 973
758 973
309 974
13 975
535 975
202 976
275 976
453 976
381 977
493 978
746 979
482 980
174 981
814 981
73 982
631 983
233 984
900 984
93 985
62 986
839 987
12 988
696 988
5 989
960 990
11 991
231 991
260 991
416 991
80 992
318 992
237 993
7 994
8 994
10 994
15 994
75 994
76 994
174 994
225 994
428 994
845 994
855 994
939 994
695 995
3 996
825 997
330 998
715 998
375 999
458 999
681 999
551 1000
518 1001
281 1002
62 1003
75 1003
253 1003
491 1003
93 1004
987 1004
67 1005
344 1005
960 1005
13 1006
7 1007
38 1008
749 1009
376 1010
585 1010
735 1010
935 1010
22 1011
94 1011
409 1011
746 1012
817 1013
140 1014
425 1014
16 1015
384 1015
880 1015
13 1016
3 1017
410 1018
108 1019
215 1019
541 1019
626 1019
15 1020
3 1021
62 1022
195 1023
425 1023
12 1024
696 1024
18 1025
732 1025
540 1026
752 1027
798 1027
211 1028
323 1028
512 1028
124 1029
6 1030
54 1031
662 1031
847 1031
908 1031
211 1032
116 1033
62 1034
237 1035
725 1035
600 1036
7 1037
54 1037
130 1037
498 1037
752 1037
976 1037
14 1038
41 1039
38 1040
434 1041
467 1041
496 1041
639 1042
211 1043
211 1044
762 1045
27 1046
908 1046
205 1047
373 1047
971 1047
708 1048
45 1049
189 1050
735 1050
554 1051
9 1052
825 1052
22 1053
379 1054
4 1055
174 1055
12 1056
434 1056
496 1056
696 1056
870 1056
15 1057
839 1058
597 1059
660 1060
770 1061
972 1061
211 1062
139 1063
491 1064
373 1065
2 1066
174 1067
251 1067
289 1067
375 1067
458 1067
483 1067
3 1068
165 1069
692 1070
532 1071
631 1072
379 1073
682 1074
2 1075
804 1075
754 1076
804 1077
12 1078
62 1078
74 1079
410 1079
434 1079
768 1080
482 1081
45 1082
741 1082
3 1083
371 1084
9 1085
37 1085
263 1085
676 1085
753 1085
848 1085
554 1086
8 1087
77 1088
108 1088
158 1088
373 1088
444 1088
966 1088
905 1089
14 1090
97 1090
15 1091
34 1091
38 1092
767 1092
62 1093
81 1094
282 1095
887 1096
159 1097
750 1097
914 1097
195 1098
124 1099
561 1100
16 1101
125 1101
193 1101
211 1101
15 1102
726 1103
12 1104
376 1104
349 1105
488 1106
434 1107
34 1108
510 1108
684 1108
1041 1108
1056 1108
1079 1108
1103 1109
94 1110
15 1111
53 1111
735 1111
11 1112
147 1112
38 1113
817 1114
357 1115
198 1116
476 1117
586 1118
66 1119
67 1119
114 1119
639 1119
694 1119
916 1119
932 1119
35 1120
114 1121
453 1121
38 1122
461 1122
13 1123
14 1123
92 1123
114 1123
260 1123
423 1123
540 1123
931 1123
17 1124
137 1124
231 1124
309 1124
486 1124
761 1124
951 1124
1111 1124
34 1125
201 1125
423 1125
885 1125
1041 1125
1056 1125
299 1126
522 1126
1124 1126
116 1127
494 1127
1106 1127
525 1128
451 1129
469 1129
637 1129
797 1129
9 1130
368 1130
1 1131
104 1131
103 1132
991 1132
1123 1132
71 1133
88 1133
96 1133
109 1133
145 1133
166 1133
170 1133
183 1133
192 1133
223 1133
284 1133
809 1133
854 1133
864 1133
954 1133
986 1133
1022 1133
1093 1133
15 1134
1127 1135
1025 1136
900 1137
696 1138
177 1139
15 1140
9 1141
331 1142
417 1142
3 1143
497 1143
11 1144
174 1144
248 1144
15 1145
266 1145
281 1145
540 1146
87 1147
585 1147
919 1147
282 1148
347 1148
455 1148
581 1148
806 1148
879 1148
590 1149
4 1150
174 1150
11 1151
248 1151
8 1152
139 1153
696 1154
18 1155
12 1156
697 1157
38 1158
218 1158
12 1159
756 1159
67 1160
3 1161
554 1162
14 1163
421 1164
7 1165
13 1166
53 1166
220 1166
311 1166
338 1166
513 1166
591 1166
659 1166
1124 1166
94 1167
121 1168
374 1168
490 1168
575 1168
609 1168
621 1168
835 1168
857 1168
1008 1168
1122 1168
265 1169
159 1170
12 1171
268 1171
839 1172
67 1173
344 1173
4 1174
32 1174
1015 1174
13 1175
639 1176
3 1177
1130 1178
426 1179
11 1180
191 1180
199 1180
521 1180
735 1180
826 1180
918 1180
3 1181
204 1182
755 1182
984 1183
22 1184
8 1185
810 1185
209 1186
992 1186
411 1187
441 1187
817 1188
10 1189
23 1189
57 1189
153 1189
163 1189
242 1189
832 1189
1058 1189
1172 1189
368 1190
1 1191
10 1191
70 1191
75 1191
76 1191
82 1191
128 1191
225 1191
493 1191
743 1191
845 1191
939 1191
994 1192
1191 1192
34 1193
885 1193
1041 1193
1056 1193
31 1194
22 1195
409 1195
67 1196
411 1197
628 1198
642 1199
426 1200
551 1201
13 1202
158 1202
327 1202
342 1202
475 1202
735 1202
901 1202
918 1202
781 1203
224 1204
341 1204
804 1204
348 1205
726 1205
1014 1205
201 1206
174 1207
91 1208
570 1208
35 1209
642 1209
15 1210
12 1211
867 1211
180 1212
116 1213
686 1214
12 1215
62 1215
268 1215
62 1216
12 1217
4 1218
13 1218
16 1218
272 1218
475 1218
62 1219
3 1220
22 1221
752 1221
991 1221
114 1222
853 1222
9 1223
38 1224
163 1225
81 1226
224 1227
308 1227
36 1228
289 1229
375 1229
458 1229
475 1229
483 1229
9 1230
9 1231
421 1232
11 1233
932 1233
330 1234
481 1234
916 1234
15 1235
16 1235
53 1235
65 1235
97 1235
220 1235
233 1235
261 1235
270 1235
291 1235
299 1235
460 1235
546 1235
627 1235
1119 1235
1160 1235
1173 1235
1187 1235
1196 1235
163 1236
477 1237
5 1238
64 1238
106 1238
930 1238
994 1238
163 1239
450 1240
33 1241
735 1241
11 1242
5 1243
695 1243
137 1244
308 1244
983 1244
1072 1244
124 1245
277 1245
34 1246
67 1247
91 1247
38 1248
523 1248
1080 1248
1090 1248
229 1249
731 1249
228 1250
17 1251
67 1251
72 1251
237 1251
564 1251
819 1251
931 1251
735 1252
552 1253
16 1254
125 1254
193 1254
282 1254
354 1254
547 1254
644 1254
650 1254
1091 1254
1125 1254
1246 1254
17 1255
235 1256
660 1257
74 1258
577 1258
301 1259
1056 1260
534 1261
450 1262
16 1263
22 1263
97 1263
752 1263
782 1263
451 1264
32 1265
1015 1265
851 1266
1116 1266
137 1267
1072 1267
67 1268
15 1269
9 1270
43 1271
858 1272
1 1273
185 1273
491 1274
700 1274
980 1275
4 1276
544 1276
476 1277
174 1278
746 1279
12 1280
13 1280
14 1280
130 1280
304 1280
347 1280
439 1280
507 1280
735 1280
5 1281
62 1282
95 1283
913 1283
94 1284
32 1285
696 1285
735 1286
16 1287
193 1287
547 1287
1246 1287
395 1288
29 1289
68 1289
546 1289
660 1289
11 1290
33 1290
299 1290
692 1290
1124 1290
381 1291
13 1292
189 1292
251 1292
412 1292
416 1292
769 1292
63 1293
9 1294
1036 1295
322 1296
1142 1296
14 1297
944 1298
12 1299
411 1300
1235 1300
8 1301
18 1301
1140 1302
905 1303
193 1304
94 1305
692 1306
144 1307
965 1307
11 1308
13 1308
53 1308
316 1308
373 1308
513 1308
659 1308
974 1308
1124 1308
65 1309
84 1309
144 1309
211 1309
644 1309
998 1309
1234 1309
155 1310
31 1311
33 1312
72 1313
1289 1313
205 1314
971 1314
925 1315
18 1316
9 1317
3 1318
89 1318
592 1318
942 1319
1 1320
185 1320
863 1320
532 1321
476 1322
8 1323
257 1323
211 1324
942 1325
13 1326
380 1326
434 1326
457 1326
654 1326
1206 1326
987 1327
1202 1327
34 1328
1103 1329
1053 1330
410 1331
379 1332
519 1332
1288 1332
334 1333
1133 1333
222 1334
850 1335
1298 1335
11 1336
9 1337
9 1338
753 1338
695 1339
497 1340
949 1340
201 1341
48 1342
84 1342
211 1342
12 1343
429 1344
72 1345
13 1346
1159 1347
1208 1348
15 1349
646 1350
211 1351
124 1352
257 1353
379 1354
1 1355
156 1355
9 1356
12 1357
434 1357
496 1357
7 1358
38 1358
349 1358
527 1358
80 1359
14 1360
26 1360
92 1360
138 1360
139 1360
364 1360
573 1360
665 1360
701 1360
801 1360
1094 1360
9 1361
363 1362
431 1362
1212 1362
91 1363
323 1363
268 1364
586 1365
794 1365
299 1366
1124 1366
557 1367
12 1368
174 1369
14 1370
18 1370
22 1370
72 1370
197 1370
732 1370
885 1370
67 1371
178 1371
241 1371
551 1372
1272 1373
31 1374
587 1374
1266 1375
532 1376
1054 1376
14 1377
92 1377
136 1377
139 1377
865 1377
1010 1377
1280 1377
1286 1377
1323 1377
11 1378
66 1378
932 1378
398 1379
624 1380
8 1381
1249 1381
380 1382
4 1383
139 1384
1127 1385
278 1386
1084 1386
235 1387
265 1388
1338 1389
1048 1390
1245 1391
1154 1392
9 1393
65 1394
189 1394
299 1394
735 1394
251 1395
483 1395
137 1396
301 1397
235 1398
9 1399
22 1400
27 1400
13 1401
865 1402
491 1403
430 1404
654 1404
265 1405
14 1406
227 1406
319 1406
443 1406
524 1406
656 1406
786 1406
859 1406
1095 1406
1148 1406
1254 1406
62 1407
642 1407
288 1408
561 1408
48 1409
1026 1409
5 1410
299 1411
1235 1411
11 1412
97 1412
418 1412
566 1412
1345 1412
817 1413
16 1414
87 1414
97 1414
268 1414
347 1414
356 1414
383 1414
624 1414
646 1414
1118 1414
1365 1414
379 1415
1 1416
14 1416
70 1416
250 1416
287 1416
336 1416
361 1416
493 1416
641 1416
701 1416
1360 1417
97 1418
455 1418
581 1418
879 1418
1289 1418
281 1419
1031 1419
987 1420
1202 1420
965 1421
1005 1421
491 1422
1173 1422
532 1423
821 1424
116 1425
994 1426
1191 1426
904 1427
1340 1427
534 1428
839 1429
1189 1429
1202 1430
482 1431
794 1432
794 1433
7 1434
942 1435
1 1436
3 1436
4 1436
206 1436
362 1436
499 1436
544 1436
866 1436
332 1437
1189 1437
34 1438
639 1438
410 1439
254 1440
278 1440
201 1441
45 1442
185 1442
382 1442
219 1443
701 1444
1348 1445
63 1446
38 1447
112 1448
875 1449
180 1450
421 1451
211 1452
1234 1452
29 1453
1035 1453
211 1454
1191 1455
214 1456
280 1456
4 1457
544 1457
1358 1458
149 1459
368 1459
81 1460
124 1461
3 1462
6 1463
379 1464
114 1465
432 1465
1436 1465
410 1466
885 1466
201 1467
12 1468
97 1469
434 1469
211 1470
3 1471
1025 1472
839 1473
1189 1473
18 1474
954 1474
1374 1474
174 1475
202 1476
43 1477
1412 1477
839 1478
1189 1478
211 1479
16 1480
428 1481
1124 1481
205 1482
87 1483
416 1483
515 1483
606 1483
735 1483
959 1483
1011 1483
1053 1483
1195 1483
1221 1483
1263 1483
1400 1483
1097 1484
567 1485
9 1486
74 1487
1142 1488
139 1489
13 1490
13 1491
72 1491
201 1491
459 1491
282 1492
63 1493
74 1494
133 1494
479 1494
812 1494
31 1495
744 1495
147 1496
17 1497
97 1498
141 1498
316 1498
782 1498
330 1499
344 1499
1309 1499
646 1500
72 1501
201 1501
1376 1502
750 1503
12 1504
1387 1505
254 1506
284 1506
584 1506
1199 1506
1407 1506
114 1507
853 1507
31 1508
113 1508
1214 1508
508 1509
881 1510
797 1511
4 1512
1344 1512
811 1513
1204 1513
95 1514
290 1514
697 1515
13 1516
104 1517
132 1517
160 1517
258 1517
686 1517
895 1517
950 1517
1194 1517
1508 1517
97 1518
347 1518
884 1518
1119 1518
159 1519
578 1520
900 1521
62 1522
334 1522
386 1522
537 1522
51 1523
1318 1523
5 1524
195 1524
654 1525
1151 1526
35 1527
61 1528
1213 1528
1482 1529
982 1530
277 1531
905 1531
46 1532
67 1532
91 1532
138 1533
139 1533
364 1533
573 1533
670 1533
13 1534
348 1535
726 1535
1014 1535
532 1536
91 1537
159 1538
180 1539
528 1539
1362 1539
54 1540
498 1540
752 1540
1289 1540
1132 1541
312 1542
1310 1542
97 1543
581 1543
11 1544
16 1544
29 1544
125 1544
546 1544
654 1544
1345 1544
1501 1544
32 1545
696 1545
695 1546
994 1547
1191 1547
1514 1548
254 1549
809 1549
1199 1549
1209 1549
1151 1550
211 1551
268 1552
1323 1553
1353 1553
2 1554
34 1555
11 1556
147 1556
1411 1557
409 1558
31 1559
205 1560
114 1561
357 1562
360 1562
1330 1562
1506 1562
11 1563
416 1563
843 1563
4 1564
5 1564
7 1564
8 1564
9 1564
75 1564
76 1564
82 1564
314 1564
493 1564
845 1564
1075 1564
42 1565
60 1565
437 1566
581 1566
482 1567
811 1568
1194 1569
275 1570
782 1571
91 1572
268 1572
16 1573
83 1573
84 1573
195 1573
213 1573
283 1573
380 1573
631 1573
749 1573
830 1573
1244 1573
67 1574
1235 1574
1544 1574
163 1575
116 1576
586 1577
1414 1577
31 1578
740 1578
482 1579
13 1580
195 1581
451 1582
278 1583
1556 1583
9 1584
37 1584
263 1584
454 1584
704 1584
848 1584
969 1584
1168 1585
3 1586
1437 1586
16 1587
830 1588
590 1589
661 1589
1232 1589
581 1590
1289 1590
9 1591
373 1591
673 1592
33 1593
1154 1593
832 1594
941 1594
1191 1595
1517 1596
528 1597
3 1598
540 1599
124 1600
156 1601
10 1602
163 1602
242 1602
1058 1602
1429 1602
1473 1602
219 1603
250 1604
287 1604
336 1604
2 1605
191 1606
288 1606
904 1606
154 1607
325 1607
538 1607
725 1607
1029 1607
1352 1607
1600 1607
825 1608
2 1609
43 1610
1589 1611
13 1612
34 1613
1134 1614
269 1615
9 1616
17 1617
309 1617
761 1617
1166 1617
1236 1617
1366 1617
380 1618
116 1619
9 1620
9 1621
71 1621
77 1621
79 1621
105 1621
166 1621
174 1621
183 1621
192 1621
404 1621
436 1621
622 1621
790 1621
809 1621
1022 1621
1078 1621
1216 1621
1407 1621
17 1622
217 1623
532 1624
1 1625
2 1625
4 1625
7 1625
10 1625
58 1625
63 1625
64 1625
104 1625
181 1625
224 1625
289 1625
315 1625
341 1625
477 1625
839 1625
1463 1625
497 1626
1427 1626
34 1627
91 1628
728 1629
1053 1630
11 1631
147 1631
13 1632
1446 1633
13 1634
94 1635
94 1636
34 1637
610 1638
31 1639
740 1639
631 1640
268 1641
7 1642
31 1642
38 1642
163 1642
289 1642
499 1642
7 1643
253 1643
276 1643
805 1643
1086 1643
512 1644
596 1644
38 1645
410 1646
830 1647
697 1648
62 1649
43 1650
1633 1651
376 1652
289 1653
531 1654
708 1654
729 1654
931 1654
482 1655
15 1656
89 1656
128 1656
135 1656
202 1656
257 1656
452 1656
592 1656
639 1656
65 1657
152 1657
965 1657
1005 1657
100 1658
569 1658
532 1659
149 1660
5 1661
195 1661
96 1662
696 1663
1180 1664
1656 1665
813 1666
1010 1666
1147 1666
11 1667
820 1667
880 1668
1553 1668
1298 1669
5 1670
64 1670
106 1670
930 1670
994 1670
782 1671
1085 1671
872 1672
7 1673
414 1673
426 1673
501 1673
1073 1673
62 1674
334 1674
1133 1674
1168 1675
1053 1676
235 1677
1 1678
499 1678
933 1678
1670 1678
398 1679
402 1680
16 1681
8 1682
207 1682
359 1682
74 1683
479 1683
686 1684
236 1685
525 1685
1015 1686
9 1687
11 1687
13 1687
16 1687
17 1687
20 1687
44 1687
55 1687
79 1687
81 1687
100 1687
108 1687
158 1687
255 1687
309 1687
337 1687
373 1687
424 1687
516 1687
619 1687
639 1687
673 1687
790 1687
865 1687
906 1687
1056 1687
1211 1687
1217 1687
1156 1688
67 1689
2 1690
7 1690
81 1691
289 1691
1204 1691
1625 1691
554 1692
27 1693
916 1694
1168 1695
270 1696
804 1697
1191 1697
13 1698
265 1698
67 1699
144 1700
211 1700
965 1700
1173 1700
16 1701
410 1701
457 1701
959 1701
1125 1701
482 1702
1509 1703
4 1704
14 1704
83 1704
88 1704
626 1704
678 1704
1641 1704
16 1705
177 1705
1282 1706
9 1707
71 1707
77 1707
105 1707
166 1707
174 1707
183 1707
404 1707
1407 1707
1205 1708
1254 1708
383 1709
450 1710
42 1711
74 1712
410 1712
1125 1712
38 1713
13 1714
92 1714
260 1714
540 1714
11 1715
1584 1716
13 1717
30 1717
373 1717
1056 1717
38 1718
5 1719
462 1719
639 1719
982 1719
9 1720
37 1720
263 1720
941 1721
6 1722
93 1722
104 1722
148 1722
193 1722
353 1722
355 1722
617 1722
711 1722
797 1722
811 1722
891 1722
1446 1722
1493 1722
898 1723
491 1724
11 1725
585 1725
1124 1726
610 1727
231 1728
416 1728
565 1729
692 1729
4 1730
13 1730
15 1730
16 1730
17 1730
47 1730
74 1730
87 1730
133 1730
158 1730
202 1730
288 1730
309 1730
380 1730
639 1730
646 1730
675 1730
733 1730
799 1730
886 1730
1370 1730
1327 1731
493 1732
1180 1733
686 1734
1508 1734
980 1735
451 1736
1048 1737
76 1738
174 1738
225 1738
855 1738
939 1738
1426 1738
1547 1738
1670 1738
1084 1739
87 1740
919 1740
865 1741
211 1742
163 1743
62 1744
1133 1744
1621 1744
1707 1744
527 1745
811 1745
839 1745
1189 1745
219 1746
430 1747
856 1747
329 1748
532 1748
32 1749
12 1750
696 1750
1621 1750
1707 1750
348 1751
1319 1751
1325 1751
3 1752
13 1753
1658 1754
394 1755
1067 1755
1229 1755
1395 1755
34 1756
1254 1756
450 1757
778 1757
1130 1758
596 1759
11 1760
373 1760
659 1760
1124 1760
38 1761
29 1762
125 1762
183 1762
1251 1762
1450 1762
7 1763
812 1764
1275 1765
139 1766
1687 1767
1621 1768
17 1769
674 1769
1582 1769
775 1770
804 1771
1048 1772
97 1773
782 1773
315 1774
1056 1774
1079 1774
74 1775
410 1775
778 1775
139 1776
361 1776
843 1777
482 1778
692 1779
1537 1779
67 1780
1235 1780
1358 1781
97 1782
380 1782
457 1782
627 1782
379 1783
915 1784
1362 1784
1 1785
4 1785
5 1785
6 1785
7 1785
48 1785
110 1785
146 1785
188 1785
349 1785
389 1785
411 1785
432 1785
635 1785
652 1785
800 1785
804 1785
811 1785
833 1785
836 1785
874 1785
911 1785
1021 1785
1143 1785
1181 1785
1220 1785
1318 1785
1462 1785
1471 1785
347 1786
15 1787
34 1787
330 1787
412 1787
429 1787
453 1787
715 1787
831 1787
846 1787
865 1787
958 1787
1028 1787
1454 1787
1470 1787
1723 1788
12 1789
1687 1789
9 1790
202 1791
8 1792
1 1793
5 1794
14 1794
1355 1794
1601 1794
38 1795
16 1796
532 1797
54 1798
762 1799
1154 1800
5 1801
184 1802
453 1802
818 1802
116 1803
186 1804
523 1804
1532 1804
1368 1805
1638 1805
1727 1805
1391 1806
248 1807
1526 1807
1550 1807
752 1808
1314 1808
12 1809
309 1810
1166 1810
16 1811
17 1811
115 1811
211 1811
304 1811
346 1811
347 1811
354 1811
373 1811
555 1811
650 1811
662 1811
735 1811
760 1811
789 1811
814 1811
876 1811
1057 1811
1210 1811
1235 1811
1787 1811
9 1812
9 1813
2 1814
7 1814
11 1814
193 1814
231 1814
373 1814
435 1814
507 1814
555 1814
595 1814
662 1814
735 1814
804 1814
814 1814
968 1814
1057 1814
1102 1814
1235 1814
1269 1814
1349 1814
1730 1814
38 1815
38 1816
13 1817
237 1818
80 1819
345 1820
1061 1820
1085 1821
4 1822
15 1822
47 1822
309 1822
646 1822
675 1822
714 1822
733 1822
41 1823
97 1824
631 1825
7 1826
847 1826
450 1827
376 1828
585 1828
735 1828
1666 1828
180 1829
1570 1829
1215 1830
778 1831
693 1832
1707 1833
9 1834
105 1834
166 1834
404 1834
54 1835
67 1836
946 1836
45 1837
139 1837
382 1837
8 1838
277 1839
195 1840
434 1841
496 1841
1148 1842
4 1843
1416 1843
1604 1843
976 1844
268 1845
1704 1845
1088 1846
887 1847
423 1848
1056 1848
91 1849
11 1850
231 1850
416 1850
424 1851
33 1852
778 1853
1391 1854
454 1855
257 1856
16 1857
158 1857
718 1857
752 1857
30 1858
59 1858
71 1858
81 1858
100 1858
158 1858
215 1858
255 1858
367 1858
541 1858
619 1858
626 1858
988 1858
1750 1858
84 1859
213 1859
450 1859
721 1859
752 1859
1314 1859
1482 1859
1560 1859
229 1860
731 1860
8 1861
1377 1862
38 1863
45 1864
185 1864
214 1865
535 1866
1130 1867
174 1868
646 1868
229 1869
731 1869
96 1870
321 1871
1857 1871
9 1872
944 1872
1258 1872
1846 1873
81 1874
371 1875
124 1876
976 1877
744 1878
756 1878
11 1879
97 1880
627 1880
1152 1881
1532 1881
330 1882
1309 1882
1452 1882
804 1883
1513 1883
368 1884
478 1885
992 1886
137 1887
9 1888
11 1888
20 1888
30 1888
55 1888
59 1888
71 1888
83 1888
100 1888
108 1888
193 1888
213 1888
255 1888
309 1888
337 1888
373 1888
541 1888
619 1888
626 1888
728 1888
827 1888
875 1888
891 1888
973 1888
1078 1888
1104 1888
1156 1888
1159 1888
1368 1888
1504 1888
1789 1888
1809 1888
825 1889
1411 1890
9 1891
144 1892
71 1893
79 1893
174 1893
183 1893
313 1893
436 1893
790 1893
986 1893
1034 1893
1078 1893
1216 1893
1219 1893
1522 1893
1649 1893
1674 1893
459 1894
275 1895
1681 1895
14 1896
16 1896
21 1896
74 1896
120 1896
142 1896
155 1896
161 1896
171 1896
201 1896
237 1896
309 1896
380 1896
441 1896
549 1896
568 1896
751 1896
774 1896
785 1896
877 1896
931 1896
956 1896
975 1896
1280 1896
1292 1896
1308 1896
1401 1896
1534 1896
1580 1896
1612 1896
1634 1896
1717 1896
14 1897
364 1898
670 1898
775 1899
1202 1900
103 1901
540 1901
12 1902
696 1902
15 1903
981 1903
1476 1903
782 1904
884 1904
1377 1905
627 1906
1004 1907
1420 1907
1785 1908
59 1909
71 1909
367 1909
619 1909
1750 1909
1463 1910
251 1911
11 1912
147 1912
1583 1912
309 1913
1166 1913
534 1914
38 1915
1411 1916
1148 1917
452 1918
450 1919
75 1920
76 1920
128 1920
225 1920
845 1920
1192 1920
1426 1920
348 1921
726 1921
291 1922
1859 1923
421 1924
577 1925
124 1926
1349 1926
787 1927
905 1928
1727 1929
205 1930
1859 1930
96 1931
135 1932
639 1932
8 1933
80 1934
1038 1934
4 1935
137 1936
1072 1936
214 1937
235 1938
787 1939
734 1940
15 1941
1274 1942
1268 1943
251 1944
268 1944
294 1944
553 1944
1573 1944
1704 1944
1888 1944
1704 1945
4 1946
32 1946
14 1947
67 1948
509 1949
639 1949
5 1950
135 1951
163 1952
231 1953
785 1953
825 1954
554 1955
1121 1956
1871 1956
1903 1956
7 1957
630 1957
636 1957
7 1958
73 1958
157 1958
375 1958
1656 1958
204 1959
1053 1960
17 1961
1570 1962
821 1963
1168 1963
34 1964
1254 1964
1811 1964
373 1965
178 1966
3 1967
139 1968
1573 1968
1588 1968
22 1969
3 1970
567 1971
8 1972
849 1972
1728 1972
1165 1973
1379 1974
451 1975
1228 1976
33 1977
1483 1978
1142 1979
95 1980
1548 1980
37 1981
1148 1982
1604 1983
269 1984
358 1985
639 1985
482 1986
532 1987
1633 1988
1180 1989
38 1990
458 1991
569 1992
890 1993
1060 1993
1289 1993
25 1994
214 1994
782 1995
75 1996
225 1996
845 1996
1426 1996
38 1997
1422 1998
373 1999
8 2000
166 2001
192 2001
854 2001
864 2001
954 2001
986 2001
1333 2001
1674 2001
1744 2001
948 2002
112 2003
1540 2003
8 2004
75 2005
225 2005
1426 2005
534 2006
380 2007
434 2007
457 2007
627 2007
852 2007
1848 2007
543 2008
1676 2008
298 2009
4 2010
174 2010
4 2011
11 2011
13 2011
44 2011
58 2011
915 2011
1896 2011
137 2012
794 2013
3 2014
157 2015
1246 2015
1558 2015
728 2016
11 2017
14 2017
33 2017
53 2017
311 2017
338 2017
373 2017
974 2017
1687 2017
1789 2017
1810 2017
1888 2017
100 2018
716 2019
14 2020
130 2020
735 2020
1377 2020
74 2021
479 2021
16 2022
410 2022
457 2022
848 2023
2 2024
804 2024
1191 2024
1564 2024
1732 2024
8 2025
839 2025
1594 2025
12 2026
34 2026
184 2026
275 2026
285 2026
330 2026
344 2026
429 2026
453 2026
481 2026
482 2026
524 2026
579 2026
605 2026
739 2026
834 2026
861 2026
865 2026
1324 2026
1342 2026
1470 2026
1551 2026
1742 2026
1811 2026
1240 2027
124 2028
1596 2028
216 2029
5 2030
410 2031
139 2032
1722 2033
983 2034
16 2035
1130 2036
303 2037
61 2038
1213 2038
992 2039
1950 2039
17 2040
291 2041
554 2042
74 2043
777 2044
543 2045
91 2046
639 2047
8 2048
10 2048
63 2048
156 2048
224 2048
315 2048
341 2048
432 2048
824 2048
1463 2048
1722 2048
1785 2048
9 2049
376 2050
1335 2051
195 2052
87 2053
140 2054
1205 2054
1535 2054
1785 2055
561 2056
1498 2056
1189 2057
1602 2057
1377 2058
237 2059
74 2060
157 2061
1246 2061
1558 2061
1846 2062
87 2063
585 2063
919 2063
1666 2063
379 2064
497 2065
949 2065
1494 2065
32 2066
4 2067
948 2068
254 2069
278 2069
1084 2069
1202 2070
932 2071
661 2072
1282 2072
97 2073
660 2074
1133 2074
17 2075
1949 2076
379 2077
1673 2077
992 2078
9 2079
1134 2080
2 2081
4 2081
544 2081
804 2081
1191 2081
1732 2081
35 2082
642 2082
1506 2082
30 2083
239 2083
269 2083
1041 2083
1142 2084
1972 2085
338 2086
697 2086
12 2087
1858 2087
237 2088
5 2089
639 2089
38 2090
1080 2090
12 2091
1888 2091
54 2092
847 2092
908 2092
976 2093
3 2094
454 2095
641 2096
1084 2096
9 2097
263 2097
767 2098
62 2099
1001 2099
97 2100
535 2101
380 2102
1736 2103
231 2104
1564 2105
523 2106
1532 2106
139 2107
6 2108
163 2109
746 2110
211 2111
1418 2112
1590 2112
1406 2113
696 2114
887 2115
1445 2115
1893 2116
9 2117
476 2117
155 2118
794 2118
1134 2119
14 2120
861 2121
1133 2121
476 2122
74 2123
479 2124
306 2125
994 2126
451 2127
2103 2127
80 2128
450 2129
4 2130
544 2130
1002 2130
1133 2131
953 2132
1623 2133
1903 2134
686 2135
1179 2136
1844 2137
773 2138
865 2138
646 2139
1645 2140
495 2141
491 2142
700 2142
2 2143
994 2143
1564 2143
1920 2143
195 2144
63 2145
86 2145
1568 2145
1785 2145
1122 2146
322 2147
410 2147
523 2148
14 2149
422 2150
11 2151
191 2151
199 2151
521 2151
237 2152
205 2153
43 2154
1412 2154
11 2155
1142 2155
11 2156
794 2157
12 2158
1842 2158
171 2159
147 2160
1440 2160
1583 2160
16 2161
282 2161
434 2161
487 2161
547 2161
1091 2161
1246 2161
1438 2161
1613 2161
1627 2161
1964 2161
2026 2161
157 2162
62 2163
1621 2163
11 2164
608 2165
9 2166
149 2167
368 2167
124 2168
1625 2169
2011 2169
1028 2170
6 2171
174 2171
235 2171
289 2171
375 2171
762 2171
1204 2171
30 2172
373 2172
1056 2172
552 2173
3 2174
514 2174
1197 2174
1785 2174
129 2175
90 2176
1036 2176
464 2177
282 2178
426 2179
2165 2179
535 2180
410 2181
279 2182
1575 2183
235 2184
887 2185
847 2186
171 2187
349 2187
322 2188
22 2189
1483 2189
6 2190
268 2190
2048 2190
742 2191
1274 2192
2142 2192
139 2193
361 2193
13 2194
565 2195
692 2195
7 2196
202 2197
451 2197
493 2198
482 2199
42 2200
12 2201
496 2201
669 2201
696 2201
2083 2201
2172 2201
322 2202
410 2202
43 2203
1 2204
82 2204
493 2204
743 2204
939 2204
1192 2204
1426 2204
1455 2204
1595 2204
1836 2204
19 2205
254 2205
1346 2206
627 2207
792 2207
1031 2208
1811 2208
1814 2208
8 2209
1898 2209
24 2210
692 2210
2127 2211
11 2212
932 2212
12 2213
696 2213
1806 2214
1854 2214
13 2215
2206 2215
3 2216
2 2217
556 2217
729 2217
951 2217
994 2217
1481 2217
1180 2218
410 2219
417 2219
9 2220
265 2221
260 2222
380 2222
482 2222
632 2222
1035 2222
1123 2222
1146 2222
1599 2222
1714 2222
1901 2222
11 2223
62 2224
5 2225
54 2226
51 2227
73 2227
157 2227
1318 2227
965 2228
1214 2229
1517 2229
1799 2229
38 2230
2138 2230
2182 2230
1436 2231
1274 2232
411 2233
96 2234
343 2235
962 2235
1048 2236
491 2237
379 2238
773 2239
865 2239
2230 2239
322 2240
410 2240
657 2240
1045 2240
1212 2240
1 2241
2 2241
10 2241
80 2241
302 2241
336 2241
432 2241
594 2241
254 2242
1209 2242
5 2243
334 2244
386 2244
636 2245
95 2246
290 2246
97 2247
782 2247
1310 2248
4 2249
322 2249
1142 2249
1252 2250
45 2251
453 2252
620 2252
724 2252
395 2253
1869 2253
298 2254
9 2255
263 2255
969 2255
1716 2255
451 2256
925 2256
234 2257
1623 2257
544 2258
38 2259
756 2260
457 2261
1125 2261
373 2262
38 2263
5 2264
817 2265
697 2266
9 2267
3 2268
470 2268
1411 2269
16 2270
53 2270
752 2270
434 2271
13 2272
13 2273
1896 2273
1261 2274
1914 2274
1625 2275
1185 2276
421 2277
1607 2278
1172 2279
67 2280
3 2281
1785 2281
224 2282
341 2282
804 2282
2171 2282
1067 2283
1327 2283
80 2284
577 2285
1872 2285
11 2286
282 2287
1406 2287
600 2288
1649 2288
1418 2289
11 2290
13 2290
34 2290
67 2290
68 2290
227 2290
231 2290
260 2290
406 2290
408 2290
416 2290
468 2290
474 2290
586 2290
676 2290
729 2290
831 2290
843 2290
885 2290
1235 2290
1480 2290
1587 2290
1857 2290
2022 2290
2161 2290
35 2291
642 2291
825 2292
1048 2293
38 2294
9 2295
1565 2295
935 2296
746 2297
15 2298
75 2298
174 2298
845 2298
1192 2298
1238 2298
1415 2298
1426 2298
2126 2298
1228 2299
17 2300
931 2300
11 2301
67 2302
91 2302
1533 2302
211 2303
965 2303
1173 2303
323 2304
644 2304
1802 2304
74 2305
97 2305
185 2305
410 2305
434 2305
457 2305
654 2305
1341 2305
1501 2305
1972 2306
4 2307
98 2307
159 2307
2133 2308
14 2309
787 2309
172 2310
355 2310
748 2310
773 2310
850 2310
865 2310
38 2311
1753 2311
84 2312
792 2313
1347 2314
1807 2314
965 2315
1005 2315
728 2316
2062 2317
775 2318
695 2319
1124 2319
3 2320
2201 2321
6 2322
1722 2323
630 2324
779 2324
124 2325
1202 2326
2252 2327
268 2328
222 2329
1266 2330
495 2331
1696 2331
804 2332
1085 2333
2037 2333
696 2334
974 2334
1907 2334
434 2335
1505 2335
450 2336
4 2337
9 2337
11 2337
14 2337
15 2337
16 2337
17 2337
71 2337
126 2337
174 2337
211 2337
213 2337
215 2337
239 2337
337 2337
450 2337
516 2337
541 2337
586 2337
619 2337
827 2337
865 2337
891 2337
931 2337
973 2337
1056 2337
1156 2337
1171 2337
1211 2337
1299 2337
1357 2337
1504 2337
2158 2337
2213 2337
207 2338
4 2339
191 2339
274 2339
544 2339
545 2339
1320 2339
1442 2339
1864 2339
2305 2339
696 2340
503 2341
877 2341
1169 2341
1388 2341
1698 2341
398 2342
1974 2342
1140 2343
497 2344
949 2344
1494 2344
13 2345
42 2346
8 2347
15 2347
76 2347
428 2347
939 2347
1192 2347
1238 2347
1426 2347
1547 2347
1987 2347
2217 2347
93 2348
987 2348
1907 2348
2235 2349
192 2350
908 2350
116 2351
804 2352
1235 2353
54 2354
8 2355
12 2356
62 2356
268 2356
661 2357
1282 2357
1621 2358
1084 2359
1875 2359
457 2360
2346 2361
486 2362
1308 2362
2017 2362
437 2363
581 2363
1 2364
96 2365
135 2366
32 2367
314 2367
154 2368
568 2368
1615 2369
2026 2369
38 2370
282 2371
547 2371
1091 2371
1246 2371
1815 2372
277 2373
124 2374
782 2375
4 2376
872 2377
116 2378
11 2379
930 2379
13 2380
43 2380
197 2380
1326 2380
2269 2380
2305 2380
17 2381
486 2381
708 2381
1241 2381
1593 2381
1852 2381
409 2382
308 2383
2061 2384
80 2385
1234 2385
96 2386
13 2387
38 2388
866 2389
1805 2389
1929 2389
2103 2390
14 2391
4 2392
1360 2392
163 2393
2183 2393
6 2394
9 2394
48 2394
75 2394
110 2394
146 2394
163 2394
208 2394
280 2394
300 2394
349 2394
357 2394
389 2394
432 2394
440 2394
499 2394
635 2394
764 2394
1143 2394
1471 2394
1598 2394
1967 2394
2014 2394
2281 2394
2240 2395
817 2396
1871 2397
2290 2397
41 2398
152 2399
174 2400
229 2401
731 2401
108 2402
34 2403
2161 2403
124 2404
4 2405
41 2406
77 2407
373 2407
966 2407
9 2408
322 2409
1811 2410
585 2411
919 2411
1666 2411
13 2412
535 2412
1896 2412
154 2413
725 2413
1600 2413
254 2414
1199 2414
1407 2414
552 2415
532 2416
29 2417
646 2417
1251 2417
298 2418
972 2418
740 2419
13 2420
535 2421
454 2422
1301 2423
1876 2424
1949 2424
268 2425
91 2426
596 2426
91 2427
13 2428
1953 2428
4 2429
5 2429
48 2429
349 2429
635 2429
833 2429
1021 2429
1181 2429
2055 2429
2281 2429
1800 2430
334 2431
1004 2432
1785 2432
652 2433
984 2433
1137 2433
1521 2433
1621 2434
1687 2434
14 2435
9 2436
37 2437
454 2437
848 2437
969 2437
1716 2437
9 2438
38 2439
89 2440
379 2440
592 2440
2136 2441
825 2442
1240 2443
17 2444
309 2444
38 2445
1168 2445
1160 2446
660 2447
906 2447
768 2448
1188 2449
1318 2450
84 2451
211 2451
1173 2452
38 2453
16 2454
15 2455
219 2456
992 2457
1112 2457
13 2458
535 2459
1869 2460
611 2461
265 2462
379 2463
3 2464
17 2465
574 2466
693 2466
1147 2466
1414 2466
1730 2466
1740 2466
459 2467
338 2468
29 2469
358 2469
482 2469
632 2469
843 2469
1026 2469
1123 2469
1146 2469
1967 2469
5 2470
91 2471
5 2472
478 2473
2343 2473
97 2474
1282 2475
31 2476
55 2476
318 2476
11 2477
450 2478
14 2479
430 2480
959 2480
9 2481
1235 2482
379 2483
384 2484
880 2484
1265 2484
2114 2485
9 2486
75 2486
135 2486
202 2486
257 2486
452 2486
462 2486
523 2486
623 2486
1958 2486
2227 2486
1083 2487
1491 2487
211 2488
9 2489
5 2490
1 2491
7 2491
8 2491
51 2491
57 2491
75 2491
163 2491
208 2491
224 2491
259 2491
300 2491
332 2491
339 2491
351 2491
413 2491
432 2491
499 2491
635 2491
682 2491
804 2491
811 2491
836 2491
874 2491
911 2491
1068 2491
1143 2491
1181 2491
1318 2491
1436 2491
1462 2491
1471 2491
1752 2491
1970 2491
2014 2491
2216 2491
2281 2491
2464 2491
38 2492
254 2493
1084 2493
1928 2493
116 2494
1658 2494
1391 2495
2214 2495
528 2496
496 2497
2083 2497
323 2498
322 2499
67 2500
867 2500
410 2501
27 2502
1751 2503
139 2504
1730 2504
2 2505
804 2505
8 2506
124 2507
585 2508
930 2508
87 2509
585 2509
919 2509
1666 2509
496 2510
2083 2510
1 2511
185 2511
2257 2512
38 2513
1999 2514
232 2515
930 2516
1502 2517
116 2518
33 2519
46 2519
61 2519
124 2519
868 2519
1123 2519
1654 2519
2300 2519
2337 2519
38 2520
1707 2521
994 2522
1920 2522
1996 2522
65 2523
965 2523
1005 2523
88 2524
109 2524
170 2524
854 2524
986 2524
1333 2524
930 2525
1254 2526
1811 2526
728 2527
124 2528
129 2529
1871 2530
2290 2530
1633 2531
235 2532
34 2533
411 2534
1449 2535
853 2536
646 2537
752 2537
30 2538
201 2538
684 2538
1041 2538
1079 2538
2271 2538
1122 2539
696 2540
8 2541
135 2541
2332 2542
2538 2542
17 2543
479 2544
1686 2545
2307 2545
207 2546
359 2546
325 2547
538 2547
1029 2547
1600 2547
236 2548
522 2548
1215 2549
4 2550
9 2550
31 2550
38 2550
50 2550
57 2550
63 2550
153 2550
206 2550
232 2550
242 2550
253 2550
276 2550
362 2550
527 2550
562 2550
611 2550
670 2550
679 2550
742 2550
784 2550
805 2550
994 2550
1152 2550
1381 2550
1564 2550
1792 2550
1838 2550
1861 2550
1972 2550
2025 2550
2048 2550
2541 2550
13 2551
14 2551
29 2551
578 2551
692 2551
868 2551
1654 2551
476 2552
455 2553
870 2553
890 2553
1060 2553
2447 2553
749 2554
347 2555
785 2556
1805 2556
5 2557
695 2557
13 2558
2429 2559
67 2560
9 2561
1258 2561
84 2562
422 2562
998 2562
222 2563
1208 2563
237 2564
309 2565
1308 2565
174 2566
34 2567
2161 2567
2371 2567
502 2568
506 2568
553 2568
691 2568
1524 2568
1581 2568
1661 2568
2052 2568
211 2569
43 2570
330 2570
2132 2570
868 2571
1654 2571
1406 2572
825 2573
1338 2574
1604 2575
379 2576
835 2576
264 2577
533 2577
1134 2578
4 2579
5 2579
8 2579
10 2579
36 2579
40 2579
51 2579
182 2579
389 2579
395 2579
536 2579
652 2579
716 2579
764 2579
833 2579
874 2579
923 2579
1161 2579
1177 2579
1181 2579
1318 2579
1471 2579
1586 2579
2268 2579
54 2580
967 2581
275 2582
110 2583
627 2583
1604 2584
1859 2585
14 2586
497 2587
1427 2587
189 2588
3 2589
2019 2589
2579 2589
305 2590
1520 2591
2551 2591
965 2592
1005 2592
642 2593
130 2594
304 2594
439 2594
507 2594
735 2594
1896 2594
357 2595
782 2596
8 2597
257 2597
2195 2598
144 2599
965 2599
699 2600
1344 2600
9 2601
166 2601
174 2602
124 2603
74 2604
309 2605
2017 2605
2366 2606
1176 2607
1858 2608
87 2609
13 2610
268 2611
746 2612
308 2613
12 2614
817 2614
2600 2615
8 2616
97 2617
782 2617
965 2618
1005 2618
369 2619
2132 2620
67 2621
1109 2622
1329 2622
229 2623
67 2624
1885 2624
2473 2624
62 2625
491 2625
697 2626
634 2627
2238 2627
211 2628
1312 2628
1481 2628
1762 2629
1686 2630
201 2631
2419 2631
1056 2632
590 2633
54 2634
596 2635
2252 2635
1133 2636
1621 2636
1707 2636
776 2637
12 2638
14 2639
673 2640
139 2641
1767 2641
2065 2642
4 2643
544 2643
2231 2643
13 2644
484 2644
535 2644
1896 2644
523 2645
1235 2646
1274 2647
17 2648
42 2648
137 2648
309 2648
951 2648
1111 2648
1235 2648
2017 2648
1126 2649
2076 2649
2424 2649
431 2650
593 2650
38 2651
9 2652
31 2653
1517 2653
1593 2654
1320 2655
872 2656
908 2657
124 2658
2424 2658
2550 2659
14 2660
16 2660
27 2660
54 2660
1895 2660
2026 2660
2582 2660
15 2661
1148 2662
12 2663
992 2664
421 2665
348 2666
9 2667
20 2667
55 2667
71 2667
83 2667
108 2667
193 2667
213 2667
255 2667
373 2667
541 2667
728 2667
1789 2667
2091 2667
5 2668
1252 2669
281 2670
819 2670
2314 2670
794 2671
554 2672
268 2673
13 2674
1726 2674
74 2675
577 2675
1872 2675
63 2676
275 2676
1722 2676
1888 2676
2649 2677
13 2678
265 2678
1 2679
4 2679
5 2679
7 2679
10 2679
58 2679
104 2679
153 2679
289 2679
432 2679
477 2679
535 2679
810 2679
952 2679
2322 2679
1815 2680
11 2681
74 2681
133 2681
248 2681
479 2681
1025 2681
1155 2681
1316 2681
1474 2681
535 2682
1896 2682
2429 2683
6 2684
695 2684
2679 2684
124 2685
373 2686
658 2687
1143 2687
1436 2687
1709 2687
1296 2688
1488 2688
2155 2688
263 2689
848 2689
2343 2690
641 2691
1084 2691
114 2692
1168 2692
92 2693
114 2693
423 2693
2222 2693
2469 2693
672 2694
1400 2694
2660 2694
14 2695
735 2695
1377 2695
2308 2696
1907 2697
2432 2697
180 2698
1362 2698
1329 2699
38 2700
2000 2700
33 2701
853 2702
202 2703
486 2703
745 2703
1111 2703
1241 2703
1280 2703
1286 2703
1483 2703
1811 2703
2020 2703
2695 2703
31 2704
1025 2705
163 2706
1617 2706
1625 2707
8 2708
268 2709
1413 2710
2579 2711
544 2712
1360 2712
116 2713
323 2713
67 2714
344 2714
960 2714
2315 2714
410 2715
905 2716
1133 2716
139 2717
9 2718
104 2719
148 2719
193 2719
797 2719
811 2719
2033 2719
2048 2719
2323 2719
284 2720
584 2720
809 2720
1209 2720
2291 2720
31 2721
64 2722
1738 2722
5 2723
81 2724
557 2724
1298 2724
1371 2725
3 2726
2491 2726
74 2727
14 2728
1391 2729
2214 2729
787 2730
103 2731
1274 2732
967 2733
532 2734
63 2735
2310 2735
2200 2736
652 2737
1287 2737
2015 2737
2371 2737
509 2738
260 2739
482 2739
1123 2739
1146 2739
1714 2739
2693 2739
135 2740
2099 2741
177 2742
2274 2743
163 2744
2419 2744
13 2745
275 2746
1593 2747
2550 2747
853 2748
596 2749
12 2750
237 2751
14 2752
422 2753
1111 2754
1126 2754
1166 2754
1308 2754
1760 2754
57 2755
8 2756
544 2756
395 2757
38 2758
2146 2758
26 2759
345 2759
2405 2759
752 2760
15 2761
74 2762
2313 2763
930 2764
198 2765
209 2765
534 2765
992 2765
278 2766
1084 2766
812 2767
2318 2768
12 2769
235 2770
1168 2771
61 2772
1811 2773
2161 2773
9 2774
1874 2775
155 2776
6 2777
566 2778
1266 2778
434 2779
806 2779
191 2780
447 2780
1442 2780
1864 2780
2305 2780
2511 2780
14 2781
27 2781
1895 2781
2582 2781
512 2782
457 2783
1972 2784
4 2785
11 2785
15 2785
30 2785
44 2785
79 2785
81 2785
83 2785
158 2785
174 2785
213 2785
215 2785
239 2785
255 2785
337 2785
367 2785
424 2785
450 2785
586 2785
619 2785
673 2785
1024 2785
1156 2785
1159 2785
1171 2785
1211 2785
1217 2785
1280 2785
1299 2785
1357 2785
1368 2785
2026 2785
2087 2785
2091 2785
2356 2785
2614 2785
2638 2785
2663 2785
2750 2785
1282 2786
1896 2787
2654 2787
9 2788
38 2789
2589 2790
349 2791
527 2791
1781 2791
454 2792
54 2793
1584 2794
2437 2794
544 2795
1416 2795
1494 2795
106 2796
930 2796
994 2796
1678 2796
1738 2796
3 2797
2491 2797
2579 2797
171 2798
817 2798
12 2799
14 2799
17 2799
18 2799
43 2799
52 2799
97 2799
136 2799
171 2799
244 2799
409 2799
486 2799
567 2799
991 2799
1112 2799
1151 2799
1556 2799
1563 2799
1587 2799
1715 2799
1725 2799
1879 2799
1888 2799
2017 2799
2212 2799
2223 2799
2286 2799
2379 2799
2477 2799
429 2800
865 2800
1028 2800
1470 2800
1811 2800
627 2801
936 2801
1414 2802
1859 2803
479 2804
936 2804
1284 2804
1635 2804
2183 2805
994 2806
1996 2806
2204 2806
2298 2806
2347 2806
1338 2807
2394 2808
13 2809
17 2809
20 2809
55 2809
81 2809
108 2809
158 2809
255 2809
373 2809
424 2809
1211 2809
1767 2809
1789 2809
2017 2809
2434 2809
2594 2810
1227 2811
1625 2811
1427 2812
153 2813
660 2813
2553 2813
1053 2814
1 2815
1053 2816
82 2817
7 2818
527 2819
1189 2819
225 2820
1426 2820
2522 2820
84 2821
67 2822
14 2823
18 2823
94 2823
129 2823
638 2823
1483 2823
2053 2823
2063 2823
905 2824
54 2825
1 2826
10 2826
302 2826
336 2826
594 2826
820 2827
2497 2827
9 2828
595 2828
1391 2829
309 2830
692 2831
1360 2832
1898 2832
872 2833
15 2834
2452 2834
1607 2835
8 2836
18 2837
409 2837
1010 2837
447 2838
760 2839
191 2840
1442 2840
80 2841
1157 2842
38 2843
2831 2844
804 2845
2744 2846
209 2847
817 2848
448 2849
695 2850
2536 2851
696 2852
1858 2852
101 2853
804 2854
1394 2855
1751 2855
22 2856
2814 2856
2816 2856
746 2857
1686 2858
702 2859
1859 2860
269 2861
157 2862
1033 2863
701 2864
853 2865
708 2866
729 2866
2519 2866
2551 2866
423 2867
1326 2867
1701 2867
2007 2867
2783 2867
2809 2868
17 2869
251 2869
1235 2869
1177 2870
15 2871
165 2872
114 2873
620 2873
1245 2874
2495 2874
1593 2875
2550 2875
65 2876
211 2876
1882 2876
2026 2876
2352 2876
3 2877
9 2877
25 2877
116 2877
148 2877
235 2877
274 2877
349 2877
494 2877
527 2877
545 2877
617 2877
1416 2877
1436 2877
2364 2877
2511 2877
2815 2877
2826 2877
4 2878
86 2878
153 2878
224 2878
341 2878
804 2878
945 2878
1513 2878
1568 2878
1722 2878
1745 2878
1785 2878
2719 2878
61 2879
35 2880
174 2881
2550 2881
177 2882
108 2883
158 2883
373 2883
966 2883
299 2884
1235 2884
696 2885
2710 2886
268 2887
332 2888
941 2888
1000 2888
1201 2888
1372 2888
169 2889
1298 2889
1 2890
45 2890
382 2890
2780 2890
1625 2891
2011 2891
278 2892
48 2893
65 2893
211 2893
261 2893
644 2893
1499 2893
1787 2893
2570 2893
65 2894
2855 2894
2851 2895
1005 2896
1787 2897
637 2898
695 2899
9 2900
206 2900
232 2900
611 2900
679 2900
784 2900
994 2900
1564 2900
1792 2900
1861 2900
1972 2900
2659 2900
2747 2900
2881 2900
104 2901
1539 2902
124 2903
15 2904
157 2905
1 2906
63 2907
125 2908
211 2908
67 2909
1307 2909
2599 2909
308 2910
67 2911
330 2911
344 2911
745 2911
931 2911
1657 2911
347 2912
137 2913
27 2914
2140 2915
1589 2916
177 2917
63 2918
2491 2919
348 2920
1325 2920
1687 2921
1309 2922
2316 2923
5 2924
7 2924
289 2924
2491 2924
2888 2924
4 2925
327 2926
186 2927
536 2928
1 2929
302 2929
67 2930
13 2931
2776 2931
140 2932
4 2933
54 2934
1789 2934
38 2935
305 2936
5 2937
668 2938
1114 2938
2798 2938
414 2939
426 2939
1073 2939
91 2940
2082 2940
4 2941
447 2941
1320 2941
2305 2941
2511 2941
2252 2942
14 2943
1266 2944
15 2945
661 2946
1282 2946
379 2947
1747 2947
851 2948
8 2949
9 2950
92 2951
423 2951
585 2952
46 2953
760 2954
71 2955
105 2955
361 2955
404 2955
2521 2955
305 2956
1812 2956
137 2957
211 2958
948 2959
770 2960
2579 2961
2737 2961
942 2962
2920 2962
1758 2963
2036 2963
27 2964
54 2964
2694 2964
2755 2964
1191 2965
2204 2965
1133 2966
1893 2966
2524 2966
31 2967
146 2967
1517 2967
2631 2968
63 2969
482 2970
286 2971
2161 2971
476 2972
1406 2972
662 2973
2240 2974
6 2975
953 2975
2630 2975
2878 2975
12 2976
552 2976
2447 2976
1639 2977
1704 2977
373 2978
97 2979
17 2980
486 2980
708 2980
881 2980
62 2981
31 2982
124 2983
1607 2983
2547 2983
11 2984
347 2985
2429 2986
34 2987
2161 2987
804 2988
1123 2989
1541 2989
63 2990
90 2991
229 2992
731 2992
2026 2993
7 2994
544 2995
27 2996
38 2997
1857 2997
1085 2998
1338 2998
3 2999
2491 2999
235 3000
430 3001
302 3002
336 3002
598 3003
482 3004
5 3005
815 3006
565 3007
2598 3007
94 3008
1266 3009
139 3010
22 3011
2332 3011
499 3012
1185 3012
817 3013
1229 3013
557 3014
1690 3015
544 3016
1776 3016
2193 3016
2831 3017
1972 3018
2693 3018
74 3019
133 3019
812 3019
2795 3019
456 3020
1312 3020
2579 3020
13 3021
5 3022
2041 3023
290 3024
1052 3024
1608 3024
2442 3024
61 3025
97 3025
450 3025
627 3025
781 3025
410 3026
16 3027
211 3027
282 3027
644 3027
1406 3027
2290 3027
538 3028
452 3029
67 3030
114 3030
2442 3031
191 3032
12 3033
644 3034
13 3035
54 3035
143 3035
178 3035
653 3035
1823 3035
3 3036
1815 3037
1127 3038
1134 3039
366 3040
1707 3040
1834 3040
2955 3040
9 3041
74 3042
7 3043
9 3044
1681 3045
2781 3045
1710 3046
280 3047
5 3048
18 3049
278 3050
13 3051
139 3052
2649 3053
96 3054
1972 3055
2200 3056
1235 3057
1920 3058
38 3059
1310 3060
696 3061
5 3062
647 3063
1607 3063
375 3064
681 3064
1850 3064
15 3065
639 3065
1814 3065
2828 3065
1084 3066
1814 3067
3 3068
1228 3068
42 3069
919 3070
1666 3070
27 3071
2694 3071
628 3072
2491 3073
264 3074
705 3074
1427 3075
1344 3076
33 3077
434 3078
13 3079
344 3080
2452 3080
62 3081
224 3082
341 3082
804 3082
4 3083
1266 3084
103 3085
540 3085
865 3085
41 3086
5 3087
728 3088
373 3089
163 3090
169 3090
193 3090
256 3090
353 3090
355 3090
887 3090
891 3090
930 3090
933 3090
950 3090
1293 3090
2550 3090
1 3091
42 3091
805 3091
38 3092
224 3093
804 3093
1513 3093
2171 3093
2065 3094
2149 3094
8 3095
1520 3096
1189 3097
1004 3098
1420 3098
5 3099
97 3100
93 3101
3 3102
137 3103
1386 3104
2359 3104
2493 3104
2766 3104
3066 3104
67 3105
408 3106
41 3107
2208 3108
1319 3109
1411 3110
2699 3110
84 3111
248 3112
1215 3113
54 3114
198 3114
13 3115
728 3116
87 3117
919 3117
17 3118
1547 3119
289 3120
2888 3120
2669 3121
9 3122
785 3123
482 3124
282 3125
41 3126
1362 3127
8 3128
53 3128
839 3128
930 3128
1711 3128
2200 3128
165 3129
663 3129
70 3130
90 3130
102 3130
160 3130
655 3130
807 3130
930 3130
950 3130
1374 3130
67 3131
91 3132
585 3133
930 3133
1001 3134
447 3135
825 3136
437 3137
1957 3137
84 3138
422 3138
998 3138
1202 3139
1084 3140
348 3141
34 3142
865 3142
89 3143
709 3143
2015 3143
2061 3143
2162 3143
2862 3143
2905 3143
101 3144
5 3145
214 3145
349 3145
889 3145
13 3146
16 3146
272 3146
475 3146
735 3146
852 3146
1123 3146
1377 3146
2693 3146
1 3147
14 3148
2394 3149
2606 3149
1056 3150
2809 3151
641 3152
1084 3152
2319 3152
61 3153
97 3153
450 3153
5 3154
8 3155
810 3155
3012 3155
101 3156
5 3157
38 3158
2649 3159
2 3160
4 3160
31 3160
1416 3160
2414 3161
185 3162
2877 3162
2941 3162
251 3163
289 3163
375 3163
458 3163
483 3163
17 3164
3006 3164
817 3165
811 3166
1785 3167
2429 3167
1075 3168
1005 3169
124 3170
1762 3171
246 3172
329 3172
2804 3172
410 3173
1212 3173
830 3174
1503 3175
1414 3176
746 3177
174 3178
886 3178
38 3179
2674 3179
482 3180
1005 3181
145 3182
358 3182
921 3182
1259 3182
768 3183
13 3184
1896 3184
2000 3184
2947 3185
133 3186
479 3186
1987 3186
2466 3186
3158 3186
1619 3187
1345 3188
138 3189
573 3189
2302 3189
267 3190
739 3190
802 3190
523 3191
967 3192
2938 3192
188 3193
1187 3193
1785 3193
31 3194
394 3195
1067 3195
347 3196
37 3197
263 3197
269 3197
265 3198
9 3199
139 3200
661 3201
2643 3201
1122 3202
740 3203
116 3204
532 3205
1502 3205
2851 3206
2414 3207
1124 3208
3178 3209
3 3210
2491 3210
116 3211
1757 3212
2003 3212
1053 3213
2799 3214
245 3215
394 3215
1067 3215
1229 3215
1691 3215
2924 3215
3120 3215
3163 3215
701 3216
3029 3217
1215 3218
1443 3219
3011 3219
265 3220
410 3221
14 3222
125 3222
33 3223
317 3224
2080 3224
2394 3225
2491 3225
2579 3225
174 3226
646 3226
1508 3227
11 3228
1370 3228
1814 3229
38 3230
9 3231
211 3232
531 3232
1415 3233
2017 3234
457 3235
72 3236
205 3236
406 3236
468 3236
729 3236
786 3236
971 3236
1221 3236
1540 3236
2161 3237
628 3238
217 3239
528 3239
212 3240
2776 3241
211 3242
965 3242
1173 3242
1455 3242
994 3243
1996 3243
2204 3243
2298 3243
9 3244
779 3245
2839 3245
1666 3246
124 3247
1035 3247
1607 3247
373 3248
398 3249
1974 3249
180 3250
453 3251
1844 3251
2093 3251
1888 3252
346 3253
347 3253
373 3253
650 3253
789 3253
1057 3253
1787 3253
2208 3253
2410 3253
2526 3253
2763 3254
15 3255
34 3255
412 3255
846 3255
865 3255
958 3255
1028 3255
1454 3255
1470 3255
1223 3256
139 3257
268 3258
301 3258
793 3258
2240 3258
38 3259
1310 3260
475 3261
544 3261
116 3262
931 3263
2551 3263
1896 3264
1004 3265
16 3266
83 3266
84 3266
213 3266
283 3266
380 3266
749 3266
830 3266
9 3267
2165 3267
381 3268
1539 3269
1597 3269
1687 3270
1888 3270
430 3271
135 3272
1 3273
156 3273
1920 3273
2005 3273
2820 3273
2041 3274
157 3275
2785 3276
96 3277
1449 3277
13 3278
1686 3279
2274 3280
2569 3280
434 3281
2400 3282
2550 3283
2429 3284
14 3285
92 3285
931 3285
1132 3285
2469 3285
2519 3285
3146 3285
1274 3286
235 3287
509 3288
680 3288
985 3288
1004 3288
2348 3288
3101 3288
154 3289
725 3289
1600 3289
523 3290
2200 3291
2709 3292
80 3293
283 3294
380 3294
749 3294
531 3295
2519 3295
434 3296
102 3297
175 3297
198 3297
992 3297
728 3298
713 3299
60 3300
366 3300
948 3300
163 3301
3057 3301
580 3302
760 3303
1957 3303
116 3304
62 3305
1893 3305
2288 3305
97 3306
818 3307
110 3308
2564 3309
1160 3310
611 3311
14 3312
1682 3313
543 3314
2493 3314
817 3315
129 3316
3130 3317
379 3318
1602 3319
1127 3320
1828 3320
2963 3321
2497 3322
344 3323
960 3323
1421 3323
2303 3323
9 3324
410 3325
1451 3325
1924 3325
83 3326
186 3326
523 3326
530 3326
548 3326
792 3326
1208 3326
1537 3326
2426 3326
2940 3326
1252 3327
18 3328
72 3328
197 3328
885 3328
16 3329
2997 3329
3 3330
132 3330
1785 3330
2 3331
552 3331
922 3332
1005 3332
205 3333
251 3333
468 3333
937 3333
1710 3333
1757 3333
2336 3333
2337 3333
2478 3333
112 3334
114 3335
598 3336
1748 3336
1736 3337
2127 3337
2390 3337
410 3338
778 3338
135 3339
1607 3340
692 3341
695 3342
1780 3342
2572 3343
95 3344
2 3345
7 3345
81 3346
191 3346
235 3346
1204 3346
2878 3346
30 3347
59 3347
71 3347
83 3347
108 3347
255 3347
541 3347
728 3347
827 3347
891 3347
1156 3347
1159 3347
1504 3347
1789 3347
1944 3347
2017 3347
3270 3347
1172 3348
1896 3349
2380 3350
2493 3350
211 3351
1787 3351
193 3352
512 3352
596 3352
752 3352
1802 3352
2026 3352
67 3353
173 3353
325 3353
722 3353
725 3353
1600 3353
1876 3353
2168 3353
2404 3353
2507 3353
2903 3353
3170 3353
379 3354
1747 3354
3185 3354
1056 3355
3 3356
1357 3357
402 3358
865 3359
872 3360
479 3361
5 3362
1195 3363
534 3364
12 3365
696 3365
343 3366
1740 3366
1607 3367
4 3368
4 3369
21 3370
56 3370
72 3370
155 3370
161 3370
167 3370
201 3370
237 3370
268 3370
408 3370
441 3370
486 3370
503 3370
526 3370
751 3370
758 3370
931 3370
956 3370
1006 3370
1016 3370
1123 3370
1166 3370
1292 3370
1326 3370
1401 3370
1491 3370
1516 3370
1687 3370
1714 3370
1730 3370
1753 3370
2215 3370
2272 3370
2380 3370
2387 3370
2412 3370
2428 3370
2551 3370
2610 3370
2745 3370
2809 3370
3021 3370
3051 3370
3079 3370
211 3371
1787 3371
2026 3371
2800 3371
13 3372
2026 3373
2800 3373
532 3374
434 3375
852 3375
2867 3375
410 3376
2309 3377
2730 3377
1600 3378
491 3379
1790 3380
1106 3381
235 3382
1298 3383
34 3384
72 3384
205 3384
275 3384
373 3384
439 3384
786 3384
818 3384
916 3384
971 3384
1221 3384
1808 3384
1857 3384
2760 3384
3352 3384
4 3385
103 3386
349 3387
2211 3387
61 3388
34 3389
3377 3390
4 3391
171 3392
91 3393
1208 3394
13 3395
312 3395
1051 3396
1834 3397
174 3398
251 3398
289 3398
375 3398
458 3398
483 3398
3195 3398
3215 3398
12 3399
1621 3399
31 3400
1687 3400
2823 3401
1621 3402
201 3403
1041 3403
2271 3403
80 3404
352 3404
341 3405
804 3405
1691 3405
2171 3405
2429 3406
30 3407
684 3407
1079 3407
2271 3407
112 3408
275 3408
1540 3408
38 3409
362 3409
34 3410
967 3411
2938 3411
3106 3411
1240 3412
2062 3412
960 3413
1421 3413
848 3414
2658 3414
925 3415
139 3416
51 3417
73 3417
449 3417
2486 3417
347 3418
1360 3419
13 3420
1896 3420
1053 3421
3236 3422
544 3423
3 3424
71 3425
158 3425
215 3425
255 3425
626 3425
2608 3425
2852 3425
1266 3426
908 3427
323 3428
486 3428
708 3428
729 3428
881 3428
2548 3428
804 3429
2876 3429
3 3430
14 3431
133 3432
1957 3433
2550 3434
1090 3435
26 3436
2405 3436
25 3437
494 3437
545 3437
617 3437
1436 3437
2815 3437
1261 3438
1914 3438
2743 3438
3280 3438
1360 3439
535 3440
61 3441
2649 3442
302 3443
594 3443
2877 3443
1244 3444
38 3445
2358 3446
38 3447
2877 3448
1084 3449
2550 3450
282 3451
191 3452
2787 3452
301 3453
3182 3453
567 3454
168 3455
201 3455
406 3455
423 3455
550 3455
580 3455
684 3455
821 3455
916 3455
932 3455
1235 3455
1518 3455
2073 3455
2617 3455
2799 3455
3025 3455
3306 3455
777 3456
9 3457
881 3458
2548 3458
408 3459
15 3460
177 3461
12 3462
696 3463
1751 3464
423 3465
510 3465
684 3465
1107 3465
1326 3465
1357 3465
2161 3465
2335 3465
2779 3465
3296 3465
1772 3466
96 3467
11 3468
1025 3468
1155 3468
17 3469
234 3469
726 3470
31 3471
341 3471
394 3471
2963 3472
379 3473
174 3474
886 3474
3209 3474
1639 3475
8 3476
4 3477
139 3478
1325 3479
2855 3479
3 3480
4 3481
14 3481
30 3481
59 3481
100 3481
255 3481
1154 3481
1545 3481
2201 3481
269 3482
17 3483
729 3483
600 3484
1295 3484
2176 3484
2668 3485
4 3486
1168 3487
278 3488
1129 3489
1722 3489
329 3490
198 3491
2624 3492
410 3493
1610 3493
1056 3494
2007 3494
309 3495
2017 3495
2512 3495
3080 3495
1173 3496
16 3497
74 3497
410 3497
457 3497
1466 3497
3328 3497
673 3498
318 3499
3491 3499
9 3500
482 3501
282 3502
1406 3502
2924 3503
3120 3503
3398 3503
455 3504
2710 3505
9 3506
81 3507
746 3508
830 3509
1235 3510
3342 3510
38 3511
1335 3512
174 3513
3282 3513
1864 3514
2511 3514
2248 3515
3060 3515
1844 3516
180 3517
2926 3518
735 3519
2703 3519
1482 3520
193 3521
384 3521
1285 3521
2367 3521
13 3522
777 3523
46 3524
61 3524
124 3524
868 3524
2866 3524
67 3525
932 3525
1235 3525
1142 3526
103 3527
1667 3527
2827 3527
1218 3528
570 3529
625 3529
2329 3529
9 3530
71 3530
96 3530
438 3530
1583 3531
97 3532
434 3532
627 3532
661 3532
1123 3532
3455 3532
1918 3533
2486 3533
379 3534
9 3535
410 3536
451 3537
660 3538
1993 3538
2737 3538
2171 3539
851 3540
491 3541
222 3542
3529 3542
908 3543
149 3544
1338 3544
3108 3545
908 3546
1607 3547
453 3548
1451 3548
2665 3548
2411 3549
3246 3549
33 3550
1274 3551
3 3552
132 3552
1785 3552
2394 3552
2967 3552
16 3553
125 3553
211 3553
384 3553
1174 3553
1285 3553
1972 3554
1202 3555
35 3556
3342 3557
1785 3558
2697 3558
646 3559
8 3560
544 3560
554 3560
1180 3561
482 3562
1787 3562
731 3563
2253 3563
2460 3563
260 3564
358 3564
380 3564
482 3564
632 3564
1714 3564
1901 3564
3085 3564
4 3565
165 3566
29 3567
14 3568
2433 3569
380 3570
231 3571
3023 3572
456 3573
1312 3573
2491 3574
63 3575
2332 3576
3219 3576
2550 3577
11 3578
2166 3579
309 3580
254 3581
1770 3582
1899 3582
165 3583
91 3584
323 3584
3326 3584
1406 3585
1 3586
10 3586
14 3586
70 3586
80 3586
276 3586
384 3586
432 3586
594 3586
1436 3586
1457 3586
2130 3586
2258 3586
2756 3586
3016 3586
3423 3586
211 3587
282 3587
2 3588
2743 3589
3280 3589
191 3590
482 3591
1633 3592
1722 3592
8 3593
1855 3594
2095 3594
1249 3595
2756 3595
3 3596
103 3597
569 3598
1448 3599
3334 3599
3408 3599
103 3600
540 3600
2222 3600
2739 3600
1362 3601
2841 3602
65 3603
967 3604
752 3605
1406 3605
1658 3606
43 3607
912 3607
2206 3607
7 3608
12 3608
13 3608
14 3608
27 3608
358 3608
373 3608
435 3608
463 3608
485 3608
486 3608
507 3608
555 3608
650 3608
847 3608
968 3608
1020 3608
1349 3608
1656 3608
1730 3608
2455 3608
2871 3608
3065 3608
1215 3609
1540 3610
2530 3610
15 3611
53 3611
735 3611
1571 3611
2648 3611
3186 3612
451 3613
22 3614
1494 3614
2021 3614
2124 3614
2544 3614
2681 3614
2804 3614
254 3615
284 3615
584 3615
809 3615
1199 3615
9 3616
92 3617
139 3617
382 3617
863 3617
1180 3617
1606 3617
2151 3617
2339 3617
2840 3617
3452 3617
9 3618
1338 3619
1691 3620
2171 3620
349 3621
2173 3621
2415 3621
2133 3622
38 3623
697 3624
1229 3625
1730 3625
639 3626
982 3626
16 3627
53 3627
299 3627
522 3627
1654 3627
512 3628
35 3629
1328 3629
1 3630
185 3630
343 3631
9 3632
752 3633
865 3633
3 3634
2394 3634
1318 3635
1642 3635
692 3636
2191 3637
1583 3638
402 3639
5 3640
1208 3641
103 3642
72 3643
561 3644
2888 3645
45 3646
2840 3646
2214 3647
3465 3648
1406 3649
1467 3649
3081 3649
3343 3649
447 3650
756 3651
979 3651
1279 3651
2110 3651
2857 3651
3177 3651
59 3652
71 3652
81 3652
619 3652
626 3652
988 3652
1750 3652
2608 3652
2852 3652
965 3653
74 3654
577 3654
746 3655
9 3656
282 3657
5 3658
282 3659
9 3660
2521 3660
368 3661
171 3662
875 3663
2535 3663
2533 3664
12 3665
50 3665
1687 3665
5 3666
41 3667
14 3668
227 3668
319 3668
524 3668
656 3668
674 3668
859 3668
971 3668
1148 3668
1492 3668
2287 3668
2371 3668
3027 3668
3125 3668
3502 3668
3587 3668
83 3669
1845 3669
1945 3669
1812 3670
163 3671
592 3672
1523 3672
2227 3672
2450 3672
2579 3672
3635 3672
917 3673
1856 3673
3 3674
2579 3674
380 3675
1777 3675
2290 3675
2781 3676
2579 3677
14 3678
94 3678
693 3678
3019 3678
3432 3678
835 3679
1845 3680
235 3681
1304 3682
1792 3682
139 3683
531 3683
1347 3684
2670 3684
946 3685
2204 3685
14 3686
323 3686
705 3686
2026 3686
2746 3686
3384 3686
349 3687
906 3687
2976 3687
3331 3687
3508 3687
95 3688
1 3689
930 3690
729 3691
804 3691
2204 3691
546 3692
566 3692
660 3692
681 3692
1148 3692
1418 3692
762 3693
451 3694
1085 3694
1981 3694
3197 3694
1035 3695
11 3696
11 3697
124 3698
2547 3698
12 3699
395 3699
1687 3699
2809 3699
3425 3699
21 3700
74 3700
142 3700
171 3700
237 3700
380 3700
441 3700
568 3700
751 3700
785 3700
956 3700
975 3700
1292 3700
1308 3700
1534 3700
1580 3700
2011 3700
2412 3700
2594 3700
3264 3700
3420 3700
661 3701
1100 3701
1123 3702
1133 3703
696 3704
1639 3705
3284 3705
3687 3706
48 3707
84 3707
211 3707
3490 3707
165 3708
1788 3708
2 3709
994 3709
3400 3710
3168 3711
180 3712
639 3713
2491 3714
265 3715
7 3716
528 3717
125 3718
211 3718
384 3718
673 3718
880 3718
1174 3718
1265 3718
1285 3718
1749 3718
1823 3718
1946 3718
1 3719
1972 3720
1160 3721
67 3722
402 3722
1657 3722
2523 3722
2894 3722
101 3723
2674 3724
1376 3725
1528 3726
2879 3726
3025 3726
931 3727
1132 3727
3146 3727
447 3728
191 3729
3646 3729
34 3730
885 3730
1041 3730
1557 3731
1890 3731
3110 3731
3 3732
1360 3733
1785 3734
2394 3735
3286 3736
3551 3736
3343 3737
452 3738
2720 3739
2701 3740
60 3741
214 3741
791 3741
3583 3741
1001 3742
2741 3742
512 3743
686 3744
1686 3745
2102 3746
250 3747
336 3747
1843 3747
2575 3747
2584 3747
695 3748
211 3749
890 3750
2674 3751
2550 3752
1173 3753
1766 3753
2366 3754
3149 3754
1414 3755
3186 3755
81 3756
13 3757
3054 3757
660 3758
2553 3758
11 3759
395 3759
895 3759
1191 3760
1204 3760
2204 3760
1656 3761
3339 3761
1573 3762
3294 3762
45 3763
881 3764
104 3765
1053 3766
1080 3767
1687 3768
3582 3769
163 3770
2348 3771
2697 3771
3176 3772
2649 3773
15 3774
34 3774
3253 3774
3104 3775
3350 3775
394 3776
3163 3776
3398 3776
16 3777
830 3777
1466 3777
11 3778
930 3778
2363 3779
3137 3779
930 3780
3090 3780
9 3781
868 3782
1808 3782
1787 3783
410 3784
275 3785
1681 3785
2660 3785
2781 3785
216 3786
323 3787
512 3787
1787 3787
41 3788
772 3788
2823 3789
1015 3790
3279 3790
3745 3790
2595 3791
53 3792
1124 3792
2648 3792
2754 3792
1215 3793
3 3794
87 3795
2823 3795
2486 3796
348 3797
265 3798
2579 3799
3569 3799
1750 3800
5 3801
804 3802
554 3803
1794 3804
451 3805
284 3806
1199 3806
3790 3807
3 3808
7 3809
278 3810
612 3811
1203 3811
3025 3811
379 3812
1747 3812
2089 3813
629 3814
2429 3814
67 3815
585 3815
1893 3816
2524 3816
9 3817
2491 3818
2687 3818
369 3819
1019 3820
534 3821
2579 3822
1215 3823
67 3824
91 3824
2562 3825
3294 3826
528 3827
3035 3827
368 3828
2333 3829
5 3830
15 3831
2458 3831
434 3832
5 3833
932 3833
1213 3834
1458 3834
1607 3834
1736 3835
2127 3835
2390 3835
795 3836
1133 3836
1266 3837
13 3838
14 3839
2746 3839
81 3840
298 3840
557 3840
3436 3840
3 3841
1785 3841
361 3842
3016 3842
9 3843
1188 3844
211 3845
235 3846
1271 3847
872 3848
4 3849
211 3850
435 3851
463 3851
485 3851
507 3851
847 3851
1349 3851
1730 3851
2871 3851
3065 3851
2145 3852
2400 3852
38 3853
5 3854
344 3855
358 3856
482 3856
843 3856
1123 3856
1146 3856
1967 3856
2693 3856
3285 3856
38 3857
3509 3857
2161 3858
821 3859
140 3860
1205 3860
1535 3860
1921 3860
1962 3860
2666 3860
2649 3861
384 3862
880 3862
1448 3863
3334 3863
3408 3863
317 3864
2204 3865
2354 3865
1074 3866
992 3867
2233 3868
214 3869
1298 3870
16 3871
347 3871
1119 3871
1378 3871
870 3872
1108 3872
1125 3872
1193 3872
1260 3872
1774 3872
1856 3872
1508 3873
2373 3873
13 3874
915 3874
2169 3874
3700 3874
54 3875
346 3875
662 3875
847 3875
908 3875
2122 3876
752 3877
1893 3878
1719 3879
1160 3880
426 3881
2077 3881
1360 3882
2781 3883
691 3884
1581 3884
165 3885
1056 3886
1303 3886
3872 3886
1409 3887
2394 3887
3629 3888
2145 3889
2400 3889
81 3890
475 3890
1360 3890
15 3891
3253 3891
91 3892
3326 3892
243 3893
488 3893
1405 3893
2877 3893
26 3894
345 3894
1787 3895
56 3896
270 3896
1169 3896
1405 3896
2462 3896
3 3897
955 3898
1388 3898
1405 3898
1698 3898
3198 3898
3220 3898
817 3899
965 3900
1173 3900
1455 3900
81 3901
733 3902
1939 3902
694 3903
932 3903
1235 3903
3871 3903
395 3904
32 3905
3553 3905
3718 3905
282 3906
654 3907
12 3908
646 3909
1533 3910
54 3911
498 3911
752 3911
1289 3911
2003 3911
3610 3911
74 3912
133 3912
554 3913
100 3914
1048 3915
1899 3915
434 3916
3016 3917
15 3918
3608 3918
14 3919
434 3920
2484 3921
839 3922
13 3923
2205 3923
2061 3924
639 3925
1305 3926
2430 3927
3037 3927
1638 3928
2274 3929
3438 3929
3720 3930
821 3931
2687 3931
1339 3932
1772 3933
8 3934
544 3934
1643 3934
2550 3934
544 3935
2 3936
1882 3937
2352 3937
942 3938
458 3939
1584 3940
2792 3940
864 3941
954 3941
1333 3941
662 3942
264 3943
533 3943
410 3944
1484 3944
139 3945
1588 3945
13 3946
1953 3946
2589 3947
31 3948
647 3949
3289 3949
4 3950
12 3951
205 3951
251 3951
468 3951
612 3951
1802 3951
1827 3951
1859 3951
2129 3951
2478 3951
33 3952
46 3952
801 3952
3285 3952
411 3953
1235 3953
1414 3953
3193 3953
35 3954
1785 3955
96 3956
1 3957
1347 3958
1 3959
185 3959
2877 3959
692 3960
12 3961
12 3962
2710 3963
1360 3964
201 3965
423 3965
550 3965
2799 3965
3025 3965
2194 3966
964 3967
14 3968
3675 3968
1411 3969
692 3970
8 3971
11 3972
1583 3972
2799 3972
209 3973
6 3974
268 3974
3120 3974
498 3975
752 3975
3408 3975
3610 3975
1310 3976
581 3977
2245 3977
9 3978
1928 3979
3104 3979
482 3980
762 3981
2229 3981
33 3982
692 3982
12 3983
2785 3983
3338 3984
3675 3984
1124 3985
159 3986
191 3987
532 3988
94 3989
2026 3990
548 3991
248 3992
2649 3993
2491 3994
2214 3995
299 3996
2754 3996
965 3997
1005 3997
3323 3997
2564 3998
5 3999
1757 3999
1853 3999
3338 3999
1583 4000
