1 2
1 3
2 3
1 4
2 4
3 4
1 5
2 5
3 5
4 5
1 6
2 6
3 6
4 6
5 6
1 7
2 7
3 7
4 7
5 7
6 7
1 8
2 8
3 8
4 8
5 8
6 8
7 8
1 9
2 9
3 9
4 9
5 9
6 9
7 9
8 9
1 10
2 10
3 10
4 10
5 10
6 10
7 10
8 10
9 10
1 11
11 12
2 13
11 13
12 13
8 14
10 14
11 14
12 14
13 14
4 15
8 15
11 15
12 15
13 15
14 15
6 16
11 16
12 16
13 16
14 16
15 16
4 17
11 17
12 17
13 17
14 17
15 17
16 17
10 18
7 19
11 20
4 21
9 22
13 23
9 24
16 25
1 26
8 27
1 28
3 29
4 30
15 31
12 32
10 33
3 34
15 35
3 36
5 37
1 38
16 39
14 40
1 41
16 42
6 43
12 44
16 45
7 46
16 47
2 48
13 49
17 50
4 51
1 52
16 53
24 53
2 54
9 54
27 54
20 55
16 56
12 57
47 58
16 59
29 60
46 60
16 61
12 62
3 63
7 63
9 63
33 63
21 64
13 65
16 66
9 67
17 67
53 67
29 68
67 69
2 70
11 70
15 70
16 70
17 70
49 70
65 70
16 71
58 72
3 73
29 74
9 75
15 75
24 76
67 76
3 77
9 78
53 78
5 79
5 80
33 80
1 81
29 82
9 83
17 83
20 83
69 83
76 83
16 84
19 85
24 86
69 87
40 88
3 89
33 89
35 90
3 91
16 92
9 93
17 93
4 94
5 94
10 94
52 94
5 95
6 96
11 96
56 96
59 96
84 96
92 96
87 97
33 98
11 99
13 100
15 101
33 101
13 102
16 103
2 104
11 104
14 104
15 104
16 104
23 104
103 104
2 105
65 105
1 106
5 106
14 106
24 107
6 108
21 109
4 110
70 110
83 110
13 111
2 112
110 112
12 113
16 113
23 113
28 113
17 114
5 115
1 116
12 116
13 116
15 116
16 116
20 116
70 116
104 116
94 117
81 118
96 118
16 119
3 120
13 121
55 122
12 123
12 124
9 125
12 126
21 127
16 128
16 129
50 130
40 131
13 132
79 133
130 133
3 134
81 135
15 136
17 137
67 138
78 138
11 139
14 139
15 139
23 139
23 140
100 141
3 142
6 142
7 142
8 142
10 142
48 142
70 142
104 142
24 143
12 144
5 145
1 146
5 146
6 146
7 146
8 146
10 146
59 146
104 146
6 147
8 147
10 147
104 147
96 148
33 149
11 150
78 151
105 152
1 153
6 153
8 153
10 153
34 153
36 153
89 153
91 153
120 153
134 153
99 154
104 154
139 154
104 155
94 156
16 157
13 158
23 159
11 160
152 161
2 162
65 162
67 163
4 164
8 164
29 164
62 164
73 164
77 164
134 164
142 164
78 165
4 166
164 167
53 168
2 169
5 169
6 169
11 169
26 169
28 169
116 169
146 169
16 170
152 171
29 172
3 173
2 174
65 174
33 175
5 176
166 177
4 178
73 178
77 178
134 178
1 179
169 179
50 180
88 181
16 182
99 182
16 183
23 184
24 185
1 186
2 186
3 186
4 186
5 186
8 186
19 186
5 187
3 188
74 188
164 188
2 189
5 190
23 191
156 191
29 192
46 192
4 193
5 193
10 193
52 193
181 194
16 195
96 196
161 197
1 198
169 198
9 199
9 200
162 200
3 201
1 202
5 202
7 202
9 202
10 202
13 202
48 202
54 202
70 202
104 202
162 202
189 202
13 203
33 204
16 205
77 206
19 207
67 208
57 209
11 210
16 210
40 210
104 210
139 210
143 210
174 211
16 212
49 212
65 212
89 212
100 212
111 212
121 212
202 212
11 213
15 213
17 213
49 213
116 213
142 213
202 213
166 214
1 215
5 216
3 217
127 218
4 219
8 219
73 219
77 219
134 219
142 219
11 220
15 221
33 221
79 222
3 223
3 224
15 225
32 226
3 227
80 228
89 228
98 228
101 228
204 228
221 228
15 229
228 229
17 230
13 231
212 231
79 232
14 233
23 233
5 234
171 235
9 236
33 237
228 237
16 238
83 239
185 240
13 241
11 242
14 242
154 242
210 242
235 243
50 244
33 245
228 245
15 246
2 247
21 247
202 247
12 248
96 248
87 249
50 250
4 251
213 252
55 253
83 254
12 255
21 256
5 257
228 257
6 258
7 258
10 258
14 258
15 258
146 258
164 258
2 259
202 259
212 260
15 261
123 261
144 261
12 262
96 263
24 264
35 265
13 266
3 267
44 268
234 269
15 270
90 270
267 270
5 271
85 272
174 272
212 273
96 274
74 275
164 275
4 276
112 276
5 277
5 278
161 279
11 280
16 281
7 282
79 282
169 282
193 282
277 282
9 283
36 284
91 284
29 285
6 286
10 286
104 286
9 287
169 288
20 289
122 289
5 290
279 290
13 291
40 292
139 292
96 293
58 294
100 295
9 296
4 297
5 297
9 297
14 297
153 297
9 298
202 298
5 299
95 299
96 300
7 301
16 302
13 303
2 304
96 305
36 306
91 306
13 307
70 307
3 308
12 309
70 309
169 309
3 310
4 311
5 311
7 311
9 311
96 311
286 311
12 312
259 312
5 313
268 314
29 315
11 316
33 317
96 318
312 319
241 320
16 321
3 322
7 323
51 323
169 323
267 323
277 323
104 324
16 325
79 326
12 327
50 328
110 329
105 330
53 331
76 331
86 331
85 332
174 332
86 333
212 334
312 334
10 335
52 335
117 335
12 336
23 336
28 336
38 337
5 338
1 339
12 339
13 339
17 340
58 341
127 342
33 343
228 343
65 344
272 344
110 345
315 345
3 346
6 347
12 348
7 349
9 349
10 349
51 349
186 349
219 349
251 349
13 350
23 351
7 352
43 353
79 353
96 353
24 354
67 354
79 355
100 356
21 357
17 358
85 359
33 360
212 360
4 361
16 362
11 363
15 363
103 363
116 363
142 363
147 363
154 363
210 363
286 363
324 363
9 364
91 365
4 366
22 367
14 368
154 368
13 369
4 370
11 370
12 370
13 370
14 370
15 370
67 370
83 370
114 370
230 370
358 370
29 371
15 372
16 372
49 372
142 372
307 372
6 373
9 374
202 374
14 375
15 375
23 375
65 375
116 375
121 375
202 375
203 375
266 375
370 375
5 376
16 377
99 377
83 378
21 379
130 380
185 380
244 380
254 381
3 382
21 383
268 384
13 385
141 385
356 385
130 386
180 386
244 386
44 387
384 387
29 388
17 389
239 389
254 389
17 390
134 391
239 391
5 392
279 392
162 393
86 394
341 395
45 396
17 397
1 398
8 398
19 398
291 398
5 399
33 399
212 400
312 400
24 401
88 402
210 402
237 402
292 402
44 403
16 404
23 405
29 406
169 407
65 408
171 408
4 409
4 410
214 410
153 411
17 412
33 413
190 413
53 414
138 414
33 415
4 416
214 416
110 417
81 418
6 419
14 420
88 420
131 420
210 420
16 421
116 422
154 422
287 422
324 422
79 423
358 423
3 424
79 425
96 425
95 426
252 426
2 427
17 428
142 429
202 429
14 430
15 430
164 430
85 431
398 431
212 432
3 433
23 434
36 435
91 435
139 436
29 437
252 438
88 439
198 440
309 440
323 440
2 441
5 441
8 441
3 442
56 443
342 443
14 444
193 444
202 444
258 444
10 445
23 446
386 447
162 448
86 449
379 450
1 451
11 452
5 453
159 453
299 453
426 453
6 454
29 455
4 456
23 457
16 458
96 459
426 460
438 460
68 461
110 462
33 463
104 464
184 464
434 464
457 464
3 465
241 466
55 467
289 467
3 468
33 469
5 470
228 470
13 471
35 472
33 473
181 474
281 475
90 476
16 477
339 478
23 479
341 480
233 481
96 482
105 483
171 483
480 483
15 484
29 485
188 485
275 485
96 486
3 487
4 488
8 488
134 488
142 488
349 488
15 489
75 489
29 490
110 491
222 492
232 492
326 492
423 492
13 493
85 494
318 495
112 496
316 496
153 497
386 498
11 499
116 499
289 499
412 499
450 500
2 501
7 501
8 501
10 501
79 501
80 501
94 501
115 501
146 501
186 501
190 501
257 501
277 501
290 501
376 501
392 501
453 501
3 502
7 502
8 502
48 502
70 502
104 502
162 502
174 502
186 502
247 502
259 502
427 502
441 502
501 502
480 503
7 504
7 505
8 505
501 505
33 506
210 507
292 507
116 508
289 508
463 509
53 510
138 510
95 511
453 511
370 512
12 513
33 514
463 515
4 516
202 517
86 518
242 518
24 519
67 519
414 519
510 519
17 520
75 521
29 522
164 523
33 524
188 524
166 525
3 526
4 526
5 526
6 526
19 526
323 526
352 526
202 527
33 528
2 529
16 530
426 531
29 532
6 533
23 534
174 535
127 536
379 536
286 537
17 538
370 538
13 539
275 540
312 541
5 542
29 542
89 542
120 542
173 542
186 542
201 542
217 542
227 542
267 542
310 542
346 542
382 542
465 542
487 542
420 543
50 544
23 545
15 546
7 547
234 548
123 549
290 549
235 550
153 551
212 552
502 553
5 554
273 554
29 555
24 556
7 557
85 557
207 557
99 558
139 558
242 558
368 558
408 558
142 559
319 560
6 561
537 561
181 562
2 563
91 564
96 565
152 566
1 567
337 567
23 568
16 569
71 570
164 570
29 571
17 572
448 573
326 574
146 575
502 575
11 576
85 577
96 578
228 579
501 579
12 580
96 581
245 582
257 582
579 582
4 583
8 583
77 583
134 583
349 583
234 584
1 585
15 586
29 587
79 588
6 589
8 589
34 589
297 589
383 590
9 591
26 591
38 591
52 591
106 591
339 591
398 591
567 591
585 591
67 592
414 592
510 592
3 593
13 594
65 595
146 596
247 597
307 598
16 599
3 600
164 600
4 601
161 602
566 602
4 603
214 603
23 604
160 605
146 606
502 606
83 607
331 607
7 608
10 608
80 608
115 608
146 608
186 608
257 608
453 608
502 608
579 608
16 609
542 610
589 610
36 611
68 612
1 613
2 613
6 613
63 613
120 613
134 613
142 613
223 613
267 613
310 613
322 613
407 613
433 613
465 613
487 613
600 613
312 614
560 614
33 615
164 616
9 617
387 618
94 619
431 620
557 621
592 622
17 623
13 624
116 625
289 625
21 626
32 627
110 628
94 629
191 630
234 631
16 632
198 633
323 633
6 634
358 634
16 635
67 635
331 635
414 635
453 636
36 637
96 637
23 638
28 639
104 640
561 641
161 642
237 642
334 643
576 644
83 645
3 646
164 646
263 647
3 648
152 649
408 649
156 650
244 651
496 651
417 652
410 653
416 653
164 654
502 654
505 654
600 654
13 655
156 656
630 656
13 657
16 657
70 657
83 657
137 657
213 657
230 657
389 657
390 657
397 657
412 657
428 657
572 657
254 658
13 659
70 659
137 659
390 659
397 659
412 659
29 660
87 661
319 662
614 662
211 663
502 663
535 663
435 664
45 665
5 666
52 666
282 666
12 667
202 668
79 669
492 669
2 670
411 670
9 671
146 672
1 673
169 673
389 673
14 674
15 674
202 674
203 674
370 674
81 675
29 676
16 677
29 678
123 679
290 679
602 680
416 681
156 682
2 683
3 683
4 683
7 683
9 683
14 683
18 683
335 683
349 683
501 683
608 683
110 684
29 685
152 685
8 686
13 687
519 688
4 689
319 690
400 690
613 691
602 692
213 693
337 694
591 694
50 695
142 696
218 697
342 697
23 698
50 699
380 699
486 699
96 700
7 701
45 702
88 703
194 703
562 703
4 704
13 705
75 706
105 707
85 708
99 709
67 710
657 710
166 711
410 711
603 711
79 712
193 712
277 712
222 713
232 713
423 713
96 714
149 715
29 716
17 717
49 717
100 717
102 717
116 717
121 717
158 717
266 717
303 717
370 717
385 717
705 717
104 718
161 719
290 719
488 719
65 720
483 720
400 721
96 722
470 723
192 724
100 725
385 725
613 726
463 727
365 728
435 728
564 728
96 729
161 730
33 731
228 731
233 732
161 733
212 734
110 735
502 736
5 737
33 738
202 739
65 740
483 740
4 741
5 741
6 741
9 741
10 741
29 741
73 741
120 741
134 741
142 741
186 741
267 741
322 741
442 741
526 741
600 741
646 741
212 742
3 743
583 743
15 744
292 744
16 745
89 745
100 745
260 745
400 745
552 745
13 746
160 747
79 748
492 748
96 749
85 750
323 751
542 751
613 751
58 752
228 753
511 754
16 755
96 755
234 756
15 757
657 758
13 759
330 760
483 760
707 760
431 761
591 761
100 762
277 762
385 762
370 763
234 764
763 764
24 765
97 765
6 766
373 767
463 767
33 768
24 769
1 770
337 770
591 770
9 771
14 771
153 771
65 772
247 772
96 773
386 774
85 775
328 775
4 776
10 777
579 777
85 778
15 779
14 780
371 780
15 781
17 781
49 781
116 781
657 781
312 782
690 782
721 782
745 782
174 783
15 784
236 785
662 786
505 787
600 787
608 788
32 789
6 790
15 791
16 791
32 791
57 791
126 791
144 791
248 791
309 791
341 792
29 793
500 793
145 794
110 795
315 795
307 796
104 797
434 797
3 798
4 798
9 798
14 798
335 798
349 798
608 798
23 799
323 800
17 801
9 802
53 802
143 802
765 802
769 802
323 803
501 803
762 803
13 804
717 804
233 805
12 806
214 807
681 807
5 808
8 808
94 808
410 808
416 808
488 808
526 808
798 808
12 809
5 810
104 810
712 810
127 811
33 812
4 813
9 814
32 815
33 816
75 817
197 817
58 818
470 819
169 820
440 820
633 820
91 821
6 822
85 823
657 824
9 825
527 825
16 826
332 826
5 827
52 827
282 827
434 827
247 828
435 829
394 830
4 831
133 831
185 832
244 832
90 833
214 834
501 834
202 835
277 835
501 836
104 837
713 838
591 839
775 840
9 841
5 842
6 842
10 842
258 842
596 842
672 842
804 843
15 844
17 845
104 846
470 847
19 848
406 848
11 849
412 849
8 850
36 850
297 850
411 850
722 850
13 851
236 851
110 852
808 853
86 854
596 855
178 856
104 857
174 858
55 859
713 859
591 860
44 861
384 861
6 862
85 863
85 864
120 865
411 865
771 865
65 866
255 867
463 867
138 868
519 868
635 868
228 869
582 869
13 870
375 870
10 871
125 871
683 871
798 871
19 872
431 872
591 872
4 873
104 874
96 875
183 876
312 877
453 878
460 878
531 878
353 879
742 879
5 880
712 880
2 881
7 881
8 881
10 881
80 881
94 881
95 881
106 881
115 881
145 881
190 881
202 881
271 881
278 881
338 881
441 881
453 881
526 881
554 881
666 881
808 881
827 881
842 881
677 882
15 883
33 883
14 884
808 884
29 885
228 886
50 887
133 887
386 887
5 888
242 889
408 889
96 890
692 891
52 892
434 892
10 893
96 894
3 895
153 895
93 896
65 897
200 897
212 898
91 899
24 900
29 901
728 902
202 903
174 904
33 905
228 905
402 905
642 905
36 906
657 907
110 908
55 909
230 910
763 910
13 911
463 912
567 913
96 914
525 914
21 915
557 916
21 917
613 917
666 917
205 918
591 919
9 920
197 921
642 921
4 922
4 923
7 923
8 923
95 923
169 923
187 923
190 923
234 923
271 923
277 923
290 923
297 923
313 923
399 923
441 923
453 923
470 923
526 923
542 923
554 923
737 923
312 924
7 925
51 925
277 925
526 925
800 925
674 926
2 927
211 928
502 928
535 928
331 929
496 930
16 931
96 931
145 931
146 931
4 932
112 932
185 932
10 933
104 933
363 933
288 934
468 935
16 936
876 936
328 937
104 938
526 939
14 940
808 940
130 941
67 942
775 943
375 944
717 944
93 945
537 946
12 947
33 948
33 949
485 950
86 951
804 951
109 952
247 952
915 952
13 953
567 954
16 955
665 955
29 956
134 956
142 956
167 956
655 957
331 958
795 959
233 960
154 961
287 961
324 961
13 962
21 963
666 963
430 964
13 965
373 966
643 967
194 968
562 968
3 969
235 970
385 971
602 971
12 972
919 972
2 973
4 973
7 973
11 973
28 973
38 973
41 973
52 973
106 973
116 973
153 973
198 973
398 973
567 973
585 973
770 973
589 974
6 975
5 976
881 976
2 977
6 977
9 977
11 977
26 977
28 977
52 977
81 977
116 977
339 977
451 977
673 977
770 977
16 978
930 979
51 980
579 980
93 981
162 982
16 983
475 983
6 984
641 984
15 985
190 986
5 987
712 987
4 988
470 989
6 990
96 991
899 991
134 992
239 992
927 992
458 993
255 994
152 995
228 996
582 996
100 997
385 997
69 998
249 998
661 998
4 999
558 1000
69 1001
353 1002
742 1002
717 1003
741 1004
191 1005
110 1006
86 1007
985 1008
764 1009
96 1010
53 1011
765 1011
769 1011
234 1012
917 1013
2 1014
262 1014
378 1014
17 1015
104 1016
241 1017
134 1018
447 1018
927 1018
122 1019
467 1019
582 1020
68 1021
280 1022
378 1022
485 1023
420 1024
85 1025
576 1026
450 1027
44 1028
314 1028
78 1029
29 1030
4 1031
236 1032
73 1033
77 1033
134 1033
110 1034
110 1035
29 1036
1 1037
8 1037
258 1037
596 1037
931 1037
3 1038
447 1039
24 1040
3 1041
186 1041
247 1041
427 1041
501 1041
606 1041
736 1041
411 1042
386 1043
557 1044
29 1045
15 1046
16 1046
57 1046
144 1046
85 1047
930 1048
1 1049
335 1049
591 1049
666 1049
977 1049
712 1050
925 1050
582 1051
952 1052
17 1053
183 1054
328 1054
2 1055
13 1056
780 1057
9 1058
123 1059
290 1059
9 1060
1 1061
3 1061
5 1061
8 1061
63 1061
142 1061
146 1061
258 1061
282 1061
311 1061
505 1061
557 1061
701 1061
973 1061
81 1062
68 1063
154 1064
567 1065
213 1066
17 1067
740 1068
353 1069
202 1070
662 1071
16 1072
15 1073
144 1073
96 1074
674 1075
96 1076
508 1076
71 1077
23 1078
69 1079
643 1080
28 1081
145 1082
695 1083
74 1084
240 1084
9 1085
161 1086
206 1087
15 1088
164 1089
13 1090
13 1091
437 1091
23 1092
9 1093
785 1093
851 1093
35 1094
228 1095
96 1096
521 1096
4 1097
77 1097
142 1097
167 1097
258 1097
523 1097
646 1097
654 1097
353 1098
380 1099
450 1100
9 1101
613 1101
469 1102
96 1103
958 1104
210 1105
237 1105
905 1105
122 1106
718 1107
96 1108
495 1108
86 1109
33 1110
820 1111
634 1112
443 1113
96 1114
24 1115
21 1116
450 1116
536 1116
921 1117
33 1118
104 1119
931 1119
484 1120
622 1120
13 1121
567 1122
430 1123
386 1124
801 1124
1018 1124
138 1125
592 1125
747 1126
775 1127
613 1128
666 1128
44 1129
13 1130
365 1131
902 1131
973 1132
34 1133
36 1133
91 1133
771 1133
895 1133
973 1133
6 1134
10 1134
120 1134
188 1134
201 1134
346 1134
433 1134
526 1134
646 1134
648 1134
743 1134
969 1134
1061 1134
88 1135
17 1136
370 1136
24 1137
1011 1137
4 1138
966 1139
820 1140
767 1141
33 1142
228 1142
728 1143
96 1144
146 1144
820 1145
613 1146
104 1147
542 1148
180 1149
244 1149
498 1149
1043 1149
1124 1149
4 1150
112 1150
16 1151
104 1152
10 1153
83 1154
417 1154
462 1154
491 1154
628 1154
795 1154
908 1154
1034 1154
557 1155
641 1156
492 1157
1100 1157
1154 1158
4 1159
29 1160
96 1161
15 1162
1076 1163
8 1164
4 1165
212 1166
730 1167
375 1168
6 1169
61 1169
484 1170
23 1171
67 1172
480 1173
161 1174
919 1175
13 1176
288 1177
27 1178
122 1179
467 1179
61 1180
33 1181
15 1182
4 1183
13 1183
83 1183
114 1183
358 1183
538 1183
834 1183
166 1184
914 1184
373 1185
5 1186
5 1187
94 1187
410 1187
416 1187
488 1187
526 1187
798 1187
884 1187
940 1187
957 1188
21 1189
29 1190
171 1191
12 1192
2 1193
202 1193
8 1194
142 1194
557 1194
188 1195
400 1195
950 1195
1023 1195
72 1196
818 1196
197 1197
659 1198
849 1198
468 1199
247 1200
621 1200
16 1201
2 1202
276 1202
1150 1202
882 1203
448 1204
29 1205
467 1206
602 1206
1182 1207
1187 1207
434 1208
4 1209
331 1210
3 1211
178 1211
391 1211
488 1211
956 1211
992 1211
2 1212
106 1212
115 1212
278 1212
453 1212
526 1212
3 1213
6 1213
147 1213
153 1213
186 1213
441 1213
488 1213
583 1213
589 1213
686 1213
185 1214
185 1215
461 1216
612 1216
33 1217
485 1218
925 1218
110 1219
86 1220
13 1221
938 1222
5 1223
169 1224
440 1224
791 1225
202 1226
272 1227
771 1228
157 1229
326 1230
339 1231
9 1232
33 1233
65 1234
6 1235
100 1236
53 1237
522 1238
104 1239
12 1240
268 1240
387 1240
1028 1240
1129 1240
96 1241
11 1242
605 1242
200 1243
564 1244
902 1244
1143 1244
96 1245
774 1245
205 1246
564 1246
914 1247
24 1248
1195 1249
23 1250
22 1251
542 1252
993 1253
2 1254
96 1255
385 1256
602 1256
526 1257
24 1258
353 1259
2 1260
483 1260
707 1260
127 1261
33 1262
314 1262
409 1263
57 1264
126 1264
144 1264
309 1264
1225 1264
10 1265
1107 1265
868 1266
484 1267
323 1268
925 1268
29 1269
394 1270
65 1271
181 1272
331 1273
521 1273
228 1274
642 1274
24 1275
67 1275
9 1276
9 1277
229 1277
235 1278
160 1279
216 1280
1050 1280
1268 1280
206 1281
247 1282
96 1283
364 1283
15 1284
67 1284
114 1284
512 1284
717 1284
24 1285
1 1286
4 1287
185 1288
142 1289
567 1290
557 1291
6 1292
785 1292
160 1293
496 1294
979 1294
1102 1295
79 1296
477 1296
589 1297
29 1298
212 1299
386 1300
1039 1300
77 1301
134 1301
16 1302
307 1302
780 1303
1001 1304
239 1305
14 1306
131 1306
210 1306
590 1306
622 1307
312 1308
1251 1309
804 1310
90 1311
265 1311
472 1311
33 1312
188 1312
427 1313
582 1314
704 1314
4 1315
458 1316
234 1317
3 1318
76 1319
370 1319
635 1319
942 1319
1172 1319
79 1320
477 1320
1 1321
640 1322
4 1323
32 1324
183 1325
100 1326
277 1326
385 1326
803 1326
152 1327
389 1328
992 1328
1194 1328
12 1329
22 1330
227 1331
13 1332
796 1332
1302 1332
341 1333
1173 1333
120 1334
217 1334
227 1334
267 1334
346 1334
610 1334
751 1334
1148 1334
755 1335
868 1335
375 1336
153 1337
611 1337
637 1337
1133 1337
6 1338
808 1338
923 1338
1134 1338
1187 1338
1334 1339
384 1340
599 1340
65 1341
483 1341
33 1342
75 1343
160 1344
462 1344
1158 1344
19 1345
1087 1346
1281 1346
602 1347
292 1348
389 1349
391 1349
764 1350
312 1351
413 1352
986 1352
645 1353
663 1354
928 1354
1121 1355
17 1356
659 1356
85 1357
4 1358
212 1359
4 1360
77 1360
134 1360
454 1361
96 1362
96 1363
791 1363
12 1364
6 1365
741 1366
61 1367
67 1368
1319 1368
3 1369
212 1370
613 1370
15 1371
1008 1371
7 1372
70 1372
213 1372
372 1372
696 1372
1061 1372
1097 1372
1289 1372
2 1373
542 1373
608 1373
741 1373
713 1374
339 1375
930 1376
33 1377
123 1378
290 1378
2 1379
567 1380
1028 1381
330 1382
21 1383
209 1383
233 1384
96 1385
4 1386
29 1386
62 1386
73 1386
142 1386
167 1386
275 1386
616 1386
654 1386
1089 1386
387 1387
403 1387
861 1387
1052 1388
228 1389
202 1390
12 1391
23 1392
7 1393
53 1393
93 1394
5 1395
110 1396
116 1397
87 1398
5 1399
7 1399
9 1399
48 1399
189 1399
212 1399
298 1399
374 1399
444 1399
517 1399
668 1399
835 1399
1193 1399
1226 1399
79 1400
434 1401
5 1402
712 1402
982 1403
32 1404
153 1405
398 1405
567 1405
585 1405
29 1406
2 1407
542 1407
608 1407
228 1408
770 1409
110 1410
448 1411
6 1412
1221 1413
5 1414
410 1414
416 1414
488 1414
526 1414
145 1415
146 1415
1037 1415
717 1416
21 1417
96 1418
11 1419
49 1419
252 1419
32 1420
67 1421
9 1422
527 1422
1119 1422
926 1423
75 1424
153 1425
178 1425
219 1425
391 1425
488 1425
583 1425
613 1425
956 1425
1033 1425
1360 1425
96 1426
24 1427
15 1428
14 1429
1187 1429
15 1430
185 1431
763 1431
2 1432
328 1433
717 1434
408 1435
410 1436
416 1436
488 1436
15 1437
258 1438
420 1439
430 1440
6 1441
161 1442
1276 1442
400 1443
992 1444
190 1445
1359 1446
142 1447
202 1447
373 1448
420 1449
9 1450
29 1451
794 1452
5 1453
9 1453
73 1453
120 1453
442 1453
600 1453
646 1453
1373 1453
104 1454
1372 1455
492 1456
9 1457
234 1458
15 1459
57 1459
126 1459
248 1459
1225 1459
323 1460
470 1461
3 1462
96 1463
564 1463
55 1464
1019 1464
307 1465
1332 1465
3 1466
427 1466
736 1466
16 1467
1340 1467
11 1468
116 1468
142 1468
210 1468
286 1468
17 1469
998 1470
411 1471
162 1472
413 1473
479 1473
986 1473
1359 1474
416 1475
151 1476
730 1476
685 1477
233 1478
640 1479
280 1480
899 1480
23 1481
630 1481
717 1482
15 1483
6 1484
63 1484
120 1484
142 1484
465 1484
487 1484
1101 1484
93 1485
690 1486
1299 1486
75 1487
162 1488
12 1489
13 1489
15 1489
17 1489
70 1489
99 1489
104 1489
150 1489
160 1489
169 1489
210 1489
242 1489
370 1489
778 1489
1419 1489
113 1490
992 1490
21 1491
994 1491
1076 1492
292 1493
16 1494
602 1495
435 1496
142 1497
526 1497
1328 1497
861 1498
90 1499
174 1500
663 1500
8 1501
54 1501
13 1502
27 1503
425 1504
536 1504
67 1505
161 1506
905 1506
1119 1506
5 1507
7 1507
10 1507
13 1507
48 1507
213 1507
375 1507
429 1507
1193 1507
331 1508
576 1509
61 1510
23 1511
359 1512
68 1513
16 1514
9 1515
53 1515
86 1515
107 1515
354 1515
401 1515
519 1515
1040 1515
1137 1515
1248 1515
1275 1515
717 1516
186 1517
398 1517
848 1517
1345 1517
1212 1518
96 1519
510 1520
688 1520
11 1521
980 1522
1288 1523
55 1524
1019 1524
1387 1525
55 1526
107 1527
1137 1527
1248 1527
130 1528
29 1529
85 1530
622 1530
16 1531
323 1531
850 1532
4 1533
1399 1534
4 1535
214 1535
653 1535
1414 1535
149 1536
23 1537
657 1538
693 1538
1066 1538
1283 1538
4 1539
349 1539
980 1539
1020 1540
96 1541
416 1542
807 1542
8 1543
1061 1543
188 1544
1218 1544
287 1545
324 1545
23 1546
1019 1547
730 1548
288 1549
12 1550
33 1551
745 1551
1400 1551
33 1552
228 1552
808 1553
717 1554
1019 1555
50 1556
104 1557
989 1558
918 1559
1246 1559
542 1560
1331 1560
91 1561
1131 1561
146 1562
420 1563
15 1564
87 1565
765 1565
657 1566
2 1567
4 1567
5 1567
10 1567
142 1567
146 1567
186 1567
441 1567
501 1567
589 1567
808 1567
850 1567
881 1567
923 1567
1037 1567
1061 1567
1164 1567
1501 1567
913 1568
2 1569
6 1569
52 1569
339 1569
770 1569
1026 1570
1134 1571
1087 1572
104 1573
591 1574
1207 1575
181 1576
1 1577
4 1577
5 1577
7 1577
8 1577
10 1577
48 1577
104 1577
112 1577
247 1577
501 1577
529 1577
670 1577
683 1577
1055 1577
1193 1577
1212 1577
1260 1577
1432 1577
435 1578
955 1579
622 1580
1125 1580
279 1581
461 1582
32 1583
96 1584
1053 1584
423 1585
7 1586
787 1586
1061 1586
96 1587
424 1587
326 1588
323 1589
542 1590
1134 1590
1334 1591
384 1592
1387 1592
591 1593
1332 1594
925 1595
1544 1595
127 1596
1019 1597
17 1598
1183 1598
11 1599
1293 1599
557 1600
770 1601
33 1602
1100 1603
15 1604
634 1605
1183 1605
3 1606
143 1607
769 1607
134 1608
579 1608
1242 1609
7 1610
868 1611
15 1612
70 1612
210 1612
242 1612
370 1612
1419 1612
1448 1613
81 1614
19 1615
4 1616
567 1617
1179 1617
190 1618
1030 1618
1352 1618
33 1619
1356 1620
1280 1621
28 1622
188 1623
701 1623
416 1624
81 1625
1097 1626
1386 1626
542 1627
185 1628
718 1629
4 1630
5 1630
589 1630
923 1630
1061 1630
1164 1630
96 1631
495 1632
519 1633
12 1634
434 1635
96 1636
33 1637
228 1637
1516 1638
557 1639
16 1640
1306 1641
11 1642
412 1642
1198 1642
11 1643
143 1643
363 1643
507 1643
1306 1643
910 1644
882 1645
181 1646
146 1647
732 1648
394 1649
110 1650
468 1651
13 1652
391 1653
1 1654
169 1654
998 1655
280 1656
15 1657
775 1658
17 1659
85 1660
1252 1660
3 1661
7 1661
10 1661
16 1661
108 1661
147 1661
286 1661
533 1661
561 1661
613 1661
634 1661
741 1661
790 1661
822 1661
842 1661
862 1661
977 1661
984 1661
990 1661
1169 1661
1213 1661
1292 1661
1365 1661
1484 1661
1569 1661
234 1662
995 1663
1018 1663
58 1664
87 1665
765 1665
15 1666
964 1666
1123 1666
44 1667
1331 1668
5 1669
10 1669
147 1669
286 1669
347 1669
373 1669
533 1669
613 1669
741 1669
822 1669
842 1669
990 1669
1134 1669
1338 1669
1365 1669
1412 1669
1484 1669
86 1670
214 1671
250 1671
1187 1671
1436 1671
1542 1671
16 1672
902 1672
434 1673
282 1674
323 1674
712 1674
762 1674
835 1674
923 1674
925 1674
526 1675
1107 1676
1459 1677
228 1678
815 1678
12 1679
65 1679
111 1679
158 1679
203 1679
339 1679
350 1679
369 1679
385 1679
539 1679
594 1679
659 1679
687 1679
746 1679
965 1679
1056 1679
1090 1679
1130 1679
1183 1679
1221 1679
1489 1679
1652 1679
4 1680
202 1681
1399 1681
200 1682
247 1683
3 1684
153 1684
284 1684
637 1684
906 1684
1133 1684
5 1685
923 1685
99 1686
882 1687
99 1688
139 1688
305 1688
38 1689
770 1689
4 1690
178 1691
67 1692
1319 1692
99 1693
120 1694
267 1694
1339 1694
33 1695
46 1696
183 1696
936 1696
319 1697
1359 1698
142 1699
523 1699
9 1700
17 1701
55 1702
35 1703
5 1704
19 1704
501 1704
502 1704
542 1704
830 1704
1041 1704
1213 1704
1517 1704
100 1705
12 1706
23 1706
132 1706
158 1706
202 1706
203 1706
291 1706
307 1706
539 1706
657 1706
746 1706
759 1706
962 1706
965 1706
1056 1706
1090 1706
1091 1706
1176 1706
1507 1706
29 1707
1592 1708
328 1709
1207 1710
3 1711
7 1711
33 1711
96 1712
29 1713
46 1713
15 1714
13 1715
107 1716
1137 1716
1590 1716
1676 1716
643 1717
1509 1718
15 1719
17 1720
1485 1720
573 1721
1204 1721
142 1722
742 1723
38 1724
694 1724
484 1725
40 1726
1306 1726
1519 1726
466 1727
448 1728
484 1729
924 1729
4 1730
9 1731
1544 1731
61 1732
65 1733
16 1734
99 1734
1201 1735
50 1736
1083 1736
110 1737
1409 1737
245 1738
317 1738
415 1738
731 1738
812 1738
1118 1738
1217 1738
1342 1738
1552 1738
1711 1738
3 1739
14 1740
1187 1740
9 1741
1442 1741
227 1742
228 1742
358 1743
713 1743
1585 1743
96 1744
96 1745
8 1746
1061 1746
23 1747
384 1748
1387 1748
100 1749
385 1749
766 1749
205 1750
1559 1750
684 1751
235 1752
104 1753
96 1754
29 1755
1504 1756
16 1757
28 1758
116 1759
154 1759
287 1759
2 1760
502 1760
535 1760
783 1760
1500 1760
434 1761
16 1762
1440 1762
15 1763
17 1763
110 1763
116 1763
307 1763
502 1763
659 1763
1612 1763
4 1764
420 1765
434 1766
1354 1766
526 1767
648 1767
1061 1767
1338 1767
1590 1767
1071 1768
189 1769
234 1770
245 1771
579 1771
869 1771
996 1771
1020 1771
1051 1771
1314 1771
235 1772
1191 1772
85 1773
1386 1774
76 1775
86 1775
607 1775
929 1775
958 1775
1210 1775
1508 1775
468 1776
16 1777
142 1777
110 1778
315 1778
793 1779
17 1780
181 1781
496 1781
16 1782
941 1783
1187 1783
104 1784
589 1785
2 1786
1311 1786
1507 1786
212 1787
356 1787
75 1788
1243 1789
1332 1790
526 1791
80 1792
85 1792
3 1793
1243 1794
23 1795
389 1796
391 1796
992 1796
93 1797
1748 1797
13 1798
339 1799
29 1800
1497 1800
514 1801
74 1802
353 1803
235 1804
537 1805
103 1806
116 1806
154 1806
171 1806
286 1806
933 1806
23 1807
292 1808
707 1808
2 1809
1507 1809
1386 1810
13 1811
1706 1811
526 1812
1061 1812
1590 1812
567 1813
1775 1814
55 1815
289 1815
1106 1815
23 1816
4 1817
1296 1818
341 1819
11 1820
958 1821
1070 1821
652 1822
1154 1822
798 1823
36 1824
461 1825
957 1826
68 1827
463 1828
1 1829
471 1830
1314 1830
83 1831
104 1832
319 1833
288 1834
535 1835
212 1836
235 1837
480 1838
6 1839
178 1840
11 1841
550 1841
1022 1841
1281 1841
930 1842
591 1843
825 1844
341 1845
1532 1845
1596 1845
13 1846
1167 1846
1706 1846
139 1847
16 1848
24 1849
685 1850
104 1851
495 1852
1028 1853
1307 1853
104 1854
241 1855
1455 1855
5 1856
566 1857
680 1857
692 1857
1206 1857
104 1858
17 1859
214 1860
711 1860
9 1861
897 1861
542 1862
827 1863
1208 1863
1673 1863
1761 1863
99 1864
122 1865
24 1866
40 1867
1306 1867
161 1868
290 1868
1164 1869
2 1870
576 1871
9 1872
1799 1872
1720 1873
1779 1873
1334 1874
5 1875
905 1876
427 1877
288 1878
1460 1879
385 1880
602 1880
2 1881
608 1881
13 1882
1679 1882
166 1883
1 1884
169 1884
188 1885
5 1886
730 1887
96 1888
1684 1888
261 1889
339 1889
510 1890
23 1891
6 1892
36 1892
120 1892
134 1892
497 1892
1824 1892
96 1893
5 1894
79 1895
492 1895
70 1896
230 1896
390 1896
397 1896
758 1896
824 1896
907 1896
1538 1896
763 1897
12 1898
4 1899
1202 1899
36 1900
61 1901
79 1902
477 1902
501 1903
380 1904
1375 1905
82 1906
902 1907
17 1908
307 1908
502 1908
1612 1908
12 1909
14 1909
16 1909
23 1909
49 1909
65 1909
100 1909
111 1909
121 1909
158 1909
202 1909
231 1909
291 1909
303 1909
339 1909
493 1909
594 1909
705 1909
746 1909
759 1909
804 1909
851 1909
870 1909
962 1909
1091 1909
1130 1909
1176 1909
1332 1909
1502 1909
1507 1909
1846 1909
16 1910
44 1910
665 1910
1579 1910
718 1911
342 1912
1607 1913
3 1914
752 1915
622 1916
5 1917
712 1917
85 1918
1420 1918
87 1919
998 1919
15 1920
17 1920
49 1920
85 1921
1512 1921
717 1922
492 1923
6 1924
1239 1925
1656 1925
622 1926
1125 1926
11 1927
143 1927
507 1927
169 1928
271 1928
277 1928
441 1928
554 1928
1567 1928
1685 1928
1154 1929
592 1930
1916 1930
372 1931
598 1931
1302 1931
1465 1931
1763 1931
1908 1931
885 1932
1854 1932
33 1933
251 1933
23 1934
1076 1935
434 1936
1760 1937
395 1938
1 1939
2 1939
3 1939
4 1939
10 1939
22 1939
75 1939
78 1939
83 1939
93 1939
200 1939
202 1939
236 1939
296 1939
297 1939
298 1939
349 1939
364 1939
671 1939
741 1939
771 1939
798 1939
802 1939
841 1939
977 1939
1060 1939
1277 1939
1399 1939
1422 1939
1457 1939
1741 1939
998 1940
123 1941
6 1942
17 1943
370 1943
5 1944
426 1944
881 1944
14 1945
591 1945
17 1946
1818 1946
4 1947
711 1947
1187 1947
1414 1947
1436 1947
1542 1947
1624 1947
234 1948
10 1949
228 1950
777 1950
1608 1950
164 1951
12 1952
1459 1952
1532 1953
1596 1953
12 1954
13 1954
50 1954
83 1954
93 1954
340 1954
358 1954
412 1954
623 1954
717 1954
1136 1954
1356 1954
1469 1954
1763 1954
1920 1954
1943 1954
46 1955
12 1956
169 1956
440 1956
791 1956
1264 1956
394 1957
3 1958
416 1959
485 1960
1623 1960
1885 1960
5 1961
501 1961
881 1961
96 1962
23 1963
350 1964
730 1965
202 1966
576 1967
567 1968
802 1969
1011 1969
1607 1969
6 1970
120 1970
142 1970
186 1970
267 1970
442 1970
600 1970
646 1970
1004 1970
70 1971
210 1971
242 1971
370 1971
1908 1971
33 1972
228 1972
485 1973
235 1974
1707 1974
161 1975
33 1976
1213 1977
980 1978
1334 1979
614 1980
1507 1981
28 1982
16 1983
425 1984
536 1984
96 1985
902 1986
1741 1986
1507 1987
323 1988
16 1989
1648 1990
228 1991
402 1991
642 1991
420 1992
1306 1992
657 1993
557 1994
1416 1994
1438 1995
1750 1995
2 1996
3 1996
8 1996
10 1996
24 1996
54 1996
199 1996
200 1996
236 1996
283 1996
298 1996
349 1996
364 1996
374 1996
591 1996
617 1996
671 1996
741 1996
814 1996
825 1996
841 1996
920 1996
1085 1996
1232 1996
1399 1996
1450 1996
1457 1996
1741 1996
1532 1997
1596 1997
23 1998
1880 1998
280 1999
591 1999
24 2000
85 2001
96 2002
791 2002
9 2003
1996 2003
71 2004
234 2005
16 2006
952 2007
17 2008
50 2009
16 2010
632 2011
1306 2011
65 2012
1139 2013
104 2014
1018 2015
808 2016
162 2017
143 2018
1306 2018
164 2019
1134 2019
1970 2019
1263 2020
228 2021
1359 2022
4 2023
886 2023
181 2024
96 2025
180 2026
887 2026
1733 2026
1119 2027
228 2028
6 2029
11 2030
12 2030
13 2030
15 2030
25 2030
47 2030
61 2030
92 2030
116 2030
128 2030
129 2030
182 2030
183 2030
212 2030
281 2030
372 2030
404 2030
421 2030
530 2030
635 2030
677 2030
826 2030
978 2030
983 2030
1072 2030
1494 2030
1661 2030
1757 2030
1762 2030
127 2031
919 2031
1378 2031
1246 2032
23 2033
58 2034
212 2035
745 2035
934 2035
79 2036
130 2036
14 2037
674 2037
420 2038
6 2039
641 2039
1661 2039
1071 2040
13 2041
14 2041
15 2041
39 2041
53 2041
59 2041
103 2041
113 2041
129 2041
195 2041
205 2041
210 2041
238 2041
281 2041
321 2041
421 2041
458 2041
745 2041
755 2041
955 2041
983 2041
1514 2041
1640 2041
1757 2041
1777 2041
1983 2041
1213 2042
14 2043
1635 2044
127 2045
379 2045
1116 2045
1504 2045
1984 2045
6 2046
1361 2046
61 2047
10 2048
52 2048
798 2048
96 2049
1727 2049
65 2050
1059 2051
87 2052
765 2052
33 2053
23 2054
28 2054
1490 2054
16 2055
29 2056
685 2057
973 2058
104 2059
712 2059
613 2060
23 2061
526 2062
1518 2062
1577 2062
228 2063
33 2064
279 2065
1598 2065
4 2066
198 2067
10 2068
180 2068
323 2069
808 2070
1560 2070
96 2071
394 2072
1406 2072
3 2073
5 2073
8 2073
10 2073
11 2073
28 2073
52 2073
81 2073
106 2073
202 2073
451 2073
585 2073
1037 2073
1286 2073
1321 2073
1577 2073
1829 2073
2024 2073
1405 2074
2073 2074
91 2075
58 2076
1955 2076
185 2077
763 2077
910 2078
590 2079
1718 2080
86 2081
17 2082
15 2083
1332 2084
9 2085
865 2085
1939 2085
861 2086
96 2087
96 2088
1738 2089
2026 2090
602 2091
384 2092
1708 2092
191 2093
323 2094
33 2095
271 2096
5 2097
631 2097
1012 2097
1458 2097
1662 2097
265 2098
741 2098
1720 2099
1779 2099
68 2100
4 2101
1268 2102
1694 2102
1118 2103
181 2104
1413 2105
1679 2105
22 2106
1309 2106
154 2107
287 2107
324 2107
120 2108
186 2108
442 2108
600 2108
646 2108
14 2109
2073 2109
335 2110
1590 2111
6 2112
84 2112
92 2112
118 2112
248 2112
263 2112
274 2112
300 2112
459 2112
482 2112
581 2112
722 2112
729 2112
749 2112
755 2112
773 2112
914 2112
931 2112
991 2112
1010 2112
1096 2112
1114 2112
1144 2112
1245 2112
1363 2112
1463 2112
1584 2112
1745 2112
2025 2112
2049 2112
1 2113
7 2113
9 2113
14 2113
33 2113
335 2113
349 2113
445 2113
777 2113
1567 2113
1669 2113
1996 2113
2048 2113
2073 2113
13 2114
717 2114
877 2115
484 2116
1978 2117
1213 2118
930 2119
4 2120
73 2120
1840 2120
287 2121
324 2121
871 2122
17 2123
1818 2123
468 2124
16 2125
808 2126
185 2127
1523 2127
233 2128
1710 2129
1932 2129
1821 2130
657 2131
289 2132
15 2133
16 2134
96 2134
145 2134
1119 2134
2112 2134
13 2135
139 2135
140 2135
191 2135
233 2135
336 2135
351 2135
375 2135
405 2135
545 2135
698 2135
799 2135
1171 2135
1250 2135
1511 2135
1546 2135
1747 2135
1998 2135
2054 2135
2061 2135
1071 2136
635 2137
235 2138
364 2139
33 2140
655 2141
1188 2141
1813 2141
1826 2141
655 2142
1188 2142
94 2143
247 2144
96 2145
16 2146
1296 2146
1320 2146
1902 2146
14 2147
15 2147
50 2147
67 2147
83 2147
91 2147
114 2147
137 2147
412 2147
520 2147
538 2147
572 2147
717 2147
845 2147
1015 2147
1136 2147
1489 2147
1659 2147
1780 2147
1908 2147
1943 2147
1946 2147
2008 2147
234 2148
763 2148
85 2149
1896 2150
23 2151
1490 2151
2135 2151
980 2152
2117 2152
212 2153
263 2154
736 2154
27 2155
4 2156
134 2156
349 2156
743 2156
1425 2156
10 2157
502 2158
1354 2158
921 2159
110 2160
386 2161
1406 2161
235 2162
4 2163
8 2163
10 2163
48 2163
670 2163
683 2163
1055 2163
1260 2163
1432 2163
1063 2164
96 2165
127 2166
1116 2166
1504 2166
1984 2166
2030 2167
29 2168
29 2169
556 2170
657 2171
235 2172
96 2173
1238 2174
5 2175
13 2176
14 2176
96 2176
139 2176
160 2176
169 2176
210 2176
213 2176
220 2176
280 2176
316 2176
363 2176
370 2176
973 2176
1242 2176
1599 2176
1820 2176
2030 2176
1577 2177
234 2178
16 2179
3 2180
830 2181
657 2182
164 2183
1970 2183
973 2184
15 2185
370 2186
181 2187
6 2188
96 2189
1515 2190
1751 2190
1896 2191
848 2192
36 2193
12 2194
15 2194
16 2194
20 2194
213 2194
363 2194
499 2194
508 2194
717 2194
781 2194
973 2194
977 2194
1397 2194
1759 2194
110 2195
741 2196
824 2196
613 2197
1399 2198
1435 2198
492 2199
878 2200
2041 2201
576 2202
1570 2202
1896 2202
429 2203
638 2203
430 2204
142 2205
1372 2205
86 2206
651 2207
1294 2207
1695 2207
1781 2207
576 2208
1118 2208
557 2209
642 2210
1384 2210
282 2211
917 2211
963 2211
1332 2212
389 2213
391 2213
992 2213
12 2214
468 2215
2163 2215
496 2216
567 2217
85 2218
663 2219
1760 2219
763 2220
798 2221
657 2222
1896 2222
194 2223
464 2223
562 2223
142 2224
292 2225
28 2226
2114 2226
1361 2227
4 2228
349 2228
1053 2229
1019 2230
328 2231
104 2232
23 2233
1076 2234
4 2235
327 2235
232 2236
326 2236
423 2236
748 2236
860 2236
2199 2236
2114 2237
919 2238
798 2239
2122 2239
23 2240
28 2240
1481 2241
829 2242
2102 2243
385 2244
123 2245
976 2245
470 2246
1558 2246
15 2247
730 2248
526 2249
1134 2250
28 2251
85 2252
16 2253
1 2254
4 2254
8 2254
9 2254
63 2254
142 2254
146 2254
282 2254
323 2254
349 2254
501 2254
502 2254
505 2254
701 2254
1577 2254
1586 2254
1661 2254
1711 2254
76 2255
519 2255
765 2255
900 2255
1115 2255
1849 2255
1996 2255
2000 2255
3 2256
913 2256
4 2257
83 2257
1459 2257
1598 2257
1605 2257
13 2258
107 2259
85 2260
582 2261
1771 2261
1183 2262
2257 2262
70 2263
397 2263
758 2263
824 2263
2150 2263
2222 2263
96 2264
2250 2264
1413 2265
23 2266
15 2267
997 2267
775 2268
212 2269
24 2270
67 2270
688 2270
868 2270
2255 2270
15 2271
116 2271
307 2271
1612 2271
1931 2271
45 2272
174 2273
1760 2273
603 2274
977 2274
107 2275
1590 2275
1558 2276
16 2277
1771 2277
29 2278
164 2279
1440 2279
29 2280
188 2280
79 2281
15 2282
1296 2283
10 2284
1452 2285
2252 2286
96 2287
164 2288
765 2289
9 2290
2228 2290
1524 2291
247 2292
410 2293
416 2293
1121 2294
312 2295
13 2296
105 2296
162 2296
595 2296
720 2296
897 2296
1271 2296
1733 2296
1909 2296
2012 2296
1571 2297
86 2298
65 2299
326 2300
61 2301
1946 2302
786 2303
1071 2303
2 2304
542 2304
608 2304
1493 2304
1886 2305
353 2306
406 2307
1517 2307
3 2308
791 2309
85 2310
1547 2311
4 2312
450 2313
2166 2313
33 2314
591 2315
105 2316
161 2316
685 2316
995 2316
16 2317
161 2318
416 2319
1220 2319
13 2320
96 2321
458 2322
1253 2322
277 2323
1156 2323
1399 2323
235 2324
602 2325
29 2326
152 2326
2057 2326
282 2327
804 2328
3 2329
583 2329
6 2330
250 2331
667 2331
1436 2331
1542 2331
1352 2332
2065 2332
467 2333
909 2333
1524 2333
169 2334
1277 2335
1204 2336
4 2337
526 2338
5 2339
17 2340
408 2341
9 2342
865 2342
1133 2342
1228 2342
1334 2343
125 2344
683 2344
1253 2345
241 2346
488 2347
4 2348
502 2349
1354 2349
2030 2350
2041 2350
242 2351
2293 2351
450 2352
1145 2352
2166 2352
1996 2353
1822 2354
919 2355
651 2356
832 2356
519 2357
2211 2358
33 2359
228 2359
65 2360
385 2361
1998 2361
1 2362
96 2363
2 2364
5 2364
10 2364
186 2364
501 2364
589 2364
850 2364
1037 2364
1061 2364
2113 2364
75 2365
1299 2366
1544 2366
213 2367
1289 2367
1455 2367
2205 2367
1387 2368
1896 2369
5 2370
68 2371
228 2371
23 2372
228 2373
407 2373
55 2374
881 2375
1923 2375
2072 2376
2161 2376
4 2377
10 2377
29 2377
267 2377
1366 2377
564 2378
1559 2378
242 2379
2293 2379
65 2380
1821 2380
228 2381
100 2382
369 2382
3 2383
5 2383
6 2383
9 2383
10 2383
48 2383
186 2383
189 2383
247 2383
441 2383
529 2383
563 2383
670 2383
881 2383
973 2383
977 2383
1055 2383
1193 2383
1202 2383
1407 2383
1567 2383
1786 2383
1881 2383
1939 2383
1996 2383
1154 2384
386 2385
1039 2385
410 2386
2351 2386
235 2387
43 2388
96 2388
1098 2388
2306 2388
386 2389
941 2389
2036 2389
13 2390
887 2390
514 2391
33 2392
807 2393
1947 2393
96 2394
1165 2394
442 2395
919 2395
1121 2396
181 2397
35 2398
204 2398
476 2398
833 2398
1499 2398
1201 2399
96 2400
169 2401
472 2402
741 2402
1772 2403
807 2404
16 2405
2041 2405
2322 2405
331 2406
1201 2407
129 2408
281 2408
765 2408
29 2409
228 2410
813 2410
1316 2411
47 2412
85 2412
29 2413
1091 2413
33 2414
502 2415
5 2416
312 2417
35 2418
387 2418
861 2418
1592 2418
785 2419
9 2420
1399 2420
510 2421
44 2422
1387 2422
1617 2422
3 2423
6 2423
7 2423
9 2423
10 2423
13 2423
48 2423
54 2423
104 2423
105 2423
189 2423
441 2423
529 2423
613 2423
977 2423
1193 2423
1254 2423
1373 2423
1379 2423
1407 2423
1567 2423
1569 2423
1786 2423
1809 2423
1939 2423
2304 2423
29 2424
30 2425
1996 2425
486 2426
85 2427
85 2428
910 2428
485 2429
96 2430
53 2431
107 2431
354 2431
1040 2431
2190 2431
33 2432
228 2432
1888 2433
2077 2433
2095 2433
2148 2433
2220 2433
168 2434
802 2434
2041 2434
591 2435
1471 2436
11 2437
1102 2437
1723 2437
1187 2438
181 2439
2135 2440
234 2441
1154 2441
1087 2442
674 2443
2421 2443
369 2444
1998 2445
712 2446
2247 2446
1240 2447
1853 2447
81 2448
2430 2448
1296 2449
1704 2450
2181 2450
85 2451
412 2451
1598 2452
16 2453
2363 2453
2238 2454
2355 2454
3 2455
24 2455
199 2455
200 2455
298 2455
364 2455
741 2455
814 2455
920 2455
1085 2455
1399 2455
1457 2455
2255 2455
2383 2455
11 2456
28 2456
38 2456
41 2456
116 2456
567 2456
952 2456
1061 2456
1133 2456
162 2457
664 2458
829 2458
1496 2458
2163 2459
1896 2460
2263 2460
323 2461
23 2462
2434 2463
6 2464
29 2465
2236 2466
202 2467
164 2468
5 2469
96 2470
2154 2470
717 2471
884 2472
1306 2473
992 2474
2326 2474
12 2475
2 2476
608 2476
2383 2476
973 2477
2067 2477
2202 2477
15 2478
1861 2478
813 2479
770 2480
96 2481
604 2482
1106 2483
1590 2484
20 2485
467 2485
1815 2485
2132 2485
71 2486
67 2487
897 2488
222 2489
326 2489
669 2489
748 2489
980 2489
2199 2489
567 2490
104 2491
1479 2491
3 2492
213 2493
438 2493
1419 2493
1715 2493
164 2494
591 2495
2057 2496
919 2497
33 2498
15 2499
6 2500
156 2501
7 2502
903 2502
287 2503
369 2504
1953 2505
1997 2505
1996 2506
1775 2507
5 2508
2331 2509
1307 2510
556 2511
1637 2511
23 2512
156 2512
630 2512
1005 2512
120 2513
487 2513
3 2514
10 2514
533 2514
561 2514
613 2514
634 2514
741 2514
842 2514
984 2514
1169 2514
1213 2514
1292 2514
1365 2514
1569 2514
2076 2515
56 2516
1738 2516
202 2517
258 2517
1399 2517
29 2518
15 2519
248 2519
1729 2519
2116 2519
1957 2520
89 2521
101 2521
221 2521
245 2521
257 2521
731 2521
753 2521
886 2521
1552 2521
1950 2521
1972 2521
1991 2521
2028 2521
2063 2521
2359 2521
1311 2522
2383 2522
75 2523
659 2524
104 2525
1422 2525
1506 2525
2027 2525
2134 2525
152 2526
930 2527
1387 2528
1346 2529
235 2530
13 2531
295 2531
762 2531
2382 2531
526 2532
1386 2532
96 2533
153 2534
501 2535
410 2536
1180 2536
263 2537
2448 2537
242 2538
980 2539
332 2540
323 2541
925 2541
613 2542
13 2543
141 2543
356 2543
971 2543
1326 2543
1749 2543
474 2544
480 2544
657 2545
510 2546
86 2547
1133 2548
331 2549
427 2550
707 2551
1656 2552
6 2553
1196 2554
5 2555
117 2555
501 2555
881 2555
1187 2555
2028 2556
146 2557
502 2557
7 2558
213 2558
696 2558
1061 2558
1455 2558
642 2559
282 2560
85 2561
1634 2562
46 2563
2117 2564
14 2565
67 2566
657 2566
249 2567
33 2568
573 2569
1204 2569
1411 2569
12 2570
994 2570
1894 2571
2030 2571
123 2572
1889 2572
2051 2572
1187 2573
13 2574
1706 2574
5 2575
416 2575
1535 2575
1947 2575
33 2576
1 2577
267 2577
322 2577
465 2577
1101 2577
1425 2577
1669 2577
2197 2577
2423 2577
2514 2577
214 2578
653 2578
5 2579
282 2579
881 2579
986 2580
1618 2580
1071 2581
6 2582
2068 2583
2141 2584
3 2585
165 2586
1679 2586
1706 2586
1997 2587
16 2588
145 2588
7 2589
526 2589
589 2589
1628 2589
1217 2590
24 2591
1947 2592
713 2593
2 2594
304 2594
290 2595
205 2596
381 2596
29 2597
29 2598
591 2599
468 2600
1688 2600
29 2601
1238 2601
2194 2602
4 2603
1314 2603
71 2604
1097 2604
2236 2605
11 2606
2176 2606
185 2607
2589 2607
1939 2608
2139 2608
2455 2608
1374 2609
57 2610
202 2610
4 2611
5 2612
307 2613
1931 2613
6 2614
164 2615
1386 2615
12 2616
769 2617
1969 2617
100 2618
2531 2618
235 2619
573 2620
1204 2620
17 2621
49 2621
1954 2621
868 2622
2020 2622
5 2623
608 2623
881 2623
1212 2623
2434 2624
2416 2625
827 2626
1208 2626
1401 2626
450 2627
2166 2627
3 2628
741 2628
787 2628
1970 2628
14 2629
15 2629
202 2629
203 2629
1574 2629
1 2630
8 2630
36 2630
91 2630
120 2630
297 2630
411 2630
551 2630
771 2630
1213 2630
1425 2630
1684 2630
9 2631
1289 2632
1455 2632
2205 2632
2568 2633
96 2634
2586 2635
11 2636
2379 2637
233 2638
921 2639
1436 2640
96 2641
2250 2641
1680 2642
2013 2642
16 2643
651 2644
85 2645
328 2645
1127 2645
2268 2645
770 2646
5 2647
2322 2647
640 2648
5 2649
354 2650
2190 2650
1448 2651
845 2652
88 2653
2291 2654
33 2655
214 2656
711 2656
808 2657
16 2658
96 2658
1335 2658
2041 2658
2112 2658
100 2659
804 2660
894 2660
1663 2661
2035 2662
162 2663
1688 2664
5 2665
189 2665
298 2665
444 2665
1193 2665
1939 2665
2198 2665
2323 2665
2420 2665
2455 2665
2517 2665
2229 2666
2118 2667
96 2668
717 2669
502 2670
505 2670
1097 2670
1386 2670
1707 2671
448 2672
2569 2672
168 2673
802 2673
2041 2673
959 2674
1154 2674
1784 2674
878 2675
6 2676
1669 2676
673 2677
1349 2677
17 2678
20 2678
370 2678
607 2678
645 2678
1154 2678
2257 2678
3 2679
181 2680
2190 2681
202 2682
2502 2682
1 2683
1486 2684
7 2685
861 2686
67 2687
555 2687
2431 2687
2650 2687
353 2688
2021 2689
29 2690
919 2691
1444 2692
123 2693
104 2694
23 2695
178 2696
87 2697
1218 2698
2366 2698
17 2699
1546 2699
558 2700
435 2701
1183 2702
2257 2702
70 2703
397 2703
758 2703
824 2703
2460 2703
323 2704
1967 2704
2102 2704
659 2705
2170 2705
145 2706
1037 2706
247 2707
2556 2707
324 2708
29 2709
2073 2710
765 2711
16 2712
1462 2712
815 2713
1039 2714
103 2715
154 2715
171 2715
933 2715
1028 2716
1262 2716
1355 2717
2112 2717
2643 2717
212 2718
554 2718
1586 2719
2435 2719
96 2720
12 2721
319 2722
1238 2723
212 2724
356 2724
336 2725
1081 2725
1758 2725
2240 2725
2456 2725
559 2726
181 2727
1339 2728
1850 2728
1600 2729
762 2730
835 2730
861 2731
336 2732
937 2733
4 2734
1459 2734
2678 2734
2326 2735
135 2736
675 2736
1062 2736
1625 2736
2448 2736
96 2737
96 2738
2670 2739
1050 2740
1621 2740
267 2741
2035 2741
16 2742
13 2743
470 2744
1311 2745
2383 2745
2507 2746
827 2747
1208 2747
1401 2747
1761 2747
1766 2747
1 2748
973 2748
23 2749
2135 2749
13 2750
15 2750
99 2750
778 2750
1419 2750
1679 2750
2147 2750
307 2751
1768 2752
2040 2752
2136 2752
2303 2752
2581 2752
394 2753
1406 2753
2376 2753
153 2754
365 2754
1561 2754
2147 2754
2630 2754
14 2755
210 2755
373 2755
1643 2755
1867 2755
2011 2755
2473 2755
2276 2756
120 2757
411 2757
771 2757
2085 2757
2342 2757
1609 2758
1771 2759
1187 2760
1575 2760
1710 2760
11 2761
182 2761
1693 2761
2026 2762
2068 2762
392 2763
3 2764
138 2765
202 2765
519 2765
635 2765
1335 2765
2622 2765
24 2766
3 2767
284 2767
850 2767
906 2767
1824 2767
1900 2767
2193 2767
519 2768
765 2768
1996 2768
2000 2768
2455 2768
1022 2769
1588 2769
2489 2769
14 2770
235 2771
96 2772
508 2772
1163 2772
1492 2772
2234 2772
33 2773
1056 2773
881 2774
923 2774
1928 2774
2096 2774
2316 2775
212 2776
1957 2777
9 2778
1939 2778
2455 2778
212 2779
434 2780
328 2781
158 2782
2057 2782
1204 2783
1411 2783
1728 2783
370 2784
614 2784
23 2785
19 2786
501 2786
542 2786
1213 2786
1517 2786
422 2787
12 2788
209 2788
1264 2788
23 2789
94 2790
435 2791
2458 2791
96 2792
1335 2792
2112 2792
234 2793
1419 2793
158 2794
519 2795
510 2796
13 2797
1679 2797
3 2798
2092 2799
1143 2800
247 2801
9 2802
2344 2802
12 2803
96 2804
663 2805
16 2806
4 2807
29 2807
267 2807
6 2808
92 2808
353 2808
459 2808
482 2808
486 2808
565 2808
637 2808
714 2808
773 2808
890 2808
1108 2808
1245 2808
1255 2808
1362 2808
1363 2808
1519 2808
1541 2808
1712 2808
1745 2808
1962 2808
1979 2808
2049 2808
2071 2808
2087 2808
2088 2808
2173 2808
2189 2808
2287 2808
2388 2808
2394 2808
2634 2808
2720 2808
2738 2808
1801 2809
36 2810
6 2811
56 2811
59 2811
118 2811
196 2811
248 2811
274 2811
293 2811
300 2811
318 2811
482 2811
700 2811
714 2811
722 2811
749 2811
755 2811
773 2811
914 2811
1241 2811
1255 2811
1283 2811
1541 2811
1584 2811
1636 2811
1888 2811
1893 2811
1985 2811
2002 2811
2049 2811
2087 2811
2088 2811
2189 2811
2388 2811
2400 2811
2641 2811
2720 2811
2737 2811
1272 2812
16 2813
902 2813
470 2814
122 2815
253 2815
1815 2815
980 2816
139 2817
235 2818
181 2819
703 2819
968 2819
2223 2819
1343 2820
2804 2820
29 2821
134 2821
2789 2821
830 2822
2450 2822
819 2823
1154 2824
1 2825
8 2825
36 2825
551 2825
1425 2825
9 2826
2455 2826
16 2827
16 2828
67 2829
312 2830
662 2830
461 2831
2236 2832
212 2833
2161 2834
2753 2834
1332 2835
96 2836
3 2837
164 2837
524 2837
1312 2837
1885 2837
1870 2838
2703 2838
1651 2839
1720 2840
665 2841
702 2841
2272 2841
902 2842
1324 2843
386 2844
143 2845
1306 2845
485 2846
7 2847
8 2847
654 2847
2254 2847
2670 2847
2326 2848
905 2849
228 2850
1947 2851
234 2852
235 2853
1056 2854
613 2855
142 2856
437 2856
16 2857
438 2858
667 2859
1542 2859
2509 2859
394 2860
2822 2860
4 2861
573 2862
2672 2862
130 2863
1984 2864
461 2865
602 2866
1857 2866
567 2867
2190 2868
697 2869
387 2870
1525 2870
1748 2870
2368 2870
55 2871
713 2871
96 2872
484 2873
8 2874
48 2874
70 2874
104 2874
162 2874
575 2874
608 2874
654 2874
736 2874
1704 2874
1760 2874
2254 2874
2349 2874
808 2875
1560 2875
5 2876
712 2876
85 2877
1133 2878
2634 2878
365 2879
589 2880
198 2881
323 2881
850 2882
906 2882
1900 2882
923 2883
762 2884
1822 2885
690 2886
15 2887
91 2887
501 2888
95 2889
125 2889
453 2889
1066 2889
11 2890
1 2891
3 2892
1865 2893
269 2894
923 2894
1012 2894
1458 2894
2148 2894
2436 2894
2441 2894
2852 2894
2229 2895
16 2896
2486 2896
1316 2897
567 2898
1383 2898
2524 2899
2822 2900
181 2901
13 2902
213 2902
220 2902
280 2902
1820 2902
4 2903
33 2904
520 2905
4 2906
33 2906
289 2907
1500 2908
2114 2909
740 2910
1339 2911
2811 2911
9 2912
386 2913
1354 2914
104 2915
12 2916
334 2916
541 2916
614 2916
782 2916
924 2916
2830 2916
61 2917
5 2918
488 2918
1207 2918
1671 2918
1783 2918
1947 2918
2438 2918
2555 2918
2760 2918
468 2919
294 2920
2034 2920
2076 2920
134 2921
856 2921
1691 2921
1746 2922
2 2923
8 2923
147 2923
153 2923
286 2923
533 2923
589 2923
634 2923
822 2923
842 2923
977 2923
990 2923
1213 2923
1365 2923
1892 2923
1924 2923
2039 2923
2046 2923
2081 2923
2423 2923
2582 2923
2676 2923
1257 2924
865 2925
895 2925
1577 2926
2358 2926
2383 2926
705 2927
1332 2928
2190 2929
13 2930
6 2931
104 2931
1468 2931
1661 2931
1669 2931
143 2932
86 2933
341 2934
824 2935
10 2936
52 2936
444 2936
2147 2937
53 2938
264 2938
519 2938
765 2938
769 2938
900 2938
1040 2938
1275 2938
2000 2938
2455 2938
2766 2938
85 2939
24 2940
28 2941
33 2942
534 2943
770 2943
11 2944
1293 2944
717 2945
1 2946
977 2946
798 2947
1906 2947
2122 2947
1986 2948
33 2949
1131 2950
1119 2951
1359 2952
1680 2953
2013 2953
2 2954
2383 2954
1293 2955
10 2956
104 2956
363 2956
381 2957
2761 2958
2031 2959
2275 2959
2355 2959
2395 2959
23 2960
2135 2960
1208 2961
1673 2961
1761 2961
1760 2962
9 2963
897 2963
1939 2963
2455 2963
188 2964
613 2965
578 2966
242 2967
146 2968
502 2968
17 2969
657 2969
1386 2970
235 2971
1507 2972
1673 2973
9 2974
151 2974
165 2974
1939 2974
730 2975
104 2976
2 2977
14 2977
16 2977
23 2977
49 2977
102 2977
116 2977
241 2977
266 2977
303 2977
307 2977
350 2977
369 2977
370 2977
385 2977
539 2977
594 2977
655 2977
657 2977
687 2977
759 2977
804 2977
851 2977
965 2977
1332 2977
1489 2977
1652 2977
1728 2977
1882 2977
2030 2977
2135 2977
2320 2977
2423 2977
2574 2977
2902 2977
2930 2977
146 2978
453 2979
754 2979
1915 2980
2040 2981
2629 2982
2926 2983
1107 2984
1909 2984
2084 2984
2835 2984
2977 2984
21 2985
1596 2986
33 2987
1491 2988
2570 2988
2774 2988
730 2989
191 2990
656 2990
2512 2990
21 2991
666 2991
7 2992
70 2992
696 2992
1061 2992
1097 2992
2205 2992
973 2993
16 2994
1061 2995
1509 2995
591 2996
1912 2996
1079 2997
22 2998
1039 2999
117 3000
501 3000
