1 2
1 3
2 3
1 4
2 4
3 4
1 5
2 5
3 5
4 5
1 6
2 6
3 6
4 6
5 6
1 7
2 7
3 7
4 7
5 7
6 7
1 8
2 8
3 8
4 8
5 8
6 8
7 8
1 9
2 9
3 9
4 9
5 9
6 9
7 9
8 9
1 10
2 10
3 10
4 10
5 10
6 10
7 10
8 10
9 10
1 11
11 12
2 13
11 13
12 13
8 14
10 14
11 14
12 14
13 14
4 15
8 15
11 15
12 15
13 15
14 15
6 16
11 16
12 16
13 16
14 16
15 16
4 17
11 17
12 17
13 17
14 17
15 17
16 17
10 18
7 19
11 20
4 21
9 22
13 23
9 24
16 25
1 26
8 27
1 28
3 29
4 30
15 31
12 32
10 33
3 34
15 35
3 36
5 37
1 38
16 39
14 40
1 41
16 42
6 43
12 44
16 45
7 46
16 47
2 48
13 49
17 50
4 51
1 52
16 53
24 53
2 54
9 54
27 54
20 55
16 56
12 57
47 58
16 59
29 60
46 60
16 61
12 62
3 63
7 63
9 63
33 63
21 64
13 65
16 66
9 67
17 67
53 67
29 68
67 69
2 70
11 70
15 70
16 70
17 70
49 70
65 70
16 71
58 72
3 73
29 74
9 75
15 75
24 76
67 76
3 77
9 78
53 78
5 79
5 80
33 80
1 81
29 82
9 83
17 83
20 83
69 83
76 83
16 84
19 85
24 86
69 87
40 88
3 89
33 89
35 90
3 91
16 92
9 93
17 93
4 94
5 94
10 94
52 94
5 95
6 96
11 96
56 96
59 96
84 96
92 96
87 97
33 98
11 99
13 100
15 101
33 101
13 102
16 103
2 104
11 104
14 104
15 104
16 104
23 104
103 104
2 105
65 105
1 106
5 106
14 106
24 107
6 108
21 109
4 110
70 110
83 110
13 111
2 112
110 112
12 113
16 113
23 113
28 113
17 114
5 115
1 116
12 116
13 116
15 116
16 116
20 116
70 116
104 116
94 117
81 118
96 118
16 119
3 120
13 121
55 122
12 123
12 124
9 125
12 126
21 127
16 128
16 129
50 130
40 131
13 132
79 133
130 133
3 134
81 135
15 136
17 137
67 138
78 138
11 139
14 139
15 139
23 139
23 140
100 141
3 142
6 142
7 142
8 142
10 142
48 142
70 142
104 142
24 143
12 144
5 145
1 146
5 146
6 146
7 146
8 146
10 146
59 146
104 146
6 147
8 147
10 147
104 147
96 148
33 149
11 150
78 151
105 152
1 153
6 153
8 153
10 153
34 153
36 153
89 153
91 153
120 153
134 153
99 154
104 154
139 154
104 155
94 156
16 157
13 158
23 159
11 160
152 161
2 162
65 162
67 163
4 164
8 164
29 164
62 164
73 164
77 164
134 164
142 164
78 165
4 166
164 167
53 168
2 169
5 169
6 169
11 169
26 169
28 169
116 169
146 169
16 170
152 171
29 172
3 173
2 174
65 174
33 175
5 176
166 177
4 178
73 178
77 178
134 178
1 179
169 179
50 180
88 181
16 182
99 182
16 183
23 184
24 185
1 186
2 186
3 186
4 186
5 186
8 186
19 186
5 187
3 188
74 188
164 188
2 189
5 190
23 191
156 191
29 192
46 192
4 193
5 193
10 193
52 193
181 194
16 195
96 196
161 197
1 198
169 198
9 199
9 200
162 200
3 201
1 202
5 202
7 202
9 202
10 202
13 202
48 202
54 202
70 202
104 202
162 202
189 202
13 203
33 204
16 205
77 206
19 207
67 208
57 209
11 210
16 210
40 210
104 210
139 210
143 210
174 211
16 212
49 212
65 212
89 212
100 212
111 212
121 212
202 212
11 213
15 213
17 213
49 213
116 213
142 213
202 213
166 214
1 215
5 216
3 217
127 218
4 219
8 219
73 219
77 219
134 219
142 219
11 220
15 221
33 221
79 222
3 223
3 224
15 225
32 226
3 227
80 228
89 228
98 228
101 228
204 228
221 228
15 229
228 229
17 230
13 231
212 231
79 232
14 233
23 233
5 234
171 235
9 236
33 237
228 237
16 238
83 239
185 240
13 241
11 242
14 242
154 242
210 242
235 243
50 244
33 245
228 245
15 246
2 247
21 247
202 247
12 248
96 248
87 249
50 250
4 251
213 252
55 253
83 254
12 255
21 256
5 257
228 257
6 258
7 258
10 258
14 258
15 258
146 258
164 258
2 259
202 259
212 260
15 261
123 261
144 261
12 262
96 263
24 264
35 265
13 266
3 267
44 268
234 269
15 270
90 270
267 270
5 271
85 272
174 272
212 273
96 274
74 275
164 275
4 276
112 276
5 277
5 278
161 279
11 280
16 281
7 282
79 282
169 282
193 282
277 282
9 283
36 284
91 284
29 285
6 286
10 286
104 286
9 287
169 288
20 289
122 289
5 290
279 290
13 291
40 292
139 292
96 293
58 294
100 295
9 296
4 297
5 297
9 297
14 297
153 297
9 298
202 298
5 299
95 299
96 300
7 301
16 302
13 303
2 304
96 305
36 306
91 306
13 307
70 307
3 308
12 309
70 309
169 309
3 310
4 311
5 311
7 311
9 311
96 311
286 311
12 312
259 312
5 313
268 314
29 315
11 316
33 317
96 318
312 319
241 320
16 321
3 322
7 323
51 323
169 323
267 323
277 323
104 324
16 325
79 326
12 327
50 328
110 329
105 330
53 331
76 331
86 331
85 332
174 332
86 333
212 334
312 334
10 335
52 335
117 335
12 336
23 336
28 336
38 337
5 338
1 339
12 339
13 339
17 340
58 341
127 342
33 343
228 343
65 344
272 344
110 345
315 345
3 346
6 347
12 348
7 349
9 349
10 349
51 349
186 349
219 349
251 349
13 350
23 351
7 352
43 353
79 353
96 353
24 354
67 354
79 355
100 356
21 357
17 358
85 359
33 360
212 360
4 361
16 362
11 363
15 363
103 363
116 363
142 363
147 363
154 363
210 363
286 363
324 363
9 364
91 365
4 366
22 367
14 368
154 368
13 369
4 370
11 370
12 370
13 370
14 370
15 370
67 370
83 370
114 370
230 370
358 370
29 371
15 372
16 372
49 372
142 372
307 372
6 373
9 374
202 374
14 375
15 375
23 375
65 375
116 375
121 375
202 375
203 375
266 375
370 375
5 376
16 377
99 377
83 378
21 379
130 380
185 380
244 380
254 381
3 382
21 383
268 384
13 385
141 385
356 385
130 386
180 386
244 386
44 387
384 387
29 388
17 389
239 389
254 389
17 390
134 391
239 391
5 392
279 392
162 393
86 394
341 395
45 396
17 397
1 398
8 398
19 398
291 398
5 399
33 399
212 400
312 400
24 401
88 402
210 402
237 402
292 402
44 403
16 404
23 405
29 406
169 407
65 408
171 408
4 409
4 410
214 410
153 411
17 412
33 413
190 413
53 414
138 414
33 415
4 416
214 416
110 417
81 418
6 419
14 420
88 420
131 420
210 420
16 421
116 422
154 422
287 422
324 422
79 423
358 423
3 424
79 425
96 425
95 426
252 426
2 427
17 428
142 429
202 429
14 430
15 430
164 430
85 431
398 431
212 432
3 433
23 434
36 435
91 435
139 436
29 437
252 438
88 439
198 440
309 440
323 440
2 441
5 441
8 441
3 442
56 443
342 443
14 444
193 444
202 444
258 444
10 445
23 446
386 447
162 448
86 449
379 450
1 451
11 452
5 453
159 453
299 453
426 453
6 454
29 455
4 456
23 457
16 458
96 459
426 460
438 460
68 461
110 462
33 463
104 464
184 464
434 464
457 464
3 465
241 466
55 467
289 467
3 468
33 469
5 470
228 470
13 471
35 472
33 473
181 474
281 475
90 476
16 477
339 478
23 479
341 480
233 481
96 482
105 483
171 483
480 483
15 484
29 485
188 485
275 485
96 486
3 487
4 488
8 488
134 488
142 488
349 488
15 489
75 489
29 490
110 491
222 492
232 492
326 492
423 492
13 493
85 494
318 495
112 496
316 496
153 497
386 498
11 499
116 499
289 499
412 499
450 500
2 501
7 501
8 501
10 501
79 501
80 501
94 501
115 501
146 501
186 501
190 501
257 501
277 501
290 501
376 501
392 501
453 501
3 502
7 502
8 502
48 502
70 502
104 502
162 502
174 502
186 502
247 502
259 502
427 502
441 502
501 502
480 503
7 504
7 505
8 505
501 505
33 506
210 507
292 507
116 508
289 508
463 509
53 510
138 510
95 511
453 511
370 512
12 513
33 514
463 515
4 516
202 517
86 518
242 518
24 519
67 519
414 519
510 519
17 520
75 521
29 522
164 523
33 524
188 524
166 525
3 526
4 526
5 526
6 526
19 526
323 526
352 526
202 527
33 528
2 529
16 530
426 531
29 532
6 533
23 534
174 535
127 536
379 536
286 537
17 538
370 538
13 539
275 540
312 541
5 542
29 542
89 542
120 542
173 542
186 542
201 542
217 542
227 542
267 542
310 542
346 542
382 542
465 542
487 542
420 543
50 544
23 545
15 546
7 547
234 548
123 549
290 549
235 550
153 551
212 552
502 553
5 554
273 554
29 555
24 556
7 557
85 557
207 557
99 558
139 558
242 558
368 558
408 558
142 559
319 560
6 561
537 561
181 562
2 563
91 564
96 565
152 566
1 567
337 567
23 568
16 569
71 570
164 570
29 571
17 572
448 573
326 574
146 575
502 575
11 576
85 577
96 578
228 579
501 579
12 580
96 581
245 582
257 582
579 582
4 583
8 583
77 583
134 583
349 583
234 584
1 585
15 586
29 587
79 588
6 589
8 589
34 589
297 589
383 590
9 591
26 591
38 591
52 591
106 591
339 591
398 591
567 591
585 591
67 592
414 592
510 592
3 593
13 594
65 595
146 596
247 597
307 598
16 599
3 600
164 600
4 601
161 602
566 602
4 603
214 603
23 604
160 605
146 606
502 606
83 607
331 607
7 608
10 608
80 608
115 608
146 608
186 608
257 608
453 608
502 608
579 608
16 609
542 610
589 610
36 611
68 612
1 613
2 613
6 613
63 613
120 613
134 613
142 613
223 613
267 613
310 613
322 613
407 613
433 613
465 613
487 613
600 613
312 614
560 614
33 615
164 616
9 617
387 618
94 619
431 620
557 621
592 622
17 623
13 624
116 625
289 625
21 626
32 627
110 628
94 629
191 630
234 631
16 632
198 633
323 633
6 634
358 634
16 635
67 635
331 635
414 635
453 636
36 637
96 637
23 638
28 639
104 640
561 641
161 642
237 642
334 643
576 644
83 645
3 646
164 646
263 647
3 648
152 649
408 649
156 650
244 651
496 651
417 652
410 653
416 653
164 654
502 654
505 654
600 654
13 655
156 656
630 656
13 657
16 657
70 657
83 657
137 657
213 657
230 657
389 657
390 657
397 657
412 657
428 657
572 657
254 658
13 659
70 659
137 659
390 659
397 659
412 659
29 660
87 661
319 662
614 662
211 663
502 663
535 663
435 664
45 665
5 666
52 666
282 666
12 667
202 668
79 669
492 669
2 670
411 670
9 671
146 672
1 673
169 673
389 673
14 674
15 674
202 674
203 674
370 674
81 675
29 676
16 677
29 678
123 679
290 679
602 680
416 681
156 682
2 683
3 683
4 683
7 683
9 683
14 683
18 683
335 683
349 683
501 683
608 683
110 684
29 685
152 685
8 686
13 687
519 688
4 689
319 690
400 690
613 691
602 692
213 693
337 694
591 694
50 695
142 696
218 697
342 697
23 698
50 699
380 699
486 699
96 700
7 701
45 702
88 703
194 703
562 703
4 704
13 705
75 706
105 707
85 708
99 709
67 710
657 710
166 711
410 711
603 711
79 712
193 712
277 712
222 713
232 713
423 713
96 714
149 715
29 716
17 717
49 717
100 717
102 717
116 717
121 717
158 717
266 717
303 717
370 717
385 717
705 717
104 718
161 719
290 719
488 719
65 720
483 720
400 721
96 722
470 723
192 724
100 725
385 725
613 726
463 727
365 728
435 728
564 728
96 729
161 730
33 731
228 731
233 732
161 733
212 734
110 735
502 736
5 737
33 738
202 739
65 740
483 740
4 741
5 741
6 741
9 741
10 741
29 741
73 741
120 741
134 741
142 741
186 741
267 741
322 741
442 741
526 741
600 741
646 741
212 742
3 743
583 743
15 744
292 744
16 745
89 745
100 745
260 745
400 745
552 745
13 746
160 747
79 748
492 748
96 749
85 750
323 751
542 751
613 751
58 752
228 753
511 754
16 755
96 755
234 756
15 757
657 758
13 759
330 760
483 760
707 760
431 761
591 761
100 762
277 762
385 762
370 763
234 764
763 764
24 765
97 765
6 766
373 767
463 767
33 768
24 769
1 770
337 770
591 770
9 771
14 771
153 771
65 772
247 772
96 773
386 774
85 775
328 775
4 776
10 777
579 777
85 778
15 779
14 780
371 780
15 781
17 781
49 781
116 781
657 781
312 782
690 782
721 782
745 782
174 783
15 784
236 785
662 786
505 787
600 787
608 788
32 789
6 790
15 791
16 791
32 791
57 791
126 791
144 791
248 791
309 791
341 792
29 793
500 793
145 794
110 795
315 795
307 796
104 797
434 797
3 798
4 798
9 798
14 798
335 798
349 798
608 798
23 799
323 800
17 801
9 802
53 802
143 802
765 802
769 802
323 803
501 803
762 803
13 804
717 804
233 805
12 806
214 807
681 807
5 808
8 808
94 808
410 808
416 808
488 808
526 808
798 808
12 809
5 810
104 810
712 810
127 811
33 812
4 813
9 814
32 815
33 816
75 817
197 817
58 818
470 819
169 820
440 820
633 820
91 821
6 822
85 823
657 824
9 825
527 825
16 826
332 826
5 827
52 827
282 827
434 827
247 828
435 829
394 830
4 831
133 831
185 832
244 832
90 833
214 834
501 834
202 835
277 835
501 836
104 837
713 838
591 839
775 840
9 841
5 842
6 842
10 842
258 842
596 842
672 842
804 843
15 844
17 845
104 846
470 847
19 848
406 848
11 849
412 849
8 850
36 850
297 850
411 850
722 850
13 851
236 851
110 852
808 853
86 854
596 855
178 856
104 857
174 858
55 859
713 859
591 860
44 861
384 861
6 862
85 863
85 864
120 865
411 865
771 865
65 866
255 867
463 867
138 868
519 868
635 868
228 869
582 869
13 870
375 870
10 871
125 871
683 871
798 871
19 872
431 872
591 872
4 873
104 874
96 875
183 876
312 877
453 878
460 878
531 878
353 879
742 879
5 880
712 880
2 881
7 881
8 881
10 881
80 881
94 881
95 881
106 881
115 881
145 881
190 881
202 881
271 881
278 881
338 881
441 881
453 881
526 881
554 881
666 881
808 881
827 881
842 881
677 882
15 883
33 883
14 884
808 884
29 885
228 886
50 887
133 887
386 887
5 888
242 889
408 889
96 890
692 891
52 892
434 892
10 893
96 894
3 895
153 895
93 896
65 897
200 897
212 898
91 899
24 900
29 901
728 902
202 903
174 904
33 905
228 905
402 905
642 905
36 906
657 907
110 908
55 909
230 910
763 910
13 911
463 912
567 913
96 914
525 914
21 915
557 916
21 917
613 917
666 917
205 918
591 919
9 920
197 921
642 921
4 922
4 923
7 923
8 923
95 923
169 923
187 923
190 923
234 923
271 923
277 923
290 923
297 923
313 923
399 923
441 923
453 923
470 923
526 923
542 923
554 923
737 923
312 924
7 925
51 925
277 925
526 925
800 925
674 926
2 927
211 928
502 928
535 928
331 929
496 930
16 931
96 931
145 931
146 931
4 932
112 932
185 932
10 933
104 933
363 933
288 934
468 935
16 936
876 936
328 937
104 938
526 939
14 940
808 940
130 941
67 942
775 943
375 944
717 944
93 945
537 946
12 947
33 948
33 949
485 950
86 951
804 951
109 952
247 952
915 952
13 953
567 954
16 955
665 955
29 956
134 956
142 956
167 956
655 957
331 958
795 959
233 960
154 961
287 961
324 961
13 962
21 963
666 963
430 964
13 965
373 966
643 967
194 968
562 968
3 969
235 970
385 971
602 971
12 972
919 972
2 973
4 973
7 973
11 973
28 973
38 973
41 973
52 973
106 973
116 973
153 973
198 973
398 973
567 973
585 973
770 973
589 974
6 975
5 976
881 976
2 977
6 977
9 977
11 977
26 977
28 977
52 977
81 977
116 977
339 977
451 977
673 977
770 977
16 978
930 979
51 980
579 980
93 981
162 982
16 983
475 983
6 984
641 984
15 985
190 986
5 987
712 987
4 988
470 989
6 990
96 991
899 991
134 992
239 992
927 992
458 993
255 994
152 995
228 996
582 996
100 997
385 997
69 998
249 998
661 998
4 999
558 1000
69 1001
353 1002
742 1002
717 1003
741 1004
191 1005
110 1006
86 1007
985 1008
764 1009
96 1010
53 1011
765 1011
769 1011
234 1012
917 1013
2 1014
262 1014
378 1014
17 1015
104 1016
241 1017
134 1018
447 1018
927 1018
122 1019
467 1019
582 1020
68 1021
280 1022
378 1022
485 1023
420 1024
85 1025
576 1026
450 1027
44 1028
314 1028
78 1029
29 1030
4 1031
236 1032
73 1033
77 1033
134 1033
110 1034
110 1035
29 1036
1 1037
8 1037
258 1037
596 1037
931 1037
3 1038
447 1039
24 1040
3 1041
186 1041
247 1041
427 1041
501 1041
606 1041
736 1041
411 1042
386 1043
557 1044
29 1045
15 1046
16 1046
57 1046
144 1046
85 1047
930 1048
1 1049
335 1049
591 1049
666 1049
977 1049
712 1050
925 1050
582 1051
952 1052
17 1053
183 1054
328 1054
2 1055
13 1056
780 1057
9 1058
123 1059
290 1059
9 1060
1 1061
3 1061
5 1061
8 1061
63 1061
142 1061
146 1061
258 1061
282 1061
311 1061
505 1061
557 1061
701 1061
973 1061
81 1062
68 1063
154 1064
567 1065
213 1066
17 1067
740 1068
353 1069
202 1070
662 1071
16 1072
15 1073
144 1073
96 1074
674 1075
96 1076
508 1076
71 1077
23 1078
69 1079
643 1080
28 1081
145 1082
695 1083
74 1084
240 1084
9 1085
161 1086
206 1087
15 1088
164 1089
13 1090
13 1091
437 1091
23 1092
9 1093
785 1093
851 1093
35 1094
228 1095
96 1096
521 1096
4 1097
77 1097
142 1097
167 1097
258 1097
523 1097
646 1097
654 1097
353 1098
380 1099
450 1100
9 1101
613 1101
469 1102
96 1103
958 1104
210 1105
237 1105
905 1105
122 1106
718 1107
96 1108
495 1108
86 1109
33 1110
820 1111
634 1112
443 1113
96 1114
24 1115
21 1116
450 1116
536 1116
921 1117
33 1118
104 1119
931 1119
484 1120
622 1120
13 1121
567 1122
430 1123
386 1124
801 1124
1018 1124
138 1125
592 1125
747 1126
775 1127
613 1128
666 1128
44 1129
13 1130
365 1131
902 1131
973 1132
34 1133
36 1133
91 1133
771 1133
895 1133
973 1133
6 1134
10 1134
120 1134
188 1134
201 1134
346 1134
433 1134
526 1134
646 1134
648 1134
743 1134
969 1134
1061 1134
88 1135
17 1136
370 1136
24 1137
1011 1137
4 1138
966 1139
820 1140
767 1141
33 1142
228 1142
728 1143
96 1144
146 1144
820 1145
613 1146
104 1147
542 1148
180 1149
244 1149
498 1149
1043 1149
1124 1149
4 1150
112 1150
16 1151
104 1152
10 1153
83 1154
417 1154
462 1154
491 1154
628 1154
795 1154
908 1154
1034 1154
557 1155
641 1156
492 1157
1100 1157
1154 1158
4 1159
29 1160
96 1161
15 1162
1076 1163
8 1164
4 1165
212 1166
730 1167
375 1168
6 1169
61 1169
484 1170
23 1171
67 1172
480 1173
161 1174
919 1175
13 1176
288 1177
27 1178
122 1179
467 1179
61 1180
33 1181
15 1182
4 1183
13 1183
83 1183
114 1183
358 1183
538 1183
834 1183
166 1184
914 1184
373 1185
5 1186
5 1187
94 1187
410 1187
416 1187
488 1187
526 1187
798 1187
884 1187
940 1187
957 1188
21 1189
29 1190
171 1191
12 1192
2 1193
202 1193
8 1194
142 1194
557 1194
188 1195
400 1195
950 1195
1023 1195
72 1196
818 1196
197 1197
659 1198
849 1198
468 1199
247 1200
621 1200
16 1201
2 1202
276 1202
1150 1202
882 1203
448 1204
29 1205
467 1206
602 1206
1182 1207
1187 1207
434 1208
4 1209
331 1210
3 1211
178 1211
391 1211
488 1211
956 1211
992 1211
2 1212
106 1212
115 1212
278 1212
453 1212
526 1212
3 1213
6 1213
147 1213
153 1213
186 1213
441 1213
488 1213
583 1213
589 1213
686 1213
185 1214
185 1215
461 1216
612 1216
33 1217
485 1218
925 1218
110 1219
86 1220
13 1221
938 1222
5 1223
169 1224
440 1224
791 1225
202 1226
272 1227
771 1228
157 1229
326 1230
339 1231
9 1232
33 1233
65 1234
6 1235
100 1236
53 1237
522 1238
104 1239
12 1240
268 1240
387 1240
1028 1240
1129 1240
96 1241
11 1242
605 1242
200 1243
564 1244
902 1244
1143 1244
96 1245
774 1245
205 1246
564 1246
914 1247
24 1248
1195 1249
23 1250
22 1251
542 1252
993 1253
2 1254
96 1255
385 1256
602 1256
526 1257
24 1258
353 1259
2 1260
483 1260
707 1260
127 1261
33 1262
314 1262
409 1263
57 1264
126 1264
144 1264
309 1264
1225 1264
10 1265
1107 1265
868 1266
484 1267
323 1268
925 1268
29 1269
394 1270
65 1271
181 1272
331 1273
521 1273
228 1274
642 1274
24 1275
67 1275
9 1276
9 1277
229 1277
235 1278
160 1279
216 1280
1050 1280
1268 1280
206 1281
247 1282
96 1283
364 1283
15 1284
67 1284
114 1284
512 1284
717 1284
24 1285
1 1286
4 1287
185 1288
142 1289
567 1290
557 1291
6 1292
785 1292
160 1293
496 1294
979 1294
1102 1295
79 1296
477 1296
589 1297
29 1298
212 1299
386 1300
1039 1300
77 1301
134 1301
16 1302
307 1302
780 1303
1001 1304
239 1305
14 1306
131 1306
210 1306
590 1306
622 1307
312 1308
1251 1309
804 1310
90 1311
265 1311
472 1311
33 1312
188 1312
427 1313
582 1314
704 1314
4 1315
458 1316
234 1317
3 1318
76 1319
370 1319
635 1319
942 1319
1172 1319
79 1320
477 1320
1 1321
640 1322
4 1323
32 1324
183 1325
100 1326
277 1326
385 1326
803 1326
152 1327
389 1328
992 1328
1194 1328
12 1329
22 1330
227 1331
13 1332
796 1332
1302 1332
341 1333
1173 1333
120 1334
217 1334
227 1334
267 1334
346 1334
610 1334
751 1334
1148 1334
755 1335
868 1335
375 1336
153 1337
611 1337
637 1337
1133 1337
6 1338
808 1338
923 1338
1134 1338
1187 1338
1334 1339
384 1340
599 1340
65 1341
483 1341
33 1342
75 1343
160 1344
462 1344
1158 1344
19 1345
1087 1346
1281 1346
602 1347
292 1348
389 1349
391 1349
764 1350
312 1351
413 1352
986 1352
645 1353
663 1354
928 1354
1121 1355
17 1356
659 1356
85 1357
4 1358
212 1359
4 1360
77 1360
134 1360
454 1361
96 1362
96 1363
791 1363
12 1364
6 1365
741 1366
61 1367
67 1368
1319 1368
3 1369
212 1370
613 1370
15 1371
1008 1371
7 1372
70 1372
213 1372
372 1372
696 1372
1061 1372
1097 1372
1289 1372
2 1373
542 1373
608 1373
741 1373
713 1374
339 1375
930 1376
33 1377
123 1378
290 1378
2 1379
567 1380
1028 1381
330 1382
21 1383
209 1383
233 1384
96 1385
4 1386
29 1386
62 1386
73 1386
142 1386
167 1386
275 1386
616 1386
654 1386
1089 1386
387 1387
403 1387
861 1387
1052 1388
228 1389
202 1390
12 1391
23 1392
7 1393
53 1393
93 1394
5 1395
110 1396
116 1397
87 1398
5 1399
7 1399
9 1399
48 1399
189 1399
212 1399
298 1399
374 1399
444 1399
517 1399
668 1399
835 1399
1193 1399
1226 1399
79 1400
434 1401
5 1402
712 1402
982 1403
32 1404
153 1405
398 1405
567 1405
585 1405
29 1406
2 1407
542 1407
608 1407
228 1408
770 1409
110 1410
448 1411
6 1412
1221 1413
5 1414
410 1414
416 1414
488 1414
526 1414
145 1415
146 1415
1037 1415
717 1416
21 1417
96 1418
11 1419
49 1419
252 1419
32 1420
67 1421
9 1422
527 1422
1119 1422
926 1423
75 1424
153 1425
178 1425
219 1425
391 1425
488 1425
583 1425
613 1425
956 1425
1033 1425
1360 1425
96 1426
24 1427
15 1428
14 1429
1187 1429
15 1430
185 1431
763 1431
2 1432
328 1433
717 1434
408 1435
410 1436
416 1436
488 1436
15 1437
258 1438
420 1439
430 1440
6 1441
161 1442
1276 1442
400 1443
992 1444
190 1445
1359 1446
142 1447
202 1447
373 1448
420 1449
9 1450
29 1451
794 1452
5 1453
9 1453
73 1453
120 1453
442 1453
600 1453
646 1453
1373 1453
104 1454
1372 1455
492 1456
9 1457
234 1458
15 1459
57 1459
126 1459
248 1459
1225 1459
323 1460
470 1461
3 1462
96 1463
564 1463
55 1464
1019 1464
307 1465
1332 1465
3 1466
427 1466
736 1466
16 1467
1340 1467
11 1468
116 1468
142 1468
210 1468
286 1468
17 1469
998 1470
411 1471
162 1472
413 1473
479 1473
986 1473
1359 1474
416 1475
151 1476
730 1476
685 1477
233 1478
640 1479
280 1480
899 1480
23 1481
630 1481
717 1482
15 1483
6 1484
63 1484
120 1484
142 1484
465 1484
487 1484
1101 1484
93 1485
690 1486
1299 1486
75 1487
162 1488
12 1489
13 1489
15 1489
17 1489
70 1489
99 1489
104 1489
150 1489
160 1489
169 1489
210 1489
242 1489
370 1489
778 1489
1419 1489
113 1490
992 1490
21 1491
994 1491
1076 1492
292 1493
16 1494
602 1495
435 1496
142 1497
526 1497
1328 1497
861 1498
90 1499
174 1500
663 1500
8 1501
54 1501
13 1502
27 1503
425 1504
536 1504
67 1505
161 1506
905 1506
1119 1506
5 1507
7 1507
10 1507
13 1507
48 1507
213 1507
375 1507
429 1507
1193 1507
331 1508
576 1509
61 1510
23 1511
359 1512
68 1513
16 1514
9 1515
53 1515
86 1515
107 1515
354 1515
401 1515
519 1515
1040 1515
1137 1515
1248 1515
1275 1515
717 1516
186 1517
398 1517
848 1517
1345 1517
1212 1518
96 1519
510 1520
688 1520
11 1521
980 1522
1288 1523
55 1524
1019 1524
1387 1525
55 1526
107 1527
1137 1527
1248 1527
130 1528
29 1529
85 1530
622 1530
16 1531
323 1531
850 1532
4 1533
1399 1534
4 1535
214 1535
653 1535
1414 1535
149 1536
23 1537
657 1538
693 1538
1066 1538
1283 1538
4 1539
349 1539
980 1539
1020 1540
96 1541
416 1542
807 1542
8 1543
1061 1543
188 1544
1218 1544
287 1545
324 1545
23 1546
1019 1547
730 1548
288 1549
12 1550
33 1551
745 1551
1400 1551
33 1552
228 1552
808 1553
717 1554
1019 1555
50 1556
104 1557
989 1558
918 1559
1246 1559
542 1560
1331 1560
91 1561
1131 1561
146 1562
420 1563
15 1564
87 1565
765 1565
657 1566
2 1567
4 1567
5 1567
10 1567
142 1567
146 1567
186 1567
441 1567
501 1567
589 1567
808 1567
850 1567
881 1567
923 1567
1037 1567
1061 1567
1164 1567
1501 1567
913 1568
2 1569
6 1569
52 1569
339 1569
770 1569
1026 1570
1134 1571
1087 1572
104 1573
591 1574
1207 1575
181 1576
1 1577
4 1577
5 1577
7 1577
8 1577
10 1577
48 1577
104 1577
112 1577
247 1577
501 1577
529 1577
670 1577
683 1577
1055 1577
1193 1577
1212 1577
1260 1577
1432 1577
435 1578
955 1579
622 1580
1125 1580
279 1581
461 1582
32 1583
96 1584
1053 1584
423 1585
7 1586
787 1586
1061 1586
96 1587
424 1587
326 1588
323 1589
542 1590
1134 1590
1334 1591
384 1592
1387 1592
591 1593
1332 1594
925 1595
1544 1595
127 1596
1019 1597
17 1598
1183 1598
11 1599
1293 1599
557 1600
770 1601
33 1602
1100 1603
15 1604
634 1605
1183 1605
3 1606
143 1607
769 1607
134 1608
579 1608
1242 1609
7 1610
868 1611
15 1612
70 1612
210 1612
242 1612
370 1612
1419 1612
1448 1613
81 1614
19 1615
4 1616
567 1617
1179 1617
190 1618
1030 1618
1352 1618
33 1619
1356 1620
1280 1621
28 1622
188 1623
701 1623
416 1624
81 1625
1097 1626
1386 1626
542 1627
185 1628
718 1629
4 1630
5 1630
589 1630
923 1630
1061 1630
1164 1630
96 1631
495 1632
519 1633
12 1634
434 1635
96 1636
33 1637
228 1637
1516 1638
557 1639
16 1640
1306 1641
11 1642
412 1642
1198 1642
11 1643
143 1643
363 1643
507 1643
1306 1643
910 1644
882 1645
181 1646
146 1647
732 1648
394 1649
110 1650
468 1651
13 1652
391 1653
1 1654
169 1654
998 1655
280 1656
15 1657
775 1658
17 1659
85 1660
1252 1660
3 1661
7 1661
10 1661
16 1661
108 1661
147 1661
286 1661
533 1661
561 1661
613 1661
634 1661
741 1661
790 1661
822 1661
842 1661
862 1661
977 1661
984 1661
990 1661
1169 1661
1213 1661
1292 1661
1365 1661
1484 1661
1569 1661
234 1662
995 1663
1018 1663
58 1664
87 1665
765 1665
15 1666
964 1666
1123 1666
44 1667
1331 1668
5 1669
10 1669
147 1669
286 1669
347 1669
373 1669
533 1669
613 1669
741 1669
822 1669
842 1669
990 1669
1134 1669
1338 1669
1365 1669
1412 1669
1484 1669
86 1670
214 1671
250 1671
1187 1671
1436 1671
1542 1671
16 1672
902 1672
434 1673
282 1674
323 1674
712 1674
762 1674
835 1674
923 1674
925 1674
526 1675
1107 1676
1459 1677
228 1678
815 1678
12 1679
65 1679
111 1679
158 1679
203 1679
339 1679
350 1679
369 1679
385 1679
539 1679
594 1679
659 1679
687 1679
746 1679
965 1679
1056 1679
1090 1679
1130 1679
1183 1679
1221 1679
1489 1679
1652 1679
4 1680
202 1681
1399 1681
200 1682
247 1683
3 1684
153 1684
284 1684
637 1684
906 1684
1133 1684
5 1685
923 1685
99 1686
882 1687
99 1688
139 1688
305 1688
38 1689
770 1689
4 1690
178 1691
67 1692
1319 1692
99 1693
120 1694
267 1694
1339 1694
33 1695
46 1696
183 1696
936 1696
319 1697
1359 1698
142 1699
523 1699
9 1700
17 1701
55 1702
35 1703
5 1704
19 1704
501 1704
502 1704
542 1704
830 1704
1041 1704
1213 1704
1517 1704
100 1705
12 1706
23 1706
132 1706
158 1706
202 1706
203 1706
291 1706
307 1706
539 1706
657 1706
746 1706
759 1706
962 1706
965 1706
1056 1706
1090 1706
1091 1706
1176 1706
1507 1706
29 1707
1592 1708
328 1709
1207 1710
3 1711
7 1711
33 1711
96 1712
29 1713
46 1713
15 1714
13 1715
107 1716
1137 1716
1590 1716
1676 1716
643 1717
1509 1718
15 1719
17 1720
1485 1720
573 1721
1204 1721
142 1722
742 1723
38 1724
694 1724
484 1725
40 1726
1306 1726
1519 1726
466 1727
448 1728
484 1729
924 1729
4 1730
9 1731
1544 1731
61 1732
65 1733
16 1734
99 1734
1201 1735
50 1736
1083 1736
110 1737
1409 1737
245 1738
317 1738
415 1738
731 1738
812 1738
1118 1738
1217 1738
1342 1738
1552 1738
1711 1738
3 1739
14 1740
1187 1740
9 1741
1442 1741
227 1742
228 1742
358 1743
713 1743
1585 1743
96 1744
96 1745
8 1746
1061 1746
23 1747
384 1748
1387 1748
100 1749
385 1749
766 1749
205 1750
1559 1750
684 1751
235 1752
104 1753
96 1754
29 1755
1504 1756
16 1757
28 1758
116 1759
154 1759
287 1759
2 1760
502 1760
535 1760
783 1760
1500 1760
434 1761
16 1762
1440 1762
15 1763
17 1763
110 1763
116 1763
307 1763
502 1763
659 1763
1612 1763
4 1764
420 1765
434 1766
1354 1766
526 1767
648 1767
1061 1767
1338 1767
1590 1767
1071 1768
189 1769
234 1770
245 1771
579 1771
869 1771
996 1771
1020 1771
1051 1771
1314 1771
235 1772
1191 1772
85 1773
1386 1774
76 1775
86 1775
607 1775
929 1775
958 1775
1210 1775
1508 1775
468 1776
16 1777
142 1777
110 1778
315 1778
793 1779
17 1780
181 1781
496 1781
16 1782
941 1783
1187 1783
104 1784
589 1785
2 1786
1311 1786
1507 1786
212 1787
356 1787
75 1788
1243 1789
1332 1790
526 1791
80 1792
85 1792
3 1793
1243 1794
23 1795
389 1796
391 1796
992 1796
93 1797
1748 1797
13 1798
339 1799
29 1800
1497 1800
514 1801
74 1802
353 1803
235 1804
537 1805
103 1806
116 1806
154 1806
171 1806
286 1806
933 1806
23 1807
292 1808
707 1808
2 1809
1507 1809
1386 1810
13 1811
1706 1811
526 1812
1061 1812
1590 1812
567 1813
1775 1814
55 1815
289 1815
1106 1815
23 1816
4 1817
1296 1818
341 1819
11 1820
958 1821
1070 1821
652 1822
1154 1822
798 1823
36 1824
461 1825
957 1826
68 1827
463 1828
1 1829
471 1830
1314 1830
83 1831
104 1832
319 1833
288 1834
535 1835
212 1836
235 1837
480 1838
6 1839
178 1840
11 1841
550 1841
1022 1841
1281 1841
930 1842
591 1843
825 1844
341 1845
1532 1845
1596 1845
13 1846
1167 1846
1706 1846
139 1847
16 1848
24 1849
685 1850
104 1851
495 1852
1028 1853
1307 1853
104 1854
241 1855
1455 1855
5 1856
566 1857
680 1857
692 1857
1206 1857
104 1858
17 1859
214 1860
711 1860
9 1861
897 1861
542 1862
827 1863
1208 1863
1673 1863
1761 1863
99 1864
122 1865
24 1866
40 1867
1306 1867
161 1868
290 1868
1164 1869
2 1870
576 1871
9 1872
1799 1872
1720 1873
1779 1873
1334 1874
5 1875
905 1876
427 1877
288 1878
1460 1879
385 1880
602 1880
2 1881
608 1881
13 1882
1679 1882
166 1883
1 1884
169 1884
188 1885
5 1886
730 1887
96 1888
1684 1888
261 1889
339 1889
510 1890
23 1891
6 1892
36 1892
120 1892
134 1892
497 1892
1824 1892
96 1893
5 1894
79 1895
492 1895
70 1896
230 1896
390 1896
397 1896
758 1896
824 1896
907 1896
1538 1896
763 1897
12 1898
4 1899
1202 1899
36 1900
61 1901
79 1902
477 1902
501 1903
380 1904
1375 1905
82 1906
902 1907
17 1908
307 1908
502 1908
1612 1908
12 1909
14 1909
16 1909
23 1909
49 1909
65 1909
100 1909
111 1909
121 1909
158 1909
202 1909
231 1909
291 1909
303 1909
339 1909
493 1909
594 1909
705 1909
746 1909
759 1909
804 1909
851 1909
870 1909
962 1909
1091 1909
1130 1909
1176 1909
1332 1909
1502 1909
1507 1909
1846 1909
16 1910
44 1910
665 1910
1579 1910
718 1911
342 1912
1607 1913
3 1914
752 1915
622 1916
5 1917
712 1917
85 1918
1420 1918
87 1919
998 1919
15 1920
17 1920
49 1920
85 1921
1512 1921
717 1922
492 1923
6 1924
1239 1925
1656 1925
622 1926
1125 1926
11 1927
143 1927
507 1927
169 1928
271 1928
277 1928
441 1928
554 1928
1567 1928
1685 1928
1154 1929
592 1930
1916 1930
372 1931
598 1931
1302 1931
1465 1931
1763 1931
1908 1931
885 1932
1854 1932
33 1933
251 1933
23 1934
1076 1935
434 1936
1760 1937
395 1938
1 1939
2 1939
3 1939
4 1939
10 1939
22 1939
75 1939
78 1939
83 1939
93 1939
200 1939
202 1939
236 1939
296 1939
297 1939
298 1939
349 1939
364 1939
671 1939
741 1939
771 1939
798 1939
802 1939
841 1939
977 1939
1060 1939
1277 1939
1399 1939
1422 1939
1457 1939
1741 1939
998 1940
123 1941
6 1942
17 1943
370 1943
5 1944
426 1944
881 1944
14 1945
591 1945
17 1946
1818 1946
4 1947
711 1947
1187 1947
1414 1947
1436 1947
1542 1947
1624 1947
234 1948
10 1949
228 1950
777 1950
1608 1950
164 1951
12 1952
1459 1952
1532 1953
1596 1953
12 1954
13 1954
50 1954
83 1954
93 1954
340 1954
358 1954
412 1954
623 1954
717 1954
1136 1954
1356 1954
1469 1954
1763 1954
1920 1954
1943 1954
46 1955
12 1956
169 1956
440 1956
791 1956
1264 1956
394 1957
3 1958
416 1959
485 1960
1623 1960
1885 1960
5 1961
501 1961
881 1961
96 1962
23 1963
350 1964
730 1965
202 1966
576 1967
567 1968
802 1969
1011 1969
1607 1969
6 1970
120 1970
142 1970
186 1970
267 1970
442 1970
600 1970
646 1970
1004 1970
70 1971
210 1971
242 1971
370 1971
1908 1971
33 1972
228 1972
485 1973
235 1974
1707 1974
161 1975
33 1976
1213 1977
980 1978
1334 1979
614 1980
1507 1981
28 1982
16 1983
425 1984
536 1984
96 1985
902 1986
1741 1986
1507 1987
323 1988
16 1989
1648 1990
228 1991
402 1991
642 1991
420 1992
1306 1992
657 1993
557 1994
1416 1994
1438 1995
1750 1995
2 1996
3 1996
8 1996
10 1996
24 1996
54 1996
199 1996
200 1996
236 1996
283 1996
298 1996
349 1996
364 1996
374 1996
591 1996
617 1996
671 1996
741 1996
814 1996
825 1996
841 1996
920 1996
1085 1996
1232 1996
1399 1996
1450 1996
1457 1996
1741 1996
1532 1997
1596 1997
23 1998
1880 1998
280 1999
591 1999
24 2000
24 2001
591 2002
23 2003
851 2004
169 2005
32 2006
6 2007
32 2008
400 2009
69 2010
1666 2011
24 2012
298 2012
349 2012
617 2012
671 2012
1232 2012
1741 2012
942 2013
58 2014
998 2015
480 2016
1333 2016
1679 2017
1775 2018
591 2019
542 2020
65 2021
707 2021
202 2022
203 2022
307 2022
539 2022
12 2023
1760 2024
1835 2024
15 2025
93 2026
542 2027
1642 2028
1118 2029
5 2030
52 2030
263 2030
282 2030
881 2030
1863 2030
13 2031
1909 2031
288 2032
235 2033
804 2034
510 2035
85 2036
234 2037
85 2038
674 2039
416 2040
1947 2040
538 2041
5 2042
116 2042
621 2043
146 2044
328 2045
840 2045
1658 2045
1375 2046
1909 2046
15 2047
905 2048
79 2049
1551 2049
3 2050
741 2050
96 2051
1459 2051
347 2052
450 2053
941 2053
741 2054
1694 2054
3 2055
613 2055
483 2056
1191 2056
1806 2056
241 2057
1727 2057
15 2058
1520 2059
1733 2059
8 2060
169 2060
187 2060
277 2060
297 2060
526 2060
554 2060
1338 2060
1674 2060
53 2061
613 2062
1761 2063
23 2064
323 2065
5 2066
881 2066
1212 2066
1691 2067
24 2068
389 2068
283 2069
23 2070
79 2071
881 2072
23 2073
11 2074
83 2074
93 2074
114 2074
137 2074
230 2074
389 2074
412 2074
538 2074
572 2074
623 2074
717 2074
801 2074
845 2074
1053 2074
1469 2074
1489 2074
1659 2074
1720 2074
1859 2074
1908 2074
1920 2074
542 2075
1251 2076
277 2077
987 2077
1674 2077
1917 2077
4 2078
1414 2078
1542 2078
1959 2078
2040 2078
29 2079
1175 2079
431 2080
448 2081
6 2082
9 2082
10 2082
15 2082
51 2082
110 2082
164 2082
178 2082
186 2082
193 2082
311 2082
361 2082
370 2082
409 2082
410 2082
416 2082
516 2082
601 2082
741 2082
776 2082
831 2082
922 2082
1150 2082
1165 2082
1315 2082
1358 2082
1539 2082
1630 2082
1817 2082
1899 2082
5 2083
923 2083
65 2084
91 2085
164 2086
1856 2086
1592 2087
344 2088
699 2088
81 2089
380 2090
597 2091
772 2091
828 2091
1282 2091
1577 2091
1683 2091
3 2092
1134 2092
324 2093
791 2093
674 2094
7 2095
8 2095
1061 2095
1409 2096
11 2097
1609 2097
659 2098
1774 2098
1954 2098
577 2099
68 2100
780 2101
1932 2102
1001 2103
1079 2103
2010 2103
87 2104
998 2104
5 2105
2086 2105
81 2106
502 2107
535 2107
1937 2107
973 2108
1263 2109
420 2110
139 2111
591 2112
1931 2113
4 2114
1314 2114
13 2115
1112 2115
470 2116
580 2117
1412 2118
470 2119
96 2120
23 2121
352 2121
127 2122
482 2123
919 2123
7 2124
8 2125
34 2125
89 2125
551 2125
973 2125
1405 2125
1684 2125
3 2126
640 2127
146 2128
576 2129
96 2130
1163 2131
1935 2131
24 2132
1 2133
4 2133
8 2133
9 2133
13 2133
48 2133
70 2133
169 2133
189 2133
247 2133
501 2133
791 2133
881 2133
973 2133
977 2133
1212 2133
1260 2133
1379 2133
1432 2133
1760 2133
1786 2133
1809 2133
1996 2133
1486 2134
77 2135
164 2136
502 2136
23 2137
352 2137
558 2137
4 2138
29 2138
73 2138
275 2138
654 2138
1089 2138
1774 2138
1810 2138
1845 2139
207 2140
1600 2140
1994 2140
267 2141
442 2141
600 2141
1004 2141
685 2142
236 2143
1771 2144
59 2145
110 2146
828 2147
1041 2147
1200 2147
1577 2147
2133 2147
10 2148
1678 2149
22 2150
1170 2151
470 2152
5 2153
96 2154
1208 2155
1761 2155
287 2156
5 2157
1014 2158
919 2159
795 2160
542 2161
1334 2161
85 2162
1 2163
8 2163
596 2163
100 2164
65 2165
791 2166
1264 2166
83 2167
1022 2167
244 2168
887 2168
1043 2168
318 2169
22 2170
358 2171
1661 2171
1386 2172
23 2173
181 2174
93 2175
674 2176
1799 2177
93 2178
502 2179
1733 2180
692 2181
526 2182
94 2183
142 2184
202 2184
1507 2184
624 2185
1419 2185
1309 2186
7 2187
85 2188
33 2189
157 2190
17 2191
2074 2191
88 2192
213 2193
438 2193
1873 2194
2074 2194
925 2195
1567 2196
280 2197
1925 2197
87 2198
998 2198
96 2199
1459 2199
95 2200
836 2201
386 2202
1039 2202
6 2203
36 2203
2082 2204
96 2205
1503 2206
1587 2206
2142 2206
1523 2207
1731 2208
470 2209
10 2210
80 2210
145 2210
338 2210
441 2210
453 2210
666 2210
842 2210
2030 2210
2133 2210
1703 2211
798 2212
16 2213
96 2214
825 2215
467 2216
909 2216
1567 2217
915 2218
3 2219
110 2220
328 2221
160 2222
61 2223
1296 2224
3 2225
542 2225
1147 2225
16 2226
67 2226
2 2227
9 2227
14 2227
18 2227
349 2227
501 2227
608 2227
871 2227
1577 2227
96 2228
16 2229
96 2229
443 2229
653 2230
2030 2230
12 2231
1490 2232
9 2233
270 2234
1311 2234
1997 2234
20 2235
467 2235
508 2235
1815 2235
1 2236
1625 2236
2106 2236
202 2237
1416 2238
613 2239
1896 2240
110 2241
1399 2242
241 2243
613 2244
721 2245
745 2245
1678 2246
33 2247
1154 2248
316 2249
1781 2249
2 2250
236 2250
2107 2251
110 2252
1410 2253
1 2254
12 2254
20 2254
70 2254
213 2254
375 2254
973 2254
1468 2254
1759 2254
319 2255
5 2256
613 2256
1059 2257
2159 2257
244 2258
6 2259
1661 2259
462 2260
85 2261
23 2262
526 2263
2121 2263
2137 2263
798 2264
3 2265
2147 2265
992 2266
104 2267
143 2267
242 2267
402 2267
507 2267
1468 2267
1612 2267
207 2268
1600 2268
5 2269
282 2269
501 2269
669 2269
748 2269
2049 2269
2071 2269
230 2270
350 2271
160 2272
1242 2272
211 2273
1129 2273
96 2274
1452 2275
261 2276
93 2277
514 2278
1237 2279
288 2280
1658 2281
49 2282
142 2282
307 2282
430 2283
1666 2283
132 2284
202 2284
539 2284
746 2284
812 2284
1056 2284
1091 2284
1507 2284
1129 2285
261 2286
549 2286
992 2286
1378 2286
218 2287
1596 2287
639 2288
1081 2288
1982 2288
44 2289
96 2290
13 2291
1679 2291
241 2292
1738 2293
24 2294
1138 2294
1527 2294
742 2295
1626 2295
1285 2296
1304 2297
153 2298
407 2298
670 2298
67 2299
1319 2299
1486 2300
389 2301
36 2302
328 2303
1775 2304
67 2305
657 2305
1262 2306
1589 2306
280 2307
15 2308
202 2308
1075 2308
29 2309
996 2310
1020 2310
164 2311
65 2312
29 2313
162 2314
12 2315
1933 2315
85 2316
96 2317
1921 2318
2222 2318
663 2319
1766 2319
470 2320
96 2321
495 2321
484 2322
228 2323
542 2323
2125 2323
243 2324
550 2324
1772 2324
1804 2324
1837 2324
2033 2324
49 2325
1482 2325
1387 2326
1708 2326
272 2327
328 2328
840 2328
1127 2328
1658 2328
2159 2329
1854 2330
17 2331
470 2332
13 2333
430 2334
79 2335
2269 2335
17 2336
76 2336
607 2336
657 2336
1183 2336
2074 2336
1620 2337
1660 2338
213 2339
380 2340
486 2340
2088 2340
614 2341
786 2341
288 2342
1124 2342
4 2343
1187 2343
1211 2343
1213 2343
1436 2343
579 2344
467 2345
2004 2346
23 2347
245 2348
731 2348
1217 2348
1342 2348
1605 2348
1711 2348
2293 2348
3 2349
1767 2349
9 2350
23 2351
5 2352
7 2352
9 2352
189 2352
668 2352
1681 2352
1996 2352
228 2353
23 2354
431 2355
53 2356
1507 2357
4 2358
1414 2358
1436 2358
1542 2358
1624 2358
2040 2358
96 2359
33 2360
1405 2361
1145 2362
1656 2362
1515 2363
16 2364
420 2365
37 2366
391 2366
488 2366
613 2366
96 2367
1053 2367
235 2368
537 2369
14 2370
426 2371
438 2371
878 2371
576 2372
975 2372
65 2373
23 2374
827 2375
1761 2375
96 2376
485 2377
228 2378
723 2378
819 2378
847 2378
1461 2378
2116 2378
2119 2378
2152 2378
288 2379
738 2380
17 2381
1592 2382
2326 2382
65 2383
234 2384
8 2385
885 2386
2102 2386
15 2387
158 2387
492 2388
502 2389
1937 2389
2251 2389
27 2390
482 2390
992 2391
1018 2391
2248 2392
1334 2393
1491 2394
640 2395
486 2396
1059 2396
919 2397
1108 2397
890 2398
8 2399
134 2399
1425 2399
1334 2400
81 2401
270 2402
1433 2403
154 2404
1239 2405
394 2406
1312 2406
181 2407
84 2408
1937 2409
288 2410
9 2411
10 2411
29 2411
120 2411
267 2411
442 2411
600 2411
604 2411
1373 2411
1996 2411
2082 2411
1284 2412
1721 2413
4 2414
654 2414
1202 2414
65 2415
16 2416
918 2416
1383 2417
5 2418
501 2419
12 2420
1083 2421
14 2422
9 2423
130 2424
745 2425
234 2426
637 2427
1661 2428
1459 2429
659 2430
1774 2430
1954 2430
4 2431
73 2431
134 2431
1211 2431
1691 2431
51 2432
1539 2432
1978 2432
2054 2432
1129 2433
96 2434
1721 2435
16 2436
99 2436
83 2437
992 2437
1305 2437
323 2438
923 2438
925 2438
1965 2438
202 2439
1821 2439
96 2440
123 2441
2286 2441
398 2442
585 2442
234 2443
2159 2444
105 2445
87 2446
998 2446
1001 2446
434 2447
1937 2448
1481 2449
1738 2449
2348 2449
122 2450
1617 2450
9 2451
17 2451
110 2451
370 2451
378 2451
1154 2451
1183 2451
1831 2451
2167 2451
2227 2452
95 2453
254 2454
123 2455
2286 2455
110 2456
9 2457
1399 2457
2012 2457
878 2458
1001 2459
2297 2459
16 2460
49 2460
142 2460
1931 2460
519 2461
341 2462
2294 2463
29 2464
1561 2465
1490 2466
463 2467
33 2468
4 2469
23 2470
3 2471
12 2472
207 2473
1854 2473
24 2474
78 2474
168 2474
510 2474
1237 2474
344 2475
3 2476
485 2476
1134 2476
1312 2476
1544 2476
1885 2476
1888 2476
448 2477
4 2478
275 2479
385 2480
3 2481
1767 2481
326 2482
358 2483
585 2484
228 2485
3 2486
1133 2486
2125 2486
567 2487
67 2488
1079 2488
53 2489
411 2490
992 2490
1305 2490
87 2491
998 2491
542 2492
1334 2492
40 2493
3 2494
24 2495
67 2495
723 2495
1515 2495
16 2496
33 2497
791 2498
1264 2498
23 2499
797 2499
827 2499
1761 2499
1936 2499
85 2500
474 2500
931 2501
1506 2501
6 2502
10 2502
15 2502
51 2502
186 2502
193 2502
361 2502
370 2502
601 2502
741 2502
831 2502
1358 2502
1817 2502
2204 2502
2411 2502
79 2503
96 2503
1504 2503
1984 2503
2107 2503
1854 2504
2129 2504
5 2505
413 2505
881 2505
923 2505
1445 2505
1834 2505
15 2506
249 2507
1470 2507
2446 2507
6 2508
16 2509
202 2510
525 2511
1184 2511
985 2512
1371 2512
1258 2513
1386 2513
288 2514
234 2515
462 2516
1158 2516
127 2517
915 2517
1189 2517
1202 2518
272 2519
431 2519
708 2519
750 2519
775 2519
864 2519
1025 2519
1530 2519
1792 2519
2036 2519
2038 2519
2316 2519
2500 2519
591 2520
10 2521
683 2521
1106 2522
1179 2522
1865 2522
2450 2522
7 2523
654 2523
1706 2524
1909 2524
96 2525
1 2526
8 2526
18 2526
146 2526
193 2526
286 2526
445 2526
501 2526
608 2526
741 2526
871 2526
893 2526
1507 2526
2082 2526
2148 2526
2411 2526
1279 2527
1592 2528
639 2529
973 2529
1622 2529
7 2530
1061 2530
1484 2530
1245 2531
791 2532
50 2533
24 2534
1515 2534
1462 2535
537 2536
2503 2537
973 2538
16 2539
736 2539
767 2540
385 2541
602 2541
2159 2542
85 2543
85 2544
16 2545
81 2546
608 2547
1792 2547
2530 2547
1264 2548
66 2549
212 2549
1737 2550
2096 2550
3 2551
91 2552
1244 2552
1246 2552
1463 2552
622 2553
1930 2553
1854 2554
15 2555
158 2555
198 2555
24 2556
120 2557
223 2557
267 2557
465 2557
726 2557
766 2557
917 2557
1128 2557
1370 2557
1425 2557
2055 2557
2366 2557
142 2558
9 2559
897 2559
100 2560
79 2561
1841 2561
1218 2562
1731 2562
2476 2562
1476 2563
630 2564
1494 2565
613 2566
6 2567
234 2568
1 2569
633 2569
640 2570
79 2571
96 2571
2107 2571
2344 2571
85 2572
510 2573
897 2574
241 2575
582 2576
1771 2576
214 2577
298 2577
501 2577
375 2578
1193 2578
2357 2578
2526 2578
244 2579
212 2580
717 2580
745 2580
1236 2580
1326 2580
2560 2580
15 2581
4 2582
282 2582
712 2582
2526 2582
104 2583
185 2584
162 2585
202 2586
21 2587
1197 2587
5 2588
798 2588
940 2588
1783 2588
539 2589
1507 2589
91 2590
2133 2591
8 2592
986 2592
1738 2593
1154 2594
80 2595
115 2595
338 2595
441 2595
666 2595
827 2595
976 2595
1944 2595
1961 2595
2072 2595
2133 2595
12 2596
882 2597
2363 2598
510 2599
688 2599
1255 2599
2059 2599
32 2600
5 2601
33 2601
501 2601
881 2601
2210 2601
47 2602
15 2603
6 2604
16 2605
85 2606
694 2607
2476 2608
679 2609
335 2610
927 2611
937 2611
1490 2611
1796 2611
2391 2611
1799 2612
2606 2613
228 2614
1 2615
4 2615
7 2615
9 2615
14 2615
147 2615
398 2615
501 2615
502 2615
686 2615
808 2615
923 2615
1543 2615
1996 2615
2095 2615
2125 2615
2526 2615
32 2616
32 2617
503 2617
29 2618
2505 2619
33 2620
212 2621
879 2621
1002 2621
9 2622
1799 2622
9 2623
1061 2623
241 2624
1442 2625
1512 2625
1452 2626
485 2627
2562 2627
96 2628
2375 2629
2499 2629
2595 2629
1264 2630
188 2631
1595 2631
2476 2631
212 2632
16 2633
33 2634
228 2634
2004 2635
110 2636
1751 2636
25 2637
1134 2637
1716 2637
1767 2637
1812 2637
1854 2638
2219 2638
228 2639
288 2640
81 2641
868 2642
130 2643
1111 2643
323 2644
808 2644
881 2644
923 2644
1257 2644
2182 2644
2414 2645
602 2646
214 2647
298 2647
501 2647
99 2648
1314 2649
29 2650
3 2651
7 2651
1738 2651
2348 2651
152 2652
483 2652
1306 2653
160 2654
292 2655
282 2656
917 2656
963 2656
1049 2656
2210 2656
1018 2657
353 2658
514 2659
659 2660
849 2660
1261 2660
1460 2661
12 2662
502 2663
164 2664
1262 2665
1589 2665
2 2666
1477 2666
542 2667
1667 2667
868 2668
36 2669
2328 2670
1900 2671
3 2672
15 2673
1649 2673
4 2674
634 2675
1774 2675
1827 2675
613 2676
741 2676
323 2677
1187 2678
1436 2678
2515 2678
507 2679
1306 2679
1703 2680
2286 2681
205 2682
1995 2682
542 2683
1334 2683
881 2684
2595 2684
1251 2685
1330 2685
1939 2685
1577 2686
58 2687
395 2687
480 2687
1285 2687
2462 2687
2626 2688
3 2689
7 2689
70 2689
363 2689
613 2689
1097 2689
1194 2689
1289 2689
1447 2689
1468 2689
1484 2689
1497 2689
1722 2689
1777 2689
1970 2689
1359 2690
1721 2691
371 2692
2101 2692
2168 2693
146 2694
864 2694
61 2695
977 2696
49 2697
142 2697
222 2698
232 2698
282 2698
353 2698
588 2698
669 2698
712 2698
1902 2698
2071 2698
1924 2699
486 2700
1059 2700
1530 2701
2588 2702
99 2703
1696 2703
194 2704
917 2705
13 2706
1679 2706
2559 2707
2392 2708
16 2709
65 2710
127 2711
1189 2711
75 2712
1366 2712
33 2713
552 2714
782 2714
1551 2714
2580 2714
483 2715
2378 2716
334 2717
782 2717
924 2717
1110 2717
1236 2718
2560 2718
2714 2718
1972 2719
852 2720
2269 2721
4 2722
9 2722
153 2722
850 2722
2060 2722
936 2723
2091 2724
848 2725
996 2726
1375 2727
1909 2727
23 2728
1946 2729
29 2730
2392 2730
2100 2731
96 2732
1991 2732
285 2733
323 2734
762 2734
12 2735
123 2735
164 2735
1386 2735
4 2736
7 2736
14 2736
335 2736
842 2737
879 2737
211 2738
8 2739
193 2739
286 2739
893 2739
1507 2739
1581 2739
2063 2739
2082 2739
2148 2739
2578 2739
2582 2739
33 2740
1063 2741
2100 2741
79 2742
1504 2742
2537 2742
32 2743
1592 2744
96 2745
1538 2745
91 2746
67 2747
414 2747
510 2747
688 2747
868 2747
33 2748
738 2749
277 2750
987 2750
1917 2750
2388 2751
325 2752
1551 2752
657 2753
1896 2753
242 2754
897 2755
24 2756
1515 2756
1527 2756
100 2757
288 2758
235 2759
1059 2760
680 2761
79 2762
169 2763
2280 2763
2342 2763
2379 2763
2410 2763
2514 2763
2595 2764
1644 2765
412 2766
202 2767
29 2768
1033 2769
1761 2769
23 2770
272 2771
431 2771
823 2771
864 2771
1530 2771
1918 2771
2038 2771
2162 2771
2188 2771
2261 2771
2543 2771
2606 2771
400 2772
1249 2772
358 2773
1585 2773
819 2774
1775 2774
2146 2774
998 2775
1044 2775
299 2776
882 2777
77 2778
1738 2779
2 2780
2298 2780
1334 2781
2193 2782
1399 2783
202 2784
1131 2785
1244 2785
1672 2785
1907 2785
776 2786
2011 2787
2251 2788
495 2789
33 2790
1762 2791
17 2792
11 2793
507 2793
2163 2793
79 2794
1551 2794
537 2795
328 2796
1850 2797
741 2798
1386 2798
2138 2798
7 2799
207 2799
621 2799
916 2799
1044 2799
1061 2799
1291 2799
1994 2799
394 2800
6 2801
96 2802
745 2803
4 2804
2502 2804
385 2805
591 2806
717 2807
951 2807
1310 2807
2034 2807
65 2808
272 2808
50 2809
133 2809
386 2809
51 2810
526 2810
1674 2810
717 2811
1841 2812
1844 2813
1996 2813
164 2814
485 2814
2631 2814
998 2815
435 2816
58 2817
351 2817
480 2817
1285 2817
2462 2817
164 2818
1183 2819
2041 2819
29 2820
442 2820
600 2820
2502 2820
2526 2820
16 2821
277 2822
1917 2822
87 2823
998 2823
51 2824
1978 2824
2823 2825
647 2826
2186 2826
181 2827
1703 2827
861 2828
19 2829
57 2830
1383 2830
160 2831
86 2832
214 2833
681 2833
104 2834
2160 2834
96 2835
495 2835
2368 2835
2397 2835
104 2836
434 2837
536 2838
212 2839
1201 2840
434 2841
3 2842
10 2842
16 2842
108 2842
286 2842
533 2842
613 2842
790 2842
822 2842
862 2842
990 2842
1213 2842
1292 2842
1365 2842
2171 2842
81 2843
2834 2844
185 2845
11 2846
1609 2846
470 2847
282 2848
2071 2848
2335 2848
2721 2848
23 2849
154 2850
81 2851
320 2852
270 2853
1499 2853
488 2854
613 2854
23 2855
2251 2855
852 2856
1156 2857
2708 2858
998 2859
1911 2860
213 2861
2499 2861
2595 2861
1083 2862
1653 2862
1491 2863
77 2864
93 2865
1 2866
5 2866
14 2866
973 2866
1212 2866
1334 2867
481 2868
1195 2869
1839 2870
96 2871
1939 2872
110 2873
10 2874
2791 2875
40 2876
277 2877
75 2878
468 2879
29 2880
1084 2880
1802 2880
13 2881
1241 2881
2734 2882
214 2883
198 2884
323 2884
820 2884
1224 2884
104 2885
2405 2885
2060 2886
1399 2887
1622 2888
178 2889
219 2889
1386 2889
2138 2889
269 2890
1523 2891
2433 2892
32 2893
2484 2894
470 2895
23 2896
33 2897
1242 2898
2097 2898
2846 2898
621 2899
164 2900
1097 2900
2138 2900
36 2901
96 2901
1738 2902
326 2903
23 2904
234 2905
2060 2906
1311 2907
10 2908
4 2909
2576 2909
2872 2909
2661 2910
14 2911
164 2911
964 2911
717 2912
2121 2913
36 2914
730 2915
15 2916
110 2916
659 2916
1931 2916
1954 2916
5 2917
712 2917
535 2918
2011 2919
12 2920
1933 2920
480 2921
2549 2922
1018 2923
420 2924
3 2925
736 2925
1076 2926
1242 2927
2846 2927
1346 2928
15 2929
444 2930
492 2930
2004 2930
164 2931
485 2931
2502 2932
235 2933
3 2934
33 2935
2125 2936
1 2937
169 2937
1721 2938
76 2939
958 2939
1508 2939
1835 2939
11 2940
644 2940
1871 2940
1967 2940
2765 2940
14 2941
162 2942
99 2943
467 2944
1027 2945
21 2946
450 2946
536 2946
387 2947
174 2948
3 2949
99 2950
184 2951
457 2951
373 2952
1613 2952
861 2953
13 2954
1679 2954
379 2955
1504 2955
2946 2955
36 2956
602 2957
484 2958
245 2959
257 2959
579 2959
1020 2959
1314 2959
7 2960
51 2960
526 2960
1050 2960
1218 2960
1595 2960
2438 2960
391 2961
2862 2961
68 2962
2772 2963
416 2964
1947 2964
2078 2964
2358 2964
5 2965
719 2965
1868 2965
613 2966
1658 2967
95 2968
1830 2969
2251 2970
44 2971
57 2972
1952 2972
2429 2972
29 2973
324 2974
55 2975
303 2976
477 2977
2698 2977
16 2978
2 2979
1577 2979
2578 2979
496 2980
2249 2980
370 2981
80 2982
2519 2982
2547 2982
60 2983
172 2983
192 2983
371 2983
437 2983
532 2983
571 2983
587 2983
660 2983
716 2983
901 2983
1160 2983
1269 2983
1529 2983
1707 2983
1800 2983
2079 2983
2138 2983
2618 2983
2730 2983
2768 2983
2820 2983
1253 2984
169 2985
881 2986
1445 2986
1834 2986
770 2987
6 2988
2699 2988
95 2989
2461 2990
23 2991
4 2992
311 2993
158 2994
198 2994
7 2995
741 2995
862 2995
984 2995
1484 2995
881 2996
973 2996
14 2997
15 2997
17 2997
39 2997
45 2997
47 2997
59 2997
66 2997
71 2997
92 2997
103 2997
104 2997
128 2997
157 2997
212 2997
281 2997
302 2997
362 2997
404 2997
421 2997
677 2997
791 2997
826 2997
955 2997
983 2997
1046 2997
1072 2997
1494 2997
1640 2997
1661 2997
1762 2997
1782 2997
2213 2997
2226 2997
2364 2997
2460 2997
2545 2997
2821 2997
2978 2997
501 2998
608 2998
881 2998
1792 2998
2210 2998
1061 2999
1668 3000
80 3001
2519 3001
2578 3002
326 3003
2502 3004
2339 3005
96 3006
93 3007
2207 3008
2891 3008
127 3009
21 3010
16 3011
96 3012
67 3013
1125 3013
1930 3013
323 3014
2876 3014
337 3015
591 3015
973 3015
1409 3015
1569 3015
1601 3015
1689 3015
2 3016
1577 3016
1230 3017
17 3018
7 3019
85 3019
621 3019
916 3019
1044 3019
1600 3019
1639 3019
580 3020
213 3021
1538 3021
444 3022
492 3022
1738 3023
804 3024
96 3025
728 3026
1244 3026
228 3027
582 3027
608 3027
777 3027
2344 3027
501 3028
1338 3028
1509 3028
3 3029
16 3030
181 3031
181 3032
1622 3033
311 3034
202 3035
85 3036
2771 3036
630 3037
23 3038
992 3039
2159 3040
91 3041
777 3042
24 3043
85 3044
2338 3044
311 3045
166 3046
2 3047
106 3047
115 3047
526 3047
2866 3047
85 3048
2910 3049
470 3050
164 3051
1856 3051
1477 3052
29 3053
2141 3054
65 3055
2261 3055
3 3056
440 3057
298 3058
1648 3058
1484 3059
154 3060
563 3060
602 3061
212 3062
630 3063
551 3064
1567 3065
1733 3066
61 3067
1679 3068
926 3069
120 3070
223 3070
1128 3070
1425 3070
2055 3070
15 3071
7 3072
526 3072
1595 3072
2195 3072
318 3073
1852 3073
2789 3073
8 3074
70 3074
164 3074
213 3074
429 3074
956 3074
1061 3074
1447 3074
1699 3074
1777 3074
2697 3074
96 3075
2053 3075
2546 3075
798 3076
1684 3076
808 3077
983 3078
3027 3079
99 3080
765 3081
769 3081
1939 3081
1969 3081
1187 3082
1051 3083
1314 3083
2144 3083
2576 3083
1821 3084
657 3085
659 3085
95 3086
36 3087
562 3088
1576 3088
2174 3088
2827 3088
3031 3088
3032 3088
29 3089
75 3090
88 3091
131 3091
210 3091
1439 3091
2110 3091
33 3092
492 3093
96 3094
542 3095
2 3096
213 3097
1386 3098
1561 3099
1821 3100
29 3101
1250 3101
2983 3101
3051 3102
1760 3103
1835 3103
1018 3104
2484 3105
1334 3106
1549 3107
2280 3107
2342 3107
82 3108
2860 3109
29 3110
1250 3110
5 3111
20 3112
499 3112
625 3112
450 3113
1777 3114
384 3115
1240 3115
15 3116
7 3117
277 3117
800 3117
1050 3117
1218 3117
1595 3117
1674 3117
1932 3118
2386 3118
4 3119
1960 3119
306 3120
174 3121
663 3121
1222 3122
96 3123
1515 3124
1544 3125
203 3126
350 3126
369 3126
385 3126
594 3126
746 3126
965 3126
1130 3126
1183 3126
2017 3126
2954 3126
3068 3126
1589 3127
16 3128
1696 3128
78 3129
2260 3130
998 3131
2236 3132
2405 3133
2159 3134
279 3135
1980 3136
879 3137
2527 3138
1000 3139
1372 3140
1750 3141
2682 3141
2 3142
3 3142
6 3142
398 3142
505 3142
583 3142
686 3142
808 3142
923 3142
1037 3142
1061 3142
1164 3142
1996 3142
2163 3142
2399 3142
212 3143
169 3144
257 3145
996 3145
1020 3145
1051 3145
1314 3145
917 3146
1954 3147
3 3148
580 3149
23 3150
17 3151
292 3152
1019 3153
395 3154
2238 3154
2938 3154
96 3155
502 3156
881 3156
1567 3156
2210 3156
1623 3157
2519 3158
2694 3158
312 3159
690 3159
23 3160
2251 3160
793 3161
342 3162
1695 3163
2550 3164
24 3165
832 3165
1288 3165
1431 3165
558 3166
24 3167
1642 3168
617 3169
323 3170
762 3170
1326 3170
1 3171
591 3171
2987 3171
1 3172
113 3172
1081 3172
1982 3172
4 3173
2060 3173
646 3174
2391 3174
16 3175
21 3176
228 3177
311 3178
732 3179
1990 3179
391 3180
2862 3180
412 3181
15 3182
15 3183
49 3184
91 3185
370 3186
510 3187
1237 3187
1387 3188
1504 3189
1993 3189
2107 3189
16 3190
2501 3190
1515 3191
210 3192
2267 3192
2689 3192
1516 3193
389 3194
33 3195
661 3196
1398 3196
1665 3196
592 3197
1366 3198
96 3199
481 3200
431 3201
694 3202
1331 3203
1263 3204
777 3205
785 3206
228 3207
1509 3208
1681 3209
96 3210
1312 3211
32 3212
198 3212
96 3213
39 3214
47 3214
59 3214
66 3214
104 3214
128 3214
157 3214
238 3214
677 3214
826 3214
955 3214
1046 3214
1072 3214
1646 3214
2545 3214
2978 3214
2269 3215
11 3216
363 3216
326 3217
55 3218
1331 3219
1 3220
113 3220
169 3220
336 3220
1758 3220
1982 3220
2549 3221
425 3222
536 3222
859 3223
1658 3223
1775 3224
160 3225
1 3226
113 3226
977 3226
1622 3226
1207 3227
925 3228
2960 3228
81 3229
236 3230
3206 3230
110 3231
2339 3232
947 3233
1663 3234
323 3235
542 3235
212 3236
2818 3236
185 3237
798 3238
1 3239
9 3239
14 3239
18 3239
146 3239
193 3239
258 3239
349 3239
842 3239
871 3239
881 3239
1265 3239
1567 3239
2082 3239
2210 3239
2411 3239
2502 3239
2874 3239
413 3240
986 3240
16 3241
2692 3242
1490 3243
3 3244
164 3244
178 3244
219 3244
1386 3244
2431 3244
2673 3244
13 3245
390 3245
397 3245
412 3245
1198 3245
2098 3245
2660 3245
2916 3245
212 3246
75 3247
96 3248
16 3249
95 3250
7 3251
85 3252
674 3253
2308 3253
3113 3253
2557 3254
977 3255
1372 3256
602 3257
1998 3257
104 3258
693 3258
8 3259
1399 3260
930 3261
1372 3262
16 3263
3214 3263
634 3264
328 3265
236 3266
1669 3266
1767 3267
2902 3267
1584 3268
33 3269
2315 3269
1334 3270
7 3271
2348 3271
659 3272
849 3272
1642 3272
3245 3272
181 3273
399 3274
973 3275
33 3276
1448 3277
955 3278
2593 3278
791 3279
2232 3280
1122 3281
494 3282
2862 3282
393 3283
448 3283
1472 3283
2314 3283
2942 3283
871 3284
93 3285
573 3286
1204 3286
2413 3286
2435 3286
7 3287
1546 3287
1696 3287
817 3288
921 3288
1197 3288
2714 3289
2335 3290
501 3291
1154 3292
1760 3293
417 3294
462 3294
795 3294
908 3294
1822 3294
3292 3294
2844 3295
707 3296
2133 3296
2721 3296
29 3297
567 3298
3281 3298
16 3299
67 3299
331 3299
2595 3300
1622 3301
96 3302
290 3303
85 3304
579 3305
185 3306
240 3307
2917 3307
1170 3308
2541 3309
3103 3309
1414 3310
17 3311
1408 3312
881 3313
1049 3313
2210 3313
2595 3313
2973 3313
96 3314
104 3315
505 3316
412 3317
1198 3317
3168 3317
2041 3318
591 3319
1175 3319
2123 3319
3303 3319
145 3320
146 3320
100 3321
717 3322
255 3323
492 3324
2787 3324
86 3325
1957 3325
88 3326
165 3326
241 3327
147 3328
2343 3328
17 3329
68 3330
1306 3331
2268 3332
1494 3333
741 3334
1134 3334
1970 3334
354 3335
2513 3336
591 3337
1569 3337
1601 3337
1689 3337
400 3338
104 3339
2 3340
203 3341
291 3341
307 3341
746 3341
759 3341
1846 3341
2524 3341
85 3342
164 3343
505 3343
1097 3343
1386 3343
3136 3344
817 3345
921 3345
2490 3345
341 3346
17 3347
3 3348
4 3348
7 3348
9 3348
146 3348
441 3348
501 3348
502 3348
505 3348
583 3348
589 3348
686 3348
808 3348
850 3348
923 3348
1164 3348
1746 3348
1996 3348
2163 3348
2385 3348
3074 3348
864 3349
2348 3350
2294 3351
67 3352
1061 3353
1445 3354
1834 3354
2619 3354
14 3355
2076 3355
33 3356
998 3357
169 3358
1177 3358
1549 3358
1878 3358
2277 3358
2514 3358
3092 3358
985 3359
913 3360
973 3360
1405 3360
3298 3360
1536 3361
15 3362
1648 3363
15 3364
67 3364
358 3364
763 3364
1319 3364
1612 3364
1943 3364
1971 3364
2082 3364
2451 3364
2 3365
142 3365
202 3365
502 3365
373 3366
1841 3367
156 3368
9 3369
527 3369
1844 3369
1 3370
4 3370
5 3370
6 3370
19 3370
46 3370
63 3370
142 3370
202 3370
258 3370
282 3370
311 3370
323 3370
349 3370
502 3370
701 3370
925 3370
1399 3370
1661 3370
1711 3370
2095 3370
2187 3370
2523 3370
2736 3370
3117 3370
3348 3370
577 3371
8 3372
86 3373
214 3374
711 3374
3046 3374
202 3375
3024 3376
2078 3377
2358 3377
5 3378
918 3378
43 3379
79 3379
96 3379
879 3379
1069 3379
1803 3379
2658 3379
2698 3379
1577 3380
1393 3381
1458 3381
2860 3381
881 3382
1049 3382
2210 3382
2595 3382
2973 3382
33 3383
440 3384
791 3384
338 3385
842 3385
2601 3385
2656 3385
3156 3385
15 3386
2548 3387
2630 3387
2771 3388
2502 3389
235 3390
2328 3391
8 3392
3348 3392
1 3393
2 3393
4 3393
7 3393
80 3393
106 3393
187 3393
277 3393
278 3393
297 3393
338 3393
376 3393
392 3393
399 3393
441 3393
542 3393
554 3393
666 3393
808 3393
842 3393
888 3393
987 3393
1186 3393
1395 3393
1414 3393
1507 3393
1685 3393
1917 3393
2105 3393
2153 3393
2256 3393
2866 3393
13 3394
1679 3394
1706 3394
1191 3395
701 3396
3157 3396
13 3397
1991 3398
564 3399
1559 3399
105 3400
464 3401
2294 3402
21 3403
2225 3404
576 3405
2062 3405
2940 3405
1083 3406
730 3407
837 3408
1459 3409
2530 3409
1097 3410
1843 3411
4 3412
255 3413
23 3414
2500 3415
3214 3416
1449 3417
3214 3417
871 3418
24 3419
380 3419
932 3419
1628 3419
2584 3419
3237 3419
3306 3419
2082 3420
1023 3421
501 3422
1775 3423
2325 3424
992 3425
730 3426
1379 3426
96 3427
15 3428
13 3429
1925 3430
15 3431
1738 3432
2029 3432
104 3433
1910 3434
342 3435
1918 3436
2038 3436
2188 3436
2261 3436
2606 3436
3036 3436
3388 3436
244 3437
1738 3438
10 3439
3100 3440
75 3441
791 3442
2204 3442
261 3443
17 3444
400 3445
75 3446
897 3447
2251 3448
2714 3449
36 3450
2891 3451
9 3452
16 3453
861 3454
390 3455
1879 3455
3422 3456
526 3457
648 3457
2349 3457
3267 3457
2983 3458
580 3459
2714 3460
511 3461
50 3462
1288 3463
1679 3464
1909 3464
3126 3464
3341 3465
3 3466
9 3467
6 3468
808 3468
1187 3468
1763 3468
881 3469
1049 3469
6 3470
8 3470
34 3470
1297 3470
1567 3470
1630 3470
1156 3471
2503 3471
501 3472
881 3472
2595 3472
2294 3473
1844 3474
10 3475
96 3476
320 3477
795 3477
3440 3478
15 3479
16 3480
2353 3481
88 3482
11 3483
83 3483
289 3483
77 3484
134 3484
1545 3484
2769 3484
1679 3485
1589 3486
526 3487
2137 3487
784 3488
338 3489
2601 3489
613 3490
32 3491
94 3492
1662 3492
638 3493
16 3494
390 3494
397 3494
428 3494
572 3494
758 3494
781 3494
824 3494
907 3494
1538 3494
2336 3494
65 3495
2088 3495
2268 3496
2268 3497
216 3498
1050 3498
23 3499
680 3500
1760 3501
2389 3501
2409 3501
3 3502
91 3503
1171 3503
3426 3504
468 3505
484 3506
2151 3506
863 3507
130 3508
2090 3508
2340 3508
3419 3508
4 3509
77 3509
1211 3509
1425 3509
2082 3509
1371 3510
23 3511
576 3512
103 3513
154 3513
171 3513
1330 3513
104 3514
613 3515
20 3516
1815 3516
696 3517
422 3518
2156 3518
1678 3519
325 3520
65 3521
386 3522
1245 3522
917 3523
764 3524
412 3525
414 3526
1125 3526
2121 3527
186 3528
15 3529
142 3529
154 3529
210 3529
324 3529
1643 3529
602 3530
96 3531
2599 3531
110 3532
2013 3533
1189 3534
718 3535
1503 3536
4 3537
10 3537
22 3537
83 3537
200 3537
202 3537
296 3537
297 3537
298 3537
349 3537
364 3537
671 3537
771 3537
977 3537
1741 3537
2872 3537
3081 3537
185 3538
3419 3538
2151 3539
1319 3540
96 3541
502 3542
33 3543
228 3543
24 3544
100 3545
1920 3545
780 3546
23 3547
247 3548
1304 3549
2459 3549
2835 3550
379 3551
740 3552
785 3553
637 3554
1332 3555
373 3556
914 3557
808 3558
1059 3559
434 3560
16 3561
1245 3562
2795 3562
2268 3563
156 3564
630 3564
23 3565
94 3566
1263 3567
2878 3567
134 3568
239 3568
1444 3568
1796 3568
4 3569
6 3569
19 3569
741 3569
808 3569
939 3569
1134 3569
1497 3569
1675 3569
1767 3569
1812 3569
3072 3569
3487 3569
2527 3570
501 3571
1346 3572
589 3573
645 3574
1433 3574
2221 3574
2303 3574
2328 3574
2796 3574
745 3575
85 3576
2448 3576
928 3577
1766 3577
325 3578
24 3579
1915 3580
1844 3581
1996 3581
2215 3581
2415 3581
443 3582
1912 3582
3162 3582
3435 3582
925 3583
1544 3583
3117 3583
3 3584
2535 3584
77 3585
700 3586
33 3587
96 3588
3334 3588
366 3589
15 3590
2519 3591
718 3592
3342 3592
23 3593
3202 3593
127 3594
379 3594
1504 3594
1984 3594
2946 3594
1515 3595
496 3596
2106 3596
2442 3597
185 3598
1477 3598
223 3599
2063 3599
2155 3599
757 3600
2225 3600
258 3601
160 3602
1126 3602
233 3603
1532 3604
1507 3605
212 3606
521 3607
13 3608
83 3608
412 3608
1136 3608
1469 3608
1763 3608
2916 3608
3147 3608
576 3609
391 3610
700 3611
1019 3612
1106 3612
1865 3612
9 3613
527 3613
896 3614
945 3614
981 3614
1394 3614
1939 3614
1954 3614
2026 3614
2865 3614
3285 3614
3088 3615
212 3616
674 3617
2103 3618
4 3619
1020 3620
791 3621
288 3622
2763 3622
3107 3622
160 3623
1242 3623
16 3624
49 3624
142 3624
2997 3624
326 3625
2476 3626
1242 3627
2251 3628
1661 3629
16 3630
2752 3630
3520 3630
996 3631
1020 3631
1314 3631
2576 3631
85 3632
328 3632
943 3632
1658 3632
2519 3632
431 3633
6 3634
59 3634
263 3634
300 3634
311 3634
425 3634
581 3634
714 3634
755 3634
773 3634
914 3634
1076 3634
1108 3634
1241 3634
1255 3634
1363 3634
1385 3634
1418 3634
1519 3634
1541 3634
1631 3634
1636 3634
1712 3634
2199 3634
2290 3634
2317 3634
2321 3634
2359 3634
2376 3634
2503 3634
2571 3634
2732 3634
2901 3634
3012 3634
3075 3634
3155 3634
3210 3634
3248 3634
3302 3634
3531 3634
817 3635
2490 3635
3183 3635
323 3636
254 3637
92 3638
2501 3638
1304 3639
120 3640
442 3640
1373 3640
2502 3640
2986 3640
408 3641
3366 3641
79 3642
23 3643
52 3644
156 3644
501 3644
619 3644
629 3644
21 3645
666 3645
13 3646
2284 3646
2589 3646
2476 3647
2627 3647
1580 3648
1187 3649
591 3650
1895 3651
2841 3652
2348 3653
1727 3654
9 3655
851 3655
349 3656
671 3656
1232 3656
2457 3656
323 3657
1965 3657
808 3658
16 3659
142 3659
776 3660
1452 3661
741 3662
212 3663
3028 3664
2914 3665
164 3666
174 3667
826 3667
2201 3668
1515 3669
1 3670
169 3670
36 3671
169 3672
633 3672
1111 3672
2884 3672
158 3673
1690 3673
1996 3674
2 3675
235 3676
4 3677
21 3678
1013 3678
2557 3678
2656 3678
23 3679
1 3680
4 3680
7 3680
147 3680
398 3680
501 3680
502 3680
1543 3680
2095 3680
2526 3680
3474 3680
16 3681
2997 3681
591 3682
892 3682
335 3683
29 3684
1334 3685
79 3686
2107 3686
2344 3686
17 3687
3494 3687
46 3688
1 3689
18 3689
286 3689
445 3689
608 3689
871 3689
893 3689
1507 3689
2082 3689
2578 3689
2719 3690
103 3691
154 3691
171 3691
2257 3692
2396 3692
2700 3692
3559 3692
1370 3693
16 3694
3582 3695
28 3696
95 3697
50 3698
4 3699
213 3700
426 3700
105 3701
450 3702
941 3702
1386 3703
81 3704
16 3705
1484 3706
3614 3707
279 3708
733 3708
1868 3708
882 3709
1335 3710
2642 3710
2747 3710
643 3711
161 3712
392 3712
1581 3712
3708 3712
13 3713
1909 3713
2032 3713
1242 3714
1827 3715
1983 3715
33 3716
2380 3716
15 3717
316 3718
32 3719
384 3719
1996 3720
861 3721
33 3722
2406 3722
3147 3722
2251 3723
234 3724
533 3725
1125 3725
2426 3725
2138 3726
2565 3726
2082 3727
472 3728
1786 3728
2907 3728
1679 3729
2474 3730
3283 3731
87 3732
765 3732
567 3733
1679 3734
110 3735
2253 3735
194 3736
2319 3737
99 3738
2329 3739
483 3740
907 3740
46 3741
63 3741
349 3741
701 3741
2095 3741
2736 3741
3348 3741
435 3742
4 3743
1136 3744
1469 3744
2916 3744
3147 3744
915 3745
3600 3746
1083 3747
3283 3748
1589 3749
471 3750
613 3750
5 3751
881 3751
896 3752
1706 3752
1530 3753
1334 3754
2041 3755
16 3756
49 3756
142 3756
717 3757
328 3758
836 3759
3668 3759
1 3760
1760 3761
2389 3761
87 3762
2507 3762
6 3763
923 3763
1134 3763
1212 3763
1497 3763
2060 3763
2182 3763
2960 3763
3047 3763
3457 3763
398 3764
620 3764
2355 3764
3201 3764
12 3765
96 3766
3634 3766
798 3767
96 3768
2908 3769
2965 3769
1672 3770
107 3771
1590 3771
218 3772
29 3773
1187 3773
3035 3774
4 3775
622 3776
2484 3777
10 3778
63 3778
149 3778
360 3778
399 3778
413 3778
514 3778
812 3778
883 3778
1552 3778
1619 3778
2189 3778
2332 3778
2468 3778
2497 3778
2620 3778
2634 3778
2897 3778
3092 3778
3269 3778
3276 3778
3383 3778
3722 3778
1118 3779
239 3780
1444 3780
427 3781
15 3782
233 3783
777 3784
2287 3784
3772 3784
1857 3785
1924 3786
326 3787
2391 3788
1253 3789
2406 3790
3147 3790
353 3791
80 3792
85 3792
868 3793
20 3794
213 3795
311 3796
1387 3797
2902 3798
1449 3799
1051 3800
2144 3800
2576 3800
958 3801
1543 3801
3189 3802
2005 3803
110 3804
315 3804
2518 3804
185 3805
1489 3806
1109 3807
3484 3807
1622 3808
110 3809
315 3809
147 3810
2343 3810
319 3811
54 3812
1854 3813
3334 3814
501 3815
1338 3815
518 3816
854 3816
1007 3816
1670 3816
1775 3816
1218 3817
2476 3817
538 3818
2819 3818
998 3819
6 3820
10 3820
363 3820
1468 3820
1661 3820
1669 3820
2526 3820
3689 3820
86 3821
96 3822
146 3822
1161 3822
670 3823
1623 3824
1914 3824
2895 3824
9 3825
284 3826
306 3826
564 3826
899 3826
1561 3826
2085 3826
3185 3826
907 3827
2336 3827
3687 3827
1775 3828
955 3829
1334 3830
1334 3831
29 3832
2476 3833
87 3834
2867 3834
337 3835
973 3835
13 3836
83 3836
1136 3836
1469 3836
96 3837
164 3838
956 3838
1097 3838
6 3839
1429 3839
2372 3839
542 3840
139 3841
1470 3841
567 3842
104 3843
32 3844
2005 3845
1841 3846
1284 3847
1845 3848
328 3849
943 3849
2288 3850
3172 3850
2841 3851
55 3852
657 3853
3189 3853
2869 3854
3852 3854
2288 3855
391 3856
583 3856
613 3856
741 3856
992 3856
1608 3856
2431 3856
8 3857
738 3858
3716 3858
373 3859
15 3860
3153 3861
100 3862
483 3863
6 3864
1187 3864
83 3865
258 3866
1895 3867
590 3868
81 3869
90 3870
24 3871
3719 3871
1544 3872
341 3873
503 3873
1173 3873
6 3874
61 3874
1481 3875
1738 3875
234 3876
81 3877
2081 3878
2477 3878
2268 3879
2 3880
7 3880
80 3880
145 3880
190 3880
202 3880
453 3880
526 3880
554 3880
808 3880
827 3880
1944 3880
2030 3880
2644 3880
2996 3880
2998 3880
3156 3880
1387 3881
435 3882
1802 3883
998 3884
29 3885
241 3886
2617 3886
2502 3887
2912 3888
65 3889
707 3889
2704 3889
712 3890
852 3890
1 3891
591 3891
2543 3891
2987 3891
1213 3892
242 3893
1294 3894
105 3895
9 3896
897 3896
2707 3896
85 3897
228 3898
1738 3898
9 3899
836 3900
1743 3901
2773 3901
1538 3902
1799 3903
1 3904
2431 3904
233 3905
2868 3905
3200 3905
2 3906
142 3906
202 3906
57 3907
309 3907
1225 3907
1363 3907
2093 3907
2997 3907
3279 3907
207 3908
1994 3908
389 3909
149 3910
174 3911
1691 3912
591 3913
1239 3914
1200 3915
1577 3915
1683 3915
2133 3915
602 3916
1939 3917
2012 3917
122 3918
1617 3918
2408 3919
23 3920
1635 3921
1673 3921
1761 3921
2837 3921
505 3922
1061 3922
2163 3922
24 3923
242 3924
408 3924
2078 3925
854 3926
9 3927
2 3928
33 3929
16 3930
461 3931
1548 3932
3634 3933
4 3934
212 3935
2 3936
11 3936
16 3936
49 3936
65 3936
116 3936
142 3936
309 3936
1372 3936
1489 3936
1896 3936
2254 3936
2689 3936
3074 3936
96 3937
13 3938
478 3938
1375 3938
1889 3938
775 3939
3632 3939
868 3940
14 3941
153 3941
865 3941
810 3942
1674 3942
1917 3942
1464 3943
3916 3943
2660 3944
2678 3944
3576 3945
1896 3946
712 3947
1841 3948
7 3949
526 3949
613 3950
110 3951
1154 3951
1459 3952
181 3953
3088 3953
9 3954
107 3954
527 3954
6 3955
2041 3956
412 3957
3147 3957
1195 3958
13 3959
1679 3959
592 3960
13 3961
430 3962
1666 3962
341 3963
1541 3963
14 3964
3839 3964
40 3965
927 3966
1444 3966
1490 3966
1796 3966
2266 3966
2286 3966
2391 3966
3425 3966
2719 3967
2606 3968
96 3969
955 3970
1512 3971
550 3972
1772 3972
1837 3972
180 3973
1124 3973
836 3974
3406 3974
6 3975
2762 3976
463 3977
3235 3977
17 3978
659 3978
1620 3978
96 3979
2053 3979
1775 3980
1126 3981
591 3982
1996 3983
1466 3984
2539 3984
255 3985
463 3985
1970 3986
2141 3986
6 3987
61 3987
65 3988
2165 3988
152 3989
1052 3990
123 3991
2286 3991
1030 3992
526 3993
800 3993
1218 3993
1595 3993
1674 3993
2195 3993
3370 3993
58 3994
1196 3994
798 3995
3563 3996
708 3997
775 3997
823 3997
863 3997
864 3997
1047 3997
1357 3997
1530 3997
1921 3997
2162 3997
2500 3997
2544 3997
3019 3997
3304 3997
3792 3997
3897 3997
53 3998
1500 3999
717 4000
2325 4000
2353 4000
