27	12615	1
33	3649	1
42	4387	1
54	3956	1
54	15950	1
68	1704	1
76	18190	1
78	1135	1
78	5218	1
95	1014	1
95	2528	1
95	3027	1
95	7952	1
95	16497	1
112	12615	1
116	8007	1
122	7236	1
124	19238	1
126	1231	1
126	2556	1
126	7645	1
126	8206	1
126	8700	1
126	9509	1
126	10439	1
126	11521	1
134	7950	1
136	2785	1
144	4084	1
164	1014	1
165	2556	1
165	3956	1
166	1014	1
170	6343	1
176	13219	1
191	13752	1
193	3759	1
193	10017	1
207	3956	1
211	412	1
211	1231	1
211	7645	1
211	8922	1
248	12975	1
252	2528	1
252	5191	1
252	12499	1
252	19012	1
253	1014	1
257	1231	1
265	8122	1
265	8196	1
268	8007	1
283	3419	1
283	3956	1
283	14700	1
288	2783	1
288	10439	1
290	2572	1
290	2714	1
290	10202	1
290	13883	1
292	6757	1
292	13273	1
292	14608	1
293	12270	1
293	16036	1
294	14867	1
299	1883	1
299	7877	1
299	8206	1
299	11340	1
303	14867	1
311	3674	1
322	602	1
335	8274	1
362	16823	1
363	851	1
363	7913	1
370	602	1
376	2399	1
376	2885	1
376	7654	1
376	12798	1
391	362	1
391	368	1
391	412	1
391	1348	1
391	1560	1
391	3768	1
391	3853	1
391	4308	1
391	4681	1
391	8116	1
391	13422	1
391	16879	1
393	496	1
393	1686	1
393	2944	1
393	3317	1
393	4321	1
393	6410	1
393	8568	1
393	9380	1
393	9584	1
393	10758	1
393	13126	1
393	16160	1
393	16663	1
393	18411	1
404	3694	1
404	7446	1
404	13708	1
404	15837	1
409	2916	1
409	4389	1
409	5889	1
409	13126	1
409	13783	1
412	112	1
412	211	1
412	215	1
412	259	1
412	283	1
412	360	1
412	446	1
412	547	1
412	616	1
412	694	1
412	814	1
412	843	1
412	845	1
412	873	1
412	886	1
412	981	1
412	1006	1
412	1014	1
412	1162	1
412	1366	1
412	1377	1
412	1386	1
412	1568	1
412	2208	1
412	2248	1
412	2503	1
412	2508	1
412	2533	1
412	2556	1
412	2795	1
412	2879	1
412	3048	1
412	3173	1
412	3252	1
412	3281	1
412	3429	1
412	3752	1
412	3918	1
412	3932	1
412	3956	1
412	3982	1
412	4066	1
412	4211	1
412	4255	1
412	4444	1
412	4561	1
412	4680	1
412	5092	1
412	5324	1
412	5755	1
412	5805	1
412	5889	1
412	6402	1
412	6989	1
412	7382	1
412	7678	1
412	8497	1
412	9694	1
412	10983	1
412	11736	1
412	12606	1
412	12878	1
412	12913	1
412	13218	1
412	13423	1
412	13426	1
412	13520	1
412	13575	1
412	13608	1
412	14020	1
412	14508	1
412	14524	1
412	14698	1
412	14834	1
412	15651	1
412	16118	1
412	16163	1
412	16199	1
412	16776	1
412	17671	1
412	17812	1
412	18426	1
412	18728	1
412	19013	1
419	3317	1
419	7432	1
419	13987	1
421	10513	1
436	3956	1
436	7654	1
446	3569	1
446	13819	1
452	5637	1
452	15190	1
496	393	1
505	16239	1
515	8007	1
521	2360	1
522	13912	1
523	2248	1
523	7388	1
523	18560	1
527	12615	1
547	412	1
547	1377	1
547	5177	1
547	6058	1
547	6705	1
547	7211	1
547	7644	1
547	7654	1
547	7751	1
563	3292	1
577	577	1
596	3649	1
615	12352	1
616	412	1
616	2795	1
616	5176	1
622	8275	1
623	2781	1
623	12162	1
623	12293	1
623	17066	1
630	2013	1
630	3580	1
638	3317	1
638	8307	1
677	677	1
677	1751	1
677	8534	1
679	1368	1
679	15710	1
691	1377	1
691	3204	1
691	13108	1
691	17181	1
693	1213	1
693	4063	1
694	2352	1
694	5943	1
694	11240	1
694	12321	1
694	13106	1
700	12615	1
712	7718	1
712	10204	1
730	2652	1
730	4363	1
730	5891	1
730	10637	1
730	13127	1
754	8700	1
770	572	1
778	1014	1
788	873	1
788	12083	1
791	3318	1
791	3752	1
791	4422	1
799	3671	1
799	3970	1
799	4308	1
799	5126	1
808	2949	1
814	5176	1
843	412	1
843	1377	1
843	7872	1
850	5734	1
851	363	1
855	1541	1
855	6023	1
869	6893	1
872	3649	1
872	16660	1
877	2005	1
877	3047	1
878	95	1
878	3102	1
878	4847	1
878	5176	1
878	6056	1
878	6142	1
878	6498	1
878	7784	1
878	8534	1
878	9526	1
878	10758	1
878	10814	1
878	13126	1
878	15045	1
878	17131	1
878	17845	1
878	19220	1
885	7971	1
885	9283	1
885	17397	1
888	3568	1
897	3956	1
906	13374	1
917	1775	1
917	3766	1
924	1092	1
924	2379	1
924	4063	1
951	6596	1
951	8657	1
951	9584	1
951	17128	1
957	3738	1
957	7750	1
964	4596	1
964	7756	1
964	10198	1
964	11741	1
981	2879	1
981	16991	1
999	1014	1
1006	412	1
1006	3674	1
1013	6893	1
1014	91	1
1014	95	1
1014	131	1
1014	144	1
1014	164	1
1014	166	1
1014	253	1
1014	283	1
1014	635	1
1014	639	1
1014	778	1
1014	801	1
1014	843	1
1014	873	1
1014	981	1
1014	999	1
1014	1006	1
1014	1115	1
1014	1162	1
1014	1213	1
1014	1321	1
1014	1348	1
1014	1377	1
1014	1425	1
1014	1428	1
1014	1481	1
1014	1541	1
1014	1560	1
1014	1662	1
1014	1697	1
1014	1750	1
1014	1766	1
1014	1791	1
1014	1804	1
1014	1883	1
1014	2042	1
1014	2114	1
1014	2527	1
1014	2607	1
1014	2668	1
1014	2769	1
1014	2794	1
1014	2795	1
1014	2879	1
1014	2969	1
1014	3272	1
1014	3391	1
1014	3429	1
1014	3468	1
1014	3489	1
1014	3768	1
1014	3853	1
1014	4008	1
1014	4156	1
1014	4211	1
1014	4266	1
1014	4308	1
1014	4681	1
1014	5092	1
1014	5543	1
1014	5582	1
1014	5755	1
1014	5805	1
1014	5832	1
1014	6059	1
1014	6316	1
1014	6685	1
1014	6989	1
1014	7732	1
1014	8384	1
1014	8498	1
1014	8619	1
1014	8699	1
1014	9427	1
1014	9825	1
1014	10378	1
1014	10400	1
1014	11181	1
1014	11242	1
1014	11934	1
1014	12640	1
1014	13066	1
1014	13193	1
1014	13422	1
1014	13424	1
1014	13556	1
1014	13667	1
1014	13732	1
1014	14020	1
1014	14260	1
1014	14608	1
1014	14802	1
1014	15318	1
1014	15496	1
1014	15566	1
1014	16469	1
1014	16494	1
1014	16945	1
1014	17270	1
1014	17498	1
1014	17646	1
1014	18134	1
1014	18189	1
1014	18491	1
1022	600	1
1022	1378	1
1022	1523	1
1022	1768	1
1022	3328	1
1022	6329	1
1022	7774	1
1022	8920	1
1022	13126	1
1022	13816	1
1024	1452	1
1024	1472	1
1024	10318	1
1026	3970	1
1038	3693	1
1069	9294	1
1070	288	1
1070	1585	1
1070	2414	1
1070	3650	1
1070	5307	1
1070	5763	1
1070	9662	1
1070	11571	1
1070	13488	1
1070	14799	1
1070	16359	1
1070	17202	1
1070	17644	1
1070	17688	1
1070	18024	1
1070	18821	1
1092	108	1
1092	539	1
1092	2556	1
1092	2759	1
1092	5160	1
1092	6732	1
1092	9584	1
1092	9796	1
1092	13218	1
1092	15641	1
1092	16117	1
1101	793	1
1101	1515	1
1101	2957	1
1101	6753	1
1101	6962	1
1101	7815	1
1101	9581	1
1101	11934	1
1101	14904	1
1103	2594	1
1103	3970	1
1103	5886	1
1103	7382	1
1115	1014	1
1123	2572	1
1123	16401	1
1131	1231	1
1135	78	1
1135	333	1
1135	5218	1
1136	9638	1
1141	1218	1
1143	10019	1
1143	15931	1
1144	7952	1
1149	1149	1
1149	1227	1
1149	15265	1
1155	95	1
1155	1686	1
1155	3102	1
1155	3317	1
1155	5437	1
1155	13066	1
1162	412	1
1162	1014	1
1168	95	1
1168	4172	1
1168	5889	1
1168	7266	1
1168	12975	1
1168	13126	1
1174	12643	1
1174	16161	1
1177	1177	1
1193	5317	1
1194	1752	1
1197	8700	1
1209	1373	1
1209	2713	1
1209	2898	1
1209	5889	1
1209	8337	1
1209	8409	1
1209	9524	1
1209	10017	1
1209	17838	1
1213	1014	1
1213	2795	1
1213	3956	1
1213	8405	1
1218	368	1
1218	1141	1
1218	1231	1
1218	1917	1
1218	6313	1
1218	7184	1
1218	7877	1
1218	8110	1
1218	9197	1
1218	9382	1
1218	11934	1
1218	12227	1
1218	13024	1
1218	13126	1
1218	13587	1
1218	13816	1
1218	14479	1
1218	14801	1
1218	14834	1
1218	15556	1
1218	16716	1
1218	17671	1
1220	327	1
1220	769	1
1220	981	1
1220	1034	1
1220	1267	1
1220	1348	1
1220	1377	1
1220	1425	1
1220	1560	1
1220	1767	1
1220	1917	1
1220	2795	1
1220	3119	1
1220	3768	1
1220	3851	1
1220	3853	1
1220	4063	1
1220	4308	1
1220	5266	1
1220	8116	1
1220	8983	1
1220	9323	1
1220	9351	1
1220	10138	1
1220	12774	1
1220	13422	1
1220	13667	1
1220	13732	1
1227	981	1
1227	1031	1
1227	1149	1
1227	1197	1
1227	1570	1
1227	1747	1
1227	3531	1
1227	3742	1
1227	3982	1
1227	5136	1
1227	6893	1
1227	7585	1
1227	8289	1
1227	11267	1
1227	12613	1
1227	13424	1
1227	15445	1
1230	4826	1
1230	11270	1
1230	16627	1
1231	126	1
1231	211	1
1231	257	1
1231	299	1
1231	639	1
1231	1040	1
1231	1131	1
1231	1166	1
1231	1231	1
1231	1767	1
1231	1917	1
1231	2189	1
1231	2292	1
1231	2502	1
1231	3368	1
1231	3531	1
1231	5711	1
1231	5872	1
1231	6619	1
1231	6835	1
1231	10400	1
1231	11340	1
1231	11440	1
1231	12253	1
1231	12318	1
1231	12427	1
1231	12540	1
1231	12688	1
1231	13005	1
1231	15651	1
1231	16315	1
1231	16688	1
1231	16955	1
1231	17850	1
1231	18709	1
1231	19162	1
1231	19281	1
1231	19420	1
1236	6372	1
1236	7469	1
1270	14867	1
1272	1377	1
1274	5073	1
1287	3674	1
1297	15095	1
1302	958	1
1302	3317	1
1302	3651	1
1302	5969	1
1302	11571	1
1302	13488	1
1302	17202	1
1302	18619	1
1302	19012	1
1307	3767	1
1309	1491	1
1309	2163	1
1309	5758	1
1309	7714	1
1309	11572	1
1309	11797	1
1309	15098	1
1338	8246	1
1342	10707	1
1343	4845	1
1343	13126	1
1345	2795	1
1348	1014	1
1362	3956	1
1362	8575	1
1368	1506	1
1368	3310	1
1368	3329	1
1368	5157	1
1368	7717	1
1368	15607	1
1370	7872	1
1370	7877	1
1374	7044	1
1377	20	1
1377	253	1
1377	379	1
1377	412	1
1377	547	1
1377	814	1
1377	843	1
1377	1014	1
1377	1272	1
1377	1506	1
1377	1519	1
1377	1617	1
1377	2474	1
1377	2542	1
1377	2667	1
1377	3429	1
1377	3489	1
1377	3597	1
1377	4008	1
1377	4977	1
1377	5136	1
1377	5342	1
1377	6346	1
1377	8040	1
1377	9283	1
1377	11672	1
1377	11740	1
1377	11745	1
1377	11999	1
1377	12317	1
1377	12318	1
1377	12501	1
1377	13040	1
1377	13216	1
1377	13818	1
1377	13881	1
1377	13942	1
1377	14699	1
1377	14900	1
1377	15044	1
1377	15926	1
1377	16275	1
1377	16402	1
1377	16627	1
1377	18079	1
1377	18105	1
1377	18215	1
1377	18378	1
1377	18621	1
1377	18946	1
1377	19280	1
1377	19555	1
1377	19571	1
1381	13193	1
1384	164	1
1384	9294	1
1386	2795	1
1386	3674	1
1386	3956	1
1391	412	1
1391	6022	1
1425	1014	1
1428	1014	1
1429	2652	1
1453	2292	1
1453	3149	1
1453	3316	1
1453	4388	1
1453	7713	1
1453	9423	1
1453	11436	1
1453	11440	1
1453	13820	1
1453	16160	1
1453	17611	1
1453	18411	1
1454	16121	1
1456	3674	1
1470	1506	1
1476	694	1
1476	1631	1
1476	1951	1
1476	2293	1
1476	3240	1
1476	5281	1
1476	11286	1
1476	11987	1
1476	12253	1
1476	16117	1
1476	16879	1
1476	18881	1
1489	7079	1
1489	12186	1
1498	3570	1
1506	252	1
1506	1368	1
1506	1377	1
1506	1470	1
1506	3091	1
1506	3148	1
1506	3489	1
1506	6498	1
1506	11141	1
1510	6705	1
1510	8246	1
1515	2924	1
1515	6058	1
1522	6757	1
1541	283	1
1541	381	1
1541	547	1
1541	616	1
1541	814	1
1541	1174	1
1541	2508	1
1541	2555	1
1541	3102	1
1541	3391	1
1541	3557	1
1541	3558	1
1541	3621	1
1541	3661	1
1541	3982	1
1541	4225	1
1541	4255	1
1541	4787	1
1541	4943	1
1541	5092	1
1541	5324	1
1541	5364	1
1541	5385	1
1541	5543	1
1541	5659	1
1541	5712	1
1541	5889	1
1541	6223	1
1541	6894	1
1541	6960	1
1541	6986	1
1541	6989	1
1541	7346	1
1541	7651	1
1541	7843	1
1541	7949	1
1541	8791	1
1541	9824	1
1541	9828	1
1541	10302	1
1541	10817	1
1541	11737	1
1541	12797	1
1541	13271	1
1541	13518	1
1541	13679	1
1541	13816	1
1541	13942	1
1541	14144	1
1541	14413	1
1541	14702	1
1541	14942	1
1541	15361	1
1541	15564	1
1541	15646	1
1541	15858	1
1541	16313	1
1541	16433	1
1541	16687	1
1541	16992	1
1541	17811	1
1541	17949	1
1541	18231	1
1541	18350	1
1541	18426	1
1541	18924	1
1541	19219	1
1560	3649	1
1560	3674	1
1585	1070	1
1585	3650	1
1585	5307	1
1585	9662	1
1585	16359	1
1585	17644	1
1586	845	1
1586	18946	1
1608	869	1
1631	11989	1
1635	3674	1
1635	11521	1
1636	3430	1
1636	6962	1
1639	1257	1
1639	1895	1
1639	2955	1
1639	18448	1
1646	692	1
1647	634	1
1647	2630	1
1647	2947	1
1647	16276	1
1659	7188	1
1674	2652	1
1685	10201	1
1685	14426	1
1686	3570	1
1688	5238	1
1691	1201	1
1691	3969	1
1691	4948	1
1691	9639	1
1691	10515	1
1691	10636	1
1691	16432	1
1691	16498	1
1691	18705	1
1691	19161	1
1695	9001	1
1697	3956	1
1711	2969	1
1711	2992	1
1711	3570	1
1711	4788	1
1711	8010	1
1711	13193	1
1737	3970	1
1737	11933	1
1737	13585	1
1749	14375	1
1751	677	1
1751	761	1
1751	1064	1
1751	3016	1
1751	7295	1
1751	11529	1
1751	12082	1
1752	1194	1
1752	2342	1
1752	15134	1
1752	17062	1
1755	4521	1
1766	123	1
1766	1014	1
1766	1198	1
1766	2936	1
1766	3916	1
1766	7561	1
1766	9527	1
1766	15605	1
1767	1231	1
1767	1883	1
1767	3956	1
1767	15358	1
1767	16955	1
1768	5663	1
1768	14867	1
1768	17721	1
1775	917	1
1784	3027	1
1791	1014	1
1792	1631	1
1792	1871	1
1792	2062	1
1792	2856	1
1792	5473	1
1792	6102	1
1792	6989	1
1792	7525	1
1792	7646	1
1792	8824	1
1792	13814	1
1803	5924	1
1804	1014	1
1814	4788	1
1817	368	1
1817	981	1
1817	1541	1
1817	1784	1
1817	6022	1
1817	6059	1
1817	10756	1
1817	11087	1
1817	12428	1
1817	13422	1
1823	6373	1
1824	5943	1
1825	1224	1
1825	3575	1
1825	5322	1
1825	6498	1
1825	11492	1
1825	13126	1
1825	15359	1
1825	15859	1
1833	13944	1
1840	3956	1
1840	9119	1
1842	689	1
1842	6499	1
1843	1848	1
1843	3337	1
1846	3970	1
1846	5427	1
1846	13722	1
1847	11521	1
1848	1843	1
1848	4655	1
1848	12038	1
1856	8153	1
1856	11337	1
1856	16076	1
1857	161	1
1857	2066	1
1857	4826	1
1857	4943	1
1857	5872	1
1857	6962	1
1857	7654	1
1857	10400	1
1857	11819	1
1860	252	1
1860	3016	1
1860	3970	1
1860	12360	1
1871	9581	1
1872	2144	1
1881	5393	1
1881	10758	1
1883	299	1
1883	368	1
1883	741	1
1883	1014	1
1883	1197	1
1883	1767	1
1883	1904	1
1883	2473	1
1883	2795	1
1883	3683	1
1883	3853	1
1883	4805	1
1883	5071	1
1883	5342	1
1883	6059	1
1883	7645	1
1883	7651	1
1883	7760	1
1883	11086	1
1883	11238	1
1883	11571	1
1883	13819	1
1883	15135	1
1883	15899	1
1883	16122	1
1883	18857	1
1883	19220	1
1884	15322	1
1889	225	1
1889	252	1
1889	3970	1
1895	6414	1
1895	11085	1
1895	12388	1
1895	13126	1
1895	13816	1
1898	13786	1
1906	4322	1
1917	1218	1
1917	4826	1
1917	7645	1
1917	7877	1
1917	8700	1
1917	11340	1
1917	16688	1
1917	16955	1
1917	17642	1
1921	7872	1
1921	11521	1
1921	14231	1
1935	196	1
1945	12798	1
1945	18946	1
1950	3956	1
1951	2949	1
1951	2957	1
1951	3389	1
1951	3419	1
1951	8143	1
1951	10380	1
1951	12568	1
1951	13654	1
1951	15950	1
1957	12762	1
1957	13816	1
1959	1560	1
1959	2714	1
1959	3768	1
1968	13105	1
1983	11630	1
2005	1306	1
2005	11084	1
2005	18491	1
2005	19115	1
2013	7160	1
2018	5047	1
2018	7562	1
2018	9697	1
2018	10019	1
2018	16715	1
2020	16185	1
2035	761	1
2035	1452	1
2035	1686	1
2035	5156	1
2035	7498	1
2035	15281	1
2035	18045	1
2036	2036	1
2038	3970	1
2038	6992	1
2038	7211	1
2038	7429	1
2038	7654	1
2038	13012	1
2042	1014	1
2075	4068	1
2075	5799	1
2075	12540	1
2075	18426	1
2119	2119	1
2132	10019	1
2144	5831	1
2144	17468	1
2144	18119	1
2153	3917	1
2171	16994	1
2173	19008	1
2189	1231	1
2189	18004	1
2190	5922	1
2197	6893	1
2208	293	1
2208	412	1
2208	6023	1
2208	6962	1
2208	7407	1
2208	11699	1
2208	12880	1
2240	299	1
2240	1767	1
2240	2556	1
2240	3973	1
2240	4387	1
2240	10439	1
2240	11340	1
2240	12253	1
2240	12465	1
2240	12466	1
2240	14444	1
2240	16631	1
2244	3093	1
2246	11091	1
2248	523	1
2248	1092	1
2253	5214	1
2254	18448	1
2257	5501	1
2261	3674	1
2271	9230	1
2272	13193	1
2272	13300	1
2290	1200	1
2292	3368	1
2292	3570	1
2292	3674	1
2292	4946	1
2292	7645	1
2292	7872	1
2292	7877	1
2292	7953	1
2292	8311	1
2292	8405	1
2292	8696	1
2292	11340	1
2292	13236	1
2292	15494	1
2292	15860	1
2292	16239	1
2292	16315	1
2292	16625	1
2292	16688	1
2303	3368	1
2309	5073	1
2309	16994	1
2319	1814	1
2319	8959	1
2319	13503	1
2319	13883	1
2319	15050	1
2320	12615	1
2327	5028	1
2331	4502	1
2331	8114	1
2331	14973	1
2342	1752	1
2352	694	1
2352	2040	1
2352	3982	1
2352	7466	1
2352	9764	1
2352	13126	1
2352	16777	1
2352	17642	1
2352	18192	1
2353	2556	1
2353	2635	1
2353	13904	1
2353	18047	1
2360	521	1
2360	7342	1
2360	18560	1
2361	9638	1
2363	8007	1
2378	5177	1
2379	924	1
2399	376	1
2399	8919	1
2399	11140	1
2399	12975	1
2408	10382	1
2420	2119	1
2420	2420	1
2427	368	1
2427	1560	1
2427	3768	1
2427	3853	1
2427	4308	1
2427	16879	1
2428	18294	1
2430	2944	1
2437	15950	1
2464	13126	1
2474	5541	1
2479	2479	1
2489	7323	1
2502	1231	1
2503	412	1
2505	18004	1
2508	2795	1
2508	3674	1
2508	12038	1
2508	12390	1
2517	11896	1
2517	12501	1
2528	95	1
2528	3033	1
2528	4389	1
2528	7466	1
2528	10635	1
2528	10925	1
2528	12643	1
2528	13126	1
2532	2795	1
2533	412	1
2533	2936	1
2533	3091	1
2533	3974	1
2533	4101	1
2533	4849	1
2533	8482	1
2533	8534	1
2533	9527	1
2533	10925	1
2533	11189	1
2533	13126	1
2533	13942	1
2533	15450	1
2533	15495	1
2535	3956	1
2542	8007	1
2556	126	1
2556	2556	1
2556	3981	1
2556	7054	1
2556	8460	1
2556	8467	1
2556	8788	1
2556	13004	1
2557	6341	1
2565	12975	1
2571	14243	1
2572	2838	1
2572	3956	1
2572	6377	1
2583	9089	1
2583	15492	1
2583	16826	1
2586	3997	1
2586	8274	1
2587	1791	1
2587	1951	1
2587	4870	1
2587	6214	1
2587	6309	1
2587	6685	1
2587	6962	1
2587	11521	1
2587	13066	1
2587	15250	1
2594	684	1
2594	1103	1
2595	9584	1
2595	13126	1
2602	2080	1
2602	10263	1
2610	3570	1
2610	9001	1
2618	8786	1
2618	13219	1
2630	1647	1
2640	3649	1
2640	15322	1
2652	1429	1
2652	1674	1
2652	1926	1
2652	4307	1
2652	5278	1
2652	6346	1
2652	6992	1
2652	7016	1
2652	11391	1
2652	13302	1
2652	13915	1
2652	14700	1
2652	17770	1
2652	18426	1
2652	18679	1
2652	18923	1
2652	19602	1
2667	1377	1
2667	3674	1
2667	7284	1
2668	1014	1
2668	3956	1
2670	7646	1
2713	85	1
2713	1231	1
2713	18263	1
2729	14646	1
2737	7645	1
2741	52	1
2741	18004	1
2747	8434	1
2747	13909	1
2747	14261	1
2747	14326	1
2748	3956	1
2762	3581	1
2762	4579	1
2762	5176	1
2762	6167	1
2762	6956	1
2762	7622	1
2762	7872	1
2762	8736	1
2762	10318	1
2762	10921	1
2762	12642	1
2762	14478	1
2762	14736	1
2762	14901	1
2762	14902	1
2762	16531	1
2762	17183	1
2762	17571	1
2762	17884	1
2762	18191	1
2783	288	1
2783	745	1
2783	3073	1
2783	3317	1
2783	3341	1
2783	3895	1
2783	5070	1
2783	5710	1
2783	6307	1
2783	6753	1
2783	6916	1
2783	7649	1
2783	10319	1
2783	11438	1
2783	11987	1
2783	13126	1
2783	13816	1
2783	16122	1
2783	16663	1
2783	18229	1
2785	136	1
2785	523	1
2785	3091	1
2785	4522	1
2785	4826	1
2785	4968	1
2785	6989	1
2785	7615	1
2785	7717	1
2785	8534	1
2785	11709	1
2785	12914	1
2785	13819	1
2785	14974	1
2794	3956	1
2794	8246	1
2794	15358	1
2794	16045	1
2795	368	1
2795	616	1
2795	981	1
2795	1014	1
2795	1213	1
2795	1345	1
2795	1386	1
2795	1635	1
2795	1749	1
2795	2261	1
2795	2429	1
2795	2508	1
2795	2532	1
2795	2586	1
2795	2838	1
2795	2923	1
2795	2969	1
2795	3281	1
2795	3367	1
2795	3489	1
2795	3557	1
2795	3752	1
2795	3768	1
2795	3853	1
2795	3927	1
2795	4008	1
2795	4063	1
2795	4291	1
2795	4561	1
2795	5071	1
2795	5136	1
2795	5178	1
2795	5255	1
2795	5364	1
2795	6059	1
2795	6992	1
2795	7053	1
2795	7108	1
2795	7732	1
2795	8110	1
2795	8405	1
2795	8576	1
2795	8699	1
2795	9700	1
2795	10017	1
2795	10400	1
2795	11487	1
2795	11744	1
2795	13193	1
2795	13272	1
2795	13300	1
2795	13422	1
2795	13521	1
2795	13852	1
2795	13942	1
2795	14020	1
2795	14040	1
2795	14102	1
2795	14508	1
2795	14866	1
2795	15567	1
2795	15897	1
2795	16241	1
2795	16495	1
2795	16945	1
2795	18325	1
2795	18454	1
2795	18455	1
2795	18532	1
2796	5280	1
2817	13422	1
2817	18946	1
2825	2556	1
2828	11243	1
2831	95	1
2831	16286	1
2838	252	1
2838	2042	1
2838	2572	1
2838	2795	1
2838	6989	1
2838	9475	1
2838	11033	1
2838	12540	1
2838	13028	1
2838	18680	1
2874	15322	1
2884	12687	1
2885	376	1
2905	8788	1
2914	18192	1
2923	9638	1
2924	1515	1
2924	3557	1
2924	6525	1
2924	7055	1
2924	7104	1
2924	14262	1
2936	1766	1
2944	15950	1
2949	808	1
2949	1951	1
2949	6214	1
2949	9197	1
2949	9566	1
2949	10133	1
2949	10260	1
2949	11340	1
2949	11854	1
2949	12951	1
2949	13333	1
2949	14042	1
2949	14229	1
2949	15249	1
2949	16042	1
2949	16120	1
2949	16312	1
2949	17810	1
2949	18351	1
2949	18377	1
2949	18457	1
2955	6226	1
2955	7913	1
2957	1101	1
2957	1377	1
2957	1951	1
2957	2542	1
2957	4522	1
2957	5091	1
2957	8207	1
2957	11999	1
2957	13667	1
2957	14645	1
2957	17977	1
2957	18680	1
2958	15259	1
2958	19419	1
2969	3956	1
2972	13815	1
2980	14869	1
2992	2992	1
2992	5541	1
2992	9230	1
3016	1730	1
3016	2474	1
3016	3149	1
3016	8122	1
3016	11713	1
3016	18946	1
3026	3751	1
3027	95	1
3027	1466	1
3027	1784	1
3027	2128	1
3027	8110	1
3027	8618	1
3027	11185	1
3027	13193	1
3027	13422	1
3027	13944	1
3027	16945	1
3033	2528	1
3047	78	1
3047	877	1
3047	3838	1
3047	4688	1
3047	4710	1
3047	6102	1
3047	7422	1
3047	7496	1
3047	8219	1
3047	9959	1
3047	10017	1
3070	12038	1
3083	15049	1
3084	15132	1
3091	3674	1
3140	8246	1
3147	1921	1
3147	4590	1
3147	6915	1
3147	14547	1
3148	5681	1
3160	606	1
3160	1014	1
3160	1662	1
3160	1697	1
3160	1756	1
3160	1910	1
3160	2737	1
3160	2879	1
3160	3072	1
3160	3302	1
3160	3468	1
3160	3919	1
3160	4156	1
3160	4307	1
3160	4943	1
3160	4968	1
3160	5092	1
3160	6843	1
3160	7648	1
3160	7841	1
3160	9094	1
3160	9957	1
3160	11592	1
3160	11728	1
3160	13556	1
3160	13940	1
3160	14671	1
3160	15218	1
3160	19163	1
3175	13219	1
3190	4660	1
3192	13219	1
3200	7845	1
3200	10205	1
3200	11988	1
3204	691	1
3204	10380	1
3205	6166	1
3240	1476	1
3251	1322	1
3251	10019	1
3251	12725	1
3251	14126	1
3252	412	1
3256	3317	1
3256	8919	1
3256	12540	1
3256	13293	1
3256	15558	1
3256	16431	1
3256	16635	1
3256	16782	1
3262	3956	1
3262	5491	1
3272	1014	1
3279	7654	1
3280	3956	1
3281	2795	1
3281	3674	1
3290	3956	1
3292	95	1
3292	563	1
3292	600	1
3292	2959	1
3292	3317	1
3292	7313	1
3292	7842	1
3292	9198	1
3292	11741	1
3292	12319	1
3292	15286	1
3292	18428	1
3299	3419	1
3300	3956	1
3308	8877	1
3308	13004	1
3310	1368	1
3310	2879	1
3310	4943	1
3310	6843	1
3310	7136	1
3310	8110	1
3310	9584	1
3310	11521	1
3310	13300	1
3310	15556	1
3310	15694	1
3310	16160	1
3310	18411	1
3316	5491	1
3317	393	1
3317	3256	1
3317	3292	1
3317	3971	1
3317	4424	1
3317	7952	1
3317	9283	1
3317	10081	1
3329	1368	1
3329	5161	1
3329	19296	1
3335	730	1
3335	1541	1
3335	3919	1
3335	5136	1
3335	5491	1
3335	6059	1
3335	7109	1
3335	13334	1
3335	13556	1
3341	2783	1
3345	16315	1
3355	6675	1
3355	8113	1
3355	9892	1
3355	15426	1
3355	16467	1
3355	17158	1
3355	17398	1
3355	17432	1
3355	17698	1
3364	3364	1
3364	5161	1
3364	13819	1
3367	2795	1
3367	12615	1
3368	634	1
3368	2292	1
3368	2303	1
3368	4223	1
3368	10019	1
3368	11742	1
3368	12317	1
3368	12322	1
3368	14462	1
3389	1951	1
3390	17499	1
3402	16563	1
3403	1454	1
3403	7054	1
3403	12643	1
3410	11622	1
3410	13883	1
3419	283	1
3419	547	1
3419	1951	1
3419	3048	1
3419	3299	1
3419	5324	1
3419	5362	1
3419	5385	1
3419	5805	1
3419	7713	1
3419	8574	1
3419	10400	1
3419	12389	1
3419	16687	1
3427	1688	1
3427	2923	1
3427	3003	1
3427	5821	1
3427	5993	1
3427	7349	1
3427	15392	1
3428	5637	1
3428	9527	1
3428	18750	1
3429	1014	1
3430	11933	1
3430	16994	1
3458	3997	1
3465	3674	1
3468	3956	1
3470	18903	1
3475	4542	1
3475	13816	1
3475	13819	1
3477	4227	1
3478	5161	1
3478	5684	1
3478	5846	1
3478	12947	1
3478	16076	1
3487	15950	1
3510	9699	1
3521	3674	1
3531	1231	1
3532	5072	1
3532	5191	1
3544	11521	1
3557	11488	1
3557	15930	1
3557	19218	1
3558	10136	1
3569	11572	1
3570	1174	1
3570	1498	1
3570	1686	1
3570	1711	1
3570	2292	1
3570	2610	1
3570	3919	1
3570	4028	1
3570	5733	1
3570	6992	1
3570	8534	1
3570	10927	1
3570	11186	1
3570	14608	1
3570	18426	1
3581	30	1
3581	694	1
3581	900	1
3581	995	1
3581	1372	1
3581	1541	1
3581	3091	1
3581	3366	1
3581	4976	1
3581	5755	1
3581	5799	1
3581	6124	1
3581	6547	1
3581	6962	1
3581	6988	1
3581	6989	1
3581	7243	1
3581	7672	1
3581	7873	1
3581	8181	1
3581	9545	1
3581	10577	1
3581	11744	1
3581	13424	1
3581	13556	1
3581	14020	1
3581	15751	1
3581	17029	1
3594	9584	1
3594	10758	1
3597	3597	1
3597	3674	1
3597	18946	1
3612	3569	1
3649	93	1
3649	596	1
3649	872	1
3649	1006	1
3649	1377	1
3649	1522	1
3649	1560	1
3649	2042	1
3649	2312	1
3649	2640	1
3649	3025	1
3649	3148	1
3649	3468	1
3649	3854	1
3649	4156	1
3649	4266	1
3649	4308	1
3649	4371	1
3649	5136	1
3649	5238	1
3649	5342	1
3649	5755	1
3649	6437	1
3649	7164	1
3649	7323	1
3649	7918	1
3649	7947	1
3649	8010	1
3649	11679	1
3649	13424	1
3649	17773	1
3650	5193	1
3650	5307	1
3650	7136	1
3650	13126	1
3650	15819	1
3650	17688	1
3650	18821	1
3651	4587	1
3651	13126	1
3658	9283	1
3659	3674	1
3668	9119	1
3671	799	1
3671	3956	1
3671	11183	1
3671	17629	1
3674	311	1
3674	878	1
3674	1006	1
3674	1092	1
3674	1099	1
3674	1287	1
3674	1386	1
3674	1456	1
3674	1560	1
3674	1618	1
3674	1635	1
3674	1884	1
3674	2014	1
3674	2261	1
3674	2292	1
3674	2409	1
3674	2508	1
3674	2526	1
3674	2667	1
3674	2795	1
3674	2969	1
3674	3091	1
3674	3262	1
3674	3281	1
3674	3342	1
3674	3521	1
3674	3597	1
3674	3649	1
3674	3659	1
3674	4307	1
3674	4539	1
3674	5092	1
3674	5136	1
3674	5364	1
3674	5491	1
3674	5889	1
3674	6023	1
3674	6309	1
3674	6892	1
3674	6988	1
3674	6989	1
3674	7348	1
3674	7466	1
3674	7467	1
3674	7496	1
3674	7525	1
3674	7562	1
3674	7678	1
3674	8110	1
3674	8271	1
3674	8273	1
3674	8468	1
3674	8576	1
3674	8791	1
3674	8958	1
3674	9196	1
3674	9266	1
3674	9364	1
3674	9637	1
3674	10577	1
3674	11521	1
3674	11744	1
3674	11892	1
3674	11893	1
3674	11899	1
3674	11934	1
3674	12033	1
3674	13066	1
3674	13300	1
3674	13424	1
3674	13520	1
3674	13667	1
3674	13881	1
3674	13944	1
3674	14020	1
3674	14646	1
3674	14701	1
3674	14836	1
3674	16529	1
3674	16661	1
3674	16687	1
3674	17468	1
3674	17916	1
3674	18426	1
3674	18454	1
3674	18831	1
3674	18925	1
3683	7715	1
3684	8534	1
3693	1038	1
3693	3411	1
3693	9581	1
3693	10514	1
3693	14672	1
3693	15899	1
3694	527	1
3694	3799	1
3694	6124	1
3694	11951	1
3694	13130	1
3694	16314	1
3694	16467	1
3695	3956	1
3713	18680	1
3716	6777	1
3727	6058	1
3727	13812	1
3737	7872	1
3737	11447	1
3737	12615	1
3737	14869	1
3738	957	1
3738	3956	1
3751	1561	1
3751	3026	1
3751	10922	1
3751	12038	1
3751	12615	1
3751	13126	1
3751	13816	1
3751	13942	1
3751	14896	1
3751	15566	1
3751	16469	1
3752	3956	1
3752	12687	1
3753	16007	1
3765	4603	1
3766	917	1
3767	547	1
3767	1307	1
3767	3661	1
3767	3767	1
3767	4924	1
3767	15101	1
3767	17327	1
3768	1014	1
3768	2795	1
3769	869	1
3777	3650	1
3786	15391	1
3786	19294	1
3799	3694	1
3840	11924	1
3851	9001	1
3853	1014	1
3853	1883	1
3853	3956	1
3856	6058	1
3895	2783	1
3896	18044	1
3907	7561	1
3907	13126	1
3908	15322	1
3916	1766	1
3917	2153	1
3917	5888	1
3917	10512	1
3917	12949	1
3917	13126	1
3918	412	1
3918	981	1
3918	1541	1
3918	6059	1
3918	10017	1
3918	11087	1
3918	12798	1
3918	13064	1
3918	13667	1
3918	13732	1
3919	3335	1
3919	4848	1
3919	7715	1
3919	11933	1
3931	8274	1
3956	54	1
3956	91	1
3956	165	1
3956	207	1
3956	259	1
3956	283	1
3956	291	1
3956	412	1
3956	436	1
3956	505	1
3956	530	1
3956	541	1
3956	616	1
3956	694	1
3956	730	1
3956	897	1
3956	945	1
3956	981	1
3956	1092	1
3956	1213	1
3956	1220	1
3956	1302	1
3956	1321	1
3956	1348	1
3956	1362	1
3956	1386	1
3956	1481	1
3956	1541	1
3956	1544	1
3956	1560	1
3956	1662	1
3956	1697	1
3956	1767	1
3956	1784	1
3956	1840	1
3956	1921	1
3956	1950	1
3956	2218	1
3956	2261	1
3956	2342	1
3956	2527	1
3956	2535	1
3956	2572	1
3956	2586	1
3956	2668	1
3956	2712	1
3956	2748	1
3956	2794	1
3956	2795	1
3956	2879	1
3956	2944	1
3956	2969	1
3956	3252	1
3956	3262	1
3956	3280	1
3956	3290	1
3956	3300	1
3956	3317	1
3956	3391	1
3956	3468	1
3956	3489	1
3956	3499	1
3956	3557	1
3956	3671	1
3956	3695	1
3956	3738	1
3956	3752	1
3956	3853	1
3956	3894	1
3956	4063	1
3956	4156	1
3956	4226	1
3956	4287	1
3956	4413	1
3956	4422	1
3956	4561	1
3956	4587	1
3956	4681	1
3956	4826	1
3956	4870	1
3956	4976	1
3956	5212	1
3956	5341	1
3956	5364	1
3956	5529	1
3956	5543	1
3956	5582	1
3956	5683	1
3956	5717	1
3956	5799	1
3956	5805	1
3956	5832	1
3956	6023	1
3956	6059	1
3956	6098	1
3956	6124	1
3956	6208	1
3956	6268	1
3956	6344	1
3956	6378	1
3956	6402	1
3956	6685	1
3956	6753	1
3956	6810	1
3956	6957	1
3956	7109	1
3956	7159	1
3956	7210	1
3956	7345	1
3956	7407	1
3956	7467	1
3956	7499	1
3956	7524	1
3956	7563	1
3956	7615	1
3956	7915	1
3956	7949	1
3956	8010	1
3956	8110	1
3956	8384	1
3956	8573	1
3956	8576	1
3956	8699	1
3956	8958	1
3956	9094	1
3956	9379	1
3956	9427	1
3956	9527	1
3956	9825	1
3956	10137	1
3956	10263	1
3956	10266	1
3956	10381	1
3956	10382	1
3956	10400	1
3956	10491	1
3956	10817	1
3956	11055	1
3956	11141	1
3956	11185	1
3956	11521	1
3956	11592	1
3956	11698	1
3956	11705	1
3956	11798	1
3956	11934	1
3956	12126	1
3956	12127	1
3956	12497	1
3956	12643	1
3956	12879	1
3956	13066	1
3956	13193	1
3956	13303	1
3956	13422	1
3956	13425	1
3956	13556	1
3956	13667	1
3956	13815	1
3956	13886	1
3956	13944	1
3956	14070	1
3956	14203	1
3956	14260	1
3956	14508	1
3956	15249	1
3956	15281	1
3956	15648	1
3956	15750	1
3956	16043	1
3956	16200	1
3956	16687	1
3956	16945	1
3956	17184	1
3956	17271	1
3956	17672	1
3956	17979	1
3956	18588	1
3956	18620	1
3969	1691	1
3970	799	1
3970	1026	1
3970	2038	1
3970	4826	1
3970	7142	1
3970	10840	1
3971	2944	1
3971	3317	1
3971	4943	1
3971	5889	1
3971	7615	1
3971	9119	1
3971	10922	1
3971	12726	1
3971	17029	1
3981	8	1
3981	133	1
3981	570	1
3981	676	1
3981	694	1
3981	903	1
3981	1081	1
3981	2556	1
3981	3828	1
3981	4156	1
3981	5092	1
3981	5342	1
3981	6375	1
3981	6526	1
3981	7380	1
3981	7615	1
3981	8535	1
3981	8878	1
3981	9196	1
3981	9427	1
3981	10319	1
3981	10758	1
3981	11088	1
3981	11927	1
3981	12189	1
3981	12464	1
3981	13061	1
3981	14509	1
3981	15009	1
3981	15188	1
3981	16896	1
3985	5514	1
3987	16370	1
3996	13947	1
3997	2586	1
3997	3458	1
3997	5161	1
3997	7562	1
3997	13126	1
4028	3570	1
4028	10080	1
4029	5114	1
4029	12566	1
4029	17129	1
4030	14867	1
4060	7563	1
4060	16004	1
4063	924	1
4064	15008	1
4064	15566	1
4065	4065	1
4068	2075	1
4080	3956	1
4080	15182	1
4084	131	1
4084	9197	1
4100	15448	1
4101	14326	1
4116	4557	1
4129	3973	1
4129	4256	1
4156	3649	1
4156	3956	1
4156	6058	1
4156	6705	1
4156	11620	1
4156	11933	1
4156	12321	1
4156	18190	1
4190	8785	1
4210	5028	1
4210	12795	1
4212	7294	1
4216	3511	1
4216	9524	1
4216	9584	1
4216	14608	1
4217	10201	1
4225	6546	1
4227	3477	1
4233	8274	1
4255	7872	1
4256	4129	1
4264	3147	1
4264	4590	1
4270	5271	1
4287	6308	1
4287	8110	1
4287	12267	1
4288	9239	1
4291	2795	1
4306	8788	1
4307	2652	1
4307	3674	1
4307	16239	1
4322	4501	1
4322	6549	1
4323	7649	1
4323	8617	1
4344	6674	1
4363	730	1
4363	792	1
4363	1784	1
4363	1814	1
4363	3138	1
4363	4291	1
4363	5754	1
4363	6197	1
4363	8110	1
4363	8346	1
4363	8534	1
4363	10511	1
4363	10757	1
4363	11086	1
4363	13813	1
4363	13942	1
4363	17028	1
4371	3649	1
4387	2762	1
4387	6102	1
4387	7784	1
4387	10380	1
4387	12450	1
4387	12706	1
4387	12949	1
4387	13193	1
4413	3956	1
4421	877	1
4421	2906	1
4421	3856	1
4421	4290	1
4421	4519	1
4421	7744	1
4421	8042	1
4422	3956	1
4422	7821	1
4422	12687	1
4424	3317	1
4424	5942	1
4424	6849	1
4424	13712	1
4424	13942	1
4425	16003	1
4444	412	1
4445	2969	1
4445	13193	1
4447	3327	1
4447	11189	1
4452	6917	1
4452	11531	1
4500	7054	1
4501	4322	1
4501	13710	1
4519	10208	1
4521	1755	1
4522	2785	1
4522	11620	1
4539	981	1
4539	1377	1
4539	1541	1
4539	2879	1
4539	2969	1
4539	8180	1
4539	10758	1
4539	11744	1
4539	12464	1
4539	17433	1
4542	4264	1
4542	4590	1
4557	7586	1
4557	9698	1
4561	412	1
4561	3956	1
4561	7872	1
4570	5498	1
4579	4156	1
4579	9545	1
4586	12516	1
4587	3956	1
4590	95	1
4590	6663	1
4590	7533	1
4590	13126	1
4590	13942	1
4603	3765	1
4604	6573	1
4604	11438	1
4604	16630	1
4604	18293	1
4616	10758	1
4616	14291	1
4621	7871	1
4621	7875	1
4621	13880	1
4649	16955	1
4659	4925	1
4659	8244	1
4659	15526	1
4659	18806	1
4680	15043	1
4681	1014	1
4681	3956	1
4681	11521	1
4683	627	1
4683	4387	1
4683	7466	1
4683	12979	1
4683	13126	1
4683	13851	1
4683	14414	1
4683	15977	1
4683	16008	1
4698	4698	1
4716	252	1
4716	3970	1
4716	4826	1
4742	8007	1
4757	8621	1
4777	11239	1
4788	1814	1
4788	6197	1
4788	7655	1
4805	10081	1
4806	13816	1
4808	2944	1
4825	6574	1
4826	885	1
4826	1917	1
4826	2785	1
4826	3090	1
4826	3970	1
4826	4846	1
4826	5309	1
4826	5431	1
4826	5709	1
4826	6026	1
4826	9427	1
4826	11592	1
4826	11744	1
4826	12253	1
4826	13273	1
4826	13300	1
4826	13556	1
4826	15284	1
4826	16199	1
4826	16467	1
4826	16500	1
4826	16629	1
4826	16661	1
4826	17584	1
4826	18426	1
4826	19601	1
4830	68	1
4835	2556	1
4844	18882	1
4845	1343	1
4848	6310	1
4849	2533	1
4871	2112	1
4889	6390	1
4891	14801	1
4943	3310	1
4943	8122	1
4944	6498	1
4944	9067	1
4944	15283	1
4945	10707	1
4946	2292	1
4946	6916	1
4946	8482	1
4946	12034	1
4946	15651	1
4948	1691	1
4949	15280	1
4951	5559	1
4951	7836	1
4951	9527	1
4951	13731	1
4951	14443	1
4951	14608	1
4951	14973	1
4951	16661	1
4953	1464	1
4967	1101	1
4967	5039	1
4967	7499	1
4968	2785	1
4968	11521	1
4976	3956	1
4976	5943	1
4977	1377	1
4978	1287	1
4978	1377	1
4978	1662	1
4978	1951	1
4978	1980	1
4978	4156	1
4978	5324	1
4978	6023	1
4978	6989	1
4978	7076	1
4978	7380	1
4978	7466	1
4978	7467	1
4978	7843	1
4978	9524	1
4978	13519	1
4978	13883	1
4978	15359	1
4996	14550	1
4996	15898	1
5013	7213	1
5013	13195	1
5013	19189	1
5016	17642	1
5028	12795	1
5028	17507	1
5031	207	1
5031	259	1
5031	547	1
5031	802	1
5031	907	1
5031	1058	1
5031	1162	1
5031	1386	1
5031	1499	1
5031	1510	1
5031	1515	1
5031	1541	1
5031	1791	1
5031	1909	1
5031	1926	1
5031	1951	1
5031	1984	1
5031	2234	1
5031	2312	1
5031	2315	1
5031	2474	1
5031	2516	1
5031	2590	1
5031	2668	1
5031	2737	1
5031	2939	1
5031	3139	1
5031	3238	1
5031	3365	1
5031	3413	1
5031	4066	1
5031	4156	1
5031	4225	1
5031	4255	1
5031	4892	1
5031	5310	1
5031	5324	1
5031	5372	1
5031	5385	1
5031	6100	1
5031	6329	1
5031	6340	1
5031	6499	1
5031	6732	1
5031	6779	1
5031	6810	1
5031	6989	1
5031	7076	1
5031	7243	1
5031	7380	1
5031	7467	1
5031	8623	1
5031	9833	1
5031	10184	1
5031	11241	1
5031	11439	1
5031	11690	1
5031	12321	1
5031	12463	1
5031	13393	1
5031	13556	1
5031	14260	1
5031	14292	1
5031	14360	1
5031	14508	1
5031	14734	1
5031	14897	1
5031	14948	1
5031	15427	1
5031	15709	1
5031	16687	1
5031	17124	1
5031	17130	1
5039	8788	1
5047	5177	1
5047	11521	1
5049	8007	1
5068	8860	1
5068	11205	1
5070	2783	1
5070	15449	1
5071	2795	1
5073	1274	1
5073	2013	1
5073	2309	1
5073	3778	1
5073	3799	1
5073	5519	1
5073	5580	1
5073	5887	1
5073	6645	1
5073	6711	1
5073	6810	1
5073	6844	1
5073	6857	1
5073	8996	1
5073	9044	1
5073	10018	1
5073	13300	1
5073	17359	1
5091	2957	1
5092	1014	1
5093	8409	1
5099	3970	1
5099	19028	1
5114	4029	1
5116	10019	1
5136	1377	1
5136	2795	1
5136	3335	1
5136	3649	1
5136	3674	1
5136	16497	1
5157	1368	1
5161	3364	1
5161	3997	1
5161	13519	1
5161	16045	1
5168	2713	1
5168	13219	1
5176	252	1
5176	616	1
5176	814	1
5176	2556	1
5176	2879	1
5176	3103	1
5176	3149	1
5176	9545	1
5176	12385	1
5176	12609	1
5177	547	1
5177	2378	1
5177	3544	1
5177	3996	1
5177	5047	1
5177	19239	1
5177	19256	1
5189	13107	1
5191	252	1
5191	3532	1
5192	7877	1
5193	3650	1
5193	14803	1
5196	7466	1
5196	17241	1
5201	3737	1
5201	17377	1
5214	2253	1
5218	78	1
5218	1135	1
5218	2341	1
5218	14426	1
5234	10400	1
5236	17808	1
5236	18045	1
5248	17135	1
5253	83	1
5253	90	1
5253	140	1
5253	316	1
5253	383	1
5253	480	1
5253	510	1
5253	582	1
5253	1208	1
5253	1238	1
5253	1434	1
5253	1519	1
5253	1910	1
5253	2047	1
5253	2193	1
5253	2508	1
5253	3065	1
5253	3172	1
5253	3185	1
5253	3187	1
5253	3191	1
5253	3838	1
5253	4377	1
5253	4396	1
5253	4872	1
5253	4877	1
5253	4970	1
5253	5018	1
5253	5062	1
5253	5218	1
5253	5491	1
5253	5857	1
5253	6945	1
5253	7421	1
5253	7473	1
5253	9473	1
5253	9826	1
5253	10477	1
5253	10569	1
5253	13050	1
5253	13427	1
5253	17898	1
5254	11987	1
5255	7382	1
5256	8007	1
5257	8246	1
5257	19012	1
5262	3827	1
5262	11744	1
5264	846	1
5280	2796	1
5280	7785	1
5281	1629	1
5281	17646	1
5281	18902	1
5281	19219	1
5281	19320	1
5291	11243	1
5300	6572	1
5306	11243	1
5307	287	1
5307	2074	1
5307	3650	1
5307	3727	1
5307	10980	1
5307	13126	1
5307	14358	1
5309	4826	1
5310	404	1
5310	7654	1
5317	11338	1
5322	10132	1
5324	412	1
5324	5324	1
5336	5795	1
5341	3956	1
5342	1377	1
5342	3649	1
5342	13985	1
5361	12688	1
5369	3919	1
5369	6310	1
5369	6989	1
5393	1881	1
5405	11666	1
5405	12975	1
5405	13126	1
5431	4826	1
5432	15526	1
5453	12975	1
5473	1792	1
5490	5490	1
5490	15606	1
5490	18946	1
5491	630	1
5491	3262	1
5491	3316	1
5491	11899	1
5514	3985	1
5541	1510	1
5541	2474	1
5541	2992	1
5541	3430	1
5543	3956	1
5559	4951	1
5567	5567	1
5570	13219	1
5575	1570	1
5580	5073	1
5580	6962	1
5580	7106	1
5582	1014	1
5583	11390	1
5613	7629	1
5622	1339	1
5632	2248	1
5632	2399	1
5632	3918	1
5632	7654	1
5632	9527	1
5632	11139	1
5632	12798	1
5632	15857	1
5632	15900	1
5637	3557	1
5637	4413	1
5637	5773	1
5637	6023	1
5637	7243	1
5637	11438	1
5637	11705	1
5637	13944	1
5637	15425	1
5663	1768	1
5663	14867	1
5663	18946	1
5681	68	1
5681	3148	1
5681	5515	1
5681	6991	1
5681	7079	1
5681	13913	1
5681	14608	1
5681	16003	1
5681	16371	1
5681	16866	1
5681	16867	1
5682	14945	1
5683	3956	1
5684	7821	1
5707	9119	1
5709	5943	1
5710	2783	1
5711	1231	1
5711	7877	1
5711	10578	1
5717	3956	1
5732	8736	1
5734	850	1
5734	5030	1
5734	13456	1
5737	5737	1
5754	6057	1
5755	412	1
5755	1014	1
5755	3581	1
5757	11741	1
5763	1070	1
5763	6757	1
5799	3581	1
5799	3956	1
5799	13488	1
5803	10019	1
5805	412	1
5805	1889	1
5805	3419	1
5805	3956	1
5805	5336	1
5806	6342	1
5806	7213	1
5832	1014	1
5832	3956	1
5846	3478	1
5867	5404	1
5867	6231	1
5872	1231	1
5872	18192	1
5874	3970	1
5875	7229	1
5886	265	1
5886	5712	1
5886	7019	1
5886	7561	1
5886	7846	1
5886	12465	1
5886	14141	1
5886	14442	1
5886	14870	1
5886	16467	1
5886	16686	1
5886	16866	1
5886	17125	1
5886	18620	1
5888	3917	1
5889	412	1
5889	6086	1
5889	16239	1
5889	16315	1
5889	16493	1
5889	16778	1
5889	18882	1
5908	7645	1
5908	17642	1
5909	6309	1
5922	2190	1
5922	2319	1
5922	8180	1
5923	17846	1
5924	96	1
5924	1803	1
5924	3149	1
5924	8067	1
5924	8269	1
5924	11090	1
5924	15940	1
5924	17838	1
5942	14072	1
5943	694	1
5943	1824	1
5943	2479	1
5943	2586	1
5943	4826	1
5943	4976	1
5943	5286	1
5943	5709	1
5943	6989	1
5943	8408	1
5943	9584	1
5943	11744	1
5953	5953	1
5968	8308	1
5969	1302	1
5990	7016	1
5990	7819	1
5990	9121	1
5990	18805	1
5992	6256	1
5992	7645	1
6006	2036	1
6008	1368	1
6008	8270	1
6008	16527	1
6008	18324	1
6022	7211	1
6022	8122	1
6023	3674	1
6023	7467	1
6023	8041	1
6023	8405	1
6026	4826	1
6026	5073	1
6026	18882	1
6057	5754	1
6058	547	1
6058	1515	1
6058	1541	1
6058	3727	1
6058	3839	1
6058	3856	1
6058	4156	1
6058	4807	1
6058	6329	1
6058	7380	1
6058	11439	1
6058	14608	1
6058	17645	1
6059	1817	1
6074	7466	1
6075	547	1
6075	694	1
6075	1162	1
6075	1287	1
6075	1510	1
6075	1541	1
6075	1662	1
6075	1791	1
6075	1921	1
6075	2013	1
6075	2312	1
6075	2340	1
6075	2474	1
6075	2590	1
6075	2668	1
6075	3238	1
6075	4066	1
6075	4156	1
6075	4255	1
6075	4870	1
6075	5324	1
6075	5582	1
6075	6059	1
6075	6810	1
6075	6989	1
6075	11141	1
6075	11521	1
6075	11530	1
6075	12253	1
6075	13066	1
6075	13126	1
6075	13271	1
6075	13273	1
6075	13424	1
6075	13556	1
6075	14020	1
6075	14260	1
6075	14508	1
6075	14608	1
6075	16687	1
6099	6286	1
6099	6962	1
6099	14203	1
6099	14444	1
6124	3581	1
6124	3694	1
6127	7322	1
6143	16007	1
6166	3205	1
6167	4363	1
6167	8309	1
6167	9545	1
6168	3894	1
6194	18164	1
6199	7953	1
6208	3956	1
6217	7646	1
6217	8041	1
6217	15100	1
6221	14867	1
6239	1880	1
6239	2944	1
6239	6849	1
6239	9524	1
6239	9584	1
6256	5992	1
6267	15708	1
6284	8337	1
6307	2783	1
6308	4287	1
6309	3674	1
6313	1218	1
6313	7645	1
6313	7872	1
6313	10439	1
6338	4363	1
6338	6076	1
6339	17809	1
6340	6340	1
6340	11521	1
6342	5806	1
6343	96	1
6343	170	1
6343	3961	1
6343	4189	1
6343	6199	1
6343	12473	1
6343	13126	1
6343	13816	1
6343	14201	1
6343	17128	1
6343	18349	1
6344	3956	1
6345	7079	1
6354	527	1
6354	596	1
6354	814	1
6354	1069	1
6354	1366	1
6354	1510	1
6354	1979	1
6354	2353	1
6354	2414	1
6354	2505	1
6354	2737	1
6354	2748	1
6354	2754	1
6354	2795	1
6354	2820	1
6354	2879	1
6354	3597	1
6354	3768	1
6354	3853	1
6354	4065	1
6354	4445	1
6354	4539	1
6354	4976	1
6354	5266	1
6354	5474	1
6354	5543	1
6354	6989	1
6354	7160	1
6354	7242	1
6354	7679	1
6354	7922	1
6354	8373	1
6354	8435	1
6354	8534	1
6354	8698	1
6354	8791	1
6354	8900	1
6354	9002	1
6354	9545	1
6354	11087	1
6354	11530	1
6354	12516	1
6354	12915	1
6354	14608	1
6354	16432	1
6354	16467	1
6354	16945	1
6372	1236	1
6373	1823	1
6373	6347	1
6373	7816	1
6373	8617	1
6373	11088	1
6373	11435	1
6373	12077	1
6373	14205	1
6373	18531	1
6374	2839	1
6374	4716	1
6377	2572	1
6378	14975	1
6383	1155	1
6383	3317	1
6390	4889	1
6390	10019	1
6391	6329	1
6392	18881	1
6393	17706	1
6394	11185	1
6394	14607	1
6395	1921	1
6402	412	1
6402	3956	1
6409	7715	1
6410	393	1
6411	1767	1
6411	3996	1
6411	5993	1
6411	6309	1
6411	8110	1
6411	8840	1
6411	10580	1
6411	16741	1
6412	17740	1
6440	33	1
6440	2468	1
6440	3649	1
6481	15132	1
6497	6497	1
6498	1506	1
6498	17884	1
6499	1842	1
6499	1910	1
6499	11872	1
6499	12455	1
6499	13819	1
6523	14944	1
6523	15322	1
6525	2924	1
6546	4225	1
6546	11743	1
6546	13126	1
6546	13334	1
6548	16347	1
6549	4322	1
6550	11521	1
6572	5300	1
6574	4825	1
6582	8007	1
6619	1231	1
6643	1377	1
6643	9194	1
6643	13946	1
6645	5073	1
6673	241	1
6673	1386	1
6673	1985	1
6673	2801	1
6673	2879	1
6673	2969	1
6673	3973	1
6673	5212	1
6673	7622	1
6673	8558	1
6673	9766	1
6673	10813	1
6673	12320	1
6673	13423	1
6673	14546	1
6673	16370	1
6673	18678	1
6685	1014	1
6685	3956	1
6692	7496	1
6705	547	1
6705	1510	1
6705	1791	1
6705	4156	1
6705	5324	1
6705	6989	1
6705	10184	1
6705	16687	1
6710	10941	1
6732	1092	1
6732	1833	1
6732	2193	1
6732	11932	1
6732	13488	1
6753	1101	1
6753	1560	1
6753	2783	1
6753	3956	1
6753	8206	1
6753	8700	1
6757	292	1
6757	1522	1
6757	1958	1
6757	5047	1
6757	5763	1
6757	17704	1
6776	11340	1
6777	3716	1
6777	13271	1
6778	9322	1
6778	14899	1
6782	3692	1
6782	9826	1
6782	16495	1
6801	8246	1
6810	5073	1
6829	745	1
6829	2556	1
6829	2943	1
6829	4649	1
6829	5161	1
6829	6748	1
6829	8883	1
6829	9830	1
6829	10067	1
6829	12475	1
6829	13126	1
6829	13816	1
6829	13819	1
6829	14260	1
6829	14801	1
6829	16370	1
6829	17339	1
6835	1231	1
6841	600	1
6842	13126	1
6843	3310	1
6843	15189	1
6844	5073	1
6849	4424	1
6849	6239	1
6867	6867	1
6892	211	1
6892	2795	1
6892	5709	1
6892	6458	1
6892	11014	1
6892	16326	1
6893	869	1
6893	1013	1
6893	2197	1
6893	5757	1
6893	7188	1
6893	8791	1
6893	9427	1
6893	10739	1
6893	11744	1
6915	4264	1
6915	4542	1
6915	4590	1
6917	4452	1
6952	4968	1
6956	1921	1
6956	9545	1
6956	18456	1
6957	3956	1
6958	8534	1
6959	13735	1
6962	1101	1
6962	1636	1
6962	1857	1
6962	3581	1
6962	12035	1
6962	16501	1
6987	3544	1
6987	13217	1
6989	1792	1
6989	3581	1
6989	3674	1
6989	4848	1
6989	16823	1
6989	16955	1
6991	5681	1
6991	7079	1
6992	2795	1
6992	3570	1
6993	5529	1
6993	8112	1
6993	8534	1
6993	11986	1
6993	12319	1
7019	5886	1
7026	1034	1
7026	4345	1
7026	5924	1
7026	12991	1
7027	994	1
7027	4256	1
7039	4976	1
7046	16166	1
7046	16716	1
7053	2795	1
7054	2556	1
7054	3403	1
7054	4500	1
7054	8919	1
7054	11744	1
7054	13126	1
7054	17271	1
7055	95	1
7055	3317	1
7055	7784	1
7079	68	1
7079	1489	1
7079	5681	1
7079	6122	1
7079	6345	1
7079	6991	1
7079	7523	1
7079	15607	1
7079	15928	1
7079	16003	1
7079	16039	1
7079	16783	1
7079	16867	1
7086	5257	1
7090	6309	1
7104	2924	1
7105	13219	1
7106	5580	1
7106	7917	1
7106	8482	1
7106	10923	1
7107	15679	1
7109	2986	1
7109	3956	1
7109	5136	1
7109	5832	1
7109	6674	1
7109	11521	1
7121	7715	1
7121	11744	1
7136	3310	1
7142	3970	1
7158	13126	1
7161	1587	1
7161	6312	1
7161	18711	1
7162	5177	1
7162	7821	1
7162	13126	1
7163	5048	1
7163	11987	1
7163	16007	1
7163	16467	1
7163	16625	1
7163	17948	1
7163	18883	1
7184	1218	1
7186	6098	1
7210	3956	1
7210	13852	1
7211	362	1
7211	547	1
7211	2038	1
7211	4657	1
7211	6022	1
7213	5806	1
7213	9524	1
7217	3033	1
7217	13061	1
7229	5875	1
7236	30	1
7236	122	1
7236	142	1
7236	639	1
7236	1296	1
7236	1849	1
7236	7953	1
7236	11839	1
7242	18882	1
7242	19115	1
7255	11083	1
7264	1014	1
7284	27	1
7284	686	1
7284	1366	1
7284	2667	1
7284	7652	1
7284	8619	1
7284	10920	1
7284	15318	1
7308	13300	1
7323	5889	1
7323	6692	1
7323	13758	1
7323	14375	1
7345	3956	1
7373	17584	1
7380	6058	1
7380	13812	1
7382	1103	1
7382	5255	1
7382	7382	1
7388	523	1
7388	8534	1
7395	7421	1
7407	3956	1
7408	2762	1
7408	7408	1
7408	9426	1
7408	9545	1
7421	7386	1
7421	7393	1
7428	18680	1
7429	2038	1
7430	13457	1
7432	419	1
7467	3956	1
7467	5856	1
7467	6023	1
7467	14260	1
7469	1236	1
7495	1213	1
7495	12975	1
7495	13066	1
7495	13422	1
7496	3674	1
7499	3956	1
7499	4967	1
7524	3956	1
7525	3674	1
7540	7540	1
7561	1766	1
7561	15494	1
7561	16531	1
7562	3674	1
7563	16500	1
7586	1475	1
7586	4557	1
7586	5179	1
7586	6098	1
7586	6329	1
7586	7136	1
7586	7466	1
7586	10136	1
7586	11439	1
7586	14507	1
7614	2377	1
7614	15050	1
7615	2785	1
7615	3956	1
7622	7952	1
7622	9545	1
7644	547	1
7644	2035	1
7644	7644	1
7644	13667	1
7645	126	1
7645	211	1
7645	1370	1
7645	1917	1
7645	2292	1
7645	2737	1
7645	3712	1
7645	5679	1
7645	5711	1
7645	5908	1
7645	5992	1
7645	6313	1
7645	7324	1
7645	7872	1
7645	9194	1
7645	10439	1
7645	12081	1
7645	12189	1
7645	12568	1
7645	13457	1
7645	13820	1
7645	14041	1
7645	14212	1
7645	15390	1
7645	15708	1
7645	15817	1
7645	16076	1
7645	16468	1
7645	17062	1
7645	18947	1
7646	1706	1
7646	2701	1
7646	18427	1
7647	10019	1
7649	19190	1
7650	8276	1
7651	1883	1
7654	436	1
7654	547	1
7654	1857	1
7654	1909	1
7654	2013	1
7654	2038	1
7654	2090	1
7654	3138	1
7654	3279	1
7654	5529	1
7654	5632	1
7654	11688	1
7654	11713	1
7654	13126	1
7654	13195	1
7654	14608	1
7654	14974	1
7654	16199	1
7654	17434	1
7654	18946	1
7672	3581	1
7678	3674	1
7678	7872	1
7678	13219	1
7711	7872	1
7712	13914	1
7713	1453	1
7713	14587	1
7715	891	1
7715	1144	1
7715	1476	1
7715	1541	1
7715	2762	1
7715	3683	1
7715	3919	1
7715	6409	1
7715	7102	1
7715	8617	1
7715	9545	1
7715	11241	1
7715	13065	1
7715	13126	1
7715	16343	1
7716	7433	1
7717	1368	1
7717	2785	1
7718	712	1
7732	1014	1
7732	2795	1
7744	5137	1
7751	547	1
7774	1022	1
7782	2712	1
7782	12567	1
7782	14607	1
7782	18680	1
7785	5280	1
7815	1101	1
7815	8736	1
7817	7467	1
7821	2760	1
7821	4390	1
7821	4422	1
7821	5684	1
7821	7162	1
7821	8111	1
7821	9581	1
7842	3292	1
7844	9697	1
7846	18882	1
7871	4621	1
7872	265	1
7872	616	1
7872	694	1
7872	843	1
7872	1370	1
7872	1568	1
7872	1921	1
7872	2070	1
7872	2292	1
7872	2503	1
7872	3737	1
7872	4255	1
7872	4561	1
7872	4680	1
7872	4703	1
7872	4890	1
7872	5092	1
7872	5889	1
7872	6309	1
7872	6313	1
7872	7678	1
7872	7711	1
7872	7877	1
7872	8208	1
7872	9545	1
7872	9697	1
7872	10019	1
7872	10079	1
7872	11987	1
7872	12081	1
7872	12317	1
7872	12540	1
7872	12568	1
7872	12615	1
7872	13192	1
7872	13219	1
7872	13325	1
7872	13584	1
7872	13942	1
7872	14508	1
7872	14834	1
7872	15050	1
7872	15478	1
7872	16119	1
7872	17063	1
7872	18426	1
7876	2762	1
7876	9545	1
7877	211	1
7877	299	1
7877	1218	1
7877	1370	1
7877	1377	1
7877	1917	1
7877	2292	1
7877	3621	1
7877	5192	1
7877	5254	1
7877	5258	1
7877	5711	1
7877	6313	1
7877	6780	1
7877	6961	1
7877	7645	1
7877	8068	1
7877	8208	1
7877	8998	1
7877	9323	1
7877	9895	1
7877	10015	1
7877	10262	1
7877	11189	1
7877	11340	1
7877	11526	1
7877	12081	1
7877	12516	1
7877	12568	1
7877	12832	1
7877	13852	1
7877	14834	1
7877	15132	1
7877	15183	1
7877	15185	1
7877	15282	1
7877	15359	1
7877	15819	1
7877	16717	1
7877	16863	1
7877	17269	1
7878	4323	1
7880	6498	1
7913	363	1
7913	6226	1
7915	3956	1
7922	412	1
7922	1825	1
7922	6354	1
7923	11444	1
7947	3649	1
7950	134	1
7952	95	1
7952	1144	1
7952	3100	1
7952	3317	1
7952	7622	1
7952	12273	1
7952	13126	1
7952	13423	1
7952	13816	1
7952	15817	1
7952	17608	1
7953	2292	1
7953	6199	1
7953	7236	1
7953	13423	1
7953	14074	1
7953	15135	1
7971	3090	1
7975	7975	1
8007	116	1
8007	268	1
8007	333	1
8007	515	1
8007	545	1
8007	569	1
8007	1034	1
8007	1785	1
8007	2363	1
8007	2675	1
8007	2979	1
8007	3085	1
8007	3380	1
8007	4542	1
8007	4742	1
8007	5049	1
8007	5256	1
8007	6582	1
8007	8999	1
8007	9389	1
8007	9583	1
8007	10135	1
8007	10816	1
8007	11853	1
8007	11999	1
8007	13006	1
8007	14199	1
8007	14702	1
8007	14831	1
8007	15046	1
8007	16658	1
8007	16863	1
8010	3649	1
8010	8010	1
8039	2762	1
8039	6242	1
8039	9545	1
8040	1377	1
8041	6023	1
8043	1767	1
8043	4681	1
8043	10511	1
8067	4307	1
8069	8919	1
8070	472	1
8071	12615	1
8078	8078	1
8111	8111	1
8112	6993	1
8117	6214	1
8122	3970	1
8122	8534	1
8122	12643	1
8182	16078	1
8183	10081	1
8183	12424	1
8184	8957	1
8206	126	1
8206	299	1
8206	1767	1
8206	6753	1
8206	12253	1
8206	16945	1
8208	7877	1
8221	4236	1
8242	16239	1
8246	211	1
8246	740	1
8246	1338	1
8246	1510	1
8246	2061	1
8246	2414	1
8246	2618	1
8246	2762	1
8246	2794	1
8246	3140	1
8246	5071	1
8246	5257	1
8246	5585	1
8246	6376	1
8246	6801	1
8246	7242	1
8246	8534	1
8246	9545	1
8246	13126	1
8246	15899	1
8246	16528	1
8246	16659	1
8269	15182	1
8274	68	1
8274	335	1
8274	1800	1
8274	2062	1
8274	2586	1
8274	3931	1
8274	4233	1
8274	4850	1
8274	6642	1
8274	7205	1
8274	9323	1
8274	9826	1
8274	14359	1
8274	15118	1
8274	15724	1
8274	15899	1
8274	17644	1
8275	622	1
8276	7650	1
8276	15950	1
8276	18295	1
8283	9088	1
8307	11741	1
8307	13219	1
8307	14293	1
8307	16159	1
8307	17202	1
8307	18191	1
8307	19012	1
8308	2421	1
8308	5968	1
8309	6167	1
8310	10261	1
8310	10380	1
8310	15285	1
8310	17433	1
8311	126	1
8311	299	1
8311	639	1
8311	1904	1
8311	2292	1
8311	2502	1
8311	11340	1
8337	1209	1
8337	2013	1
8337	10708	1
8337	12035	1
8337	15493	1
8337	15857	1
8373	547	1
8373	6023	1
8373	9523	1
8385	13811	1
8405	1213	1
8405	2292	1
8405	2795	1
8405	3281	1
8405	4403	1
8405	6023	1
8405	9581	1
8407	3384	1
8407	17469	1
8408	642	1
8408	1784	1
8408	2731	1
8408	5943	1
8408	7869	1
8408	9482	1
8408	11102	1
8408	16609	1
8460	2556	1
8460	16500	1
8465	12763	1
8466	3895	1
8466	7561	1
8466	14548	1
8466	18040	1
8467	634	1
8467	705	1
8467	2556	1
8467	7613	1
8467	8207	1
8467	8243	1
8467	9045	1
8467	9545	1
8467	9826	1
8467	12426	1
8467	18230	1
8468	3674	1
8482	2533	1
8482	4946	1
8498	1014	1
8532	11447	1
8533	15860	1
8534	2119	1
8534	2420	1
8534	3684	1
8534	7388	1
8534	8246	1
8534	8788	1
8534	10380	1
8534	12615	1
8534	15322	1
8534	16994	1
8534	17642	1
8536	8536	1
8536	8956	1
8558	6437	1
8558	6673	1
8568	393	1
8568	10201	1
8572	15641	1
8575	1362	1
8576	3956	1
8582	4826	1
8617	3468	1
8617	6373	1
8617	7715	1
8617	8617	1
8618	18192	1
8619	1014	1
8622	10261	1
8655	6313	1
8655	15556	1
8656	8656	1
8657	951	1
8696	2292	1
8696	5661	1
8696	12465	1
8696	18264	1
8700	126	1
8700	694	1
8700	754	1
8700	1197	1
8700	1767	1
8700	1917	1
8700	2189	1
8700	6753	1
8700	11996	1
8700	12253	1
8700	14236	1
8700	16945	1
8736	5732	1
8736	5891	1
8736	6810	1
8736	6990	1
8736	7815	1
8736	9545	1
8737	10019	1
8785	3465	1
8785	4190	1
8785	18680	1
8786	2618	1
8786	6868	1
8786	11705	1
8786	16467	1
8786	16954	1
8788	412	1
8788	2556	1
8788	2905	1
8788	3489	1
8788	3575	1
8788	4225	1
8788	4306	1
8788	4961	1
8788	5039	1
8788	7523	1
8788	8534	1
8788	9473	1
8788	11696	1
8788	11743	1
8788	11927	1
8788	12832	1
8788	12917	1
8788	12947	1
8788	14608	1
8788	15098	1
8788	15135	1
8788	16164	1
8789	9697	1
8790	10019	1
8791	3674	1
8791	6893	1
8791	15322	1
8791	16315	1
8802	4083	1
8802	8482	1
8802	8919	1
8802	15896	1
8802	18162	1
8824	7923	1
8860	1092	1
8860	5068	1
8860	12498	1
8877	2556	1
8877	3308	1
8877	7653	1
8877	9697	1
8877	13852	1
8883	14260	1
8903	694	1
8919	630	1
8920	1022	1
8922	211	1
8922	16527	1
8939	1749	1
8939	14375	1
8956	368	1
8956	8536	1
8957	1768	1
8957	18946	1
8958	3674	1
8958	3956	1
8997	3738	1
8997	10982	1
8997	12516	1
8997	14899	1
9000	8919	1
9000	12914	1
9000	12975	1
9001	1695	1
9001	2610	1
9001	3851	1
9043	6500	1
9043	13235	1
9044	5073	1
9080	1647	1
9085	13063	1
9085	13194	1
9086	7821	1
9086	9697	1
9086	10019	1
9088	8283	1
9094	3956	1
9119	1840	1
9119	3668	1
9119	5707	1
9119	13489	1
9119	14801	1
9121	1685	1
9194	7645	1
9194	14204	1
9194	15322	1
9195	15132	1
9197	1218	1
9197	4084	1
9197	5775	1
9198	10707	1
9199	15449	1
9200	7564	1
9216	9216	1
9230	2992	1
9240	12038	1
9241	6552	1
9282	9424	1
9283	1377	1
9283	3090	1
9283	3317	1
9283	3658	1
9283	4108	1
9283	9826	1
9321	1871	1
9321	19067	1
9322	6778	1
9323	7877	1
9342	3026	1
9364	3674	1
9377	694	1
9377	2292	1
9377	8919	1
9377	9294	1
9377	11987	1
9377	12540	1
9377	13192	1
9377	14508	1
9377	15478	1
9379	3956	1
9380	393	1
9381	13126	1
9402	9829	1
9423	1453	1
9424	754	1
9424	2762	1
9424	3272	1
9424	9545	1
9424	11240	1
9424	12516	1
9427	1014	1
9427	6893	1
9474	8919	1
9474	18264	1
9482	1015	1
9482	2179	1
9482	2726	1
9482	5110	1
9482	5215	1
9482	5994	1
9482	6746	1
9482	7103	1
9482	7496	1
9482	7774	1
9482	9196	1
9482	9424	1
9482	13466	1
9482	13587	1
9482	13942	1
9482	15072	1
9482	15819	1
9482	16117	1
9482	17242	1
9482	17468	1
9509	126	1
9509	775	1
9509	1197	1
9509	1767	1
9509	1951	1
9509	4892	1
9509	7138	1
9509	11087	1
9509	13609	1
9509	14905	1
9524	6239	1
9527	1766	1
9527	2533	1
9527	3428	1
9527	3956	1
9527	4951	1
9527	5632	1
9527	16239	1
9527	17030	1
9581	1101	1
9581	1871	1
9581	3693	1
9581	7821	1
9581	8405	1
9581	12687	1
9581	14896	1
9584	393	1
9584	2595	1
9584	6239	1
9584	11521	1
9584	11620	1
9584	13004	1
9584	17397	1
9608	291	1
9637	3674	1
9638	686	1
9638	1136	1
9638	2361	1
9638	2923	1
9638	4134	1
9638	4889	1
9638	7816	1
9638	9582	1
9638	9796	1
9638	12421	1
9638	15819	1
9638	16315	1
9639	1691	1
9662	1070	1
9662	1585	1
9662	3650	1
9662	5307	1
9662	16359	1
9662	17202	1
9662	17644	1
9662	17688	1
9662	18024	1
9662	18821	1
9690	16045	1
9691	6986	1
9691	14545	1
9694	412	1
9695	16955	1
9697	7844	1
9697	8155	1
9697	8789	1
9697	9086	1
9697	18192	1
9764	2924	1
9764	8997	1
9766	6673	1
9829	4322	1
9829	15322	1
9957	15859	1
9958	2479	1
9975	3996	1
10013	6221	1
10013	10019	1
10014	11573	1
10014	11893	1
10015	7877	1
10015	15641	1
10017	193	1
10017	840	1
10017	2795	1
10019	2132	1
10019	5116	1
10019	6390	1
10019	7647	1
10019	7872	1
10019	8737	1
10019	8790	1
10019	10013	1
10019	10439	1
10019	11435	1
10019	13125	1
10019	15859	1
10019	16315	1
10019	16625	1
10019	16897	1
10019	17030	1
10019	17570	1
10019	19190	1
10055	16834	1
10080	2879	1
10080	3139	1
10080	4028	1
10080	5047	1
10081	3317	1
10081	4805	1
10081	4825	1
10081	7875	1
10081	8115	1
10081	8183	1
10081	11744	1
10081	13126	1
10081	13811	1
10132	5322	1
10133	2949	1
10134	3996	1
10134	15322	1
10136	5336	1
10136	7586	1
10137	3956	1
10138	16239	1
10161	1695	1
10161	2713	1
10161	3120	1
10161	3768	1
10161	3851	1
10161	13852	1
10161	15200	1
10161	15229	1
10161	15722	1
10184	6705	1
10201	3488	1
10201	4217	1
10201	4835	1
10201	6347	1
10201	8568	1
10201	9121	1
10204	712	1
10204	9640	1
10205	3200	1
10206	4677	1
10206	6552	1
10207	1377	1
10207	13126	1
10208	4519	1
10208	8568	1
10208	15135	1
10261	3671	1
10261	8310	1
10261	8622	1
10261	10380	1
10261	10638	1
10261	18039	1
10262	18004	1
10263	3956	1
10265	15494	1
10318	1541	1
10318	9545	1
10318	16200	1
10320	2944	1
10321	13126	1
10321	18882	1
10378	1014	1
10379	2618	1
10379	4156	1
10379	11799	1
10379	13126	1
10380	3204	1
10380	3671	1
10380	4387	1
10380	7816	1
10380	8310	1
10380	8534	1
10380	10758	1
10380	11623	1
10380	11987	1
10380	12615	1
10380	16122	1
10380	16835	1
10380	18039	1
10380	18647	1
10381	3956	1
10400	694	1
10400	858	1
10400	873	1
10400	995	1
10400	1267	1
10400	1372	1
10400	1425	1
10400	1593	1
10400	1752	1
10400	1904	1
10400	3368	1
10400	3728	1
10400	3840	1
10400	3974	1
10400	4561	1
10400	6023	1
10400	6059	1
10400	6962	1
10400	6989	1
10400	7255	1
10400	7601	1
10400	7732	1
10400	10017	1
10400	10739	1
10400	11141	1
10400	11438	1
10400	11521	1
10400	11592	1
10400	11987	1
10400	12540	1
10400	12949	1
10400	13424	1
10400	13881	1
10400	13914	1
10400	14020	1
10400	14142	1
10400	14508	1
10400	14882	1
10400	18426	1
10439	126	1
10439	288	1
10439	1370	1
10439	1917	1
10439	2292	1
10439	3902	1
10439	5711	1
10439	6313	1
10439	7610	1
10439	10019	1
10439	11340	1
10439	12568	1
10439	13852	1
10491	3956	1
10510	16005	1
10512	3917	1
10514	3693	1
10515	1691	1
10516	1951	1
10516	3996	1
10516	6413	1
10516	6499	1
10516	12516	1
10516	13066	1
10516	14608	1
10577	3581	1
10577	13066	1
10578	5711	1
10578	10136	1
10578	12764	1
10634	265	1
10635	2528	1
10636	1691	1
10638	10261	1
10707	1342	1
10707	2762	1
10707	3683	1
10707	4945	1
10707	6992	1
10707	9198	1
10707	9545	1
10707	11541	1
10707	13126	1
10707	13588	1
10707	14230	1
10708	8337	1
10756	1817	1
10758	10380	1
10813	6673	1
10840	3970	1
10848	10848	1
10920	7284	1
10921	9545	1
10923	7106	1
10925	2528	1
10925	2533	1
10925	12615	1
10926	13219	1
10941	2427	1
10967	6499	1
10975	17808	1
10979	3103	1
10979	14478	1
10982	8997	1
10983	412	1
11033	2838	1
11035	12615	1
11082	6025	1
11082	8006	1
11083	7255	1
11084	2005	1
11086	1883	1
11087	3918	1
11088	6373	1
11089	14801	1
11091	2246	1
11091	9524	1
11091	15011	1
11139	5632	1
11141	1506	1
11182	17182	1
11183	3671	1
11184	12976	1
11189	2533	1
11189	7877	1
11190	1843	1
11190	1848	1
11205	5068	1
11236	11933	1
11237	19012	1
11238	8246	1
11239	4777	1
11241	7715	1
11243	5291	1
11243	5306	1
11243	17081	1
11267	2319	1
11270	17096	1
11280	1209	1
11280	2013	1
11280	6284	1
11280	10708	1
11280	15493	1
11280	15857	1
11285	3558	1
11285	7784	1
11336	13490	1
11340	126	1
11340	211	1
11340	299	1
11340	1917	1
11340	2292	1
11340	6776	1
11340	8311	1
11340	10019	1
11340	11440	1
11391	2652	1
11396	15494	1
11402	5071	1
11402	5636	1
11402	6940	1
11402	9087	1
11422	6030	1
11435	10019	1
11436	1453	1
11438	2783	1
11438	4604	1
11438	18403	1
11439	6058	1
11439	7586	1
11439	13812	1
11440	1231	1
11440	11340	1
11444	265	1
11444	1377	1
11444	3430	1
11444	7856	1
11444	8824	1
11444	15495	1
11444	15651	1
11447	211	1
11447	3009	1
11447	3737	1
11447	8532	1
11447	8620	1
11447	9566	1
11447	9764	1
11447	12685	1
11486	11574	1
11487	2795	1
11521	8	1
11521	90	1
11521	126	1
11521	234	1
11521	677	1
11521	967	1
11521	1092	1
11521	1635	1
11521	1921	1
11521	3049	1
11521	3102	1
11521	3291	1
11521	3310	1
11521	3544	1
11521	3852	1
11521	4053	1
11521	4681	1
11521	4870	1
11521	4968	1
11521	5047	1
11521	6340	1
11521	6550	1
11521	6685	1
11521	7109	1
11521	7953	1
11521	8573	1
11521	9524	1
11521	9584	1
11521	10637	1
11521	11528	1
11521	11799	1
11521	11926	1
11521	12253	1
11521	12499	1
11521	12615	1
11521	12796	1
11521	12835	1
11521	12881	1
11521	12884	1
11521	13215	1
11521	13219	1
11521	13424	1
11521	13488	1
11521	13556	1
11521	13557	1
11521	13910	1
11521	14870	1
11521	14950	1
11521	15358	1
11521	15857	1
11521	16006	1
11521	16239	1
11521	16868	1
11521	17271	1
11521	18135	1
11521	18192	1
11521	18980	1
11531	13126	1
11531	15191	1
11571	13218	1
11572	446	1
11572	4307	1
11572	6059	1
11572	10400	1
11573	10014	1
11574	11486	1
11581	11581	1
11620	4156	1
11620	4522	1
11620	4588	1
11620	8469	1
11620	9584	1
11622	3410	1
11623	10380	1
11666	5405	1
11672	1377	1
11696	8788	1
11697	14867	1
11736	8788	1
11739	11741	1
11740	1377	1
11741	3292	1
11741	5757	1
11741	11739	1
11741	15788	1
11743	6546	1
11744	3674	1
11744	4826	1
11744	5262	1
11744	5943	1
11744	6893	1
11744	8122	1
11744	10081	1
11744	16994	1
11744	18882	1
11745	1377	1
11799	11521	1
11819	1857	1
11839	7236	1
11852	4101	1
11852	4557	1
11852	14608	1
11852	19239	1
11887	4322	1
11887	6197	1
11887	9120	1
11889	4315	1
11890	6333	1
11893	10014	1
11899	5491	1
11912	6499	1
11924	3840	1
11924	3962	1
11924	12500	1
11924	13584	1
11925	3317	1
11925	6354	1
11925	8006	1
11926	11521	1
11928	12388	1
11930	1368	1
11930	11933	1
11933	694	1
11933	3430	1
11933	3919	1
11933	4101	1
11933	4156	1
11933	11236	1
11933	14608	1
11934	3674	1
11951	3694	1
11985	15494	1
11986	6993	1
11986	15494	1
11987	1101	1
11987	2783	1
11987	5254	1
11987	7163	1
11987	7872	1
11987	10380	1
11987	16865	1
11988	3200	1
11989	1631	1
12032	16778	1
12033	3674	1
12034	2762	1
12034	4946	1
12034	9545	1
12035	2762	1
12035	4389	1
12035	5660	1
12035	6962	1
12035	7242	1
12035	9545	1
12035	11280	1
12035	13882	1
12035	14140	1
12035	14508	1
12035	15322	1
12037	19012	1
12038	1843	1
12038	1848	1
12038	2508	1
12038	3070	1
12038	3751	1
12038	5048	1
12038	5565	1
12038	9240	1
12038	11521	1
12038	13394	1
12038	14901	1
12038	17569	1
12077	6373	1
12078	12078	1
12126	3956	1
12127	17182	1
12186	1489	1
12186	13880	1
12186	15048	1
12186	16003	1
12186	16626	1
12188	839	1
12188	7077	1
12188	11486	1
12188	12641	1
12188	16040	1
12188	16742	1
12189	7645	1
12191	12081	1
12191	12568	1
12191	14608	1
12225	14608	1
12226	16994	1
12227	1218	1
12253	36	1
12253	1663	1
12253	1767	1
12253	4826	1
12253	8206	1
12253	8700	1
12253	10439	1
12253	11340	1
12253	11521	1
12253	12375	1
12253	14203	1
12253	17646	1
12267	4287	1
12269	1921	1
12269	2292	1
12269	2379	1
12269	3737	1
12269	4826	1
12269	5201	1
12269	6415	1
12269	19220	1
12274	247	1
12274	1499	1
12274	2712	1
12274	8110	1
12274	10382	1
12274	11220	1
12274	12736	1
12274	14607	1
12274	18558	1
12274	18680	1
12274	19237	1
12317	18192	1
12317	18619	1
12318	1377	1
12320	6673	1
12321	694	1
12321	4101	1
12321	4156	1
12321	14608	1
12338	362	1
12352	615	1
12353	596	1
12353	15651	1
12385	5176	1
12389	3419	1
12390	2508	1
12390	3280	1
12421	9638	1
12424	8183	1
12427	1231	1
12465	412	1
12465	8696	1
12497	3956	1
12498	12615	1
12498	13884	1
12498	15322	1
12498	16121	1
12499	252	1
12499	2959	1
12499	11521	1
12499	13490	1
12499	17645	1
12499	18162	1
12500	11924	1
12516	4586	1
12516	7877	1
12516	8997	1
12516	10516	1
12518	7496	1
12518	11925	1
12538	15950	1
12539	2414	1
12540	3256	1
12556	1452	1
12567	7782	1
12568	7645	1
12568	7872	1
12568	7877	1
12568	10439	1
12568	12191	1
12607	17546	1
12609	5176	1
12615	16	1
12615	27	1
12615	112	1
12615	211	1
12615	360	1
12615	527	1
12615	700	1
12615	845	1
12615	1780	1
12615	2309	1
12615	2320	1
12615	2414	1
12615	2534	1
12615	3009	1
12615	3367	1
12615	3737	1
12615	7872	1
12615	8071	1
12615	8534	1
12615	9566	1
12615	9823	1
12615	9827	1
12615	10019	1
12615	10925	1
12615	11035	1
12615	11098	1
12615	11521	1
12615	12498	1
12615	12685	1
12615	13423	1
12615	13424	1
12615	15674	1
12615	15680	1
12615	15817	1
12615	16039	1
12615	16824	1
12615	17433	1
12615	18426	1
12640	1014	1
12640	1368	1
12640	1377	1
12640	14375	1
12641	12188	1
12642	17241	1
12643	693	1
12643	1889	1
12643	5575	1
12643	8196	1
12643	11270	1
12643	17721	1
12685	12615	1
12686	19012	1
12687	594	1
12687	2884	1
12687	3752	1
12687	4422	1
12687	9581	1
12687	16629	1
12688	5361	1
12688	16239	1
12735	8534	1
12736	8786	1
12750	13127	1
12763	8465	1
12764	10578	1
12774	11190	1
12795	5028	1
12795	18574	1
12796	11521	1
12798	376	1
12798	1945	1
12798	5632	1
12798	7816	1
12798	14608	1
12832	8788	1
12833	15929	1
12835	11521	1
12880	2208	1
12880	13219	1
12881	11521	1
12914	2785	1
12914	9000	1
12917	8788	1
12918	3703	1
12918	5248	1
12918	5867	1
12918	8219	1
12918	13219	1
12931	15282	1
12949	14867	1
12949	17545	1
12949	19045	1
12950	2971	1
12950	14170	1
12951	2949	1
12960	6499	1
12975	5405	1
12975	9000	1
12975	17182	1
12976	16003	1
12976	16626	1
12991	694	1
12991	1267	1
12991	1377	1
12991	1904	1
12991	3683	1
12991	4156	1
12991	4939	1
12991	8534	1
12991	11087	1
12991	11272	1
12991	13422	1
12991	14203	1
12991	16076	1
12991	16469	1
13004	446	1
13004	2553	1
13004	2556	1
13004	2762	1
13004	3308	1
13004	6989	1
13004	9545	1
13004	9584	1
13004	16345	1
13005	1231	1
13024	1218	1
13061	14867	1
13063	9085	1
13063	18106	1
13064	3918	1
13066	2762	1
13066	4976	1
13066	7649	1
13066	9545	1
13066	10516	1
13066	10577	1
13066	12466	1
13066	13066	1
13105	1968	1
13105	8180	1
13105	18680	1
13106	694	1
13106	775	1
13107	5189	1
13107	17360	1
13108	691	1
13124	11621	1
13124	12975	1
13124	14608	1
13125	299	1
13125	1231	1
13125	1348	1
13125	1541	1
13125	3368	1
13125	3403	1
13125	3468	1
13125	8110	1
13125	10019	1
13125	10400	1
13158	13219	1
13192	7872	1
13193	1014	1
13193	2795	1
13193	9584	1
13195	7654	1
13215	11521	1
13217	6987	1
13218	412	1
13219	165	1
13219	176	1
13219	1006	1
13219	1848	1
13219	2254	1
13219	2508	1
13219	2532	1
13219	2618	1
13219	3175	1
13219	3192	1
13219	3570	1
13219	3594	1
13219	3597	1
13219	3768	1
13219	4217	1
13219	4221	1
13219	5048	1
13219	5136	1
13219	5248	1
13219	5570	1
13219	6214	1
13219	6238	1
13219	6918	1
13219	6994	1
13219	7105	1
13219	7649	1
13219	7678	1
13219	8307	1
13219	8338	1
13219	8406	1
13219	8443	1
13219	8792	1
13219	9530	1
13219	9584	1
13219	9829	1
13219	10926	1
13219	11521	1
13219	11570	1
13219	12607	1
13219	12774	1
13219	12880	1
13219	13158	1
13219	13394	1
13219	13852	1
13219	14338	1
13219	14817	1
13219	14903	1
13219	15189	1
13219	15282	1
13219	15360	1
13219	15966	1
13219	16825	1
13219	17569	1
13219	17921	1
13219	18349	1
13219	18706	1
13219	18779	1
13219	19143	1
13219	19321	1
13219	19603	1
13235	9043	1
13236	2292	1
13236	2314	1
13236	3683	1
13236	4018	1
13236	12422	1
13236	13985	1
13236	14646	1
13236	14701	1
13236	15101	1
13236	16162	1
13236	16781	1
13236	18426	1
13237	17182	1
13238	12032	1
13271	17499	1
13272	2795	1
13273	292	1
13273	15358	1
13293	3256	1
13300	2795	1
13300	13300	1
13334	3335	1
13334	6546	1
13368	13368	1
13394	13219	1
13395	18198	1
13422	1817	1
13422	2795	1
13422	3956	1
13422	15816	1
13423	12615	1
13424	1014	1
13424	3649	1
13424	11521	1
13424	12615	1
13441	2547	1
13441	2874	1
13441	4156	1
13441	9545	1
13441	11487	1
13441	11744	1
13441	13667	1
13441	13758	1
13441	13905	1
13441	14375	1
13457	7645	1
13469	2794	1
13469	11744	1
13469	13758	1
13488	858	1
13488	1070	1
13488	2794	1
13488	2874	1
13488	4156	1
13488	5136	1
13488	5799	1
13488	8009	1
13488	9378	1
13488	9397	1
13488	9545	1
13488	11521	1
13488	11744	1
13489	9119	1
13489	17884	1
13490	11336	1
13519	5161	1
13519	19012	1
13521	2795	1
13557	11521	1
13565	412	1
13565	9294	1
13565	14508	1
13586	17182	1
13587	16994	1
13588	10707	1
13649	1213	1
13649	1749	1
13649	3317	1
13649	6685	1
13649	7039	1
13649	7323	1
13649	9545	1
13649	10380	1
13649	14375	1
13649	15226	1
13649	17489	1
13650	12291	1
13650	12833	1
13650	18589	1
13667	3674	1
13667	16994	1
13672	16412	1
13672	17827	1
13711	12615	1
13714	8613	1
13722	13722	1
13731	8605	1
13732	3918	1
13735	6959	1
13736	13736	1
13747	3317	1
13747	13520	1
13758	95	1
13758	190	1
13758	3317	1
13758	4976	1
13758	7807	1
13758	9534	1
13758	9545	1
13758	13441	1
13758	13905	1
13783	409	1
13784	2292	1
13784	11438	1
13786	1898	1
13811	4389	1
13811	9545	1
13811	10081	1
13811	13649	1
13812	3727	1
13812	5323	1
13812	6329	1
13812	7380	1
13812	11439	1
13812	14608	1
13816	1218	1
13816	2783	1
13816	4806	1
13816	6343	1
13819	1883	1
13819	2785	1
13819	3364	1
13819	15950	1
13852	7210	1
13852	7877	1
13852	8877	1
13852	13219	1
13862	14608	1
13880	4621	1
13881	1377	1
13881	3674	1
13884	8180	1
13884	12498	1
13885	6552	1
13885	17182	1
13905	1377	1
13905	3000	1
13905	7563	1
13905	8116	1
13905	10552	1
13905	13758	1
13909	2747	1
13912	362	1
13912	522	1
13912	17572	1
13913	5681	1
13915	2652	1
13915	8919	1
13941	18192	1
13942	1377	1
13942	2533	1
13942	2795	1
13942	3751	1
13942	4424	1
13942	7872	1
13942	16239	1
13944	943	1
13944	3027	1
13944	3674	1
13944	5637	1
13944	8195	1
13945	13126	1
13947	3468	1
13947	5887	1
13947	7497	1
13985	5342	1
13985	13236	1
13986	8618	1
13986	13365	1
13987	419	1
14039	14426	1
14041	7645	1
14042	2949	1
14071	4402	1
14071	10382	1
14072	18004	1
14102	2795	1
14104	13126	1
14141	5886	1
14169	2586	1
14185	13732	1
14200	15950	1
14200	17642	1
14203	6099	1
14203	15135	1
14204	9194	1
14205	1201	1
14205	5262	1
14205	10138	1
14205	12253	1
14205	12931	1
14229	2949	1
14231	1921	1
14232	16005	1
14248	166	1
14248	581	1
14248	607	1
14248	2735	1
14248	3262	1
14248	4655	1
14248	7053	1
14248	11592	1
14248	13521	1
14260	1014	1
14260	3956	1
14261	2747	1
14262	2924	1
14293	14508	1
14293	15857	1
14293	15900	1
14326	4101	1
14338	13219	1
14359	8274	1
14360	14608	1
14375	1749	1
14375	4976	1
14375	6692	1
14375	8939	1
14375	9545	1
14375	10941	1
14375	14375	1
14385	4322	1
14385	9120	1
14414	4683	1
14426	4961	1
14426	5218	1
14426	7145	1
14426	10944	1
14426	12426	1
14426	13219	1
14444	6099	1
14445	348	1
14445	712	1
14445	1377	1
14445	1924	1
14445	2902	1
14445	3751	1
14445	4008	1
14445	4800	1
14445	4948	1
14445	5266	1
14445	5873	1
14445	16500	1
14445	16895	1
14478	4976	1
14478	5324	1
14478	7561	1
14478	9545	1
14478	10979	1
14478	12881	1
14478	13218	1
14508	412	1
14508	3956	1
14508	7872	1
14510	4422	1
14510	13126	1
14544	7019	1
14548	8466	1
14549	15564	1
14564	9545	1
14564	17241	1
14583	16121	1
14607	6394	1
14607	7782	1
14608	292	1
14608	1014	1
14608	3570	1
14608	7654	1
14608	8788	1
14608	10516	1
14608	12191	1
14608	13124	1
14608	13862	1
14614	14614	1
14628	14628	1
14645	2957	1
14646	3674	1
14646	13236	1
14646	14646	1
14700	283	1
14700	2652	1
14700	2762	1
14700	7466	1
14700	9545	1
14701	3674	1
14701	13236	1
14736	9545	1
14737	13126	1
14739	8	1
14739	16002	1
14762	17884	1
14801	1218	1
14801	4891	1
14801	5161	1
14801	17816	1
14817	13219	1
14831	8007	1
14832	5717	1
14834	1218	1
14834	7872	1
14834	7877	1
14843	18530	1
14867	208	1
14867	294	1
14867	687	1
14867	1270	1
14867	1510	1
14867	1768	1
14867	2501	1
14867	2762	1
14867	2985	1
14867	3069	1
14867	3298	1
14867	3477	1
14867	3673	1
14867	4030	1
14867	4643	1
14867	6221	1
14867	7649	1
14867	9545	1
14867	9959	1
14867	11697	1
14867	12949	1
14867	13061	1
14867	14834	1
14867	15247	1
14867	16993	1
14868	17610	1
14869	555	1
14869	2980	1
14869	3737	1
14869	4890	1
14869	5092	1
14869	13817	1
14869	16864	1
14870	5886	1
14896	3751	1
14896	9581	1
14896	12914	1
14896	13944	1
14898	13126	1
14899	8997	1
14901	9545	1
14901	12038	1
14901	14901	1
14902	9545	1
14904	1101	1
14926	14926	1
14941	2292	1
14941	6313	1
14941	8617	1
14941	12270	1
14941	12423	1
14941	16003	1
14941	16866	1
14943	3317	1
14944	1775	1
14944	6523	1
14944	12610	1
14945	5682	1
14945	7561	1
14945	12386	1
14946	13066	1
14947	7429	1
14947	16493	1
14947	16500	1
14974	2969	1
14974	13300	1
14975	6378	1
14975	8110	1
14975	9584	1
14983	8270	1
15011	7467	1
15011	9765	1
15011	15965	1
15019	8172	1
15042	15392	1
15043	4680	1
15043	4976	1
15048	3102	1
15048	8919	1
15048	11188	1
15048	11929	1
15048	12186	1
15050	7872	1
15054	10136	1
15054	15054	1
15071	8116	1
15095	1297	1
15097	5194	1
15098	1959	1
15098	8788	1
15098	16041	1
15101	3767	1
15130	15132	1
15131	17182	1
15132	368	1
15132	554	1
15132	2747	1
15132	3084	1
15132	3103	1
15132	3970	1
15132	4101	1
15132	4850	1
15132	6313	1
15132	6481	1
15132	7103	1
15132	7877	1
15132	9195	1
15132	10815	1
15132	15130	1
15132	15135	1
15132	15449	1
15132	15527	1
15132	15556	1
15133	16897	1
15134	1752	1
15135	1883	1
15135	7953	1
15135	8788	1
15135	10208	1
15135	14203	1
15135	15132	1
15182	822	1
15182	7451	1
15182	8269	1
15182	11389	1
15183	7877	1
15184	18680	1
15186	11521	1
15189	6843	1
15208	8786	1
15217	12975	1
15247	14867	1
15248	2856	1
15248	4108	1
15248	7760	1
15248	12916	1
15249	2949	1
15259	2958	1
15282	1377	1
15282	3626	1
15282	5681	1
15286	3292	1
15318	1014	1
15320	13126	1
15322	1051	1
15322	1884	1
15322	2291	1
15322	2640	1
15322	2731	1
15322	2762	1
15322	2874	1
15322	3908	1
15322	4661	1
15322	4943	1
15322	6023	1
15322	6523	1
15322	6551	1
15322	7499	1
15322	8465	1
15322	8534	1
15322	8791	1
15322	9194	1
15322	9545	1
15322	9829	1
15322	10134	1
15322	10707	1
15322	12498	1
15322	16945	1
15358	1372	1
15358	1767	1
15358	2332	1
15358	2794	1
15358	4968	1
15358	6338	1
15358	7039	1
15358	9194	1
15358	11521	1
15358	13066	1
15358	13273	1
15359	7877	1
15392	15042	1
15393	9894	1
15448	4100	1
15449	5070	1
15449	15449	1
15450	2533	1
15451	4100	1
15478	16955	1
15494	639	1
15494	1674	1
15494	2292	1
15494	2689	1
15494	3730	1
15494	3982	1
15494	6159	1
15494	7561	1
15494	7585	1
15494	7622	1
15494	10265	1
15494	11396	1
15494	11985	1
15494	11986	1
15494	12540	1
15494	13829	1
15494	15567	1
15494	15967	1
15494	17358	1
15497	2292	1
15497	16495	1
15498	10019	1
15525	5160	1
15526	5432	1
15543	1749	1
15543	6692	1
15556	3858	1
15556	15132	1
15556	15556	1
15558	3256	1
15558	16467	1
15558	16635	1
15558	16782	1
15558	17706	1
15563	12268	1
15564	14549	1
15566	1014	1
15566	3751	1
15566	4064	1
15567	2795	1
15605	1766	1
15607	1368	1
15607	7079	1
15607	13126	1
15641	347	1
15641	8435	1
15641	8534	1
15641	8572	1
15641	8575	1
15641	10015	1
15641	18193	1
15641	18530	1
15647	16315	1
15648	3956	1
15650	10019	1
15651	412	1
15651	4946	1
15651	12353	1
15652	9000	1
15652	19641	1
15674	12615	1
15679	2602	1
15679	7107	1
15680	12615	1
15708	143	1
15708	1695	1
15708	2731	1
15708	6267	1
15708	7645	1
15708	7649	1
15708	7843	1
15708	9764	1
15708	18266	1
15710	679	1
15710	2762	1
15710	2944	1
15710	5404	1
15710	9545	1
15710	11290	1
15710	13988	1
15750	11572	1
15751	3581	1
15752	16239	1
15816	2630	1
15816	5160	1
15816	5799	1
15816	6803	1
15816	13422	1
15816	16780	1
15816	19218	1
15817	4373	1
15817	7645	1
15817	12615	1
15819	3650	1
15819	6685	1
15819	16628	1
15819	16778	1
15855	16928	1
15857	8337	1
15859	6122	1
15859	9957	1
15859	10019	1
15859	12725	1
15860	1046	1
15860	2292	1
15860	7466	1
15860	8533	1
15860	9323	1
15860	11699	1
15860	17269	1
15896	8802	1
15897	2795	1
15898	4996	1
15900	5632	1
15926	1377	1
15927	6498	1
15929	12833	1
15929	17182	1
15950	54	1
15950	68	1
15950	1951	1
15950	2437	1
15950	2944	1
15950	3487	1
15950	8919	1
15950	11325	1
15950	11532	1
15950	12425	1
15950	12538	1
15950	13126	1
15950	13738	1
15950	13819	1
15950	14200	1
15965	15011	1
15966	13219	1
15967	15494	1
15977	4683	1
16002	16865	1
16003	12186	1
16004	1606	1
16004	1630	1
16004	4060	1
16004	13595	1
16004	16782	1
16005	10510	1
16005	13193	1
16005	13914	1
16005	14232	1
16005	16467	1
16005	18232	1
16005	18653	1
16007	3753	1
16007	6143	1
16007	7163	1
16008	4683	1
16039	7079	1
16039	12615	1
16041	15098	1
16045	2794	1
16045	2944	1
16045	3738	1
16045	5047	1
16045	5161	1
16045	8373	1
16045	9690	1
16045	13556	1
16076	3478	1
16076	7645	1
16078	8182	1
16117	2762	1
16117	9545	1
16120	2949	1
16121	1454	1
16121	2762	1
16121	7461	1
16121	9545	1
16121	12498	1
16121	14583	1
16122	1883	1
16122	2783	1
16122	10380	1
16157	11926	1
16159	5161	1
16160	1453	1
16160	3310	1
16161	1635	1
16161	13944	1
16163	412	1
16164	8788	1
16166	3970	1
16166	4826	1
16166	7046	1
16200	3956	1
16239	505	1
16239	639	1
16239	2292	1
16239	2923	1
16239	4307	1
16239	4520	1
16239	5711	1
16239	5889	1
16239	6390	1
16239	6499	1
16239	8242	1
16239	9527	1
16239	10138	1
16239	11521	1
16239	12501	1
16239	12688	1
16239	12764	1
16239	13816	1
16239	13942	1
16239	14325	1
16239	14942	1
16239	15495	1
16239	15752	1
16239	16467	1
16239	16688	1
16240	17328	1
16241	2292	1
16275	1377	1
16314	3694	1
16315	2292	1
16315	2414	1
16315	2454	1
16315	3345	1
16315	4586	1
16315	5889	1
16315	7465	1
16315	7711	1
16315	7843	1
16315	8697	1
16315	8791	1
16315	9638	1
16315	10019	1
16315	10739	1
16315	11700	1
16315	13427	1
16315	13737	1
16315	15647	1
16315	15925	1
16315	16279	1
16315	16955	1
16346	886	1
16346	4976	1
16346	14415	1
16349	7429	1
16349	16493	1
16349	16500	1
16349	17705	1
16359	1070	1
16359	1585	1
16359	3650	1
16359	5307	1
16359	9662	1
16359	17202	1
16359	17644	1
16359	18024	1
16359	18821	1
16370	3987	1
16370	15489	1
16372	19012	1
16373	19012	1
16401	5161	1
16401	5776	1
16412	191	1
16412	17827	1
16431	3256	1
16432	10319	1
16467	7163	1
16467	8786	1
16467	16005	1
16467	16239	1
16467	17884	1
16467	18192	1
16468	7645	1
16469	3751	1
16493	5474	1
16493	5889	1
16493	7429	1
16493	12608	1
16493	14947	1
16493	15495	1
16493	16349	1
16493	16500	1
16493	17642	1
16494	1014	1
16494	2944	1
16496	8919	1
16497	95	1
16497	3799	1
16497	5136	1
16497	6268	1
16500	3160	1
16500	7563	1
16500	8460	1
16500	14947	1
16500	16349	1
16500	16493	1
16500	16500	1
16501	6962	1
16527	8922	1
16529	3674	1
16531	7561	1
16531	9545	1
16563	3402	1
16625	2292	1
16625	7163	1
16625	9527	1
16625	10019	1
16626	12186	1
16626	12976	1
16627	1377	1
16627	1945	1
16627	2817	1
16627	18946	1
16629	4826	1
16629	12687	1
16630	4604	1
16658	8007	1
16660	872	1
16660	1198	1
16660	2762	1
16660	9545	1
16660	13126	1
16663	393	1
16663	2783	1
16664	17946	1
16686	5886	1
16688	1231	1
16688	1767	1
16688	1917	1
16688	2292	1
16688	7349	1
16688	8070	1
16688	16239	1
16714	5161	1
16714	7211	1
16716	368	1
16716	1218	1
16716	7046	1
16717	7877	1
16743	2762	1
16743	6959	1
16743	9545	1
16744	13783	1
16777	368	1
16777	2352	1
16777	7046	1
16778	1849	1
16778	5889	1
16778	12032	1
16778	13942	1
16778	15819	1
16780	15816	1
16782	3256	1
16782	11571	1
16782	12725	1
16782	14293	1
16782	16004	1
16782	16714	1
16783	7079	1
16783	17808	1
16822	294	1
16822	2292	1
16822	8270	1
16822	15100	1
16823	362	1
16823	6989	1
16823	8839	1
16823	13944	1
16823	17271	1
16824	12615	1
16835	10380	1
16864	14869	1
16865	1365	1
16865	5048	1
16865	9584	1
16865	11987	1
16866	5681	1
16867	7079	1
16867	17642	1
16868	10019	1
16868	11521	1
16868	13852	1
16868	15321	1
16879	7784	1
16897	10019	1
16897	15133	1
16928	4233	1
16928	15724	1
16928	15855	1
16955	299	1
16955	694	1
16955	1231	1
16955	1767	1
16955	1917	1
16955	4649	1
16955	6989	1
16955	9695	1
16955	15478	1
16955	16315	1
16994	2171	1
16994	2309	1
16994	3430	1
16994	3927	1
16994	6962	1
16994	7644	1
16994	8534	1
16994	9825	1
16994	11521	1
16994	11744	1
16994	12226	1
16994	13587	1
16994	13667	1
16994	13785	1
16994	14835	1
16994	14905	1
16994	16278	1
16994	17361	1
17029	3581	1
17030	9527	1
17030	9826	1
17030	10019	1
17030	12387	1
17030	17209	1
17062	1752	1
17095	19012	1
17096	11270	1
17096	17972	1
17097	17398	1
17125	5886	1
17126	1831	1
17128	6343	1
17135	523	1
17135	5248	1
17135	8534	1
17146	15708	1
17159	19012	1
17180	4968	1
17180	10019	1
17181	691	1
17182	114	1
17182	3620	1
17182	4190	1
17182	5094	1
17182	6478	1
17182	7431	1
17182	8070	1
17182	9603	1
17182	10924	1
17182	11034	1
17182	11182	1
17182	11325	1
17182	12127	1
17182	12271	1
17182	12872	1
17182	12975	1
17182	13157	1
17182	13237	1
17182	13586	1
17182	13885	1
17182	15096	1
17182	15099	1
17182	15131	1
17182	15645	1
17182	15929	1
17182	16467	1
17182	17186	1
17182	17431	1
17182	17917	1
17182	19094	1
17182	19190	1
17182	19240	1
17183	9545	1
17186	17182	1
17202	1070	1
17202	3650	1
17202	5307	1
17202	9662	1
17202	16359	1
17202	17644	1
17202	17688	1
17202	18024	1
17202	18821	1
17209	2762	1
17209	9545	1
17209	16629	1
17241	12642	1
17242	17397	1
17269	7877	1
17269	15860	1
17270	1014	1
17271	3956	1
17271	11521	1
17271	16823	1
17272	17642	1
17291	2831	1
17327	3767	1
17328	16240	1
17360	13107	1
17386	17298	1
17386	17300	1
17397	3090	1
17397	7495	1
17397	9584	1
17397	17242	1
17397	17547	1
17398	17097	1
17431	17182	1
17432	3355	1
17433	8310	1
17433	12615	1
17433	13126	1
17433	17096	1
17433	18946	1
17434	7654	1
17465	17465	1
17466	10017	1
17467	17740	1
17468	3674	1
17469	8407	1
17489	17489	1
17499	2944	1
17499	3390	1
17499	13126	1
17499	13271	1
17499	15319	1
17537	1228	1
17537	1631	1
17537	3020	1
17537	4698	1
17537	5637	1
17537	13485	1
17537	17062	1
17537	17146	1
17545	12949	1
17546	7953	1
17546	12607	1
17546	12798	1
17569	12038	1
17570	10019	1
17571	9545	1
17572	13912	1
17584	4826	1
17608	7952	1
17610	14868	1
17642	1904	1
17642	1917	1
17642	2352	1
17642	3103	1
17642	5016	1
17642	5324	1
17642	5908	1
17642	7079	1
17642	8534	1
17642	8738	1
17642	12253	1
17642	12354	1
17642	13066	1
17642	13300	1
17642	14200	1
17642	15449	1
17642	16199	1
17642	16467	1
17642	16493	1
17642	16867	1
17642	17272	1
17643	17643	1
17645	6058	1
17645	12499	1
17646	1014	1
17671	1218	1
17688	3650	1
17688	5307	1
17698	3355	1
17706	15558	1
17721	1768	1
17740	6412	1
17740	17467	1
17773	13126	1
17773	15427	1
17774	6268	1
17808	5236	1
17809	2556	1
17809	5161	1
17809	6339	1
17810	2949	1
17812	412	1
17827	191	1
17827	13752	1
17846	5923	1
17884	5047	1
17884	5048	1
17884	6498	1
17884	9545	1
17884	13489	1
17884	14762	1
17884	15102	1
17884	16467	1
17916	3674	1
17921	13219	1
17946	8110	1
17946	16664	1
17948	7163	1
17950	9697	1
17950	10019	1
17972	17096	1
17978	18646	1
17979	3956	1
18004	2189	1
18004	2505	1
18004	2741	1
18004	10262	1
18004	14072	1
18004	15250	1
18005	18191	1
18006	13521	1
18006	17292	1
18039	10261	1
18040	3970	1
18040	12643	1
18040	13441	1
18040	13758	1
18044	1031	1
18044	3896	1
18045	3738	1
18045	16783	1
18104	13126	1
18105	1377	1
18107	7963	1
18134	1014	1
18135	11521	1
18162	8802	1
18189	1014	1
18190	76	1
18190	1126	1
18190	3298	1
18190	4156	1
18191	4976	1
18191	9545	1
18191	18005	1
18192	368	1
18192	1880	1
18192	2235	1
18192	2352	1
18192	2489	1
18192	2914	1
18192	3930	1
18192	5872	1
18192	6311	1
18192	8618	1
18192	9697	1
18192	11521	1
18192	12317	1
18192	13941	1
18192	16467	1
18198	13395	1
18232	16005	1
18263	2713	1
18265	6497	1
18325	2795	1
18377	2949	1
18386	95	1
18386	4308	1
18386	4413	1
18386	4826	1
18386	5717	1
18402	13126	1
18403	18529	1
18425	18427	1
18426	412	1
18426	2075	1
18426	3570	1
18426	4826	1
18426	12615	1
18426	13236	1
18427	18425	1
18448	2254	1
18448	3930	1
18491	1014	1
18491	2005	1
18529	2762	1
18529	9545	1
18529	18403	1
18545	14843	1
18557	16716	1
18560	523	1
18560	5515	1
18560	7672	1
18588	3956	1
18619	8110	1
18619	12317	1
18621	1377	1
18646	8534	1
18646	17978	1
18678	6673	1
18679	2652	1
18680	2838	1
18680	7428	1
18680	8785	1
18680	13105	1
18705	1691	1
18706	13219	1
18709	1231	1
18711	7161	1
18749	6022	1
18750	3428	1
18779	13219	1
18807	7137	1
18830	368	1
18831	3674	1
18856	3071	1
18881	6392	1
18882	694	1
18882	1825	1
18882	2712	1
18882	3430	1
18882	4844	1
18882	5872	1
18882	5889	1
18882	6026	1
18882	7242	1
18882	7296	1
18882	7846	1
18882	8919	1
18882	9425	1
18882	9825	1
18882	10321	1
18882	11744	1
18882	16750	1
18882	17642	1
18902	5281	1
18946	1377	1
18946	1586	1
18946	1857	1
18946	3420	1
18946	5490	1
18946	5575	1
18946	16627	1
18946	17433	1
18946	19012	1
18979	3253	1
18979	19115	1
18980	11521	1
19012	252	1
19012	479	1
19012	694	1
19012	993	1
19012	1064	1
19012	1267	1
19012	2615	1
19012	2992	1
19012	3738	1
19012	3867	1
19012	4277	1
19012	4426	1
19012	5257	1
19012	5847	1
19012	6125	1
19012	9281	1
19012	11237	1
19012	11438	1
19012	11541	1
19012	12037	1
19012	12516	1
19012	12686	1
19012	13126	1
19012	13130	1
19012	13519	1
19012	16372	1
19012	16373	1
19012	17095	1
19012	17159	1
19012	18946	1
19045	12949	1
19115	7242	1
19115	18193	1
19142	1149	1
19142	3071	1
19142	6710	1
19142	8534	1
19143	13219	1
19161	1691	1
19162	1231	1
19189	5013	1
19190	3025	1
19190	3650	1
19190	7649	1
19190	10019	1
19190	17182	1
19239	5177	1
19239	11852	1
19280	1377	1
19281	1231	1
19296	3329	1
19335	18877	1
19366	14608	1
19389	2377	1
19389	10019	1
19420	1231	1
19524	14608	1
19555	1377	1
19571	1377	1
19601	4826	1