1 2
1 3
2 3
1 4
2 4
3 4
1 5
2 5
3 5
4 5
1 6
2 6
3 6
4 6
5 6
1 7
2 7
3 7
4 7
5 7
6 7
1 8
2 8
3 8
4 8
5 8
6 8
7 8
1 9
2 9
3 9
4 9
5 9
6 9
7 9
8 9
1 10
2 10
3 10
4 10
5 10
6 10
7 10
8 10
9 10
3 12
7 12
9 12
11 12
11 13
12 13
2 14
10 14
11 14
12 14
13 14
4 15
5 15
6 15
7 15
10 15
11 15
12 15
13 15
14 15
5 16
11 16
12 16
13 16
14 16
15 16
3 17
11 17
12 17
13 17
14 17
15 17
16 17
10 18
12 19
7 20
6 21
5 22
2 23
1 24
2 25
7 26
16 27
15 28
8 29
11 30
15 31
14 32
8 33
12 34
13 35
8 36
3 37
5 38
6 39
14 40
8 41
16 42
15 43
1 44
1 45
17 46
11 47
12 48
17 49
12 50
15 51
17 51
35 51
6 52
1 53
6 53
8 53
9 53
10 53
37 53
2 54
3 54
6 54
9 54
5 55
9 56
49 56
5 57
15 58
17 59
12 60
17 61
59 61
2 62
12 63
1 64
56 64
7 65
59 66
7 67
5 68
6 68
7 68
58 68
61 69
1 70
2 70
3 70
4 70
5 70
9 70
15 70
36 70
39 70
52 70
6 71
1 72
11 73
11 74
1 75
6 75
8 75
15 76
2 77
24 77
6 78
32 78
70 78
8 79
1 80
11 81
23 82
78 82
4 83
5 83
8 83
10 83
24 83
44 83
45 83
64 83
75 83
11 84
6 85
18 85
2 86
82 86
15 87
11 88
51 89
11 90
8 91
8 92
78 93
14 94
15 94
16 94
24 94
30 94
73 94
84 94
90 94
58 95
1 96
36 97
15 98
35 98
95 98
95 99
11 100
91 100
12 101
51 102
98 102
49 103
64 103
2 104
7 104
9 104
37 104
70 104
10 105
15 106
17 106
34 106
2 107
1 108
5 108
6 108
7 108
9 108
15 108
105 108
4 109
6 109
7 109
8 109
64 109
72 109
17 110
59 110
69 110
4 111
5 111
6 111
11 111
51 111
70 111
94 111
108 111
94 112
2 113
82 113
78 114
1 115
3 115
5 115
6 115
10 115
53 115
104 115
108 115
9 116
49 116
64 116
16 117
24 117
72 117
90 117
112 117
1 118
5 118
3 119
15 119
59 119
106 119
56 120
95 120
68 121
78 121
61 122
83 123
94 123
117 124
1 125
1 126
15 127
7 128
11 129
11 130
91 130
62 131
94 132
95 133
9 134
115 134
78 135
131 136
2 137
15 138
72 138
61 139
110 139
49 140
122 141
12 142
9 143
70 143
18 144
6 145
10 145
12 145
53 145
54 145
68 145
134 145
143 145
82 146
48 147
16 148
38 149
102 149
67 150
1 151
10 152
108 153
17 154
139 154
8 155
70 155
1 156
3 156
4 156
39 156
111 156
143 156
155 156
12 157
53 157
54 157
15 158
10 159
157 159
4 160
5 160
6 160
108 160
108 161
139 162
1 163
5 163
83 163
91 163
105 163
152 163
159 163
11 164
69 164
3 165
10 165
39 165
71 165
75 165
78 165
109 165
145 165
8 166
26 167
34 168
119 168
6 169
108 170
6 171
32 171
70 171
93 171
148 171
69 172
38 173
132 173
1 174
109 174
117 174
138 174
17 175
83 176
59 177
95 178
48 179
167 180
7 181
150 181
72 182
118 183
12 184
53 185
17 186
95 187
131 188
6 189
58 189
72 190
141 191
57 192
139 192
1 193
14 194
30 194
90 194
111 194
123 194
1 195
2 195
3 195
4 195
7 195
10 195
15 195
39 195
52 195
111 195
115 195
145 195
169 195
171 195
1 196
3 196
5 196
8 196
105 196
115 196
145 196
165 196
11 197
12 198
53 198
54 198
159 198
11 199
165 200
7 201
92 201
105 201
111 201
115 201
153 201
94 202
152 202
12 203
54 203
159 203
166 203
38 204
132 204
1 205
10 205
15 205
52 205
111 205
145 205
171 205
12 206
78 207
15 208
72 208
174 208
82 209
11 210
91 210
82 211
5 212
204 212
83 213
14 214
77 214
135 214
6 215
95 216
12 217
6 218
108 218
71 219
94 220
18 221
17 222
6 223
18 224
95 225
82 226
83 227
105 227
15 228
16 228
91 229
5 230
83 231
68 232
78 232
12 233
6 234
10 234
108 234
196 234
143 235
6 236
138 236
198 236
3 237
69 238
95 239
181 239
11 240
5 241
6 241
133 242
2 243
173 244
204 244
105 245
56 246
83 246
109 246
11 247
15 248
12 249
119 250
71 251
14 252
77 252
49 253
188 254
49 255
16 256
138 257
223 258
116 259
2 260
70 260
95 261
145 261
181 262
32 263
93 263
148 263
195 263
95 264
15 265
34 266
119 266
15 267
71 268
12 269
1 270
5 270
78 270
111 270
169 270
2 271
12 272
95 273
91 274
17 275
89 275
6 276
251 276
116 277
120 278
95 279
98 280
150 281
165 282
17 283
59 283
3 284
13 284
49 284
61 284
106 284
110 284
105 285
278 286
95 287
116 288
12 289
53 290
82 291
3 292
8 292
15 292
49 293
64 293
277 293
5 294
15 295
275 296
15 297
2 298
165 299
251 299
7 300
71 300
299 300
6 301
11 302
253 303
275 303
11 304
91 304
1 305
12 306
15 307
152 308
165 309
5 310
6 310
9 310
111 310
153 310
161 310
170 310
17 311
8 312
8 313
15 313
303 313
6 314
95 315
75 316
11 317
3 318
9 318
11 318
13 318
16 318
17 318
60 318
142 318
198 318
217 318
249 318
269 318
306 318
82 319
160 320
263 320
138 321
270 322
82 323
9 324
169 325
16 326
16 327
12 328
284 328
318 328
17 329
66 329
110 329
119 329
177 329
283 329
6 330
5 331
82 332
108 333
3 334
56 335
15 336
73 337
90 337
95 338
82 339
17 340
59 340
329 340
60 341
95 342
1 343
15 344
9 345
157 345
286 346
16 347
9 348
275 349
70 350
235 350
11 351
49 352
42 353
119 354
138 355
232 356
280 357
12 358
108 359
275 360
19 361
254 361
318 362
318 363
353 364
1 365
165 365
48 366
275 367
182 368
3 369
7 369
13 369
14 369
17 369
34 369
50 369
198 369
217 369
289 369
39 370
275 371
82 372
108 373
34 374
119 374
82 375
94 375
117 375
167 376
94 377
173 377
204 377
15 378
95 379
94 380
199 381
318 382
118 383
94 384
9 385
107 386
329 387
7 388
150 388
131 389
95 390
5 391
16 392
8 393
15 393
71 393
303 394
24 395
2 396
12 397
310 398
83 399
17 400
7 401
9 401
37 401
203 402
16 403
293 404
48 405
94 406
135 407
209 408
286 408
75 409
138 410
303 411
12 412
175 412
156 413
15 414
76 415
11 416
199 417
102 418
11 419
91 419
258 419
14 420
77 420
367 420
11 421
407 422
132 423
381 424
15 425
95 425
102 425
280 425
150 426
255 426
59 427
5 428
108 428
15 429
174 429
236 429
410 429
78 430
6 431
361 431
379 432
95 433
266 434
15 435
17 436
147 437
21 438
95 438
8 439
11 440
51 440
270 440
310 440
239 441
132 442
56 443
95 444
1 445
87 445
3 446
12 446
14 446
16 446
46 446
49 446
51 446
175 446
318 446
436 446
318 447
369 447
18 448
110 449
438 449
303 450
141 451
91 452
205 453
9 454
5 455
10 455
44 455
75 455
123 455
11 456
56 457
170 458
165 459
450 459
132 460
412 461
2 462
10 462
52 462
169 462
194 463
108 464
310 464
83 465
271 465
9 466
60 466
198 466
249 466
269 466
362 466
363 466
382 466
54 467
345 467
66 468
188 469
214 469
198 470
51 471
270 471
95 472
12 473
147 473
131 474
4 475
11 475
94 475
108 475
201 475
270 475
310 475
368 475
12 476
318 476
5 477
9 477
111 477
170 477
475 477
16 478
91 479
94 480
424 481
119 482
2 483
251 483
124 484
12 485
159 485
385 486
412 487
446 487
94 488
194 488
310 489
165 490
91 491
16 492
82 492
165 493
425 494
135 495
422 495
429 495
194 496
15 497
16 497
6 498
11 498
94 498
156 498
195 498
310 498
477 498
15 499
34 500
119 500
11 501
293 502
87 503
135 504
5 505
11 505
12 505
42 505
148 505
326 505
347 505
42 506
82 507
355 508
438 508
6 509
108 510
73 511
90 511
17 512
446 512
95 513
139 514
449 514
143 515
350 515
1 516
2 516
7 516
8 516
53 516
56 516
143 516
385 516
477 516
108 517
138 518
54 519
345 519
449 520
119 521
230 521
12 522
13 522
16 522
61 522
106 522
110 522
175 522
283 522
318 522
329 522
2 523
195 524
138 525
161 526
316 526
455 526
1 527
275 528
2 529
102 530
82 531
87 532
9 533
516 533
275 534
62 535
136 535
389 535
474 535
451 536
46 537
49 537
51 537
318 537
487 537
512 537
187 538
275 538
8 539
203 539
3 540
4 540
5 540
8 540
12 540
26 540
65 540
68 540
128 540
201 540
388 540
34 541
105 542
509 542
329 543
522 543
150 544
94 545
15 546
82 547
318 548
83 549
117 549
330 550
270 551
15 552
540 553
310 554
485 555
76 556
280 556
9 557
115 557
145 557
322 558
322 559
83 560
271 560
286 561
24 562
252 562
17 563
7 564
82 565
117 565
116 566
95 567
1 568
204 569
369 570
477 570
560 571
163 572
286 573
525 574
194 575
171 576
1 577
312 577
387 577
11 578
261 578
11 579
575 580
446 581
270 582
17 583
8 584
14 585
150 586
49 587
116 588
51 589
418 589
267 590
194 591
161 592
316 592
36 593
69 594
102 595
152 595
11 596
117 596
172 597
322 598
46 599
96 600
95 601
441 601
4 602
320 602
1 603
293 604
72 605
112 605
124 605
174 605
549 605
5 606
2 607
346 608
408 608
132 609
239 610
293 611
267 612
6 613
115 613
145 613
185 613
95 614
3 615
65 615
128 615
212 615
275 616
322 617
1 618
82 619
221 620
2 621
11 622
94 622
195 622
206 623
108 624
526 624
11 625
36 626
12 627
283 627
555 627
12 628
477 629
36 630
11 631
1 632
73 632
18 633
54 634
345 634
15 635
16 635
17 635
74 635
81 635
197 635
210 635
302 635
304 635
318 635
416 635
421 635
440 635
498 635
505 635
596 635
622 635
631 635
133 636
91 637
169 638
518 638
568 638
12 639
26 640
122 640
1 641
138 641
190 641
605 641
71 642
94 643
11 644
635 644
51 645
59 646
329 646
318 647
165 648
205 649
15 650
72 650
16 651
56 652
83 653
12 654
237 654
18 655
293 656
270 657
2 658
365 659
168 660
500 660
83 661
143 662
82 663
18 664
620 664
56 665
94 666
6 667
7 667
8 667
111 667
195 667
665 668
8 669
150 670
301 670
8 671
110 672
205 673
34 674
660 674
116 675
320 676
365 677
11 678
119 679
66 680
560 680
8 681
7 682
269 682
5 683
6 683
7 683
10 683
24 683
53 683
96 683
108 683
174 683
196 683
445 683
206 684
1 685
6 685
29 685
33 685
36 685
41 685
75 685
79 685
83 685
92 685
196 685
516 685
540 685
584 685
667 685
526 686
235 687
515 687
78 688
495 688
504 688
12 689
12 690
79 691
5 692
192 692
150 693
445 694
532 694
165 695
526 695
659 695
131 696
15 697
342 698
51 699
275 699
263 700
83 701
605 702
131 703
558 704
426 705
544 705
586 705
670 705
537 706
8 707
138 708
209 709
608 709
147 710
17 711
8 712
82 713
49 714
15 715
11 716
7 717
615 717
194 718
15 719
38 720
68 721
505 722
1 723
3 723
9 723
10 723
83 723
109 723
156 723
195 723
332 723
540 723
705 723
103 724
82 725
425 726
3 727
6 727
7 727
8 727
9 727
57 727
68 727
108 727
115 727
118 727
196 727
212 727
230 727
270 727
294 727
310 727
606 727
15 728
17 729
89 729
111 729
537 729
589 729
278 730
408 730
561 730
39 731
11 732
15 733
303 734
12 735
15 735
17 735
32 735
94 735
252 735
369 735
585 735
5 736
727 736
537 737
8 738
1 739
60 740
516 741
53 742
12 743
15 743
49 743
59 743
106 743
175 743
186 743
222 743
275 743
283 743
311 743
329 743
583 743
635 743
108 744
544 745
670 745
613 746
58 747
98 747
216 747
225 747
261 747
279 747
315 747
338 747
425 747
472 747
513 747
537 747
567 747
601 747
747 748
15 749
87 750
694 750
426 751
544 751
670 751
1 752
266 753
1 754
521 755
727 755
8 756
94 757
121 758
141 759
108 760
451 761
224 762
655 762
466 763
5 764
320 764
12 765
318 765
150 766
655 767
328 768
280 769
173 770
423 770
460 770
609 770
8 771
495 772
504 772
145 773
138 774
280 775
105 776
145 776
173 777
217 778
152 779
115 780
267 781
49 782
64 782
724 782
11 783
346 784
101 785
7 786
12 787
318 787
16 788
173 789
94 790
109 791
117 791
208 791
429 791
613 792
2 793
15 794
1 795
8 795
83 795
409 795
577 796
82 797
4 798
65 798
68 798
388 798
553 798
275 799
469 800
108 801
310 801
2 802
505 803
76 804
150 805
2 806
617 807
132 808
445 809
2 810
82 810
32 811
40 811
252 811
369 811
111 812
169 812
322 812
471 812
657 812
96 813
376 813
108 814
11 815
1 816
30 816
94 817
485 818
627 818
83 819
11 820
51 821
98 821
798 822
329 823
303 824
5 825
6 825
7 825
10 825
14 825
23 825
54 825
77 825
195 825
260 825
271 825
396 825
462 825
516 825
529 825
607 825
658 825
793 825
806 825
505 826
12 827
576 828
28 829
310 829
78 830
15 831
278 832
561 832
573 832
727 833
322 834
424 835
69 836
12 837
169 838
2 839
9 840
11 841
138 842
574 842
33 843
1 844
82 845
361 846
1 847
11 848
505 849
83 850
251 851
46 852
139 853
672 853
27 854
132 854
770 854
9 855
9 856
398 856
440 856
464 856
475 856
801 856
209 857
71 858
286 859
457 860
209 861
12 862
11 863
156 863
310 863
312 863
635 863
2 864
107 865
313 866
451 867
82 868
118 869
94 870
353 871
15 872
8 873
278 874
505 874
561 874
573 874
5 875
10 875
123 875
1 876
138 876
182 876
208 876
605 876
650 876
30 877
777 878
381 879
810 879
2 880
438 881
576 881
226 882
575 883
455 884
875 884
138 885
83 886
60 887
15 888
662 888
756 888
71 889
275 890
75 891
795 891
17 892
21 892
94 893
13 894
106 894
221 895
76 896
58 897
121 897
727 897
798 897
2 898
825 898
2 899
214 899
794 900
279 901
338 901
472 901
513 901
659 901
748 901
901 902
786 903
801 904
5 905
173 905
157 906
634 906
281 907
132 908
12 909
401 910
685 911
71 912
286 913
36 914
911 914
6 915
429 915
310 916
856 916
6 917
145 917
670 918
182 919
475 919
811 919
72 920
112 920
702 920
379 921
76 922
1 923
2 923
5 923
10 923
21 923
53 923
75 923
111 923
115 923
223 923
234 923
241 923
276 923
509 923
613 923
667 923
685 923
915 923
95 924
17 925
743 925
56 926
109 926
78 927
133 928
94 929
919 929
72 930
136 931
379 932
36 933
95 934
659 934
3 935
33 936
379 937
353 938
267 939
102 940
9 941
440 941
475 941
916 941
441 942
747 942
205 943
8 944
70 944
291 944
52 945
194 946
583 946
275 947
15 948
461 949
66 950
544 951
723 951
917 951
635 952
102 953
11 954
32 955
659 955
700 955
65 956
475 957
929 957
340 958
462 959
638 959
812 959
838 959
5 960
105 960
165 960
343 960
607 961
78 962
758 962
897 962
11 963
205 964
600 964
5 965
526 965
635 966
12 967
318 967
682 967
568 968
39 969
71 969
78 969
109 969
145 969
196 969
299 969
459 969
310 970
95 971
68 972
49 973
30 974
10 975
202 975
779 975
133 976
198 976
9 977
82 978
181 979
817 979
105 980
95 981
747 981
83 982
426 983
670 983
70 984
156 984
731 984
132 985
212 985
377 985
569 985
90 986
112 986
375 986
565 986
596 986
791 986
298 987
266 988
772 989
441 990
610 990
12 991
409 992
116 993
117 993
377 994
770 994
11 995
33 996
17 997
1 998
5 998
8 998
105 998
145 998
165 998
727 998
328 999
72 1000
94 1001
104 1001
15 1002
206 1003
78 1004
637 1005
15 1006
280 1006
747 1006
82 1007
451 1008
138 1009
3 1010
5 1010
6 1010
7 1010
10 1010
14 1010
54 1010
62 1010
137 1010
243 1010
260 1010
396 1010
462 1010
483 1010
607 1010
621 1010
658 1010
839 1010
880 1010
898 1010
136 1011
116 1012
237 1012
1 1013
6 1013
8 1013
37 1013
198 1013
683 1013
455 1014
109 1015
82 1016
11 1017
457 1017
11 1018
492 1019
5 1020
230 1021
344 1021
11 1022
379 1023
95 1024
152 1025
105 1026
102 1027
530 1027
132 1028
11 1029
631 1030
560 1031
469 1032
82 1033
190 1033
422 1034
110 1035
520 1035
322 1036
49 1037
770 1038
12 1039
318 1039
824 1039
150 1040
747 1041
881 1042
1024 1043
107 1044
116 1045
15 1046
928 1047
17 1048
743 1048
173 1049
204 1049
609 1049
289 1050
992 1051
5 1052
82 1053
1 1054
7 1054
115 1054
161 1054
218 1054
359 1054
624 1054
727 1054
969 1055
15 1056
658 1056
230 1057
344 1057
15 1058
11 1059
802 1059
131 1060
535 1060
254 1061
16 1062
294 1062
727 1063
5 1064
115 1064
161 1064
170 1064
218 1064
234 1064
428 1064
464 1064
475 1064
517 1064
760 1064
286 1065
322 1066
33 1067
537 1068
379 1069
11 1070
91 1070
15 1071
8 1072
201 1072
3 1073
4 1073
7 1073
8 1073
44 1073
45 1073
75 1073
115 1073
126 1073
156 1073
270 1073
365 1073
445 1073
577 1073
603 1073
632 1073
752 1073
754 1073
816 1073
847 1073
876 1073
102 1074
329 1075
519 1075
663 1075
680 1075
236 1076
8 1077
577 1077
5 1078
353 1078
12 1079
318 1079
542 1080
923 1080
209 1081
33 1082
11 1083
75 1084
83 1084
91 1085
173 1086
91 1087
102 1088
449 1089
735 1090
811 1090
6 1091
145 1091
664 1092
1043 1093
861 1094
1021 1094
105 1095
119 1096
462 1097
15 1098
9 1099
9 1100
967 1101
11 1102
577 1103
107 1104
105 1105
786 1106
70 1107
144 1108
195 1108
1 1109
56 1110
668 1110
255 1111
485 1112
627 1112
1016 1112
205 1113
462 1113
945 1113
51 1114
505 1115
6 1116
93 1116
121 1116
165 1116
290 1116
688 1116
969 1116
1004 1116
441 1117
2 1118
4 1118
5 1118
7 1118
9 1118
10 1118
70 1118
72 1118
96 1118
108 1118
125 1118
126 1118
163 1118
174 1118
196 1118
618 1118
641 1118
795 1118
1013 1118
1054 1118
1109 1118
225 1119
425 1119
472 1119
513 1119
537 1119
567 1119
601 1119
942 1119
1006 1119
12 1120
275 1121
652 1122
173 1123
204 1123
94 1124
293 1125
1075 1126
449 1127
105 1128
110 1129
520 1129
12 1130
17 1130
94 1130
157 1131
1 1132
425 1133
505 1134
82 1135
735 1136
485 1137
627 1137
1016 1137
276 1138
299 1138
483 1138
851 1138
24 1139
792 1139
204 1140
985 1140
293 1141
56 1142
385 1143
1 1144
182 1144
1073 1144
11 1145
312 1145
11 1146
194 1146
511 1146
986 1146
318 1147
705 1148
751 1148
8 1149
203 1149
449 1150
141 1151
149 1152
173 1152
204 1152
720 1152
16 1153
194 1154
145 1155
79 1156
684 1156
826 1156
526 1157
15 1158
34 1158
284 1158
526 1159
659 1159
318 1160
108 1161
9 1162
12 1163
159 1163
345 1163
1035 1164
61 1165
106 1165
543 1165
154 1166
514 1166
36 1167
34 1168
526 1169
770 1170
613 1171
801 1172
8 1173
165 1173
316 1173
303 1174
15 1175
1057 1175
49 1176
958 1177
760 1178
9 1179
303 1180
165 1181
48 1182
11 1183
416 1184
1057 1185
613 1186
78 1187
505 1187
8 1188
94 1189
82 1190
364 1191
938 1191
1078 1191
141 1192
6 1193
53 1193
108 1193
613 1193
780 1193
923 1193
930 1194
745 1195
12 1196
438 1197
576 1197
1122 1198
165 1199
369 1200
778 1200
108 1201
856 1201
33 1202
83 1203
617 1203
680 1203
49 1204
423 1204
90 1205
375 1205
1146 1205
136 1206
15 1207
71 1208
110 1209
627 1210
617 1211
293 1212
155 1213
15 1214
494 1214
726 1214
1133 1214
11 1215
303 1216
11 1217
322 1218
699 1218
769 1218
4 1219
201 1219
856 1219
957 1219
1064 1219
12 1220
3 1221
11 1222
457 1223
1217 1224
7 1225
150 1225
11 1226
49 1227
38 1228
1152 1228
77 1229
135 1229
16 1230
46 1230
318 1230
487 1230
581 1230
11 1231
1 1232
9 1232
23 1232
25 1232
54 1232
62 1232
77 1232
86 1232
104 1232
107 1232
137 1232
483 1232
516 1232
523 1232
607 1232
802 1232
839 1232
899 1232
1118 1232
604 1233
78 1234
627 1235
918 1235
1 1236
82 1237
6 1238
148 1238
195 1238
15 1239
34 1239
119 1239
522 1239
743 1239
1 1240
82 1241
49 1242
163 1243
595 1243
955 1244
933 1245
262 1246
141 1247
505 1248
141 1249
96 1250
839 1251
11 1252
914 1253
156 1254
15 1255
1122 1256
94 1257
181 1258
61 1259
107 1260
51 1261
98 1261
9 1262
60 1262
198 1262
232 1263
95 1264
1043 1264
11 1265
786 1266
322 1267
370 1268
969 1268
108 1269
234 1270
230 1271
344 1271
817 1272
26 1273
180 1273
136 1274
1060 1274
225 1275
472 1275
567 1275
601 1275
942 1275
115 1276
170 1276
218 1276
428 1276
1219 1276
107 1277
48 1278
1089 1278
293 1279
56 1280
83 1280
116 1280
293 1280
782 1280
1010 1281
668 1282
770 1283
1099 1284
7 1285
105 1285
475 1285
540 1285
1219 1285
82 1286
194 1287
205 1288
462 1288
217 1289
644 1290
619 1291
49 1292
1287 1292
109 1293
280 1294
15 1295
662 1295
756 1295
685 1296
1067 1296
1202 1296
1252 1296
1035 1297
1129 1297
434 1298
988 1298
385 1299
881 1300
280 1301
726 1301
613 1302
832 1302
874 1302
38 1303
1152 1303
747 1304
121 1305
5 1306
192 1306
187 1307
727 1308
457 1309
143 1310
350 1310
104 1311
1 1312
3 1312
5 1312
201 1312
557 1312
923 1312
119 1313
145 1314
299 1314
1055 1314
8 1315
730 1315
945 1316
116 1317
145 1318
1312 1318
856 1319
275 1320
528 1320
143 1321
350 1321
83 1322
108 1323
230 1324
344 1324
6 1325
120 1325
361 1325
267 1326
276 1327
165 1328
416 1329
83 1330
11 1331
91 1331
7 1332
1057 1333
121 1334
17 1335
930 1336
385 1337
82 1338
138 1339
70 1340
322 1341
8 1342
996 1342
1082 1342
1 1343
82 1344
157 1345
83 1346
1172 1346
263 1347
235 1348
635 1349
900 1350
16 1351
72 1351
375 1351
565 1351
791 1351
985 1351
993 1351
141 1352
485 1353
988 1354
1 1355
83 1355
15 1356
156 1357
1213 1357
495 1358
504 1358
1312 1358
659 1359
635 1360
930 1361
82 1362
5 1363
923 1363
12 1364
56 1365
1182 1366
495 1367
504 1367
989 1367
105 1368
275 1369
949 1370
6 1371
12 1371
53 1371
134 1371
165 1371
557 1371
776 1371
998 1371
1091 1371
1155 1371
135 1372
1367 1372
3 1373
10 1373
104 1373
108 1373
134 1373
195 1373
196 1373
557 1373
780 1373
923 1373
1276 1373
38 1374
313 1375
579 1376
7 1377
1195 1377
578 1378
747 1378
122 1379
17 1380
239 1381
955 1382
1373 1383
83 1384
82 1385
580 1385
15 1386
1337 1387
877 1388
974 1388
842 1389
83 1390
91 1391
620 1392
6 1393
79 1394
108 1395
310 1395
627 1396
14 1397
17 1397
47 1397
73 1397
100 1397
111 1397
210 1397
240 1397
247 1397
317 1397
351 1397
421 1397
440 1397
475 1397
631 1397
678 1397
848 1397
863 1397
954 1397
1029 1397
1102 1397
1125 1397
1222 1397
49 1398
515 1398
8 1399
30 1400
173 1401
318 1402
150 1403
540 1404
615 1404
1 1405
1232 1406
82 1407
1073 1408
33 1409
457 1410
8 1411
730 1412
116 1413
293 1414
1214 1415
2 1416
3 1416
6 1416
53 1416
134 1416
318 1416
348 1416
466 1416
533 1416
557 1416
723 1416
727 1416
840 1416
856 1416
1100 1416
1162 1416
1232 1416
33 1417
526 1417
1296 1417
1082 1418
67 1419
278 1419
561 1419
94 1420
1229 1421
286 1422
613 1423
1300 1424
1035 1425
1129 1425
148 1426
320 1426
700 1426
79 1427
32 1428
320 1428
700 1428
1347 1428
10 1429
448 1429
664 1429
11 1430
132 1431
71 1432
5 1433
10 1433
12 1433
13 1433
16 1433
28 1433
31 1433
43 1433
87 1433
94 1433
106 1433
119 1433
195 1433
208 1433
297 1433
307 1433
313 1433
378 1433
414 1433
499 1433
650 1433
715 1433
719 1433
735 1433
794 1433
888 1433
1058 1433
1098 1433
1356 1433
1386 1433
15 1434
481 1434
943 1434
95 1435
1 1436
14 1437
30 1437
111 1437
463 1437
488 1437
718 1437
1146 1437
20 1438
15 1439
1433 1439
108 1440
1054 1440
94 1441
535 1442
145 1443
187 1444
275 1444
416 1445
12 1446
12 1447
14 1447
15 1447
17 1447
318 1447
522 1447
894 1447
1433 1447
609 1448
635 1449
42 1450
461 1451
1370 1451
1057 1452
59 1453
1057 1454
1082 1455
1105 1455
560 1456
318 1457
8 1458
58 1459
1 1460
267 1461
933 1462
1182 1462
568 1463
1397 1464
747 1465
116 1466
46 1467
60 1468
5 1469
15 1470
1358 1471
771 1472
407 1473
1034 1473
119 1474
498 1474
105 1475
17 1476
102 1476
446 1476
471 1476
589 1476
645 1476
699 1476
1261 1476
1221 1477
1397 1478
920 1479
48 1480
329 1481
209 1482
138 1483
310 1484
165 1485
688 1485
271 1486
727 1487
95 1488
278 1488
14 1489
562 1489
811 1489
683 1490
828 1491
917 1491
568 1492
1 1493
3 1493
52 1493
143 1493
944 1493
984 1493
1340 1493
6 1494
430 1494
923 1494
1218 1495
15 1496
1433 1496
16 1497
34 1498
59 1498
329 1498
487 1498
11 1499
15 1500
35 1500
102 1500
280 1500
821 1500
1261 1500
242 1501
928 1501
1387 1502
303 1503
979 1503
82 1504
815 1505
33 1506
95 1506
901 1506
82 1507
237 1508
1007 1508
1 1509
4 1509
5 1509
6 1509
8 1509
9 1509
17 1509
52 1509
115 1509
119 1509
156 1509
284 1509
446 1509
540 1509
615 1509
723 1509
1010 1509
1073 1509
1416 1509
310 1510
429 1511
131 1512
162 1512
535 1512
12 1513
205 1514
1508 1515
82 1516
270 1517
82 1518
108 1519
342 1520
727 1520
322 1521
5 1522
1062 1522
608 1523
108 1524
275 1525
387 1526
839 1526
727 1527
449 1528
887 1528
1010 1529
116 1530
782 1530
322 1531
747 1532
108 1533
205 1534
235 1534
1084 1534
1432 1534
560 1535
1 1536
108 1537
322 1538
1104 1539
5 1540
1064 1540
1276 1540
318 1541
15 1542
71 1542
15 1543
16 1543
318 1543
631 1543
743 1543
1349 1543
1360 1543
1449 1543
49 1544
2 1545
150 1546
1402 1546
223 1547
379 1548
91 1549
695 1550
901 1550
955 1550
15 1551
1035 1552
2 1553
251 1553
1010 1553
485 1554
627 1554
211 1555
332 1555
492 1555
547 1555
725 1555
868 1555
978 1555
1007 1555
1016 1555
1053 1555
1385 1555
1407 1555
1504 1555
1507 1555
1518 1555
15 1556
15 1557
727 1558
71 1559
132 1560
770 1560
1049 1560
173 1561
994 1561
11 1562
194 1562
986 1562
111 1563
498 1563
856 1564
941 1564
221 1565
633 1565
17 1566
59 1566
11 1567
94 1567
544 1568
1232 1569
379 1570
310 1571
941 1571
466 1572
1359 1572
535 1573
5 1574
111 1574
94 1575
116 1576
1092 1577
116 1578
106 1579
110 1579
283 1579
329 1579
543 1579
128 1580
756 1580
310 1581
881 1582
747 1583
70 1584
752 1584
515 1585
1310 1585
131 1586
946 1587
1 1588
6 1588
165 1588
685 1588
891 1588
1084 1588
293 1589
1491 1590
181 1591
462 1592
329 1593
322 1594
17 1595
102 1595
152 1596
9 1597
152 1598
5 1599
9 1599
170 1599
228 1599
440 1599
498 1599
554 1599
727 1599
829 1599
916 1599
1395 1599
310 1600
458 1600
477 1600
1599 1600
424 1601
1434 1601
91 1602
82 1603
15 1604
89 1604
102 1604
440 1604
699 1604
821 1604
105 1605
1371 1605
69 1606
659 1607
748 1607
505 1608
87 1609
633 1610
71 1611
312 1611
387 1611
796 1611
1073 1611
356 1612
72 1613
640 1613
876 1613
95 1614
138 1615
574 1615
608 1616
1 1617
3 1617
52 1617
984 1617
1494 1618
82 1619
495 1620
1116 1620
94 1621
1494 1622
247 1623
688 1624
230 1625
344 1625
1094 1625
286 1626
1397 1627
1437 1628
165 1629
685 1629
969 1629
49 1630
9 1631
34 1632
753 1632
988 1632
933 1633
638 1634
1463 1634
1492 1634
11 1635
318 1636
138 1637
8 1638
72 1639
6 1640
93 1640
195 1640
62 1641
389 1641
703 1641
1060 1641
1450 1642
95 1643
1402 1644
497 1645
15 1646
658 1647
78 1648
1116 1648
49 1649
173 1650
122 1651
7 1652
111 1652
195 1652
11 1653
1435 1653
91 1654
1159 1655
56 1656
181 1657
817 1657
209 1658
729 1658
1476 1658
723 1659
1555 1659
923 1660
75 1661
115 1661
632 1661
754 1661
876 1661
1408 1661
1611 1661
655 1662
293 1663
770 1663
133 1664
198 1664
8 1665
630 1665
76 1666
228 1667
522 1668
1165 1668
1579 1668
194 1669
235 1670
83 1671
109 1671
82 1672
318 1673
747 1674
95 1675
647 1675
24 1676
252 1676
495 1677
786 1678
613 1679
75 1680
1173 1680
5 1681
183 1681
82 1682
157 1683
198 1683
15 1684
12 1685
80 1686
165 1687
186 1688
303 1689
217 1690
239 1691
1156 1692
1468 1692
1 1693
560 1694
4 1695
156 1695
270 1695
1397 1695
121 1696
1530 1696
104 1697
17 1698
412 1698
522 1698
17 1699
281 1700
1435 1700
882 1701
350 1702
635 1703
1543 1703
2 1704
267 1705
143 1706
329 1706
1646 1706
605 1707
11 1708
17 1709
445 1710
532 1710
408 1711
737 1711
8 1712
685 1712
319 1713
323 1713
332 1713
372 1713
531 1713
547 1713
810 1713
1007 1713
1135 1713
1190 1713
1241 1713
1504 1713
1507 1713
1518 1713
1603 1713
1672 1713
1682 1713
505 1714
1302 1714
727 1715
59 1716
329 1716
583 1717
1433 1718
209 1719
15 1720
624 1720
745 1721
951 1721
923 1722
32 1723
700 1723
1382 1723
1550 1723
83 1724
82 1725
438 1726
520 1726
1089 1726
2 1727
825 1727
545 1728
345 1729
1394 1729
51 1730
706 1730
729 1730
747 1730
1068 1730
1119 1730
627 1731
6 1732
15 1733
1057 1733
1085 1733
5 1734
106 1734
208 1734
307 1734
715 1734
719 1734
794 1734
1718 1734
223 1735
1397 1736
186 1737
635 1737
104 1738
251 1738
1642 1738
205 1739
8 1740
1098 1740
87 1741
377 1742
770 1742
789 1742
1086 1742
12 1743
53 1743
345 1743
61 1744
141 1744
1379 1744
1686 1745
36 1746
211 1746
385 1747
205 1748
1119 1749
322 1750
7 1751
37 1751
318 1752
75 1753
76 1753
6 1754
53 1754
134 1754
533 1754
723 1754
727 1754
856 1754
1162 1754
1232 1754
1509 1754
522 1755
743 1755
8 1756
1010 1757
1701 1758
495 1759
526 1760
16 1761
289 1762
48 1763
107 1764
1325 1764
1632 1765
115 1766
161 1766
464 1766
517 1766
760 1766
1219 1766
1540 1766
537 1767
4 1768
5 1768
7 1768
17 1768
37 1768
70 1768
156 1768
165 1768
196 1768
540 1768
1010 1768
1221 1768
48 1769
12 1770
198 1771
12 1772
329 1773
95 1774
94 1775
117 1775
1351 1775
68 1776
1218 1777
1073 1778
15 1779
195 1780
270 1780
325 1780
462 1780
838 1780
607 1781
1034 1781
293 1782
1 1783
98 1784
169 1784
279 1784
537 1784
1378 1784
150 1785
267 1786
82 1787
121 1788
962 1788
1494 1789
82 1790
1152 1791
495 1792
1312 1792
11 1793
986 1793
1437 1793
505 1794
342 1795
280 1796
95 1797
747 1797
1282 1798
167 1799
540 1799
165 1800
422 1801
772 1801
1792 1801
322 1802
75 1803
620 1803
56 1804
95 1804
190 1805
605 1805
1118 1805
1599 1805
235 1806
8 1807
379 1808
318 1809
361 1810
94 1811
82 1812
15 1813
1197 1814
255 1815
56 1816
95 1817
11 1818
1224 1818
34 1819
8 1820
70 1820
933 1820
1746 1820
1590 1821
544 1822
365 1823
425 1824
1301 1824
12 1825
1032 1825
1 1826
2 1826
5 1826
21 1826
53 1826
75 1826
234 1826
276 1826
667 1826
1193 1826
1312 1826
1722 1826
51 1827
9 1828
14 1828
19 1828
157 1828
203 1828
233 1828
249 1828
358 1828
540 1828
627 1828
743 1828
765 1828
837 1828
909 1828
967 1828
991 1828
1196 1828
1371 1828
1433 1828
1446 1828
1772 1828
11 1829
199 1830
11 1831
635 1831
12 1832
1433 1833
94 1834
116 1834
156 1834
343 1834
729 1834
812 1834
923 1834
1397 1834
1563 1834
1652 1834
70 1835
752 1835
329 1836
293 1837
118 1838
4 1839
6 1839
7 1839
72 1839
791 1839
969 1839
1015 1839
1293 1839
1671 1839
346 1840
11 1841
94 1841
24 1842
1052 1842
874 1843
1419 1843
1488 1843
16 1844
141 1845
91 1846
12 1847
438 1848
1826 1848
15 1849
1161 1849
1472 1849
293 1850
917 1850
110 1851
340 1851
522 1851
543 1851
823 1851
1481 1851
1498 1851
1593 1851
1706 1851
1836 1851
75 1852
795 1852
1588 1852
1 1853
4 1853
723 1853
984 1853
1509 1853
770 1854
544 1855
11 1856
299 1857
15 1858
815 1859
485 1860
318 1861
361 1862
266 1863
1073 1863
1118 1864
12 1865
1397 1866
318 1867
369 1867
58 1868
216 1868
261 1868
279 1868
472 1868
601 1868
1006 1868
1041 1868
1378 1868
1465 1868
1674 1868
139 1869
672 1869
6 1870
165 1870
969 1870
30 1871
49 1872
515 1872
322 1873
1299 1873
108 1874
635 1875
1397 1875
11 1876
7 1877
37 1877
11 1878
668 1879
664 1880
613 1881
189 1882
562 1882
811 1882
157 1883
923 1884
1828 1885
116 1886
72 1887
368 1887
919 1887
1144 1887
1399 1888
6 1889
53 1889
923 1889
1447 1890
76 1891
1820 1891
7 1892
1195 1892
1 1893
6 1894
1852 1894
102 1895
861 1895
1027 1895
48 1896
1604 1897
1180 1898
157 1899
1616 1899
5 1900
17 1901
1737 1901
188 1902
310 1903
469 1904
1902 1904
310 1905
888 1905
412 1906
94 1907
1340 1907
1292 1908
329 1909
716 1910
986 1911
1351 1911
1848 1911
1283 1912
1663 1912
1232 1913
1152 1914
95 1915
1218 1916
116 1917
6 1918
605 1919
1118 1919
1599 1919
685 1920
1663 1921
9 1922
11 1923
35 1923
1859 1923
280 1924
230 1925
15 1926
81 1926
210 1926
318 1926
622 1926
1360 1926
1737 1926
1875 1926
91 1927
49 1928
455 1929
56 1930
1851 1931
812 1932
1397 1932
1652 1932
7 1933
15 1933
19 1933
50 1933
60 1933
142 1933
217 1933
249 1933
328 1933
397 1933
522 1933
540 1933
735 1933
765 1933
837 1933
909 1933
967 1933
991 1933
1079 1933
1196 1933
1364 1933
1447 1933
1685 1933
1743 1933
1770 1933
1847 1933
94 1934
205 1935
1307 1935
51 1936
369 1937
1489 1937
1882 1937
1555 1938
1713 1938
58 1939
1428 1939
1882 1939
147 1940
175 1941
1906 1941
1371 1942
457 1943
82 1944
1220 1944
3 1945
39 1945
111 1945
143 1945
413 1945
1357 1945
1695 1945
1768 1945
1584 1946
12 1947
318 1947
235 1948
747 1949
108 1950
163 1950
285 1950
542 1950
776 1950
960 1950
1026 1950
1128 1950
124 1951
1922 1951
492 1952
1182 1953
8 1954
730 1954
1638 1954
385 1955
11 1956
632 1957
16 1958
505 1958
1655 1959
115 1960
517 1960
6 1961
780 1961
923 1961
1826 1961
94 1962
173 1962
204 1962
994 1962
1 1963
409 1963
891 1963
242 1964
636 1964
928 1964
976 1964
270 1965
462 1965
78 1966
798 1967
75 1968
109 1968
299 1968
309 1968
493 1968
648 1968
695 1968
960 1968
1181 1968
1328 1968
1371 1968
1588 1968
1800 1968
1696 1969
205 1970
15 1971
95 1972
1668 1972
240 1973
1442 1974
1945 1975
278 1976
561 1976
1302 1976
102 1977
119 1978
161 1979
316 1979
624 1979
510 1980
1868 1981
1433 1982
329 1983
522 1983
1165 1983
322 1984
498 1985
760 1985
30 1986
457 1987
14 1988
111 1988
486 1989
315 1990
94 1991
577 1992
1526 1992
1611 1992
51 1993
149 1993
1476 1993
1595 1993
1895 1993
1968 1994
1191 1995
11 1996
108 1997
95 1998
449 1998
1848 1998
112 1999
707 2000
1945 2000
1 2001
1118 2001
42 2002
1994 2002
451 2003
15 2004
518 2004
641 2004
708 2004
774 2004
842 2004
1009 2004
1483 2004
1637 2004
267 2005
807 2006
1203 2006
1494 2007
70 2008
1310 2008
1321 2008
344 2009
1094 2009
1941 2010
6 2011
108 2011
613 2011
780 2011
923 2011
71 2012
914 2013
770 2014
12 2015
1301 2016
15 2017
519 2017
605 2018
313 2019
280 2020
5 2021
526 2021
280 2022
179 2023
2004 2023
445 2024
108 2025
1276 2025
385 2026
94 2027
1973 2028
15 2029
320 2030
161 2031
316 2031
104 2032
401 2032
1877 2032
133 2033
1927 2033
1555 2034
91 2035
181 2036
276 2037
483 2037
1351 2038
1848 2038
1476 2039
771 2040
1849 2040
777 2041
385 2042
95 2043
636 2043
928 2043
152 2044
95 2045
1216 2046
94 2047
492 2048
624 2049
102 2050
119 2051
660 2051
747 2052
6 2053
7 2053
62 2053
396 2053
621 2053
658 2053
1509 2053
1529 2053
1553 2053
1757 2053
1768 2053
986 2054
1992 2054
10 2055
163 2055
201 2055
245 2055
285 2055
776 2055
960 2055
1128 2055
1475 2055
1101 2056
267 2057
190 2058
6 2059
95 2060
989 2061
11 2062
82 2063
296 2064
303 2064
534 2064
538 2064
616 2064
799 2064
947 2064
1121 2064
1369 2064
329 2065
680 2065
94 2066
579 2067
108 2068
522 2069
1933 2070
36 2071
895 2072
1433 2073
275 2074
528 2074
1623 2075
9 2076
785 2077
1073 2078
1296 2079
1555 2080
1253 2081
280 2082
1035 2083
640 2084
95 2085
337 2086
540 2086
640 2086
8 2087
94 2088
91 2089
1642 2090
71 2091
196 2091
299 2091
365 2091
459 2091
490 2091
861 2091
1116 2091
1181 2091
1199 2091
1629 2091
15 2092
1433 2092
217 2093
257 2093
688 2094
8 2095
94 2096
293 2097
109 2098
299 2098
493 2098
648 2098
695 2098
1588 2098
1800 2098
729 2099
206 2100
1156 2100
1828 2101
5 2102
43 2103
1182 2103
6 2104
196 2104
923 2104
91 2105
138 2106
1864 2106
94 2107
5 2108
111 2108
475 2108
516 2108
570 2108
1990 2109
2103 2110
56 2111
1511 2112
1477 2113
1768 2113
111 2114
15 2115
1721 2116
91 2117
91 2118
8 2119
914 2120
2081 2120
900 2121
481 2122
2086 2123
35 2124
102 2124
662 2125
825 2125
1 2126
276 2127
426 2128
194 2129
9 2130
385 2131
1080 2132
43 2133
1182 2133
2110 2133
379 2134
133 2135
984 2136
299 2137
322 2138
1723 2139
12 2140
1 2141
505 2142
2098 2143
118 2144
1927 2145
299 2146
466 2147
369 2148
477 2148
2108 2148
15 2149
318 2150
525 2150
548 2150
8 2151
8 2152
11 2153
1981 2154
17 2155
150 2156
705 2156
751 2156
951 2156
1568 2156
1855 2156
270 2157
1 2158
369 2158
71 2159
1397 2160
1835 2161
1057 2162
94 2163
653 2164
15 2165
1433 2165
7 2166
9 2166
910 2166
2032 2166
108 2167
835 2168
967 2168
2056 2168
318 2169
278 2170
408 2170
1315 2170
2166 2171
1447 2172
8 2173
495 2174
2035 2175
35 2176
11 2177
457 2178
5 2179
10 2179
13 2179
28 2179
58 2179
76 2179
119 2179
158 2179
205 2179
208 2179
228 2179
248 2179
336 2179
425 2179
497 2179
546 2179
650 2179
733 2179
872 2179
1098 2179
1214 2179
1255 2179
1356 2179
1439 2179
1447 2179
1470 2179
1496 2179
1542 2179
1543 2179
1551 2179
1556 2179
1557 2179
1604 2179
1646 2179
1684 2179
1720 2179
1733 2179
1813 2179
1858 2179
1926 2179
2149 2179
5 2180
11 2180
635 2180
722 2180
803 2180
849 2180
1115 2180
1187 2180
1714 2180
2142 2180
853 2181
1185 2182
2047 2182
230 2183
986 2183
1351 2183
986 2184
82 2185
350 2186
346 2187
575 2188
1016 2189
385 2190
1873 2190
94 2191
280 2191
700 2192
1607 2193
772 2194
558 2195
559 2195
598 2195
617 2195
812 2195
834 2195
1066 2195
1218 2195
1521 2195
1750 2195
1873 2195
2138 2195
4 2196
5 2196
8 2196
68 2196
201 2196
723 2196
1285 2196
1404 2196
1509 2196
82 2197
165 2198
1823 2198
1612 2199
83 2200
329 2201
145 2202
1371 2202
1416 2202
83 2203
680 2203
169 2204
1780 2204
1509 2205
477 2206
2197 2206
12 2207
1933 2207
94 2208
1306 2208
15 2209
235 2209
619 2210
12 2211
1944 2211
109 2212
196 2212
299 2212
1268 2212
668 2213
449 2214
1035 2214
1129 2214
10 2215
160 2215
475 2215
798 2215
1768 2215
133 2216
2043 2216
91 2217
75 2218
620 2218
1 2219
409 2219
891 2219
1780 2220
161 2221
316 2221
624 2221
5 2222
119 2223
2156 2224
1220 2225
2211 2225
15 2226
61 2227
3 2228
52 2228
143 2228
984 2228
1340 2228
111 2229
170 2229
475 2229
516 2229
2206 2229
2135 2230
276 2231
318 2232
466 2232
2064 2233
1035 2234
778 2235
1690 2235
11 2236
12 2236
148 2236
347 2236
635 2236
722 2236
849 2236
1115 2236
1134 2236
1187 2236
5 2237
9 2238
153 2238
398 2238
440 2238
464 2238
475 2238
489 2238
727 2238
829 2238
53 2239
15 2240
770 2241
118 2242
9 2243
346 2244
72 2245
1336 2245
11 2246
511 2246
6 2247
7 2248
498 2248
910 2248
2032 2248
816 2249
700 2250
1244 2250
303 2251
110 2252
520 2252
948 2253
1935 2254
8 2255
475 2256
1887 2256
230 2257
2 2258
95 2259
108 2260
2031 2260
95 2261
278 2261
1843 2261
914 2262
303 2263
839 2264
165 2265
688 2265
1544 2266
1713 2267
111 2268
440 2268
699 2268
1194 2268
1261 2268
1730 2268
1827 2268
1696 2269
132 2270
15 2271
1433 2271
8 2272
535 2273
38 2274
102 2274
1993 2274
2 2275
825 2275
94 2276
160 2277
11 2278
635 2278
849 2278
1134 2278
91 2279
389 2279
832 2279
917 2280
318 2281
369 2281
930 2282
1010 2283
105 2284
141 2285
623 2285
655 2286
1385 2287
1 2288
1312 2289
1721 2290
355 2291
6 2292
148 2292
205 2292
1298 2293
194 2294
329 2295
1993 2296
6 2297
148 2297
195 2297
1941 2298
12 2299
318 2299
1933 2299
655 2300
955 2301
2250 2301
119 2302
434 2302
988 2302
132 2303
2156 2303
5 2304
727 2304
869 2304
2242 2304
1019 2305
1555 2305
253 2306
284 2306
446 2306
714 2306
743 2306
1204 2306
1227 2306
1292 2306
1544 2306
1872 2306
12 2307
1828 2307
1156 2308
267 2309
212 2310
46 2311
5 2312
53 2312
64 2312
72 2312
96 2312
126 2312
174 2312
205 2312
270 2312
365 2312
527 2312
618 2312
641 2312
723 2312
739 2312
752 2312
754 2312
816 2312
844 2312
1013 2312
1109 2312
1436 2312
1460 2312
1536 2312
1588 2312
1617 2312
1893 2312
1963 2312
2219 2312
1093 2313
700 2314
1244 2314
1382 2314
1550 2314
2301 2314
189 2315
293 2316
825 2317
901 2318
15 2319
590 2319
939 2319
1705 2319
1786 2319
2005 2319
1385 2320
322 2321
1203 2321
17 2322
6 2323
270 2323
812 2323
5 2324
1750 2325
417 2326
293 2327
194 2328
11 2329
2047 2329
498 2330
2032 2330
1764 2331
17 2332
252 2332
1136 2332
1933 2332
53 2333
1116 2333
83 2334
2242 2335
1300 2336
785 2337
8 2338
807 2339
1203 2339
376 2340
1989 2341
16 2342
505 2342
1973 2342
516 2343
2206 2343
105 2344
802 2344
1990 2345
121 2346
721 2346
1776 2346
9 2347
1416 2347
1812 2348
202 2349
91 2350
544 2351
1 2352
15 2353
743 2353
1360 2353
1703 2353
1641 2354
139 2355
692 2355
1306 2355
8 2356
577 2356
863 2356
1611 2356
1057 2357
1685 2357
520 2358
1089 2358
635 2359
1397 2359
457 2360
1509 2361
449 2362
1129 2362
2252 2362
2358 2362
1721 2363
280 2364
2053 2365
83 2366
1879 2367
2213 2367
24 2368
1143 2369
1299 2369
1955 2369
2026 2369
2042 2369
14 2370
613 2371
889 2371
1172 2372
1310 2373
2186 2373
1686 2374
1 2375
6 2376
8 2376
83 2376
1803 2376
1826 2376
1968 2376
6 2377
148 2377
94 2378
121 2379
1555 2380
239 2381
838 2382
1753 2382
49 2383
2306 2383
1035 2384
209 2385
1094 2385
1895 2385
2091 2385
2337 2385
2134 2386
132 2387
204 2388
457 2389
920 2390
1783 2391
109 2392
1839 2392
289 2393
2236 2393
11 2394
839 2395
425 2396
472 2396
567 2396
1006 2396
1730 2396
1749 2396
17 2397
91 2398
258 2398
15 2399
329 2400
495 2401
770 2402
209 2403
11 2404
1 2405
1 2406
3 2406
5 2406
7 2406
8 2406
10 2406
14 2406
107 2406
243 2406
298 2406
810 2406
864 2406
1118 2406
181 2407
1828 2408
1933 2408
727 2409
1292 2409
221 2410
328 2411
69 2412
678 2412
1298 2413
2319 2414
94 2415
17 2416
82 2417
607 2417
856 2418
9 2419
269 2419
763 2419
1416 2419
2147 2419
2232 2419
188 2420
800 2420
188 2421
214 2421
1904 2421
576 2422
1491 2422
2126 2423
1379 2424
633 2425
17 2426
599 2426
1230 2426
2311 2426
72 2427
8 2428
1104 2429
638 2430
968 2430
1437 2431
94 2432
150 2433
918 2433
983 2433
1474 2434
144 2435
221 2435
448 2435
664 2435
171 2436
735 2436
1428 2436
1551 2436
1723 2436
1476 2437
2268 2437
9 2438
205 2439
12 2440
9 2441
1951 2441
2254 2442
1092 2443
5 2444
335 2445
141 2446
310 2447
941 2447
985 2448
2310 2448
141 2449
118 2450
1681 2450
11 2451
1833 2451
15 2452
1855 2453
1945 2454
8 2455
91 2456
2175 2456
275 2457
2164 2458
94 2459
989 2460
1801 2460
1964 2461
70 2462
484 2462
11 2463
1801 2463
1555 2464
2108 2464
49 2465
1093 2465
5 2466
10 2466
6 2467
350 2468
1585 2468
2236 2469
38 2470
102 2470
17 2471
409 2472
1434 2473
59 2474
557 2475
78 2476
1565 2477
1180 2478
83 2479
975 2480
118 2481
157 2482
672 2483
1094 2484
1895 2484
1933 2485
194 2486
485 2487
770 2488
275 2489
1283 2490
82 2491
2374 2491
1 2492
495 2493
1443 2493
1416 2494
1875 2494
1312 2495
236 2496
190 2497
1118 2497
198 2498
1826 2499
1911 2499
1989 2499
2038 2499
407 2500
1801 2500
5 2501
82 2502
1359 2502
1869 2503
12 2504
1180 2505
117 2506
687 2506
71 2507
871 2508
425 2509
201 2510
12 2511
1944 2511
2225 2511
118 2512
132 2513
1 2514
2312 2514
1312 2515
105 2516
145 2516
727 2516
409 2517
891 2517
2312 2517
116 2518
148 2519
1041 2520
116 2521
77 2522
469 2522
2421 2522
1055 2523
173 2524
120 2525
133 2525
178 2525
187 2525
239 2525
264 2525
287 2525
338 2525
342 2525
379 2525
425 2525
433 2525
438 2525
472 2525
567 2525
614 2525
1264 2525
1435 2525
1488 2525
1506 2525
1675 2525
1774 2525
1797 2525
1804 2525
1915 2525
2060 2525
1073 2526
1468 2527
9 2528
516 2528
1 2529
11 2529
116 2530
2236 2531
632 2532
1642 2533
760 2534
455 2535
780 2535
105 2536
557 2537
560 2538
1203 2538
685 2539
526 2540
235 2541
1161 2542
440 2543
2447 2543
345 2544
2017 2544
1273 2545
15 2546
11 2547
481 2548
592 2549
11 2550
136 2551
49 2552
206 2553
2285 2553
466 2554
389 2555
1439 2555
263 2556
1713 2557
14 2558
379 2558
7 2559
58 2559
145 2559
232 2559
540 2559
727 2559
94 2560
448 2561
664 2561
322 2562
190 2563
605 2563
1118 2563
9 2564
1432 2565
72 2566
462 2567
1203 2568
961 2569
2168 2569
1933 2570
143 2571
2570 2572
230 2573
1444 2574
2525 2574
2195 2575
318 2576
56 2577
346 2578
270 2579
1143 2580
416 2581
1 2582
1118 2582
2312 2582
2511 2583
785 2584
522 2585
1950 2586
2055 2586
115 2587
1540 2587
1618 2587
472 2588
1006 2588
1172 2589
152 2590
901 2590
1182 2591
94 2592
1296 2593
293 2594
1 2595
152 2596
72 2597
2431 2597
118 2598
94 2599
83 2600
116 2601
193 2602
147 2603
167 2604
32 2605
252 2605
919 2605
1882 2605
6 2606
6 2607
232 2607
540 2607
798 2607
972 2607
1776 2607
181 2608
817 2608
2 2609
6 2609
9 2609
157 2609
198 2609
203 2609
467 2609
634 2609
1232 2609
91 2610
118 2611
199 2612
424 2613
215 2614
1826 2614
82 2615
1049 2616
1298 2616
32 2617
1347 2617
2436 2617
2570 2618
985 2619
495 2620
108 2621
15 2622
1433 2622
923 2623
1826 2623
181 2624
9 2625
1416 2625
6 2626
462 2626
945 2626
1493 2626
1617 2626
280 2627
1665 2627
109 2628
1342 2628
223 2629
69 2630
2328 2631
1 2632
48 2633
318 2634
1280 2635
2230 2635
6 2636
195 2636
451 2637
82 2638
94 2639
82 2640
2523 2641
24 2642
201 2643
1358 2643
2289 2643
62 2644
1509 2644
1757 2644
1481 2645
522 2646
11 2647
1 2648
2 2648
21 2648
75 2648
276 2648
1722 2648
1961 2648
2614 2648
1 2649
1847 2649
2423 2649
379 2650
1 2651
409 2651
1852 2651
94 2652
8 2653
105 2653
145 2653
683 2653
727 2653
969 2653
1373 2653
1768 2653
2104 2653
83 2654
1720 2654
1509 2655
369 2656
70 2657
195 2657
576 2657
53 2658
1751 2658
1768 2658
1877 2658
194 2659
1437 2659
138 2660
406 2661
414 2661
299 2662
82 2663
920 2664
2507 2665
1299 2666
2042 2666
2537 2666
1696 2667
1990 2668
87 2669
694 2669
116 2670
205 2671
2323 2671
1655 2672
73 2673
322 2674
15 2675
1057 2675
1085 2675
2179 2675
110 2676
2654 2676
12 2677
2064 2678
150 2679
767 2679
10 2680
12 2680
53 2680
143 2680
195 2680
557 2680
776 2680
969 2680
1155 2680
1314 2680
2516 2680
8 2681
1193 2681
619 2682
2236 2683
2210 2684
1 2685
6 2685
115 2685
145 2685
205 2685
1373 2685
102 2686
446 2686
471 2686
589 2686
1261 2686
2039 2686
2437 2686
2179 2687
2436 2687
5 2688
72 2688
96 2688
174 2688
270 2688
641 2688
723 2688
752 2688
816 2688
844 2688
1109 2688
1436 2688
1460 2688
1588 2688
2517 2688
607 2689
1034 2689
397 2690
48 2691
252 2692
1229 2692
1387 2692
8 2693
2195 2694
276 2695
139 2696
449 2696
1166 2696
7 2697
50 2697
217 2697
328 2697
522 2697
765 2697
837 2697
1079 2697
1196 2697
1743 2697
2070 2697
2207 2697
6 2698
145 2698
516 2698
1193 2698
1371 2698
1743 2698
1826 2698
2680 2698
2313 2699
2465 2699
537 2700
116 2701
607 2702
94 2703
2064 2704
2030 2705
747 2706
350 2707
2179 2708
188 2709
83 2710
14 2711
562 2712
811 2712
2168 2713
361 2714
71 2715
115 2716
161 2716
234 2716
464 2716
365 2717
934 2717
955 2717
1159 2717
1607 2717
1468 2718
346 2719
270 2720
181 2721
181 2722
310 2723
217 2724
2235 2724
749 2725
2056 2725
1073 2726
526 2727
270 2728
485 2729
2180 2729
263 2730
1169 2730
1720 2731
275 2732
620 2732
12 2733
341 2733
1262 2733
1933 2733
94 2734
157 2735
440 2736
916 2736
2447 2736
5 2737
2725 2738
1 2739
1045 2739
2312 2739
1418 2740
1455 2740
83 2741
118 2742
329 2743
663 2743
17 2744
82 2745
68 2746
78 2746
356 2746
605 2747
807 2748
1203 2748
462 2749
101 2750
801 2751
1642 2752
91 2753
1981 2754
76 2755
1530 2755
1165 2756
2093 2757
615 2758
1027 2759
66 2760
367 2761
11 2762
802 2762
161 2763
316 2763
760 2764
15 2765
2179 2765
3 2766
6 2766
7 2766
8 2766
10 2766
24 2766
45 2766
64 2766
80 2766
126 2766
151 2766
193 2766
195 2766
205 2766
343 2766
568 2766
577 2766
816 2766
844 2766
1013 2766
1109 2766
1232 2766
1312 2766
1536 2766
1588 2766
1693 2766
1826 2766
1853 2766
2126 2766
2141 2766
2219 2766
2288 2766
2352 2766
2375 2766
2405 2766
2492 2766
2514 2766
2529 2766
2595 2766
2685 2766
1146 2767
17 2768
856 2769
328 2770
2168 2771
217 2772
2142 2772
7 2773
658 2773
1509 2773
1553 2773
1757 2773
138 2774
369 2775
17 2776
1060 2776
497 2777
825 2778
961 2778
1781 2778
2689 2778
2702 2778
1399 2779
173 2780
82 2781
962 2782
105 2783
82 2784
801 2785
102 2786
457 2787
194 2788
15 2789
2179 2789
825 2790
2525 2791
613 2792
1509 2792
16 2793
375 2793
791 2793
985 2793
387 2794
839 2794
188 2795
94 2796
56 2797
1509 2798
8 2799
201 2799
303 2800
276 2801
438 2802
62 2803
1757 2803
861 2804
1021 2804
2009 2804
2484 2804
5 2805
72 2805
174 2805
270 2805
723 2805
752 2805
685 2806
72 2807
641 2807
1033 2807
2563 2807
2521 2808
2766 2808
91 2809
78 2810
6 2811
2 2812
106 2813
329 2813
2746 2814
11 2815
7 2816
540 2816
798 2816
94 2817
762 2818
9 2819
440 2819
1219 2819
1416 2819
3 2820
9 2820
83 2820
1416 2820
1754 2820
2688 2820
723 2821
1132 2821
1713 2821
5 2822
10 2822
137 2822
243 2822
607 2822
658 2822
880 2822
1281 2822
2283 2822
83 2823
6 2824
1315 2825
1954 2825
2098 2826
49 2827
109 2828
117 2828
182 2828
650 2828
920 2828
1118 2828
1613 2828
1639 2828
1839 2828
1887 2828
2245 2828
2688 2828
1299 2829
2195 2829
11 2830
201 2830
310 2830
477 2830
856 2830
1285 2830
2229 2830
2256 2830
369 2831
270 2832
325 2832
2220 2832
148 2833
2043 2834
117 2835
2164 2836
747 2837
95 2838
2525 2838
1284 2839
424 2840
1436 2840
105 2841
1615 2841
914 2842
635 2843
35 2844
102 2844
1261 2844
993 2845
1617 2845
635 2846
722 2846
849 2846
1187 2846
2729 2846
293 2847
15 2848
825 2849
68 2850
113 2850
201 2850
723 2850
1213 2851
1843 2852
1281 2853
2112 2853
116 2854
1447 2855
2195 2856
449 2857
214 2858
495 2858
504 2858
1372 2858
495 2859
1034 2859
1801 2859
1 2860
2766 2860
2156 2861
2453 2861
133 2862
1927 2862
186 2863
322 2864
874 2864
457 2865
69 2866
1873 2867
2002 2868
16 2869
1156 2870
1468 2870
204 2871
609 2871
11 2872
1950 2873
638 2874
2050 2874
35 2875
1 2876
1887 2876
95 2877
11 2878
1274 2878
1476 2879
109 2880
132 2881
635 2882
1013 2882
11 2883
258 2883
311 2883
205 2884
2064 2885
1224 2886
108 2887
2499 2888
328 2889
2110 2889
11 2890
117 2891
605 2891
1555 2892
4 2893
5 2893
1553 2894
82 2895
1006 2895
557 2896
2740 2897
729 2898
516 2899
923 2900
2476 2900
2482 2900
7 2901
615 2901
1580 2901
985 2902
632 2903
817 2904
685 2905
7 2906
111 2906
1834 2906
807 2907
1203 2907
1565 2908
73 2909
449 2910
1434 2911
82 2912
94 2913
109 2914
117 2914
650 2914
1613 2914
1839 2914
1887 2914
2688 2914
747 2915
205 2916
7 2917
115 2917
1130 2917
1232 2917
1311 2917
1697 2917
2032 2917
224 2918
95 2919
538 2919
164 2920
2523 2920
694 2921
1073 2921
30 2922
111 2922
123 2922
575 2922
718 2922
1287 2922
1562 2922
2486 2922
278 2923
624 2924
102 2925
1152 2925
47 2926
538 2926
616 2926
799 2926
2885 2926
992 2927
2651 2927
61 2928
617 2929
1538 2929
1064 2930
1766 2930
1960 2930
11 2931
715 2932
498 2933
2032 2933
817 2934
1397 2935
700 2936
12 2937
369 2937
585 2937
1090 2937
1136 2937
1433 2937
640 2938
2914 2938
1868 2939
2754 2939
73 2940
1584 2941
1152 2942
745 2943
2116 2943
455 2944
11 2945
205 2946
1055 2947
162 2948
535 2948
1 2949
2416 2950
1138 2951
109 2952
871 2953
1241 2954
1677 2954
743 2955
1688 2955
115 2956
218 2956
428 2956
1540 2956
2025 2956
82 2957
2157 2957
2148 2958
38 2959
132 2959
212 2959
244 2959
1049 2959
1123 2959
1962 2959
5 2960
12 2961
2553 2961
94 2962
615 2963
451 2964
108 2965
69 2966
280 2967
5 2968
32 2969
221 2970
1035 2971
747 2972
2053 2973
293 2974
181 2975
59 2976
329 2976
950 2976
1828 2977
962 2978
2926 2979
505 2980
15 2981
1085 2981
157 2982
495 2983
350 2984
687 2984
1670 2984
13 2985
106 2985
110 2985
328 2985
2306 2985
1964 2986
727 2987
655 2988
120 2989
178 2989
342 2989
1506 2989
1675 2989
1804 2989
165 2990
10 2991
884 2991
108 2992
2031 2992
2505 2993
82 2994
1093 2995
2699 2995
11 2996
477 2997
66 2998
2976 2998
318 2999
2937 3000
