1 2
1 3
2 3
1 4
2 4
3 4
1 5
2 5
3 5
4 5
1 6
2 6
3 6
4 6
5 6
1 7
2 7
3 7
4 7
5 7
6 7
1 8
2 8
3 8
4 8
5 8
6 8
7 8
1 9
2 9
3 9
4 9
5 9
6 9
7 9
8 9
1 10
2 10
3 10
4 10
5 10
6 10
7 10
8 10
9 10
3 12
7 12
9 12
11 12
11 13
12 13
2 14
10 14
11 14
12 14
13 14
4 15
5 15
6 15
7 15
10 15
11 15
12 15
13 15
14 15
5 16
11 16
12 16
13 16
14 16
15 16
3 17
11 17
12 17
13 17
14 17
15 17
16 17
10 18
12 19
7 20
6 21
5 22
2 23
1 24
2 25
7 26
16 27
15 28
8 29
11 30
15 31
14 32
8 33
12 34
13 35
8 36
3 37
5 38
6 39
14 40
8 41
16 42
15 43
1 44
1 45
17 46
11 47
12 48
17 49
12 50
15 51
17 51
35 51
6 52
1 53
6 53
8 53
9 53
10 53
37 53
2 54
3 54
6 54
9 54
5 55
9 56
49 56
5 57
15 58
17 59
12 60
17 61
59 61
2 62
12 63
1 64
56 64
7 65
59 66
7 67
5 68
6 68
7 68
58 68
61 69
1 70
2 70
3 70
4 70
5 70
9 70
15 70
36 70
39 70
52 70
6 71
1 72
11 73
11 74
1 75
6 75
8 75
15 76
2 77
24 77
6 78
32 78
70 78
8 79
1 80
11 81
23 82
78 82
4 83
5 83
8 83
10 83
24 83
44 83
45 83
64 83
75 83
11 84
6 85
18 85
2 86
82 86
15 87
11 88
51 89
11 90
8 91
8 92
78 93
14 94
15 94
16 94
24 94
30 94
73 94
84 94
90 94
58 95
1 96
36 97
15 98
35 98
95 98
95 99
11 100
91 100
12 101
51 102
98 102
49 103
64 103
2 104
7 104
9 104
37 104
70 104
10 105
15 106
17 106
34 106
2 107
1 108
5 108
6 108
7 108
9 108
15 108
105 108
4 109
6 109
7 109
8 109
64 109
72 109
17 110
59 110
69 110
4 111
5 111
6 111
11 111
51 111
70 111
94 111
108 111
94 112
2 113
82 113
78 114
1 115
3 115
5 115
6 115
10 115
53 115
104 115
108 115
9 116
49 116
64 116
16 117
24 117
72 117
90 117
112 117
1 118
5 118
3 119
15 119
59 119
106 119
56 120
95 120
68 121
78 121
61 122
83 123
94 123
117 124
1 125
1 126
15 127
7 128
11 129
11 130
91 130
62 131
94 132
95 133
9 134
115 134
78 135
131 136
2 137
15 138
72 138
61 139
110 139
49 140
122 141
12 142
9 143
70 143
18 144
6 145
10 145
12 145
53 145
54 145
68 145
134 145
143 145
82 146
48 147
16 148
38 149
102 149
67 150
1 151
10 152
108 153
17 154
139 154
8 155
70 155
1 156
3 156
4 156
39 156
111 156
143 156
155 156
12 157
53 157
54 157
15 158
10 159
157 159
4 160
5 160
6 160
108 160
108 161
139 162
1 163
5 163
83 163
91 163
105 163
152 163
159 163
11 164
69 164
3 165
10 165
39 165
71 165
75 165
78 165
109 165
145 165
8 166
26 167
34 168
119 168
6 169
108 170
6 171
32 171
70 171
93 171
148 171
69 172
38 173
132 173
1 174
109 174
117 174
138 174
17 175
83 176
59 177
95 178
48 179
167 180
7 181
150 181
72 182
118 183
12 184
53 185
17 186
95 187
131 188
6 189
58 189
72 190
141 191
57 192
139 192
1 193
14 194
30 194
90 194
111 194
123 194
1 195
2 195
3 195
4 195
7 195
10 195
15 195
39 195
52 195
111 195
115 195
145 195
169 195
171 195
1 196
3 196
5 196
8 196
105 196
115 196
145 196
165 196
11 197
12 198
53 198
54 198
159 198
11 199
165 200
7 201
92 201
105 201
111 201
115 201
153 201
94 202
152 202
12 203
54 203
159 203
166 203
38 204
132 204
1 205
10 205
15 205
52 205
111 205
145 205
171 205
12 206
78 207
15 208
72 208
174 208
82 209
11 210
91 210
82 211
5 212
204 212
83 213
14 214
77 214
135 214
6 215
95 216
12 217
6 218
108 218
71 219
94 220
18 221
17 222
6 223
18 224
95 225
82 226
83 227
105 227
15 228
16 228
91 229
5 230
83 231
68 232
78 232
12 233
6 234
10 234
108 234
196 234
143 235
6 236
138 236
198 236
3 237
69 238
95 239
181 239
11 240
5 241
6 241
133 242
2 243
173 244
204 244
105 245
56 246
83 246
109 246
11 247
15 248
12 249
119 250
71 251
14 252
77 252
49 253
188 254
49 255
16 256
138 257
223 258
116 259
2 260
70 260
95 261
145 261
181 262
32 263
93 263
148 263
195 263
95 264
15 265
34 266
119 266
15 267
71 268
12 269
1 270
5 270
78 270
111 270
169 270
2 271
12 272
95 273
91 274
17 275
89 275
6 276
251 276
116 277
120 278
95 279
98 280
150 281
165 282
17 283
59 283
3 284
13 284
49 284
61 284
106 284
110 284
105 285
278 286
95 287
116 288
12 289
53 290
82 291
3 292
8 292
15 292
49 293
64 293
277 293
5 294
15 295
275 296
15 297
2 298
165 299
251 299
7 300
71 300
299 300
6 301
11 302
253 303
275 303
11 304
91 304
1 305
12 306
15 307
152 308
165 309
5 310
6 310
9 310
111 310
153 310
161 310
170 310
17 311
8 312
8 313
15 313
303 313
6 314
95 315
75 316
11 317
3 318
9 318
11 318
13 318
16 318
17 318
60 318
142 318
198 318
217 318
249 318
269 318
306 318
82 319
160 320
263 320
138 321
270 322
82 323
9 324
169 325
16 326
16 327
12 328
284 328
318 328
17 329
66 329
110 329
119 329
177 329
283 329
6 330
5 331
82 332
108 333
3 334
56 335
15 336
73 337
90 337
95 338
82 339
17 340
59 340
329 340
60 341
95 342
1 343
15 344
9 345
157 345
286 346
16 347
9 348
275 349
70 350
235 350
11 351
49 352
42 353
119 354
138 355
232 356
280 357
12 358
108 359
275 360
19 361
254 361
318 362
318 363
353 364
1 365
165 365
48 366
275 367
182 368
3 369
7 369
13 369
14 369
17 369
34 369
50 369
198 369
217 369
289 369
39 370
275 371
82 372
108 373
34 374
119 374
82 375
94 375
117 375
167 376
94 377
173 377
204 377
15 378
95 379
94 380
199 381
318 382
118 383
94 384
9 385
107 386
329 387
7 388
150 388
131 389
95 390
5 391
16 392
8 393
15 393
71 393
303 394
24 395
2 396
12 397
310 398
83 399
17 400
7 401
9 401
37 401
203 402
16 403
293 404
48 405
94 406
135 407
209 408
286 408
75 409
138 410
303 411
12 412
175 412
156 413
15 414
76 415
11 416
199 417
102 418
11 419
91 419
258 419
14 420
77 420
367 420
11 421
407 422
132 423
381 424
15 425
95 425
102 425
280 425
150 426
255 426
59 427
5 428
108 428
15 429
174 429
236 429
410 429
78 430
6 431
361 431
379 432
95 433
266 434
15 435
17 436
147 437
21 438
95 438
8 439
11 440
51 440
270 440
310 440
239 441
132 442
56 443
95 444
1 445
87 445
3 446
12 446
14 446
16 446
46 446
49 446
51 446
175 446
318 446
436 446
318 447
369 447
18 448
110 449
438 449
303 450
141 451
91 452
205 453
9 454
5 455
10 455
44 455
75 455
123 455
11 456
56 457
170 458
165 459
450 459
132 460
412 461
2 462
10 462
52 462
169 462
194 463
108 464
310 464
83 465
271 465
9 466
60 466
198 466
249 466
269 466
362 466
363 466
382 466
54 467
345 467
66 468
188 469
214 469
198 470
51 471
270 471
95 472
12 473
147 473
131 474
4 475
11 475
94 475
108 475
201 475
270 475
310 475
368 475
12 476
318 476
5 477
9 477
111 477
170 477
475 477
16 478
91 479
94 480
424 481
119 482
2 483
251 483
124 484
12 485
159 485
385 486
412 487
446 487
94 488
194 488
310 489
165 490
91 491
16 492
82 492
165 493
425 494
135 495
422 495
429 495
194 496
15 497
16 497
6 498
11 498
94 498
156 498
195 498
310 498
477 498
15 499
34 500
119 500
11 501
293 502
87 503
135 504
5 505
11 505
12 505
42 505
148 505
326 505
347 505
42 506
82 507
355 508
438 508
6 509
108 510
73 511
90 511
17 512
446 512
95 513
139 514
449 514
143 515
350 515
1 516
2 516
7 516
8 516
53 516
56 516
143 516
385 516
477 516
108 517
138 518
54 519
345 519
449 520
119 521
230 521
12 522
13 522
16 522
61 522
106 522
110 522
175 522
283 522
318 522
329 522
2 523
195 524
138 525
161 526
316 526
455 526
1 527
275 528
2 529
102 530
82 531
87 532
9 533
516 533
275 534
62 535
136 535
389 535
474 535
451 536
46 537
49 537
51 537
318 537
487 537
512 537
187 538
275 538
8 539
203 539
3 540
4 540
5 540
8 540
12 540
26 540
65 540
68 540
128 540
201 540
388 540
34 541
105 542
509 542
329 543
522 543
150 544
94 545
15 546
82 547
318 548
83 549
117 549
330 550
270 551
15 552
540 553
310 554
485 555
76 556
280 556
9 557
115 557
145 557
322 558
322 559
83 560
271 560
286 561
24 562
252 562
17 563
7 564
82 565
117 565
116 566
95 567
1 568
204 569
369 570
477 570
560 571
163 572
286 573
525 574
194 575
171 576
1 577
312 577
387 577
11 578
261 578
11 579
575 580
446 581
270 582
17 583
8 584
14 585
150 586
49 587
116 588
51 589
418 589
267 590
194 591
161 592
316 592
36 593
69 594
102 595
152 595
11 596
117 596
172 597
322 598
46 599
96 600
95 601
441 601
4 602
320 602
1 603
293 604
72 605
112 605
124 605
174 605
549 605
5 606
2 607
346 608
408 608
132 609
239 610
293 611
267 612
6 613
115 613
145 613
185 613
95 614
3 615
65 615
128 615
212 615
275 616
322 617
1 618
82 619
221 620
2 621
11 622
94 622
195 622
206 623
108 624
526 624
11 625
36 626
12 627
283 627
555 627
12 628
477 629
36 630
11 631
1 632
73 632
18 633
54 634
345 634
15 635
16 635
17 635
74 635
81 635
197 635
210 635
302 635
304 635
318 635
416 635
421 635
440 635
498 635
505 635
596 635
622 635
631 635
133 636
91 637
169 638
518 638
568 638
12 639
26 640
122 640
1 641
138 641
190 641
605 641
71 642
94 643
11 644
635 644
51 645
59 646
329 646
318 647
165 648
205 649
15 650
72 650
16 651
56 652
83 653
12 654
237 654
18 655
293 656
270 657
2 658
365 659
168 660
500 660
83 661
143 662
82 663
18 664
620 664
56 665
94 666
6 667
7 667
8 667
111 667
195 667
665 668
8 669
150 670
301 670
8 671
110 672
205 673
34 674
660 674
116 675
320 676
365 677
11 678
119 679
66 680
560 680
8 681
7 682
269 682
5 683
6 683
7 683
10 683
24 683
53 683
96 683
108 683
174 683
196 683
445 683
206 684
1 685
6 685
29 685
33 685
36 685
41 685
75 685
79 685
83 685
92 685
196 685
516 685
540 685
584 685
667 685
526 686
235 687
515 687
78 688
495 688
504 688
12 689
12 690
79 691
5 692
192 692
150 693
445 694
532 694
165 695
526 695
659 695
131 696
15 697
342 698
51 699
275 699
263 700
83 701
605 702
131 703
558 704
426 705
544 705
586 705
670 705
537 706
8 707
138 708
209 709
608 709
147 710
17 711
8 712
82 713
49 714
15 715
11 716
7 717
615 717
194 718
15 719
38 720
68 721
505 722
1 723
3 723
9 723
10 723
83 723
109 723
156 723
195 723
332 723
540 723
705 723
103 724
82 725
425 726
3 727
6 727
7 727
8 727
9 727
57 727
68 727
108 727
115 727
118 727
196 727
212 727
230 727
270 727
294 727
310 727
606 727
15 728
17 729
89 729
111 729
537 729
589 729
278 730
408 730
561 730
39 731
11 732
15 733
303 734
12 735
15 735
17 735
32 735
94 735
252 735
369 735
585 735
5 736
727 736
537 737
8 738
1 739
60 740
516 741
53 742
12 743
15 743
49 743
59 743
106 743
175 743
186 743
222 743
275 743
283 743
311 743
329 743
583 743
635 743
108 744
544 745
670 745
613 746
58 747
98 747
216 747
225 747
261 747
279 747
315 747
338 747
425 747
472 747
513 747
537 747
567 747
601 747
747 748
15 749
87 750
694 750
426 751
544 751
670 751
1 752
266 753
1 754
521 755
727 755
8 756
94 757
121 758
141 759
108 760
451 761
224 762
655 762
466 763
5 764
320 764
12 765
318 765
150 766
655 767
328 768
280 769
173 770
423 770
460 770
609 770
8 771
495 772
504 772
145 773
138 774
280 775
105 776
145 776
173 777
217 778
152 779
115 780
267 781
49 782
64 782
724 782
11 783
346 784
101 785
7 786
12 787
318 787
16 788
173 789
94 790
109 791
117 791
208 791
429 791
613 792
2 793
15 794
1 795
8 795
83 795
409 795
577 796
82 797
4 798
65 798
68 798
388 798
553 798
275 799
469 800
108 801
310 801
2 802
505 803
76 804
150 805
2 806
617 807
132 808
445 809
2 810
82 810
32 811
40 811
252 811
369 811
111 812
169 812
322 812
471 812
657 812
96 813
376 813
108 814
11 815
1 816
30 816
94 817
485 818
627 818
83 819
11 820
51 821
98 821
798 822
329 823
303 824
5 825
6 825
7 825
10 825
14 825
23 825
54 825
77 825
195 825
260 825
271 825
396 825
462 825
516 825
529 825
607 825
658 825
793 825
806 825
505 826
12 827
576 828
28 829
310 829
78 830
15 831
278 832
561 832
573 832
727 833
322 834
424 835
69 836
12 837
169 838
2 839
9 840
11 841
138 842
574 842
33 843
1 844
82 845
361 846
1 847
11 848
505 849
83 850
251 851
46 852
139 853
672 853
27 854
132 854
770 854
9 855
9 856
398 856
440 856
464 856
475 856
801 856
209 857
71 858
286 859
457 860
209 861
12 862
11 863
156 863
310 863
312 863
635 863
2 864
107 865
313 866
451 867
82 868
118 869
94 870
353 871
15 872
8 873
278 874
505 874
561 874
573 874
5 875
10 875
123 875
1 876
138 876
182 876
208 876
605 876
650 876
30 877
777 878
381 879
810 879
2 880
438 881
576 881
226 882
575 883
455 884
875 884
138 885
83 886
60 887
15 888
662 888
756 888
71 889
275 890
75 891
795 891
17 892
21 892
94 893
13 894
106 894
221 895
76 896
58 897
121 897
727 897
798 897
2 898
825 898
2 899
214 899
794 900
279 901
338 901
472 901
513 901
659 901
748 901
901 902
786 903
801 904
5 905
173 905
157 906
634 906
281 907
132 908
12 909
401 910
685 911
71 912
286 913
36 914
911 914
6 915
429 915
310 916
856 916
6 917
145 917
670 918
182 919
475 919
811 919
72 920
112 920
702 920
379 921
76 922
1 923
2 923
5 923
10 923
21 923
53 923
75 923
111 923
115 923
223 923
234 923
241 923
276 923
509 923
613 923
667 923
685 923
915 923
95 924
17 925
743 925
56 926
109 926
78 927
133 928
94 929
919 929
72 930
136 931
379 932
36 933
95 934
659 934
3 935
33 936
379 937
353 938
267 939
102 940
9 941
440 941
475 941
916 941
441 942
747 942
205 943
8 944
70 944
291 944
52 945
194 946
583 946
275 947
15 948
461 949
66 950
544 951
723 951
917 951
635 952
102 953
11 954
32 955
659 955
700 955
65 956
475 957
929 957
340 958
462 959
638 959
812 959
838 959
5 960
105 960
165 960
343 960
607 961
78 962
758 962
897 962
11 963
205 964
600 964
5 965
526 965
635 966
12 967
318 967
682 967
568 968
39 969
71 969
78 969
109 969
145 969
196 969
299 969
459 969
310 970
95 971
68 972
49 973
30 974
10 975
202 975
779 975
133 976
198 976
9 977
82 978
181 979
817 979
105 980
95 981
747 981
83 982
426 983
670 983
70 984
156 984
731 984
132 985
212 985
377 985
569 985
90 986
112 986
375 986
565 986
596 986
791 986
298 987
266 988
772 989
441 990
610 990
12 991
409 992
116 993
117 993
377 994
770 994
11 995
33 996
17 997
1 998
5 998
8 998
105 998
145 998
165 998
727 998
328 999
72 1000
94 1001
104 1001
15 1002
206 1003
78 1004
637 1005
15 1006
280 1006
747 1006
82 1007
451 1008
138 1009
3 1010
5 1010
6 1010
7 1010
10 1010
14 1010
54 1010
62 1010
137 1010
243 1010
260 1010
396 1010
462 1010
483 1010
607 1010
621 1010
658 1010
839 1010
880 1010
898 1010
136 1011
116 1012
237 1012
1 1013
6 1013
8 1013
37 1013
198 1013
683 1013
455 1014
109 1015
82 1016
11 1017
457 1017
11 1018
492 1019
5 1020
230 1021
344 1021
11 1022
379 1023
95 1024
152 1025
105 1026
102 1027
530 1027
132 1028
11 1029
631 1030
560 1031
469 1032
82 1033
190 1033
422 1034
110 1035
520 1035
322 1036
49 1037
770 1038
12 1039
318 1039
824 1039
150 1040
747 1041
881 1042
1024 1043
107 1044
116 1045
15 1046
928 1047
17 1048
743 1048
173 1049
204 1049
609 1049
289 1050
992 1051
5 1052
82 1053
1 1054
7 1054
115 1054
161 1054
218 1054
359 1054
624 1054
727 1054
969 1055
15 1056
658 1056
230 1057
344 1057
15 1058
11 1059
802 1059
131 1060
535 1060
254 1061
16 1062
294 1062
727 1063
5 1064
115 1064
161 1064
170 1064
218 1064
234 1064
428 1064
464 1064
475 1064
517 1064
760 1064
286 1065
322 1066
33 1067
537 1068
379 1069
11 1070
91 1070
15 1071
8 1072
201 1072
3 1073
4 1073
7 1073
8 1073
44 1073
45 1073
75 1073
115 1073
126 1073
156 1073
270 1073
365 1073
445 1073
577 1073
603 1073
632 1073
752 1073
754 1073
816 1073
847 1073
876 1073
102 1074
329 1075
519 1075
663 1075
680 1075
236 1076
8 1077
577 1077
5 1078
353 1078
12 1079
318 1079
542 1080
923 1080
209 1081
33 1082
11 1083
75 1084
83 1084
91 1085
173 1086
91 1087
102 1088
449 1089
735 1090
811 1090
6 1091
145 1091
664 1092
1043 1093
861 1094
1021 1094
105 1095
119 1096
462 1097
15 1098
9 1099
9 1100
967 1101
11 1102
577 1103
107 1104
105 1105
786 1106
70 1107
144 1108
195 1108
1 1109
56 1110
668 1110
255 1111
485 1112
627 1112
1016 1112
205 1113
462 1113
945 1113
51 1114
505 1115
6 1116
93 1116
121 1116
165 1116
290 1116
688 1116
969 1116
1004 1116
441 1117
2 1118
4 1118
5 1118
7 1118
9 1118
10 1118
70 1118
72 1118
96 1118
108 1118
125 1118
126 1118
163 1118
174 1118
196 1118
618 1118
641 1118
795 1118
1013 1118
1054 1118
1109 1118
225 1119
425 1119
472 1119
513 1119
537 1119
567 1119
601 1119
942 1119
1006 1119
12 1120
275 1121
652 1122
173 1123
204 1123
94 1124
293 1125
1075 1126
449 1127
105 1128
110 1129
520 1129
12 1130
17 1130
94 1130
157 1131
1 1132
425 1133
505 1134
82 1135
735 1136
485 1137
627 1137
1016 1137
276 1138
299 1138
483 1138
851 1138
24 1139
792 1139
204 1140
985 1140
293 1141
56 1142
385 1143
1 1144
182 1144
1073 1144
11 1145
312 1145
11 1146
194 1146
511 1146
986 1146
318 1147
705 1148
751 1148
8 1149
203 1149
449 1150
141 1151
149 1152
173 1152
204 1152
720 1152
16 1153
194 1154
145 1155
79 1156
684 1156
826 1156
526 1157
15 1158
34 1158
284 1158
526 1159
659 1159
318 1160
108 1161
9 1162
12 1163
159 1163
345 1163
1035 1164
61 1165
106 1165
543 1165
154 1166
514 1166
36 1167
34 1168
526 1169
770 1170
613 1171
801 1172
8 1173
165 1173
316 1173
303 1174
15 1175
1057 1175
49 1176
958 1177
760 1178
9 1179
303 1180
165 1181
48 1182
11 1183
416 1184
1057 1185
613 1186
78 1187
505 1187
8 1188
94 1189
82 1190
364 1191
938 1191
1078 1191
141 1192
6 1193
53 1193
108 1193
613 1193
780 1193
923 1193
930 1194
745 1195
12 1196
438 1197
576 1197
1122 1198
165 1199
369 1200
778 1200
108 1201
856 1201
33 1202
83 1203
617 1203
680 1203
49 1204
423 1204
90 1205
375 1205
1146 1205
136 1206
15 1207
71 1208
110 1209
627 1210
617 1211
293 1212
155 1213
15 1214
494 1214
726 1214
1133 1214
11 1215
303 1216
11 1217
322 1218
699 1218
769 1218
4 1219
201 1219
856 1219
957 1219
1064 1219
12 1220
3 1221
11 1222
457 1223
1217 1224
7 1225
150 1225
11 1226
49 1227
38 1228
1152 1228
77 1229
135 1229
16 1230
46 1230
318 1230
487 1230
581 1230
11 1231
1 1232
9 1232
23 1232
25 1232
54 1232
62 1232
77 1232
86 1232
104 1232
107 1232
137 1232
483 1232
516 1232
523 1232
607 1232
802 1232
839 1232
899 1232
1118 1232
604 1233
78 1234
627 1235
918 1235
1 1236
82 1237
6 1238
148 1238
195 1238
15 1239
34 1239
119 1239
522 1239
743 1239
1 1240
82 1241
49 1242
163 1243
595 1243
955 1244
933 1245
262 1246
141 1247
505 1248
141 1249
96 1250
839 1251
11 1252
914 1253
156 1254
15 1255
1122 1256
94 1257
181 1258
61 1259
107 1260
51 1261
98 1261
9 1262
60 1262
198 1262
232 1263
95 1264
1043 1264
11 1265
786 1266
322 1267
370 1268
969 1268
108 1269
234 1270
230 1271
344 1271
817 1272
26 1273
180 1273
136 1274
1060 1274
225 1275
472 1275
567 1275
601 1275
942 1275
115 1276
170 1276
218 1276
428 1276
1219 1276
107 1277
48 1278
1089 1278
293 1279
56 1280
83 1280
116 1280
293 1280
782 1280
1010 1281
668 1282
770 1283
1099 1284
7 1285
105 1285
475 1285
540 1285
1219 1285
82 1286
194 1287
205 1288
462 1288
217 1289
644 1290
619 1291
49 1292
1287 1292
109 1293
280 1294
15 1295
662 1295
756 1295
685 1296
1067 1296
1202 1296
1252 1296
1035 1297
1129 1297
434 1298
988 1298
385 1299
881 1300
280 1301
726 1301
613 1302
832 1302
874 1302
38 1303
1152 1303
747 1304
121 1305
5 1306
192 1306
187 1307
727 1308
457 1309
143 1310
350 1310
104 1311
1 1312
3 1312
5 1312
201 1312
557 1312
923 1312
119 1313
145 1314
299 1314
1055 1314
8 1315
730 1315
945 1316
116 1317
145 1318
1312 1318
856 1319
275 1320
528 1320
143 1321
350 1321
83 1322
108 1323
230 1324
344 1324
6 1325
120 1325
361 1325
267 1326
276 1327
165 1328
416 1329
83 1330
11 1331
91 1331
7 1332
1057 1333
121 1334
17 1335
930 1336
385 1337
82 1338
138 1339
70 1340
322 1341
8 1342
996 1342
1082 1342
1 1343
82 1344
157 1345
83 1346
1172 1346
263 1347
235 1348
635 1349
900 1350
16 1351
72 1351
375 1351
565 1351
791 1351
985 1351
993 1351
141 1352
485 1353
988 1354
1 1355
83 1355
15 1356
156 1357
1213 1357
495 1358
504 1358
1312 1358
659 1359
635 1360
930 1361
82 1362
5 1363
923 1363
12 1364
56 1365
1182 1366
495 1367
504 1367
989 1367
105 1368
275 1369
949 1370
6 1371
12 1371
53 1371
134 1371
165 1371
557 1371
776 1371
998 1371
1091 1371
1155 1371
135 1372
1367 1372
3 1373
10 1373
104 1373
108 1373
134 1373
195 1373
196 1373
557 1373
780 1373
923 1373
1276 1373
38 1374
313 1375
579 1376
7 1377
1195 1377
578 1378
747 1378
122 1379
17 1380
239 1381
955 1382
1373 1383
83 1384
82 1385
580 1385
15 1386
1337 1387
877 1388
974 1388
842 1389
83 1390
91 1391
620 1392
6 1393
79 1394
108 1395
310 1395
627 1396
14 1397
17 1397
47 1397
73 1397
100 1397
111 1397
210 1397
240 1397
247 1397
317 1397
351 1397
421 1397
440 1397
475 1397
631 1397
678 1397
848 1397
863 1397
954 1397
1029 1397
1102 1397
1125 1397
1222 1397
49 1398
515 1398
8 1399
30 1400
173 1401
318 1402
150 1403
540 1404
615 1404
1 1405
1232 1406
82 1407
1073 1408
33 1409
457 1410
8 1411
730 1412
116 1413
293 1414
1214 1415
2 1416
3 1416
6 1416
53 1416
134 1416
318 1416
348 1416
466 1416
533 1416
557 1416
723 1416
727 1416
840 1416
856 1416
1100 1416
1162 1416
1232 1416
33 1417
526 1417
1296 1417
1082 1418
67 1419
278 1419
561 1419
94 1420
1229 1421
286 1422
613 1423
1300 1424
1035 1425
1129 1425
148 1426
320 1426
700 1426
79 1427
32 1428
320 1428
700 1428
1347 1428
10 1429
448 1429
664 1429
11 1430
132 1431
71 1432
5 1433
10 1433
12 1433
13 1433
16 1433
28 1433
31 1433
43 1433
87 1433
94 1433
106 1433
119 1433
195 1433
208 1433
297 1433
307 1433
313 1433
378 1433
414 1433
499 1433
650 1433
715 1433
719 1433
735 1433
794 1433
888 1433
1058 1433
1098 1433
1356 1433
1386 1433
15 1434
481 1434
943 1434
95 1435
1 1436
14 1437
30 1437
111 1437
463 1437
488 1437
718 1437
1146 1437
20 1438
15 1439
1433 1439
108 1440
1054 1440
94 1441
535 1442
145 1443
187 1444
275 1444
416 1445
12 1446
12 1447
14 1447
15 1447
17 1447
318 1447
522 1447
894 1447
1433 1447
609 1448
635 1449
42 1450
461 1451
1370 1451
1057 1452
59 1453
1057 1454
1082 1455
1105 1455
560 1456
318 1457
8 1458
58 1459
1 1460
267 1461
933 1462
1182 1462
568 1463
1397 1464
747 1465
116 1466
46 1467
60 1468
5 1469
15 1470
1358 1471
771 1472
407 1473
1034 1473
119 1474
498 1474
105 1475
17 1476
102 1476
446 1476
471 1476
589 1476
645 1476
699 1476
1261 1476
1221 1477
1397 1478
920 1479
48 1480
329 1481
209 1482
138 1483
310 1484
165 1485
688 1485
271 1486
727 1487
95 1488
278 1488
14 1489
562 1489
811 1489
683 1490
828 1491
917 1491
568 1492
1 1493
3 1493
52 1493
143 1493
944 1493
984 1493
1340 1493
6 1494
430 1494
923 1494
1218 1495
15 1496
1433 1496
16 1497
34 1498
59 1498
329 1498
487 1498
11 1499
15 1500
35 1500
102 1500
280 1500
821 1500
1261 1500
242 1501
928 1501
1387 1502
303 1503
979 1503
82 1504
815 1505
33 1506
95 1506
901 1506
82 1507
237 1508
1007 1508
1 1509
4 1509
5 1509
6 1509
8 1509
9 1509
17 1509
52 1509
115 1509
119 1509
156 1509
284 1509
446 1509
540 1509
615 1509
723 1509
1010 1509
1073 1509
1416 1509
310 1510
429 1511
131 1512
162 1512
535 1512
12 1513
205 1514
1508 1515
82 1516
270 1517
82 1518
108 1519
342 1520
727 1520
322 1521
5 1522
1062 1522
608 1523
108 1524
275 1525
387 1526
839 1526
727 1527
449 1528
887 1528
1010 1529
116 1530
782 1530
322 1531
747 1532
108 1533
205 1534
235 1534
1084 1534
1432 1534
560 1535
1 1536
108 1537
322 1538
1104 1539
5 1540
1064 1540
1276 1540
318 1541
15 1542
71 1542
15 1543
16 1543
318 1543
631 1543
743 1543
1349 1543
1360 1543
1449 1543
49 1544
2 1545
150 1546
1402 1546
223 1547
379 1548
91 1549
695 1550
901 1550
955 1550
15 1551
1035 1552
2 1553
251 1553
1010 1553
485 1554
627 1554
211 1555
332 1555
492 1555
547 1555
725 1555
868 1555
978 1555
1007 1555
1016 1555
1053 1555
1385 1555
1407 1555
1504 1555
1507 1555
1518 1555
15 1556
15 1557
727 1558
71 1559
132 1560
770 1560
1049 1560
173 1561
994 1561
11 1562
194 1562
986 1562
111 1563
498 1563
856 1564
941 1564
221 1565
633 1565
17 1566
59 1566
11 1567
94 1567
544 1568
1232 1569
379 1570
310 1571
941 1571
466 1572
1359 1572
535 1573
5 1574
111 1574
94 1575
116 1576
1092 1577
116 1578
106 1579
110 1579
283 1579
329 1579
543 1579
128 1580
756 1580
310 1581
881 1582
747 1583
70 1584
752 1584
515 1585
1310 1585
131 1586
946 1587
1 1588
6 1588
165 1588
685 1588
891 1588
1084 1588
293 1589
1491 1590
181 1591
462 1592
329 1593
322 1594
17 1595
102 1595
152 1596
9 1597
152 1598
5 1599
9 1599
170 1599
228 1599
440 1599
498 1599
554 1599
727 1599
829 1599
916 1599
1395 1599
310 1600
458 1600
477 1600
1599 1600
424 1601
1434 1601
91 1602
82 1603
15 1604
89 1604
102 1604
440 1604
699 1604
821 1604
105 1605
1371 1605
69 1606
659 1607
748 1607
505 1608
87 1609
633 1610
71 1611
312 1611
387 1611
796 1611
1073 1611
356 1612
72 1613
640 1613
876 1613
95 1614
138 1615
574 1615
608 1616
1 1617
3 1617
52 1617
984 1617
1494 1618
82 1619
495 1620
1116 1620
94 1621
1494 1622
247 1623
688 1624
230 1625
344 1625
1094 1625
286 1626
1397 1627
1437 1628
165 1629
685 1629
969 1629
49 1630
9 1631
34 1632
753 1632
988 1632
933 1633
638 1634
1463 1634
1492 1634
11 1635
318 1636
138 1637
8 1638
72 1639
6 1640
93 1640
195 1640
62 1641
389 1641
703 1641
1060 1641
1450 1642
95 1643
1402 1644
497 1645
15 1646
658 1647
78 1648
1116 1648
49 1649
173 1650
122 1651
7 1652
111 1652
195 1652
11 1653
1435 1653
91 1654
1159 1655
56 1656
181 1657
817 1657
209 1658
729 1658
1476 1658
723 1659
1555 1659
923 1660
75 1661
115 1661
632 1661
754 1661
876 1661
1408 1661
1611 1661
655 1662
293 1663
770 1663
133 1664
198 1664
8 1665
630 1665
76 1666
228 1667
522 1668
1165 1668
1579 1668
194 1669
235 1670
83 1671
109 1671
82 1672
318 1673
747 1674
95 1675
647 1675
24 1676
252 1676
495 1677
786 1678
613 1679
75 1680
1173 1680
5 1681
183 1681
82 1682
157 1683
198 1683
15 1684
12 1685
80 1686
165 1687
186 1688
303 1689
217 1690
239 1691
1156 1692
1468 1692
1 1693
560 1694
4 1695
156 1695
270 1695
1397 1695
121 1696
1530 1696
104 1697
17 1698
412 1698
522 1698
17 1699
281 1700
1435 1700
882 1701
350 1702
635 1703
1543 1703
2 1704
267 1705
143 1706
329 1706
1646 1706
605 1707
11 1708
17 1709
445 1710
532 1710
408 1711
737 1711
8 1712
685 1712
319 1713
323 1713
332 1713
372 1713
531 1713
547 1713
810 1713
1007 1713
1135 1713
1190 1713
1241 1713
1504 1713
1507 1713
1518 1713
1603 1713
1672 1713
1682 1713
505 1714
1302 1714
727 1715
59 1716
329 1716
583 1717
1433 1718
209 1719
15 1720
624 1720
745 1721
951 1721
923 1722
32 1723
700 1723
1382 1723
1550 1723
83 1724
82 1725
438 1726
520 1726
1089 1726
2 1727
825 1727
545 1728
345 1729
1394 1729
51 1730
706 1730
729 1730
747 1730
1068 1730
1119 1730
627 1731
6 1732
15 1733
1057 1733
1085 1733
5 1734
106 1734
208 1734
307 1734
715 1734
719 1734
794 1734
1718 1734
223 1735
1397 1736
186 1737
635 1737
104 1738
251 1738
1642 1738
205 1739
8 1740
1098 1740
87 1741
377 1742
770 1742
789 1742
1086 1742
12 1743
53 1743
345 1743
61 1744
141 1744
1379 1744
1686 1745
36 1746
211 1746
385 1747
205 1748
1119 1749
322 1750
7 1751
37 1751
318 1752
75 1753
76 1753
6 1754
53 1754
134 1754
533 1754
723 1754
727 1754
856 1754
1162 1754
1232 1754
1509 1754
522 1755
743 1755
8 1756
1010 1757
1701 1758
495 1759
526 1760
16 1761
289 1762
48 1763
107 1764
1325 1764
1632 1765
115 1766
161 1766
464 1766
517 1766
760 1766
1219 1766
1540 1766
537 1767
4 1768
5 1768
7 1768
17 1768
37 1768
70 1768
156 1768
165 1768
196 1768
540 1768
1010 1768
1221 1768
48 1769
12 1770
198 1771
12 1772
329 1773
95 1774
94 1775
117 1775
1351 1775
68 1776
1218 1777
1073 1778
15 1779
195 1780
270 1780
325 1780
462 1780
838 1780
607 1781
1034 1781
293 1782
1 1783
98 1784
169 1784
279 1784
537 1784
1378 1784
150 1785
267 1786
82 1787
121 1788
962 1788
1494 1789
82 1790
1152 1791
495 1792
1312 1792
11 1793
986 1793
1437 1793
505 1794
342 1795
280 1796
95 1797
747 1797
1282 1798
167 1799
540 1799
165 1800
422 1801
772 1801
1792 1801
322 1802
75 1803
620 1803
56 1804
95 1804
190 1805
605 1805
1118 1805
1599 1805
235 1806
8 1807
379 1808
318 1809
361 1810
94 1811
82 1812
15 1813
1197 1814
255 1815
56 1816
95 1817
11 1818
1224 1818
34 1819
8 1820
70 1820
933 1820
1746 1820
1590 1821
544 1822
365 1823
425 1824
1301 1824
12 1825
1032 1825
1 1826
2 1826
5 1826
21 1826
53 1826
75 1826
234 1826
276 1826
667 1826
1193 1826
1312 1826
1722 1826
51 1827
9 1828
14 1828
19 1828
157 1828
203 1828
233 1828
249 1828
358 1828
540 1828
627 1828
743 1828
765 1828
837 1828
909 1828
967 1828
991 1828
1196 1828
1371 1828
1433 1828
1446 1828
1772 1828
11 1829
199 1830
11 1831
635 1831
12 1832
1433 1833
94 1834
116 1834
156 1834
343 1834
729 1834
812 1834
923 1834
1397 1834
1563 1834
1652 1834
70 1835
752 1835
329 1836
293 1837
118 1838
4 1839
6 1839
7 1839
72 1839
791 1839
969 1839
1015 1839
1293 1839
1671 1839
346 1840
11 1841
94 1841
24 1842
1052 1842
874 1843
1419 1843
1488 1843
16 1844
141 1845
91 1846
12 1847
438 1848
1826 1848
15 1849
1161 1849
1472 1849
293 1850
917 1850
110 1851
340 1851
522 1851
543 1851
823 1851
1481 1851
1498 1851
1593 1851
1706 1851
1836 1851
75 1852
795 1852
1588 1852
1 1853
4 1853
723 1853
984 1853
1509 1853
770 1854
544 1855
11 1856
299 1857
15 1858
815 1859
485 1860
318 1861
361 1862
266 1863
1073 1863
1118 1864
12 1865
1397 1866
318 1867
369 1867
58 1868
216 1868
261 1868
279 1868
472 1868
601 1868
1006 1868
1041 1868
1378 1868
1465 1868
1674 1868
139 1869
672 1869
6 1870
165 1870
969 1870
30 1871
49 1872
515 1872
322 1873
1299 1873
108 1874
635 1875
1397 1875
11 1876
7 1877
37 1877
11 1878
668 1879
664 1880
613 1881
189 1882
562 1882
811 1882
157 1883
923 1884
1828 1885
116 1886
72 1887
368 1887
919 1887
1144 1887
1399 1888
6 1889
53 1889
923 1889
1447 1890
76 1891
1820 1891
7 1892
1195 1892
1 1893
6 1894
1852 1894
102 1895
861 1895
1027 1895
48 1896
1604 1897
1180 1898
157 1899
1616 1899
5 1900
17 1901
1737 1901
188 1902
310 1903
469 1904
1902 1904
310 1905
888 1905
412 1906
94 1907
1340 1907
1292 1908
329 1909
716 1910
986 1911
1351 1911
1848 1911
1283 1912
1663 1912
1232 1913
1152 1914
95 1915
1218 1916
116 1917
6 1918
605 1919
1118 1919
1599 1919
685 1920
1663 1921
9 1922
11 1923
35 1923
1859 1923
280 1924
230 1925
15 1926
81 1926
210 1926
318 1926
622 1926
1360 1926
1737 1926
1875 1926
91 1927
49 1928
455 1929
56 1930
1851 1931
812 1932
1397 1932
1652 1932
7 1933
15 1933
19 1933
50 1933
60 1933
142 1933
217 1933
249 1933
328 1933
397 1933
522 1933
540 1933
735 1933
765 1933
837 1933
909 1933
967 1933
991 1933
1079 1933
1196 1933
1364 1933
1447 1933
1685 1933
1743 1933
1770 1933
1847 1933
94 1934
205 1935
1307 1935
51 1936
369 1937
1489 1937
1882 1937
1555 1938
1713 1938
58 1939
1428 1939
1882 1939
147 1940
175 1941
1906 1941
1371 1942
457 1943
82 1944
1220 1944
3 1945
39 1945
111 1945
143 1945
413 1945
1357 1945
1695 1945
1768 1945
1584 1946
12 1947
318 1947
235 1948
747 1949
108 1950
163 1950
285 1950
542 1950
776 1950
960 1950
1026 1950
1128 1950
124 1951
1922 1951
492 1952
1182 1953
8 1954
730 1954
1638 1954
385 1955
11 1956
632 1957
16 1958
505 1958
1655 1959
115 1960
517 1960
6 1961
780 1961
923 1961
1826 1961
94 1962
173 1962
204 1962
994 1962
1 1963
409 1963
891 1963
242 1964
636 1964
928 1964
976 1964
270 1965
462 1965
78 1966
798 1967
75 1968
109 1968
299 1968
309 1968
493 1968
648 1968
695 1968
960 1968
1181 1968
1328 1968
1371 1968
1588 1968
1800 1968
1696 1969
205 1970
15 1971
95 1972
1668 1972
240 1973
1442 1974
1945 1975
278 1976
561 1976
1302 1976
102 1977
119 1978
161 1979
316 1979
624 1979
510 1980
1868 1981
1433 1982
329 1983
522 1983
1165 1983
322 1984
498 1985
760 1985
30 1986
457 1987
14 1988
111 1988
486 1989
315 1990
94 1991
577 1992
1526 1992
1611 1992
51 1993
149 1993
1476 1993
1595 1993
1895 1993
1968 1994
1191 1995
11 1996
108 1997
95 1998
449 1998
1848 1998
112 1999
707 2000
1945 2000
726 2001
1824 2001
634 2002
505 2003
2 2004
103 2005
1035 2006
1555 2007
364 2008
871 2008
1078 2008
91 2009
646 2010
627 2011
918 2011
17 2012
743 2012
72 2013
12 2014
179 2014
405 2014
1182 2014
1480 2014
1763 2014
1769 2014
1896 2014
1555 2015
1713 2015
786 2016
242 2017
976 2017
1664 2017
108 2018
15 2019
530 2020
608 2020
275 2021
344 2022
457 2023
1783 2023
808 2024
817 2025
522 2026
1579 2026
71 2027
1 2028
157 2028
185 2028
198 2028
742 2028
923 2028
1826 2028
1889 2028
441 2029
747 2029
1119 2029
1868 2029
451 2030
961 2031
734 2032
379 2033
1373 2034
1397 2035
194 2036
543 2037
1668 2037
94 2038
9 2039
173 2040
1170 2040
1283 2040
1560 2040
1742 2040
8 2041
70 2041
683 2042
1828 2043
30 2044
1388 2044
138 2045
165 2045
3 2046
318 2046
436 2046
512 2046
1509 2046
1092 2047
87 2048
1729 2048
1849 2049
508 2050
1197 2050
15 2051
74 2051
197 2051
302 2051
304 2051
416 2051
440 2051
596 2051
622 2051
743 2051
1349 2051
1449 2051
1703 2051
1737 2051
162 2052
165 2053
116 2054
12 2055
347 2055
722 2055
826 2055
849 2055
874 2055
1134 2055
1248 2055
82 2056
94 2056
117 2056
986 2056
174 2057
723 2057
1015 2057
1293 2057
70 2058
752 2058
770 2059
1049 2059
2046 2059
93 2060
195 2060
963 2060
1 2061
318 2062
30 2063
379 2064
48 2065
473 2065
168 2066
1048 2066
1158 2066
6 2067
165 2067
685 2067
1084 2067
1968 2067
42 2068
440 2068
722 2068
803 2068
826 2068
874 2068
1115 2068
1187 2068
293 2069
15 2070
1411 2071
1898 2071
9 2072
498 2072
554 2072
829 2072
1395 2072
119 2073
369 2074
1262 2074
1683 2074
2028 2074
94 2075
343 2075
451 2076
535 2077
1155 2078
223 2079
135 2080
422 2080
429 2080
688 2080
1677 2080
1 2081
96 2082
964 2082
56 2083
108 2084
778 2085
78 2086
322 2086
471 2086
582 2086
1780 2086
1965 2086
1005 2087
94 2088
204 2088
808 2088
818 2088
1028 2088
417 2089
674 2089
1 2090
1104 2091
108 2092
1064 2092
1270 2092
11 2093
969 2093
17 2094
619 2095
108 2096
147 2097
1448 2098
694 2099
82 2100
647 2100
161 2101
316 2101
455 2101
1159 2101
1169 2101
1760 2101
1010 2102
495 2103
1372 2103
109 2104
70 2105
143 2105
310 2105
345 2105
466 2105
840 2105
1118 2105
1232 2105
1597 2105
1828 2105
1922 2105
12 2106
745 2107
951 2107
12 2108
7 2109
150 2109
703 2109
15 2110
1449 2110
5 2111
183 2111
869 2111
1838 2111
105 2112
949 2113
1451 2113
1401 2114
7 2115
1371 2116
189 2117
1939 2117
77 2118
48 2119
1462 2119
2014 2119
8 2120
1969 2120
526 2121
720 2121
95 2122
131 2123
303 2124
2032 2124
165 2125
1968 2125
49 2126
95 2127
1433 2128
1472 2129
82 2130
1282 2131
243 2132
318 2132
9 2133
145 2133
1373 2133
1416 2133
1064 2134
1285 2134
91 2135
574 2136
350 2137
150 2138
457 2139
169 2140
36 2141
1820 2141
1139 2142
14 2143
367 2143
76 2144
645 2144
920 2144
165 2145
26 2146
180 2146
15 2147
34 2147
284 2147
743 2147
1734 2147
82 2148
94 2149
449 2150
1278 2150
560 2151
157 2152
923 2152
1826 2152
727 2153
1180 2154
175 2155
495 2155
389 2156
1060 2156
1512 2156
1573 2156
2077 2156
1760 2157
1397 2158
2025 2159
15 2160
957 2160
91 2161
51 2162
1713 2163
2133 2163
145 2164
627 2165
350 2166
1397 2167
1999 2167
108 2168
1054 2168
568 2169
1968 2170
329 2171
1527 2172
157 2173
89 2174
1658 2174
1834 2174
1577 2175
82 2176
1280 2176
102 2177
1744 2178
12 2179
497 2180
1713 2181
2133 2181
818 2182
1028 2182
94 2183
69 2184
1382 2185
1550 2185
235 2186
49 2187
1933 2188
1506 2189
157 2190
108 2191
635 2192
95 2193
426 2194
586 2194
670 2194
150 2195
1787 2195
2071 2196
1 2197
30 2197
1073 2197
1 2198
5 2198
6 2198
7 2198
54 2198
70 2198
116 2198
345 2198
348 2198
385 2198
466 2198
477 2198
533 2198
727 2198
856 2198
1099 2198
1118 2198
1262 2198
1631 2198
1922 2198
2039 2198
2133 2198
109 2199
578 2200
1784 2200
1010 2201
1695 2201
318 2202
620 2203
455 2204
608 2205
15 2206
194 2207
5 2208
192 2208
727 2208
1232 2209
15 2210
111 2210
132 2210
202 2210
375 2210
384 2210
475 2210
488 2210
498 2210
643 2210
757 2210
790 2210
870 2210
1189 2210
1433 2210
1441 2210
1621 2210
1907 2210
1934 2210
1962 2210
1991 2210
2038 2210
2056 2210
2075 2210
2183 2210
1849 2211
94 2212
1470 2213
8 2214
632 2215
754 2215
1408 2215
1399 2216
109 2217
8 2218
62 2219
1060 2219
1512 2219
2077 2219
132 2220
768 2221
9 2222
329 2223
71 2224
504 2225
1372 2225
976 2226
747 2227
3 2228
8 2228
156 2228
270 2228
603 2228
632 2228
816 2228
1144 2228
1509 2228
1778 2228
2197 2228
12 2229
1072 2230
1010 2231
486 2232
138 2233
8 2234
968 2234
14 2235
135 2235
469 2235
94 2236
104 2236
30 2237
46 2238
318 2238
737 2238
1119 2238
1767 2238
1784 2238
544 2239
2138 2240
96 2241
1842 2242
1599 2243
451 2244
1756 2245
923 2246
82 2247
122 2248
451 2248
1247 2248
1249 2248
1352 2248
1845 2248
95 2249
6 2250
141 2251
4 2252
1397 2252
3 2253
6 2253
8 2253
9 2253
15 2253
18 2253
53 2253
83 2253
152 2253
159 2253
165 2253
195 2253
825 2253
1118 2253
1429 2253
121 2254
36 2255
918 2256
82 2257
10 2258
196 2258
201 2258
245 2258
285 2258
542 2258
776 2258
998 2258
1605 2258
82 2259
1713 2259
9 2260
475 2260
1571 2260
3 2261
7 2261
9 2261
11 2261
14 2261
15 2261
16 2261
19 2261
34 2261
48 2261
60 2261
63 2261
101 2261
142 2261
145 2261
157 2261
184 2261
217 2261
358 2261
412 2261
485 2261
522 2261
639 2261
654 2261
690 2261
837 2261
1039 2261
1130 2261
1163 2261
1371 2261
1447 2261
1513 2261
1825 2261
1847 2261
2014 2261
2179 2261
1371 2262
293 2263
1433 2264
1734 2264
131 2265
44 2266
131 2267
1274 2267
16 2268
11 2269
1433 2270
1544 2271
68 2272
95 2272
1868 2272
2213 2272
1035 2273
319 2274
729 2274
82 2275
49 2276
426 2276
921 2277
770 2278
7 2279
79 2280
11 2281
12 2281
15 2281
17 2281
27 2281
94 2281
148 2281
326 2281
392 2281
403 2281
446 2281
492 2281
522 2281
635 2281
1230 2281
1351 2281
1433 2281
1497 2281
1543 2281
1761 2281
70 2282
235 2282
1310 2282
1321 2282
1702 2282
2137 2282
327 2283
425 2283
94 2284
933 2285
1655 2286
303 2287
48 2288
76 2289
1820 2289
35 2290
15 2291
451 2292
1947 2292
638 2293
1492 2293
128 2294
1865 2294
611 2295
34 2296
2066 2296
76 2297
461 2298
2113 2298
457 2299
2171 2299
635 2300
1152 2301
108 2302
4 2303
72 2303
165 2303
174 2303
791 2303
926 2303
1015 2303
1293 2303
1671 2303
1968 2303
2217 2303
141 2304
8 2305
996 2305
1067 2305
1409 2305
1506 2305
8 2306
2095 2306
931 2307
1011 2307
1206 2307
5 2308
680 2309
105 2310
5 2311
209 2312
1476 2312
2174 2312
2249 2312
217 2313
540 2313
640 2313
1273 2313
457 2314
12 2315
2241 2315
770 2316
2040 2316
627 2317
95 2318
2 2319
1010 2319
1647 2319
76 2320
280 2320
95 2321
747 2321
804 2322
896 2322
1891 2322
2289 2322
1014 2323
1929 2323
2101 2323
717 2324
94 2325
2210 2325
251 2326
77 2327
76 2328
51 2329
1655 2330
811 2331
1092 2332
1840 2333
1867 2333
94 2334
1728 2334
56 2335
244 2336
64 2337
277 2337
993 2337
1012 2337
1280 2337
1317 2337
1530 2337
1578 2337
951 2338
1429 2339
1880 2339
1713 2340
15 2341
318 2342
2100 2342
91 2343
1904 2343
7 2344
235 2344
243 2344
1419 2344
15 2345
1460 2345
112 2346
978 2346
143 2347
1357 2347
1695 2347
1768 2347
685 2348
312 2349
1397 2349
2 2350
230 2351
1713 2352
138 2353
150 2354
486 2355
627 2356
7 2357
107 2358
111 2359
123 2359
463 2359
488 2359
575 2359
591 2359
1287 2359
1669 2359
109 2360
1166 2361
3 2362
4 2362
16 2362
55 2362
70 2362
108 2362
118 2362
160 2362
196 2362
230 2362
270 2362
331 2362
540 2362
683 2362
825 2362
905 2362
923 2362
1020 2362
1052 2362
1118 2362
1306 2362
1363 2362
1599 2362
1681 2362
1734 2362
2111 2362
2208 2362
165 2363
526 2363
1550 2363
754 2364
583 2365
747 2366
15 2367
860 2367
203 2368
2307 2369
3 2370
270 2370
603 2370
632 2370
1509 2370
2197 2370
1526 2371
1611 2371
612 2372
82 2373
770 2374
1118 2375
138 2376
1663 2377
70 2378
235 2378
2137 2378
1219 2379
78 2380
1 2381
742 2381
1826 2381
320 2382
234 2383
2092 2383
70 2384
65 2385
717 2385
82 2386
613 2387
992 2388
11 2389
2051 2389
779 2390
1057 2391
38 2392
2327 2392
1217 2393
152 2394
116 2395
2366 2396
8 2397
685 2397
1082 2397
1409 2397
1506 2397
2210 2398
1087 2399
14 2400
91 2401
91 2402
270 2403
131 2404
87 2405
105 2406
1611 2407
329 2408
17 2409
59 2409
2253 2410
1669 2411
51 2412
203 2413
2077 2413
2187 2413
1280 2414
2285 2414
1494 2415
83 2416
1195 2417
293 2418
1329 2418
1968 2419
152 2420
2400 2421
286 2422
608 2422
1711 2422
813 2423
1250 2423
1232 2424
115 2425
1117 2425
1193 2425
1373 2425
1472 2426
1232 2427
275 2428
1068 2429
5 2430
2362 2430
310 2431
505 2432
82 2433
475 2434
12 2435
28 2435
87 2435
106 2435
208 2435
297 2435
313 2435
715 2435
1356 2435
1386 2435
1439 2435
1496 2435
1718 2435
1828 2435
2128 2435
2264 2435
2281 2435
526 2436
2157 2436
635 2437
1010 2438
2172 2438
445 2439
750 2439
451 2440
1397 2441
2321 2441
95 2442
976 2442
1664 2442
7 2443
105 2444
15 2445
286 2446
1138 2446
95 2447
638 2448
968 2448
1463 2448
12 2449
361 2449
1828 2449
1933 2449
2261 2449
143 2450
888 2450
1295 2450
1461 2450
105 2451
71 2452
51 2453
729 2453
747 2453
293 2454
537 2455
881 2456
953 2457
293 2458
11 2459
1397 2459
560 2460
17 2461
743 2461
1543 2462
1229 2463
1332 2463
379 2464
20 2465
95 2466
270 2467
342 2468
102 2469
1993 2469
624 2470
1760 2471
83 2472
1 2473
1073 2473
33 2474
209 2475
280 2476
1 2477
1073 2477
1367 2477
670 2478
1433 2479
505 2480
30 2481
11 2482
1057 2483
12 2484
134 2484
165 2484
776 2484
1828 2484
1942 2484
1968 2484
2262 2484
6 2485
196 2485
1270 2485
11 2486
1099 2487
107 2488
78 2489
17 2490
74 2490
81 2490
318 2490
416 2490
421 2490
440 2490
644 2490
743 2490
966 2490
1349 2490
1449 2490
1831 2490
2437 2490
190 2491
2023 2492
183 2493
727 2493
1838 2493
83 2494
747 2495
16 2496
608 2497
2261 2498
173 2499
617 2500
8 2501
11 2502
1867 2503
17 2504
82 2504
1713 2504
121 2505
668 2506
342 2507
635 2508
83 2509
930 2510
1681 2510
78 2511
238 2511
60 2512
2438 2512
18 2513
5 2514
183 2514
2362 2514
2510 2514
95 2515
303 2516
627 2517
2055 2518
368 2519
1144 2519
1738 2520
825 2521
280 2522
134 2523
165 2523
776 2523
1828 2523
1397 2524
1926 2524
91 2525
271 2526
1057 2527
1451 2528
95 2529
242 2529
928 2529
152 2530
1144 2531
608 2532
12 2533
17 2533
318 2533
894 2533
1933 2533
2261 2533
466 2534
322 2535
191 2536
759 2536
1249 2536
1744 2536
17 2537
30 2537
90 2537
240 2537
247 2537
302 2537
318 2537
416 2537
456 2537
475 2537
578 2537
596 2537
625 2537
716 2537
815 2537
954 2537
1017 2537
1018 2537
1070 2537
1083 2537
1183 2537
1215 2537
1226 2537
1231 2537
1252 2537
1430 2537
1829 2537
1831 2537
1841 2537
1923 2537
1996 2537
2281 2537
2502 2537
2525 2538
110 2539
514 2539
520 2539
1150 2539
2150 2539
286 2540
730 2540
2 2541
11 2541
16 2541
17 2541
194 2541
369 2541
420 2541
1397 2541
2346 2541
152 2542
72 2543
1336 2543
2088 2544
2182 2544
1713 2545
8 2546
685 2546
17 2547
1185 2547
1737 2547
1906 2548
78 2549
71 2550
1616 2550
946 2551
1111 2552
2 2553
2253 2554
15 2555
364 2556
492 2557
1968 2558
183 2559
2510 2559
973 2560
209 2561
462 2562
945 2562
37 2563
165 2564
1968 2564
215 2565
1494 2565
99 2566
119 2566
882 2567
1364 2568
11 2569
1910 2569
2537 2569
59 2570
442 2570
1232 2571
1828 2572
8 2573
996 2573
1409 2573
9 2574
14 2574
157 2574
203 2574
249 2574
358 2574
627 2574
743 2574
991 2574
1196 2574
1433 2574
1446 2574
1772 2574
1885 2574
1433 2575
1 2576
87 2577
280 2578
94 2579
748 2579
1351 2579
11 2580
279 2580
725 2581
1016 2581
1385 2581
1407 2581
1504 2581
1938 2581
2015 2581
91 2582
209 2582
98 2583
711 2584
68 2585
78 2585
293 2586
116 2587
2337 2587
2356 2588
173 2589
460 2589
609 2589
1854 2589
2059 2589
2278 2589
2374 2589
635 2590
1543 2590
2051 2590
655 2591
659 2592
183 2593
1838 2593
495 2594
971 2594
34 2595
293 2595
318 2596
511 2597
573 2597
1302 2597
709 2598
817 2598
941 2599
8 2600
1067 2600
659 2601
577 2602
118 2603
2245 2604
416 2605
110 2606
5 2607
1906 2608
78 2609
121 2610
318 2611
1814 2612
494 2613
1415 2613
727 2614
2605 2614
786 2615
15 2616
236 2617
410 2617
1881 2617
2080 2617
71 2618
95 2619
2566 2619
12 2620
318 2620
1828 2620
2574 2620
986 2621
7 2622
10 2622
445 2622
1013 2622
2042 2622
2362 2622
2051 2623
964 2624
1527 2625
2438 2625
1913 2626
132 2627
1742 2627
15 2628
115 2629
161 2629
464 2629
517 2629
760 2629
1540 2629
247 2630
505 2631
2563 2631
70 2632
2137 2632
2 2633
825 2633
56 2634
278 2634
1325 2634
9 2635
980 2635
1416 2635
1754 2635
6 2636
12 2636
53 2636
68 2636
165 2636
196 2636
205 2636
261 2636
917 2636
969 2636
1443 2636
2164 2636
542 2637
923 2637
659 2638
1 2639
9 2639
10 2639
115 2639
185 2639
290 2639
683 2639
1743 2639
2253 2639
346 2640
408 2640
1616 2640
2020 2640
2205 2640
2497 2640
770 2641
2040 2641
825 2642
2345 2643
59 2644
102 2645
387 2645
91 2646
702 2647
2060 2647
466 2648
1058 2648
344 2649
95 2650
2435 2651
2106 2652
813 2653
1118 2653
2082 2653
182 2654
1073 2654
6 2655
7 2655
24 2655
196 2655
445 2655
1013 2655
2362 2655
94 2656
975 2656
2210 2656
15 2657
2412 2657
2129 2658
2426 2658
11 2659
1859 2659
2537 2659
165 2660
300 2660
1314 2660
1857 2660
91 2661
505 2661
69 2662
1397 2663
747 2664
1868 2664
2323 2665
659 2666
95 2667
1119 2667
1275 2667
108 2668
2574 2669
361 2670
1968 2671
195 2672
370 2672
969 2672
16 2673
2 2674
3 2674
4 2674
12 2674
15 2674
65 2674
104 2674
109 2674
181 2674
195 2674
201 2674
300 2674
369 2674
388 2674
564 2674
683 2674
1010 2674
1225 2674
1652 2674
1933 2674
2279 2674
2332 2674
2344 2674
2622 2674
61 2675
135 2676
422 2676
429 2676
688 2676
772 2676
1620 2676
2155 2676
2594 2676
91 2677
117 2678
986 2678
2051 2678
2636 2679
82 2680
142 2681
249 2681
328 2681
397 2681
967 2681
1079 2681
1743 2681
1847 2681
2533 2681
46 2682
318 2682
581 2682
94 2683
747 2684
1595 2685
1713 2686
286 2687
108 2688
318 2689
512 2689
729 2689
737 2689
2455 2689
82 2690
1713 2690
78 2691
407 2691
495 2691
1372 2691
2080 2691
1292 2692
14 2693
2052 2693
2039 2694
2101 2695
110 2696
2075 2696
2324 2696
17 2697
194 2697
369 2697
420 2697
1397 2697
484 2698
75 2699
109 2699
299 2699
493 2699
648 2699
1328 2699
1371 2699
1994 2699
2067 2699
2170 2699
2419 2699
711 2700
30 2701
78 2702
1812 2703
2185 2703
1276 2704
95 2705
747 2705
135 2706
688 2706
2225 2706
659 2707
756 2707
94 2708
143 2708
15 2709
30 2710
2167 2711
1158 2712
8 2713
1118 2713
1852 2713
2280 2714
535 2715
14 2716
16 2716
81 2716
129 2716
164 2716
197 2716
199 2716
240 2716
302 2716
304 2716
475 2716
678 2716
716 2716
732 2716
951 2716
954 2716
1059 2716
1102 2716
1145 2716
1215 2716
1231 2716
1265 2716
1567 2716
1708 2716
1829 2716
1841 2716
1878 2716
2269 2716
2459 2716
2482 2716
2502 2716
2541 2716
2569 2716
2659 2716
600 2717
364 2718
955 2719
495 2720
49 2721
12 2722
16 2722
94 2722
770 2723
1 2724
109 2724
190 2724
920 2724
1000 2724
1118 2724
1839 2724
2013 2724
2543 2724
2349 2725
377 2726
770 2726
1086 2726
2040 2726
417 2727
674 2727
69 2728
131 2729
425 2730
1214 2730
1397 2731
5 2732
77 2732
195 2732
516 2732
529 2732
607 2732
658 2732
1727 2732
2253 2732
2642 2732
2014 2733
1550 2734
1164 2735
1164 2736
1165 2737
83 2738
107 2739
729 2740
2171 2741
1577 2742
82 2743
60 2744
3 2745
52 2745
8 2746
76 2747
1348 2748
33 2749
293 2750
329 2751
2299 2751
711 2752
1767 2753
746 2754
1302 2754
1679 2754
107 2755
194 2756
2411 2756
312 2757
205 2758
1471 2758
2 2759
1010 2759
1641 2759
111 2760
11 2761
508 2762
475 2763
165 2764
91 2765
411 2766
1503 2766
2124 2766
2287 2766
985 2767
1865 2768
173 2769
78 2770
882 2771
70 2772
194 2773
420 2773
12 2774
883 2774
1859 2774
2261 2774
110 2775
1049 2776
1448 2776
2589 2776
111 2777
224 2778
332 2779
492 2779
547 2779
1007 2779
1016 2779
12 2780
1345 2780
1828 2780
1899 2780
2152 2780
466 2781
94 2782
1814 2783
1232 2784
1353 2784
82 2785
15 2786
275 2787
1013 2788
1054 2789
138 2790
116 2791
293 2791
2337 2791
82 2792
1105 2792
735 2793
15 2794
12 2795
2294 2795
860 2796
1943 2796
1087 2797
2 2798
4 2798
6 2798
9 2798
195 2798
237 2798
292 2798
318 2798
369 2798
1493 2798
1945 2798
2046 2798
102 2799
119 2800
71 2801
1118 2802
71 2803
95 2804
1451 2804
2388 2805
203 2806
2187 2806
8 2807
2538 2808
17 2809
1 2810
492 2811
2171 2812
2541 2812
9 2813
2150 2814
1433 2815
1740 2815
714 2816
727 2816
228 2817
15 2818
1433 2819
2435 2819
16 2820
485 2821
303 2822
133 2823
1964 2823
2261 2824
1993 2825
277 2826
2210 2827
2 2828
1010 2828
1647 2828
1895 2829
1851 2830
108 2831
108 2832
1713 2833
2133 2833
747 2834
152 2835
540 2836
640 2836
1185 2836
1273 2836
2716 2837
451 2838
1249 2838
111 2839
235 2840
16 2841
459 2842
967 2842
174 2843
791 2843
915 2843
1538 2844
2774 2844
15 2845
1860 2845
2512 2846
3 2847
4 2847
108 2847
118 2847
196 2847
230 2847
683 2847
923 2847
1020 2847
1118 2847
1306 2847
1347 2847
1363 2847
1681 2847
1734 2847
2111 2847
2208 2847
2430 2847
2622 2847
2655 2847
17 2848
385 2849
1387 2849
1082 2850
1968 2851
2699 2851
2536 2852
2838 2852
593 2853
2200 2853
2622 2853
516 2854
133 2855
69 2856
2398 2856
34 2857
119 2857
318 2858
60 2859
2438 2859
318 2860
318 2861
1397 2862
2540 2862
8 2863
154 2864
249 2865
397 2865
1743 2865
2533 2865
632 2866
754 2866
2640 2867
1513 2868
1315 2869
1156 2870
1217 2870
2068 2870
1052 2871
107 2872
6 2873
1622 2873
2415 2873
1632 2874
8 2875
1248 2875
1760 2876
2060 2877
34 2878
974 2879
78 2880
638 2881
251 2882
172 2883
66 2884
560 2884
1075 2884
94 2885
768 2886
2622 2887
727 2888
49 2889
2692 2889
91 2890
186 2891
275 2891
329 2891
1755 2891
1828 2891
2147 2891
2490 2891
2574 2891
108 2892
798 2893
83 2894
2440 2895
2381 2896
165 2897
1968 2897
504 2898
95 2899
51 2900
923 2901
492 2902
5 2903
1062 2903
605 2904
926 2905
1553 2905
1738 2905
2326 2905
2882 2905
685 2906
156 2907
2201 2907
2347 2907
46 2908
2411 2909
2 2910
1232 2910
2118 2910
2327 2910
3 2911
603 2911
1509 2911
2197 2911
688 2912
856 2913
638 2914
2023 2915
56 2916
20 2917
2 2918
884 2918
1010 2918
1172 2919
1688 2920
1 2921
53 2921
385 2921
685 2921
1801 2922
346 2923
709 2923
1523 2923
1616 2923
2497 2923
157 2924
49 2925
515 2925
2847 2926
58 2927
98 2927
178 2927
187 2927
216 2927
225 2927
261 2927
342 2927
472 2927
567 2927
614 2927
924 2927
971 2927
981 2927
1024 2927
1614 2927
1643 2927
1774 2927
2272 2927
2318 2927
2667 2927
1568 2928
109 2929
1218 2930
1993 2931
632 2932
1357 2933
71 2934
992 2934
49 2935
434 2935
941 2935
1 2936
194 2937
108 2938
163 2938
196 2938
201 2938
227 2938
960 2938
980 2938
1095 2938
2112 2938
2310 2938
2406 2938
2444 2938
1314 2939
923 2940
5 2941
6 2941
11 2941
12 2941
14 2941
31 2941
51 2941
58 2941
94 2941
106 2941
108 2941
208 2941
295 2941
336 2941
414 2941
435 2941
497 2941
534 2941
552 2941
635 2941
715 2941
728 2941
733 2941
743 2941
749 2941
1175 2941
1207 2941
1239 2941
1255 2941
1295 2941
1356 2941
1386 2941
1496 2941
1543 2941
1604 2941
1720 2941
1733 2941
2019 2941
2051 2941
2206 2941
2253 2941
2261 2941
2367 2941
2445 2941
2555 2941
2674 2941
361 2942
423 2943
460 2943
609 2943
808 2943
908 2943
1431 2943
2210 2943
94 2944
1272 2944
2716 2945
109 2946
275 2947
1 2948
109 2949
2303 2949
281 2950
12 2951
8 2952
2816 2953
1297 2954
1425 2954
1552 2954
2273 2954
98 2955
1500 2955
2910 2956
627 2957
5 2958
6 2958
82 2959
108 2960
310 2960
1599 2960
82 2961
1713 2961
280 2962
275 2963
917 2964
1590 2964
34 2965
846 2966
11 2967
194 2967
511 2967
1437 2967
1451 2968
187 2969
275 2969
320 2970
635 2971
2716 2971
2927 2972
133 2973
2017 2973
2529 2973
1 2974
4 2974
111 2974
498 2974
723 2974
1254 2974
613 2975
967 2975
276 2976
589 2977
1218 2978
2093 2979
12 2980
729 2981
156 2982
2738 2982
1968 2983
2716 2983
457 2984
205 2985
310 2986
560 2987
2589 2988
108 2989
134 2990
1162 2990
2635 2990
600 2991
786 2991
209 2992
1577 2993
83 2994
11 2995
3 2996
4 2996
83 2996
105 2996
115 2996
152 2996
455 2996
683 2996
723 2996
825 2996
1429 2996
2639 2996
2932 2996
2092 2997
2485 2997
199 2998
743 2999
1688 2999
12 3000
318 3000
1933 3000
2261 3000
815 3001
685 3002
713 3002
368 3003
919 3003
1144 3003
131 3004
6 3005
72 3005
165 3005
723 3005
2360 3005
2724 3005
2946 3005
1 3006
2 3006
21 3006
276 3006
667 3006
1312 3006
2028 3006
152 3007
132 3008
377 3008
1152 3008
1901 3008
1962 3008
918 3009
1748 3009
2740 3010
78 3011
595 3012
329 3013
2359 3014
1244 3015
1550 3015
196 3016
1270 3016
2997 3016
1632 3017
2025 3018
194 3019
341 3020
466 3020
1262 3020
1468 3020
2751 3021
76 3022
15 3023
82 3024
586 3025
1668 3026
2129 3027
145 3028
299 3028
2612 3029
1760 3030
2613 3031
1 3032
155 3032
413 3032
1073 3032
1509 3032
1695 3032
2228 3032
1218 3033
1692 3034
275 3035
49 3036
1953 3037
1512 3038
140 3039
792 3039
1828 3039
2574 3039
2637 3039
1758 3040
2490 3041
736 3042
2319 3042
730 3043
2100 3043
56 3044
1136 3045
1512 3045
1828 3046
2574 3046
61 3047
172 3047
238 3047
594 3047
836 3047
1606 3047
2184 3047
2728 3047
2856 3047
293 3048
150 3049
262 3049
1591 3049
1657 3049
267 3050
2 3051
361 3052
362 3053
1701 3053
1110 3054
209 3055
315 3056
15 3057
62 3058
526 3059
659 3059
1550 3059
1968 3059
1828 3060
276 3061
82 3062
2205 3062
93 3063
2647 3063
2877 3063
848 3064
72 3065
165 3065
2099 3066
56 3067
486 3068
70 3069
1249 3070
1 3071
29 3071
33 3071
516 3071
540 3071
963 3071
1296 3071
1629 3071
1920 3071
2067 3071
2348 3071
2906 3071
2921 3071
3002 3071
83 3072
95 3073
165 3074
688 3074
969 3074
102 3075
471 3075
589 3075
645 3075
699 3075
1261 3075
2312 3075
320 3076
1211 3077
1550 3078
108 3079
1054 3079
6 3080
1692 3081
95 3082
2890 3082
95 3083
152 3084
949 3085
203 3086
2943 3086
2095 3087
94 3088
204 3088
994 3088
1742 3088
2726 3088
3008 3088
283 3089
329 3089
543 3089
91 3090
35 3091
2537 3091
1345 3092
1828 3092
1899 3092
1232 3093
71 3094
116 3095
95 3096
1700 3096
280 3097
1868 3097
1 3098
8 3098
165 3098
234 3098
969 3098
2485 3098
2655 3098
2938 3098
930 3099
446 3100
121 3101
30 3102
132 3103
2589 3103
2943 3103
1767 3104
664 3105
2332 3105
1049 3106
2046 3106
2589 3106
786 3107
6 3108
82 3108
114 3108
165 3108
207 3108
430 3108
830 3108
962 3108
1648 3108
1966 3108
2227 3108
2489 3108
2549 3108
2609 3108
2770 3108
71 3109
40 3110
72 3110
876 3110
329 3111
680 3111
950 3111
1456 3112
271 3113
59 3114
1219 3115
70 3116
15 3117
576 3118
15 3119
318 3120
1218 3121
152 3122
975 3122
2060 3123
3063 3123
930 3124
1747 3124
15 3125
148 3125
228 3125
347 3125
392 3125
403 3125
446 3125
651 3125
1153 3125
1230 3125
1351 3125
1497 3125
1761 3125
1844 3125
2215 3125
2261 3125
2268 3125
2496 3125
2673 3125
2716 3125
2722 3125
2820 3125
59 3126
8 3127
1447 3128
1838 3129
2921 3129
626 3130
914 3130
12 3131
2241 3131
1744 3132
825 3133
1264 3134
71 3135
2674 3135
194 3136
477 3137
17 3138
513 3138
794 3139
2941 3140
930 3141
1476 3142
3075 3142
2544 3143
251 3144
632 3145
8 3146
486 3147
1118 3148
576 3149
2366 3150
105 3151
669 3151
847 3152
8 3153
1471 3154
205 3155
1434 3155
7 3156
71 3156
2674 3156
655 3157
198 3158
468 3159
1389 3160
1827 3161
2150 3161
1714 3162
385 3163
361 3164
530 3165
914 3166
8 3167
201 3167
685 3167
735 3168
82 3169
1713 3169
12 3170
2 3171
70 3171
1311 3171
2236 3171
70 3172
429 3173
1351 3173
2303 3173
2271 3174
72 3175
280 3176
2435 3177
110 3178
817 3179
2069 3180
318 3181
1035 3182
15 3183
2941 3183
1279 3184
330 3185
560 3186
1203 3186
1951 3187
1010 3188
2941 3189
3033 3189
270 3190
1232 3191
1353 3191
1108 3192
310 3193
729 3194
408 3195
737 3195
2422 3195
2116 3196
2928 3197
280 3198
329 3199
485 3200
2747 3200
108 3201
445 3202
1013 3202
2042 3202
2362 3202
2887 3202
1868 3203
1729 3204
707 3205
161 3206
1156 3206
1122 3207
2429 3208
2588 3208
116 3209
293 3210
2 3211
1930 3211
1993 3212
1370 3213
2113 3213
2528 3213
2968 3213
15 3214
1472 3214
1778 3214
2211 3214
2589 3215
735 3216
811 3216
3045 3216
1095 3217
846 3218
1810 3218
2449 3218
2670 3218
5 3219
87 3220
408 3221
2422 3221
2048 3222
369 3223
173 3224
280 3225
56 3226
131 3227
2101 3228
319 3229
770 3230
619 3231
529 3232
1727 3232
2642 3232
1900 3233
2847 3233
1092 3234
888 3235
2707 3235
446 3236
64 3237
724 3237
312 3238
387 3238
796 3238
1103 3238
1992 3238
2602 3238
442 3239
1433 3240
955 3241
2 3242
4 3242
6 3242
9 3242
195 3242
1493 3242
1945 3242
2046 3242
416 3243
138 3244
1964 3245
2017 3245
2529 3245
748 3246
1351 3246
281 3247
150 3248
1742 3249
3008 3249
6 3250
70 3250
205 3250
1509 3250
293 3251
1871 3251
5 3252
11 3253
1617 3253
2873 3254
475 3255
811 3255
929 3255
15 3256
957 3256
132 3257
6 3258
1064 3258
1276 3258
1713 3259
196 3260
197 3261
1483 3261
82 3262
5 3263
2977 3263
2099 3264
2294 3265
56 3266
188 3267
1904 3267
150 3268
533 3269
723 3269
727 3269
856 3269
1162 3269
1509 3269
5 3270
1898 3270
505 3271
14 3272
17 3272
50 3272
217 3272
289 3272
570 3272
735 3272
811 3272
1867 3272
1937 3272
2074 3272
2697 3272
2440 3273
475 3274
1008 3274
2176 3275
3135 3275
2245 3276
424 3277
839 3277
310 3278
941 3278
1086 3278
2490 3278
91 3279
94 3280
1351 3280
1625 3281
647 3282
505 3283
15 3284
1161 3284
2211 3284
11 3285
1522 3285
198 3286
82 3287
314 3287
194 3288
1118 3289
1616 3290
2780 3290
3092 3290
115 3291
1961 3291
95 3292
1109 3292
807 3293
2500 3293
2432 3294
2699 3294
20 3295
743 3296
1349 3296
2590 3296
2435 3297
5 3298
7 3298
12 3298
70 3298
165 3298
196 3298
727 3298
1221 3298
1312 3298
1373 3298
1493 3298
2228 3298
2370 3298
2674 3298
2745 3298
2911 3298
5 3299
1064 3299
1276 3299
94 3300
116 3301
1964 3302
1404 3303
2 3304
3232 3304
286 3305
188 3306
1904 3306
2866 3307
150 3308
2594 3309
14 3310
1748 3311
2457 3311
918 3312
727 3313
15 3314
445 3314
750 3314
2435 3314
2577 3314
303 3315
191 3316
2852 3316
110 3317
669 3317
887 3317
1389 3318
56 3319
2588 3320
108 3321
318 3322
165 3323
1906 3324
1397 3325
3317 3325
12 3326
1 3327
132 3328
1599 3329
3031 3329
322 3330
2674 3331
15 3332
1460 3332
2643 3332
623 3333
3047 3333
2927 3334
71 3335
8 3336
201 3336
685 3336
737 3337
1767 3337
1784 3337
150 3338
2325 3338
76 3339
1871 3340
361 3341
1061 3341
216 3342
425 3342
537 3342
1041 3342
1797 3342
2029 3342
2227 3342
2495 3342
11 3343
2537 3343
53 3344
2639 3344
727 3345
1113 3346
346 3347
209 3348
1476 3348
2249 3348
2943 3349
1812 3350
2185 3350
560 3351
12 3352
2608 3353
152 3354
620 3355
271 3356
34 3357
1713 3358
138 3359
320 3360
1663 3361
1713 3362
3229 3362
54 3363
318 3363
470 3363
976 3363
1262 3363
1664 3363
2028 3363
3158 3363
116 3364
3086 3365
2098 3366
2776 3366
82 3367
108 3368
1232 3369
967 3370
1767 3371
451 3372
3108 3373
71 3374
1534 3374
745 3375
194 3376
1587 3376
1625 3377
51 3378
275 3378
1604 3378
1812 3379
883 3380
2359 3380
132 3381
1889 3381
2024 3381
424 3382
60 3383
583 3383
1 3384
188 3385
3294 3385
2 3386
1311 3386
141 3387
442 3388
2557 3389
342 3390
3015 3391
2512 3392
82 3393
756 3393
839 3394
267 3395
1842 3396
747 3397
3342 3397
2143 3398
770 3399
15 3400
955 3401
794 3402
132 3403
1901 3403
276 3404
276 3405
299 3405
2326 3405
2882 3405
37 3406
141 3407
2248 3407
82 3408
498 3409
1823 3409
320 3410
996 3411
1067 3411
3032 3412
119 3413
147 3414
15 3415
17 3415
94 3415
369 3415
1090 3415
1433 3415
3168 3415
583 3416
2381 3417
180 3418
9 3419
2198 3419
2694 3419
60 3420
2990 3420
1 3421
359 3421
727 3421
2168 3421
2789 3421
1164 3422
1552 3422
2006 3422
2273 3422
504 3423
1993 3424
1371 3425
1 3426
105 3427
2258 3427
1812 3428
116 3429
17 3430
1437 3431
515 3432
2779 3433
2326 3434
251 3435
1300 3436
2051 3437
34 3438
56 3439
1092 3440
605 3441
1241 3441
35 3442
1082 3443
1744 3444
286 3445
12 3446
2574 3446
531 3447
1449 3447
6 3448
145 3448
1850 3448
91 3449
2399 3449
8 3450
469 3451
1 3452
5 3452
9 3452
105 3452
115 3452
160 3452
161 3452
170 3452
218 3452
359 3452
373 3452
428 3452
683 3452
744 3452
760 3452
1161 3452
1201 3452
1269 3452
1395 3452
1519 3452
1524 3452
1533 3452
1537 3452
1874 3452
2084 3452
2168 3452
2191 3452
2302 3452
2362 3452
2847 3452
2892 3452
2960 3452
2989 3452
3422 3453
17 3454
8 3455
2216 3455
1315 3456
3251 3457
635 3458
1543 3458
1995 3458
2110 3458
2490 3458
540 3459
640 3459
1163 3460
138 3461
15 3462
1057 3462
495 3463
2862 3464
271 3465
571 3465
680 3465
1031 3465
1535 3465
2460 3465
2987 3465
95 3466
56 3467
56 3468
95 3468
1325 3468
2589 3469
320 3470
3204 3471
173 3472
1283 3472
1742 3472
53 3473
2381 3473
1296 3474
424 3475
2226 3475
1073 3476
526 3477
3206 3477
12 3478
54 3478
1131 3478
2028 3478
2608 3479
141 3480
17 3481
30 3481
318 3481
416 3481
815 3481
1017 3481
1018 3481
1070 3481
1083 3481
1252 3481
1746 3481
1996 3481
2281 3481
2502 3481
2569 3481
2659 3481
3091 3481
3314 3482
988 3483
123 3484
884 3484
1073 3484
2835 3485
107 3486
170 3486
230 3487
1287 3488
1546 3488
1477 3489
1768 3489
768 3490
2967 3490
303 3491
8 3492
495 3493
2080 3493
2706 3493
2912 3493
20 3494
108 3495
3452 3495
329 3496
1755 3496
2574 3496
884 3497
798 3498
1713 3499
830 3500
927 3500
1004 3500
1187 3500
1234 3500
1648 3500
2511 3500
2549 3500
2702 3500
2880 3500
1152 3501
3229 3502
1713 3503
1078 3504
1713 3505
280 3506
786 3507
455 3508
270 3509
325 3509
638 3509
838 3509
1784 3509
82 3510
1713 3510
967 3511
197 3512
727 3513
466 3514
1262 3514
133 3515
1964 3515
466 3516
78 3517
3452 3518
1295 3519
1010 3520
82 3521
2581 3521
2736 3521
1692 3522
275 3523
30 3524
1388 3524
2879 3524
68 3525
8 3526
53 3526
72 3526
75 3526
80 3526
96 3526
125 3526
156 3526
174 3526
195 3526
196 3526
205 3526
270 3526
365 3526
445 3526
618 3526
641 3526
816 3526
923 3526
1013 3526
1054 3526
1109 3526
1240 3526
1436 3526
1588 3526
1617 3526
1693 3526
1783 3526
2028 3526
2061 3526
2090 3526
2198 3526
2381 3526
2477 3526
2639 3526
2724 3526
2921 3526
2974 3526
3384 3526
3426 3526
16 3527
1229 3528
1332 3528
2166 3529
2636 3529
2914 3530
1472 3531
424 3532
505 3533
967 3534
17 3535
488 3536
575 3536
1287 3536
3014 3536
3380 3536
711 3537
1773 3538
1555 3539
76 3540
51 3541
2657 3541
82 3542
14 3543
991 3543
2620 3543
2669 3543
3496 3543
619 3544
11 3545
2537 3545
564 3546
2625 3546
945 3547
205 3548
1505 3549
1859 3549
147 3550
98 3551
1500 3551
3442 3551
91 3552
2958 3552
598 3553
834 3553
1066 3553
1267 3553
1341 3553
1521 3553
1984 3553
2535 3553
3330 3553
266 3554
1632 3554
462 3555
945 3555
59 3556
91 3557
1944 3558
522 3559
1851 3559
3089 3559
53 3560
786 3561
108 3562
1968 3563
505 3564
320 3565
1229 3566
83 3567
2938 3567
5 3568
2665 3568
1073 3569
3452 3570
1203 3571
141 3572
2635 3573
109 3574
2303 3574
72 3575
919 3575
1144 3575
152 3576
56 3577
176 3577
3480 3577
1 3578
920 3579
4 3580
5 3580
8 3580
26 3580
68 3580
128 3580
388 3580
1285 3580
1768 3580
1828 3580
2362 3580
1 3581
908 3582
3103 3582
1073 3583
138 3584
930 3585
2349 3586
95 3587
1425 3588
2273 3588
98 3589
1476 3589
3 3590
119 3591
498 3591
2249 3591
35 3592
1073 3593
2215 3593
11 3594
2605 3594
3243 3594
3481 3594
986 3595
223 3596
346 3597
293 3598
1912 3598
1921 3598
3361 3598
3238 3599
888 3600
3008 3601
1371 3602
2484 3602
165 3603
1968 3603
32 3604
700 3604
1244 3604
3401 3604
1075 3605
32 3606
314 3606
1244 3606
37 3607
82 3608
94 3609
108 3610
361 3611
141 3612
16 3613
62 3614
48 3615
1047 3616
1687 3617
270 3618
462 3618
1784 3618
716 3619
293 3620
1315 3621
2040 3622
121 3623
576 3624
180 3625
1217 3626
1818 3626
12 3627
207 3628
2 3629
4 3629
41 3629
53 3629
79 3629
83 3629
92 3629
292 3629
667 3629
671 3629
681 3629
712 3629
727 3629
771 3629
944 3629
998 3629
1072 3629
1149 3629
1173 3629
1315 3629
1411 3629
1712 3629
1740 3629
1807 3629
1820 3629
1954 3629
2218 3629
2228 3629
2234 3629
2397 3629
2501 3629
2746 3629
2807 3629
3098 3629
3127 3629
3146 3629
3450 3629
3492 3629
95 3630
526 3631
138 3632
574 3632
676 3633
1426 3633
1428 3633
2382 3633
3410 3633
3470 3633
2066 3634
289 3635
15 3636
202 3636
384 3636
643 3636
1189 3636
1433 3636
1621 3636
1907 3636
1991 3636
2056 3636
2075 3636
2325 3636
2398 3636
2631 3637
1 3638
5 3638
83 3638
105 3638
152 3638
572 3638
1950 3638
2938 3638
17 3639
540 3640
75 3641
17 3642
303 3643
15 3644
284 3644
743 3644
2891 3644
1968 3645
517 3646
303 3647
2327 3648
2261 3649
14 3650
15 3650
17 3650
318 3650
1890 3650
1933 3650
2261 3650
625 3651
3452 3652
623 3653
3047 3653
1 3654
659 3654
3526 3654
9 3655
2149 3655
194 3656
1164 3657
278 3658
561 3658
62 3659
3071 3660
49 3661
2 3662
1232 3662
138 3663
2927 3664
747 3665
1492 3666
30 3667
465 3668
1486 3668
2526 3668
3356 3668
11 3669
1265 3669
2435 3670
462 3671
560 3672
466 3673
1118 3673
1232 3673
1828 3673
2776 3674
2967 3674
1164 3675
2808 3676
2716 3677
1738 3678
462 3679
945 3679
3346 3679
1 3680
2 3680
3 3680
10 3680
115 3680
163 3680
230 3680
241 3680
455 3680
477 3680
606 3680
692 3680
825 3680
905 3680
960 3680
998 3680
1010 3680
1020 3680
1064 3680
1363 3680
1433 3680
1681 3680
1768 3680
1826 3680
1900 3680
2111 3680
2198 3680
2208 3680
2308 3680
2514 3680
2607 3680
2732 3680
2903 3680
2941 3680
2958 3680
3263 3680
3270 3680
3299 3680
3568 3680
3580 3680
329 3681
708 3681
2533 3681
1968 3682
2326 3682
1770 3683
1861 3684
2089 3684
1472 3685
1572 3685
1754 3686
635 3687
2490 3687
3077 3687
242 3688
2823 3688
3302 3688
768 3689
12 3690
3246 3691
102 3692
152 3692
683 3693
694 3693
1073 3693
2622 3693
3202 3693
3314 3693
3526 3693
446 3694
1941 3694
89 3695
2312 3695
121 3696
727 3696
87 3697
2027 3697
1152 3698
136 3699
2307 3699
131 3700
2735 3701
203 3702
2187 3702
2381 3703
280 3704
1317 3705
1530 3705
3123 3705
3465 3706
2307 3707
3200 3708
1211 3709
2500 3709
475 3710
36 3711
2224 3711
3166 3711
12 3712
715 3712
1439 3712
1828 3712
2264 3712
3177 3712
3670 3712
2556 3713
117 3714
1351 3714
11 3715
5 3716
670 3717
930 3718
1550 3719
1087 3720
462 3721
157 3722
519 3722
634 3722
1163 3722
1729 3722
2198 3722
95 3723
1213 3724
727 3725
2905 3726
469 3727
157 3728
2800 3728
1200 3729
2575 3729
2099 3730
2613 3731
3108 3732
163 3733
2253 3733
2420 3733
2542 3733
2996 3733
3007 3733
3354 3733
3576 3733
1340 3734
786 3735
713 3736
15 3737
1860 3737
1164 3738
571 3739
1535 3739
2460 3739
597 3740
3047 3740
513 3741
2511 3742
1428 3743
2847 3743
2113 3744
2006 3745
3453 3745
33 3746
1296 3746
318 3747
150 3748
15 3749
174 3749
236 3749
321 3749
410 3749
518 3749
1339 3749
1483 3749
1615 3749
2790 3749
3461 3749
3584 3749
3202 3750
2636 3751
58 3752
178 3752
216 3752
342 3752
971 3752
2674 3753
1281 3754
82 3755
1792 3756
2922 3756
2381 3757
98 3758
634 3759
150 3760
8 3761
84 3761
1 3762
1686 3762
3526 3762
1433 3763
2052 3764
94 3765
2647 3766
3123 3766
2923 3767
122 3768
451 3768
1247 3768
1352 3768
3407 3768
488 3769
575 3769
1287 3769
361 3770
182 3771
1073 3771
3003 3771
505 3772
1 3773
984 3773
1509 3773
58 3774
2282 3775
747 3776
51 3777
1968 3778
2716 3778
3261 3779
3512 3779
217 3780
397 3780
522 3780
765 3780
837 3780
909 3780
1079 3780
1196 3780
1364 3780
1447 3780
1770 3780
2188 3780
2449 3780
2674 3780
11 3781
2716 3781
3526 3782
3680 3783
4 3784
6 3784
7 3784
9 3784
24 3784
45 3784
53 3784
64 3784
72 3784
108 3784
126 3784
568 3784
618 3784
632 3784
752 3784
795 3784
1232 3784
1460 3784
1536 3784
1617 3784
1963 3784
2081 3784
2090 3784
2197 3784
2576 3784
2724 3784
2921 3784
2948 3784
2974 3784
3006 3784
3071 3784
3426 3784
3452 3784
3762 3784
3773 3784
439 3785
3 3786
10 3786
71 3786
78 3786
196 3786
282 3786
309 3786
459 3786
490 3786
493 3786
960 3786
1173 3786
1485 3786
1629 3786
1800 3786
1870 3786
2045 3786
2067 3786
2125 3786
2253 3786
2363 3786
2636 3786
2660 3786
2897 3786
3005 3786
3098 3786
3323 3786
1503 3787
293 3788
11 3789
1814 3790
1094 3791
537 3792
1956 3792
2965 3792
3310 3792
214 3793
1232 3793
1287 3794
779 3795
94 3796
986 3796
748 3797
3691 3797
11 3798
986 3798
1205 3798
11 3799
802 3799
1604 3800
2663 3800
209 3801
1253 3802
3130 3802
102 3803
15 3804
1597 3804
198 3805
3363 3805
2816 3806
1136 3807
1512 3807
1835 3808
83 3809
2564 3809
424 3810
1191 3811
3504 3811
108 3812
786 3813
141 3814
2248 3814
505 3815
14 3816
30 3816
488 3816
718 3816
1628 3816
2967 3816
3431 3816
49 3817
385 3818
685 3818
3071 3818
3129 3818
3526 3818
3784 3818
94 3819
1852 3820
497 3821
1447 3821
1152 3822
263 3823
676 3823
764 3823
1428 3823
2382 3823
15 3824
280 3824
2955 3824
95 3825
534 3825
2759 3826
1064 3827
280 3828
15 3829
2003 3830
131 3831
440 3832
475 3832
1571 3832
2599 3832
3278 3832
2185 3833
505 3834
280 3835
138 3836
205 3837
138 3838
293 3839
1433 3840
3712 3840
841 3841
3075 3841
277 3842
2187 3843
1092 3844
2665 3845
147 3846
786 3847
635 3848
1397 3848
3184 3849
727 3850
605 3851
5 3852
2362 3852
2871 3852
298 3853
135 3854
107 3855
8 3856
12 3857
1218 3858
2133 3859
174 3860
17 3861
986 3862
1437 3862
3139 3863
3402 3863
1968 3864
228 3865
83 3866
115 3867
901 3868
2553 3868
2120 3869
1 3870
3526 3870
3784 3870
303 3871
108 3872
91 3873
2698 3873
165 3874
688 3874
3005 3875
108 3876
3452 3876
345 3877
3722 3877
71 3878
2371 3878
2407 3878
1921 3879
2490 3879
745 3880
1377 3880
1892 3880
605 3881
2 3882
681 3882
998 3882
1173 3882
1411 3882
1740 3882
2234 3882
3146 3882
941 3883
2111 3884
3054 3884
379 3885
108 3886
1550 3887
2703 3887
3833 3887
1486 3888
181 3889
610 3889
1691 3889
1854 3889
2332 3890
3234 3890
526 3891
2157 3891
3030 3891
244 3892
8 3893
560 3894
3324 3894
2397 3895
52 3896
1316 3896
3547 3896
3555 3896
3679 3896
1713 3897
635 3898
1926 3898
68 3899
56 3900
2667 3901
613 3902
967 3902
2978 3903
3033 3903
3289 3903
2572 3904
9 3905
16 3906
3125 3906
457 3907
1232 3908
1 3909
155 3909
413 3909
1509 3909
1695 3909
2228 3909
303 3910
2292 3910
407 3911
1443 3912
1477 3912
310 3913
1113 3914
2588 3914
194 3915
2224 3916
571 3917
727 3918
276 3919
1624 3919
78 3920
322 3921
711 3922
2674 3923
62 3924
152 3925
2693 3926
540 3927
3204 3927
747 3928
1868 3928
1312 3929
1767 3930
1906 3931
727 3932
3786 3933
2337 3934
110 3935
171 3936
828 3936
881 3936
3624 3936
11 3937
3125 3938
1441 3939
132 3940
510 3941
286 3942
3559 3942
526 3943
12 3944
1118 3945
9 3946
475 3946
1564 3946
3883 3946
3668 3947
1655 3948
340 3949
1177 3949
1983 3950
2737 3950
3480 3950
108 3951
9 3952
358 3952
991 3952
1196 3952
1433 3952
2620 3952
2891 3952
3046 3952
3496 3952
15 3953
455 3954
451 3955
107 3956
56 3957
95 3957
1325 3957
1092 3958
151 3959
569 3959
1140 3959
1351 3959
95 3960
70 3961
97 3961
187 3961
593 3961
630 3961
685 3961
1746 3961
2141 3961
2149 3962
17 3963
2046 3963
318 3964
2538 3965
1435 3966
3096 3966
1933 3967
3683 3967
505 3968
441 3969
16 3970
83 3971
194 3972
2791 3972
2943 3973
505 3974
11 3975
15 3975
27 3975
94 3975
492 3975
522 3975
3481 3975
2362 3976
711 3977
1968 3978
2312 3979
3591 3979
3889 3980
2674 3981
2856 3982
3740 3982
1300 3983
275 3984
2015 3985
2412 3985
729 3986
3482 3986
747 3987
135 3988
429 3988
688 3988
772 3988
1403 3988
514 3989
520 3989
2150 3989
767 3990
986 3990
251 3991
1010 3991
2905 3991
1926 3992
1713 3993
2537 3994
1664 3995
2855 3995
3515 3995
1 3996
1073 3996
110 3997
15 3998
504 3999
1336 4000
3124 4000
3141 4000
