3 7
5 7
6 7
7 8
7 10
12 13
15 36
13 37
14 49
47 51
7 53
7 54
51 54
37 56
8 57
53 62
12 64
4 67
49 68
62 68
4 73
71 75
8 85
3 89
62 90
13 92
14 92
68 92
72 92
73 92
87 92
90 92
91 92
8 95
1 105
54 106
53 108
73 114
77 115
55 116
59 122
98 122
24 126
25 126
51 126
55 127
71 131
73 132
7 135
47 135
76 135
104 141
92 144
122 145
131 147
80 148
89 148
92 149
93 149
7 154
60 156
53 157
115 157
4 160
7 160
54 160
55 160
135 160
73 161
100 161
53 162
131 164
73 165
135 166
140 166
17 167
73 167
141 167
160 167
92 168
131 168
161 170
161 172
7 175
166 178
84 183
124 183
11 184
14 184
46 184
84 184
121 184
131 184
159 184
167 184
51 185
160 185
1 186
23 186
88 186
15 188
110 188
4 190
141 190
161 190
14 194
68 194
188 194
53 195
55 196
4 197
137 199
173 200
13 201
183 202
15 203
203 204
133 205
154 205
167 205
131 206
185 207
15 209
12 210
17 213
184 213
4 214
36 215
209 215
184 217
68 219
208 221
107 222
14 227
18 227
156 227
168 227
73 228
101 228
126 228
8 230
14 232
101 233
92 234
189 235
23 237
131 238
131 239
76 240
105 240
144 243
230 247
59 252
157 252
166 256
73 257
141 259
84 260
202 260
203 260
113 262
115 262
7 264
173 266
152 268
166 268
170 268
267 268
73 271
228 271
1 272
10 272
23 272
55 272
263 272
7 274
28 276
136 276
92 278
104 279
13 283
72 283
169 284
109 285
137 285
199 285
7 286
168 287
28 290
8 292
230 292
51 294
92 296
217 297
135 302
22 303
98 303
188 303
262 305
90 306
253 309
41 312
133 312
199 313
126 314
161 315
17 319
4 326
73 328
186 329
126 330
312 331
186 334
185 335
99 336
309 336
303 338
252 344
305 344
7 346
236 346
242 346
179 347
4 348
145 349
195 349
281 349
346 351
135 352
228 352
167 353
186 353
179 355
73 356
237 357
61 360
143 360
188 360
203 360
303 362
264 364
135 368
281 369
349 369
215 370
179 371
3 372
136 372
56 373
151 373
79 375
188 375
7 376
38 381
68 381
168 381
73 382
94 383
177 383
331 383
12 385
42 385
90 385
183 385
346 386
15 387
92 387
184 387
188 387
161 388
7 391
53 392
349 392
293 394
113 396
184 400
1 401
10 401
135 402
4 406
158 407
192 407
392 407
92 410
131 410
375 412
122 416
19 417
34 417
74 417
75 417
92 417
150 417
203 417
349 417
365 417
379 417
385 417
384 419
184 420
188 420
179 422
126 423
92 424
141 427
186 427
253 428
7 429
190 429
7 432
8 432
47 432
55 432
185 432
427 432
4 433
184 434
92 435
201 435
227 435
92 436
184 437
51 438
268 439
166 440
14 445
184 450
148 452
190 452
55 453
7 456
161 457
4 458
1 461
92 462
174 462
194 462
219 462
253 465
186 466
417 467
462 467
80 468
152 469
305 471
217 472
131 473
383 474
154 475
384 475
131 478
183 479
260 479
306 479
373 479
17 480
253 481
12 482
417 482
1 484
23 485
263 485
329 485
7 487
23 487
88 487
126 487
161 487
393 487
215 488
217 488
7 492
176 494
27 495
171 495
126 497
4 498
50 498
55 498
279 498
341 498
432 499
286 502
384 502
131 503
12 505
195 505
55 507
126 510
505 513
2 514
345 514
466 514
157 515
303 518
349 518
1 520
2 520
186 520
196 520
383 520
507 520
136 521
387 523
185 524
360 525
141 526
16 527
443 527
489 527
260 529
306 529
92 530
219 530
287 530
79 531
188 531
262 531
322 531
415 531
281 532
518 532
57 533
58 533
63 533
230 533
269 533
292 533
374 533
432 533
506 533
1 534
92 535
394 536
4 537
191 537
372 537
264 539
432 540
429 541
4 542
12 545
111 546
42 547
385 547
479 547
346 552
360 555
532 555
277 556
43 557
133 557
135 557
318 557
350 557
9 558
116 558
36 560
262 561
383 562
432 563
487 563
1 564
171 565
443 565
240 566
131 567
198 567
238 567
379 567
380 567
435 567
3 570
40 570
53 570
54 570
55 570
66 570
97 570
131 570
154 570
186 570
252 570
339 570
376 570
429 570
475 570
487 570
508 570
533 570
432 573
138 574
167 574
217 574
450 574
572 574
8 575
39 576
185 576
417 577
414 581
517 581
299 583
230 584
166 585
92 587
10 588
112 589
12 590
37 591
264 592
344 594
163 595
215 595
238 595
445 595
450 595
491 595
572 595
578 595
133 596
73 598
4 599
173 601
131 603
154 604
160 604
272 604
432 604
520 604
179 605
52 607
394 609
14 610
488 610
538 611
29 612
184 613
445 613
515 614
131 615
516 615
195 616
548 616
211 617
297 617
445 617
574 617
595 617
8 618
42 619
183 619
201 619
220 619
171 623
166 624
563 625
7 626
43 627
167 627
231 627
324 627
331 627
464 627
593 627
179 629
13 632
435 632
442 632
486 632
67 633
184 634
523 634
574 634
595 634
100 636
179 637
53 638
115 638
303 638
349 638
7 639
570 639
184 640
604 642
8 644
230 644
533 644
92 645
252 646
305 646
561 646
205 647
596 647
37 648
126 650
432 651
135 652
51 656
126 656
294 656
563 656
628 656
53 658
195 658
515 658
532 658
59 659
61 659
68 659
122 659
242 659
416 659
449 659
504 659
525 659
554 659
576 663
651 663
1 664
166 665
73 666
249 666
557 667
55 669
541 669
92 670
14 672
144 672
232 672
12 673
42 673
547 673
617 673
51 675
92 676
523 676
177 678
41 679
126 679
167 679
331 679
425 679
208 680
253 680
336 680
432 682
581 683
199 684
539 684
541 685
209 687
126 688
12 693
27 694
126 695
595 697
179 699
7 705
53 706
532 706
312 707
533 708
511 709
217 712
558 712
596 712
184 713
56 715
385 715
148 716
161 716
205 716
312 716
383 716
557 716
485 717
1 719
4 720
131 721
184 721
204 721
241 721
603 721
28 722
184 723
574 723
260 724
149 725
195 726
606 728
101 729
37 730
715 730
14 731
60 731
721 731
126 733
186 734
487 734
23 735
307 735
12 736
112 736
547 736
33 737
80 737
127 737
179 737
197 737
341 737
303 739
122 740
53 741
303 741
346 741
126 743
28 744
650 744
336 745
746 747
615 749
166 750
131 751
409 752
3 753
749 754
92 756
92 757
1 758
252 760
471 761
101 762
334 762
493 762
514 762
299 763
176 765
321 765
463 765
520 765
536 765
460 767
531 767
538 768
75 769
202 769
209 769
184 771
244 773
161 774
92 775
126 776
101 777
263 777
514 777
92 778
731 778
192 779
288 779
310 779
362 779
539 779
188 780
441 780
303 783
541 785
737 786
55 787
179 792
219 793
283 793
381 793
568 793
170 794
255 794
286 795
277 796
7 797
92 797
167 797
475 797
479 798
14 800
617 800
721 800
77 801
281 801
338 801
417 801
539 801
741 801
533 802
508 803
797 803
439 804
54 805
502 805
558 805
677 805
746 805
797 805
312 806
557 806
679 806
179 807
68 809
252 810
251 811
383 811
299 812
327 812
337 812
405 812
583 812
662 812
101 814
498 815
17 817
595 817
51 819
438 819
565 820
369 821
511 821
779 821
809 821
557 824
627 824
753 824
565 825
765 827
1 829
161 829
14 832
60 832
333 832
721 832
7 833
399 834
463 834
827 834
418 836
84 837
124 837
479 837
619 837
648 837
4 838
346 839
12 840
43 841
331 841
425 841
427 841
53 843
162 843
532 843
399 844
430 844
451 844
463 844
827 844
546 846
135 847
828 849
179 850
427 851
52 852
174 852
488 852
595 852
312 853
149 854
298 855
240 856
55 857
126 858
537 858
737 858
662 859
8 860
80 862
89 862
179 862
521 862
597 862
716 862
776 862
126 863
737 863
837 865
55 867
67 867
535 867
631 867
737 867
394 870
8 872
220 873
312 874
543 875
92 876
86 877
700 877
716 877
173 879
184 880
272 881
7 882
135 882
375 884
531 884
780 884
417 885
179 886
218 886
772 887
185 888
417 889
183 891
417 891
112 892
134 893
195 893
316 893
392 893
600 893
253 895
28 896
671 896
92 898
841 899
193 900
240 901
253 902
794 904
126 905
161 906
13 907
75 907
124 907
164 907
174 907
198 907
289 907
349 907
379 907
467 907
490 907
545 907
586 907
591 907
622 907
816 907
865 907
891 907
73 908
191 909
9 910
199 911
285 911
313 911
28 912
101 914
656 915
57 916
126 916
431 916
432 916
732 916
748 916
16 917
565 917
659 918
53 919
115 919
616 919
14 920
144 920
43 921
427 921
667 921
679 921
899 921
570 923
131 924
184 925
7 926
152 926
166 926
170 926
255 926
439 926
469 926
635 926
794 926
848 926
28 927
896 927
162 928
188 928
262 928
281 928
362 928
555 928
638 928
658 928
843 928
303 929
493 930
514 930
616 931
353 932
459 932
505 933
92 934
596 935
48 936
656 936
329 937
345 937
717 937
448 938
161 939
4 940
37 941
220 941
619 941
715 941
873 941
281 942
638 942
674 942
779 942
784 942
883 942
929 942
557 943
921 943
283 945
381 945
407 946
411 946
208 947
728 947
37 948
780 949
14 950
27 950
156 950
227 950
613 950
166 951
73 953
479 954
941 954
722 955
161 956
101 958
24 959
28 959
160 959
175 959
185 959
226 959
228 959
250 959
253 959
341 959
343 959
358 959
383 959
394 959
426 959
444 959
621 959
633 959
656 959
679 959
688 959
692 959
695 959
776 959
786 959
869 959
905 959
80 960
160 960
167 960
193 960
452 960
637 960
896 961
190 962
498 962
650 963
92 965
608 965
35 966
98 966
281 966
338 966
511 966
518 966
539 966
92 967
173 968
240 969
737 971
959 971
407 972
779 972
240 973
248 973
627 975
841 975
921 975
126 976
580 978
842 979
538 980
959 980
131 982
959 983
13 984
198 984
379 984
590 984
693 984
840 984
268 985
346 986
821 987
303 990
290 991
927 991
277 992
514 992
656 993
959 994
531 995
325 996
357 996
732 998
916 998
721 999
930 1000
520 1001
230 1002
942 1003
183 1004
203 1004
837 1004
984 1004
179 1005
984 1006
268 1007
346 1008
712 1009
14 1011
488 1011
36 1012
252 1013
136 1015
208 1015
13 1016
124 1016
435 1016
520 1017
627 1019
73 1021
55 1022
195 1023
161 1024
279 1024
166 1025
113 1026
375 1026
35 1027
102 1027
119 1027
134 1027
304 1027
362 1027
550 1027
657 1027
759 1027
871 1027
933 1027
1027 1028
240 1029
125 1030
101 1032
69 1036
131 1036
163 1036
238 1036
301 1036
311 1036
319 1036
450 1036
472 1036
610 1036
381 1037
9 1038
476 1038
574 1038
1036 1038
55 1039
133 1039
175 1039
523 1039
642 1039
677 1039
691 1039
805 1039
910 1039
1038 1039
17 1041
62 1043
92 1043
164 1043
212 1043
225 1043
289 1043
349 1043
403 1043
408 1043
482 1043
577 1043
630 1043
865 1043
885 1043
889 1043
557 1044
974 1044
6 1045
9 1045
40 1045
66 1045
92 1045
154 1045
169 1045
342 1045
378 1045
563 1045
639 1045
861 1045
13 1046
34 1046
81 1046
198 1046
211 1046
317 1046
379 1046
435 1046
482 1046
512 1046
590 1046
1004 1046
1038 1046
102 1047
192 1047
195 1047
304 1047
362 1047
550 1047
614 1047
759 1047
871 1047
933 1047
972 1047
1028 1047
4 1048
263 1048
466 1048
514 1048
735 1048
762 1048
764 1048
789 1048
930 1048
959 1048
992 1048
349 1049
942 1049
907 1051
136 1052
176 1053
609 1053
782 1053
870 1053
878 1053
959 1053
73 1054
8 1055
533 1055
659 1056
161 1059
396 1060
471 1060
569 1061
1031 1062
862 1063
12 1064
73 1065
228 1065
907 1066
126 1067
737 1067
1043 1068
154 1071
508 1071
797 1071
805 1071
174 1072
488 1072
407 1073
411 1073
92 1076
765 1077
907 1078
4 1079
5 1079
97 1079
186 1079
264 1079
399 1079
429 1079
508 1079
533 1079
639 1079
877 1079
923 1079
962 1079
173 1080
737 1081
166 1082
176 1084
248 1084
454 1084
544 1084
973 1084
144 1086
194 1087
467 1087
809 1087
7 1089
137 1090
855 1090
1084 1091
115 1092
513 1092
515 1092
653 1092
658 1092
919 1092
942 1092
1027 1092
1047 1092
1060 1092
544 1093
973 1093
546 1094
36 1095
184 1095
574 1095
662 1096
303 1097
1038 1098
92 1099
4 1101
173 1102
765 1103
152 1104
794 1104
926 1104
669 1105
179 1106
164 1108
380 1108
512 1108
489 1109
517 1109
1 1110
959 1111
582 1112
676 1112
17 1113
595 1113
4 1114
73 1116
185 1117
438 1117
533 1117
675 1117
1096 1117
64 1119
317 1119
590 1119
893 1119
1038 1119
1068 1119
959 1120
161 1121
130 1124
80 1125
160 1125
193 1125
353 1125
1067 1125
383 1126
54 1127
563 1127
604 1127
851 1127
737 1128
773 1128
396 1129
432 1130
188 1131
1 1133
8 1134
126 1134
533 1134
959 1134
907 1135
155 1136
167 1136
293 1136
446 1136
498 1136
526 1136
540 1136
694 1137
90 1138
124 1138
92 1140
279 1141
700 1141
877 1141
962 1141
487 1142
12 1143
42 1143
1045 1144
14 1145
721 1145
1 1146
107 1147
336 1148
559 1148
947 1148
926 1149
797 1150
14 1152
533 1153
537 1154
737 1154
394 1155
290 1156
149 1157
55 1158
133 1158
331 1158
562 1158
563 1158
959 1158
604 1159
620 1159
28 1161
129 1162
996 1162
765 1163
1053 1163
55 1164
161 1165
859 1165
268 1166
926 1166
935 1167
417 1168
105 1169
544 1169
141 1170
533 1171
1134 1172
264 1173
344 1173
471 1173
135 1174
855 1176
1112 1178
595 1179
53 1180
505 1180
893 1180
1027 1180
173 1181
477 1182
608 1183
721 1183
1043 1184
126 1189
959 1189
135 1190
661 1191
565 1192
27 1193
346 1195
1016 1196
158 1197
92 1198
100 1199
84 1200
124 1200
202 1200
619 1200
563 1201
42 1202
272 1203
597 1207
141 1208
279 1208
877 1208
230 1210
448 1211
65 1212
273 1212
13 1213
72 1213
793 1213
945 1213
173 1214
381 1215
203 1216
560 1216
571 1216
754 1216
126 1217
286 1217
557 1217
558 1217
1158 1217
127 1218
167 1218
224 1218
353 1218
404 1218
432 1218
498 1218
537 1218
823 1218
857 1218
1020 1218
1160 1218
113 1221
252 1221
1129 1221
627 1222
133 1223
167 1223
486 1223
716 1223
932 1223
1077 1223
131 1224
361 1224
615 1224
179 1225
627 1226
780 1227
88 1228
487 1228
565 1229
623 1229
182 1230
849 1231
1205 1231
30 1232
73 1232
141 1232
186 1232
254 1232
432 1232
161 1233
205 1233
765 1233
877 1233
135 1234
466 1235
734 1235
826 1235
1048 1235
101 1236
10 1237
7 1238
8 1238
116 1238
175 1238
486 1238
1079 1238
1172 1238
1232 1238
956 1239
173 1241
1224 1242
14 1244
721 1244
778 1244
396 1245
184 1246
64 1247
74 1247
75 1247
82 1247
385 1247
612 1247
1143 1247
209 1248
676 1248
1178 1248
92 1249
898 1249
161 1251
9 1252
127 1252
366 1252
537 1252
1164 1252
1172 1252
213 1253
311 1253
1038 1253
263 1255
353 1255
514 1255
734 1255
735 1255
762 1255
764 1255
930 1255
959 1255
992 1255
649 1256
780 1256
612 1257
837 1257
984 1257
1015 1258
253 1259
28 1260
1156 1260
166 1261
73 1262
132 1262
92 1263
99 1264
528 1264
680 1264
1052 1264
1148 1264
126 1265
18 1266
613 1266
778 1266
1076 1266
821 1267
942 1267
487 1268
1008 1269
303 1270
966 1270
1027 1270
14 1271
445 1271
595 1271
617 1271
712 1271
736 1271
781 1271
800 1271
808 1272
601 1273
1080 1273
1212 1273
7 1274
520 1275
101 1277
514 1277
1255 1277
595 1278
127 1279
148 1279
160 1279
218 1279
452 1279
521 1279
716 1279
867 1279
240 1281
1093 1281
852 1282
907 1282
1072 1282
298 1283
790 1283
1060 1283
1245 1283
737 1284
184 1287
220 1288
837 1288
1200 1288
53 1289
4 1290
122 1291
659 1291
1117 1292
4 1293
5 1293
7 1293
32 1293
47 1293
76 1293
135 1293
139 1293
228 1293
275 1293
280 1293
295 1293
315 1293
368 1293
470 1293
509 1293
541 1293
557 1293
569 1293
652 1293
742 1293
791 1293
847 1293
921 1293
956 1293
1061 1293
1069 1293
1085 1293
1121 1293
1190 1293
1194 1293
1179 1295
1293 1296
479 1297
721 1297
809 1297
837 1297
531 1298
272 1300
15 1301
308 1301
360 1301
1247 1301
32 1302
152 1302
160 1302
166 1302
228 1302
275 1302
295 1302
368 1302
388 1302
402 1302
541 1302
557 1302
566 1302
701 1302
847 1302
882 1302
1085 1302
1100 1302
1234 1302
620 1303
642 1303
272 1305
495 1307
500 1307
988 1307
1058 1307
1213 1307
615 1308
754 1308
17 1309
23 1310
1255 1310
73 1311
1230 1311
299 1312
765 1312
812 1312
251 1314
383 1314
1158 1314
55 1315
887 1315
1252 1315
53 1316
98 1316
122 1316
303 1316
709 1316
942 1316
713 1317
42 1318
171 1319
1229 1319
184 1321
417 1323
821 1325
942 1325
215 1326
558 1326
617 1326
1167 1326
1271 1326
732 1327
852 1328
370 1329
574 1329
92 1333
567 1336
637 1337
886 1337
443 1338
495 1338
808 1338
737 1340
959 1340
533 1341
185 1342
537 1343
659 1344
4 1345
127 1345
962 1345
1175 1345
60 1347
721 1347
778 1347
1043 1348
1046 1348
432 1349
1293 1349
1119 1350
273 1351
981 1351
1212 1351
230 1352
1122 1353
23 1354
73 1354
88 1354
177 1354
353 1354
366 1354
520 1354
563 1354
570 1354
734 1354
1045 1354
1079 1354
1245 1355
53 1356
195 1356
532 1356
581 1357
1338 1357
13 1358
168 1358
1037 1358
1272 1358
1276 1358
1293 1359
293 1360
399 1360
541 1360
827 1360
92 1361
732 1362
36 1363
188 1363
387 1363
668 1363
724 1363
1301 1363
570 1364
1079 1364
659 1365
289 1366
813 1366
1094 1366
1153 1367
162 1368
281 1368
555 1368
658 1368
1099 1369
1330 1369
959 1370
531 1371
514 1373
1048 1373
7 1374
161 1375
279 1375
794 1375
962 1375
1175 1375
1293 1375
31 1376
196 1376
224 1376
272 1376
689 1376
857 1376
1105 1376
1158 1376
1315 1376
297 1377
712 1377
565 1378
167 1379
377 1379
480 1379
703 1379
1041 1379
1113 1379
1122 1379
297 1380
712 1380
188 1381
202 1381
209 1381
370 1381
978 1381
92 1382
731 1382
1347 1382
253 1383
1259 1383
709 1384
574 1385
12 1386
738 1386
1035 1386
1240 1386
176 1387
291 1387
293 1387
609 1387
870 1387
959 1387
286 1388
1043 1389
56 1390
479 1390
53 1391
115 1391
515 1391
1384 1391
67 1392
261 1392
372 1392
786 1392
962 1392
1154 1392
1252 1392
67 1393
160 1393
867 1393
959 1393
558 1394
161 1395
238 1396
301 1396
320 1396
553 1396
602 1396
610 1396
1038 1396
1139 1396
487 1397
13 1398
124 1398
131 1398
164 1398
198 1398
303 1398
545 1398
622 1398
630 1398
891 1398
944 1398
1231 1398
1396 1399
907 1400
264 1401
841 1403
184 1404
1036 1404
533 1405
1293 1406
309 1407
372 1407
728 1407
963 1407
1015 1407
1258 1407
533 1408
469 1409
613 1410
890 1410
1044 1411
235 1412
179 1413
1293 1414
13 1417
90 1417
1138 1417
1 1418
557 1418
857 1418
1293 1418
1360 1418
196 1419
429 1419
604 1419
154 1420
5 1422
6 1422
9 1422
40 1422
53 1422
66 1422
92 1422
131 1422
252 1422
264 1422
376 1422
492 1422
497 1422
501 1422
532 1422
563 1422
626 1422
639 1422
716 1422
861 1422
906 1422
923 1422
959 1422
1024 1422
1089 1422
1144 1422
1187 1422
1274 1422
1324 1422
709 1423
821 1423
570 1424
1422 1424
8 1425
557 1426
1044 1426
671 1427
927 1427
14 1428
68 1428
122 1429
252 1429
779 1429
112 1430
174 1430
211 1430
455 1430
589 1430
607 1430
892 1430
1143 1430
1282 1430
131 1432
516 1432
749 1432
1216 1432
1308 1432
45 1433
67 1433
103 1433
160 1433
190 1433
197 1433
838 1433
940 1433
970 1433
1048 1433
1050 1433
1114 1433
1290 1433
1084 1434
7 1435
28 1435
133 1435
330 1435
343 1435
426 1435
487 1435
497 1435
510 1435
535 1435
679 1435
686 1435
695 1435
776 1435
905 1435
916 1435
994 1435
1067 1435
1074 1435
1088 1435
1096 1435
1120 1435
1156 1435
1217 1435
1265 1435
1387 1435
65 1436
1273 1436
323 1437
1204 1437
1332 1437
136 1438
336 1438
659 1439
1 1440
268 1440
794 1440
926 1440
318 1441
331 1441
350 1441
1024 1441
1077 1441
1165 1441
9 1442
712 1442
935 1442
1039 1442
1172 1442
1117 1443
195 1444
264 1444
305 1444
855 1444
138 1446
146 1446
574 1446
595 1446
654 1446
752 1446
1036 1446
1043 1446
1098 1446
1108 1446
1119 1446
1396 1446
1123 1447
10 1449
1089 1449
7 1450
134 1450
362 1450
766 1450
946 1450
972 1450
1197 1450
1270 1450
1320 1450
9 1451
238 1451
558 1451
570 1451
691 1451
1038 1451
1418 1451
1422 1451
309 1452
428 1452
465 1452
481 1452
702 1452
728 1452
902 1452
12 1453
64 1453
1119 1453
155 1454
498 1454
1208 1454
1375 1454
1179 1455
487 1456
82 1457
390 1457
893 1457
1350 1457
131 1458
1 1459
161 1459
696 1460
997 1460
1317 1460
488 1461
179 1462
935 1463
1172 1463
1394 1463
1451 1463
184 1464
92 1465
627 1466
605 1467
886 1467
1128 1467
268 1468
73 1469
258 1470
557 1470
689 1470
1293 1470
1043 1471
487 1472
238 1473
509 1474
1293 1474
1302 1474
1218 1475
39 1476
185 1476
651 1476
663 1476
1339 1476
805 1477
831 1478
411 1480
489 1482
737 1483
604 1484
7 1485
1422 1485
99 1486
208 1486
728 1486
947 1486
1407 1486
1452 1486
581 1487
1132 1487
1117 1488
996 1489
92 1490
1421 1491
4 1492
54 1492
55 1492
148 1492
193 1492
312 1492
541 1492
631 1492
960 1492
1433 1492
73 1493
666 1493
122 1494
7 1495
77 1495
98 1495
143 1495
262 1495
281 1495
411 1495
555 1495
1356 1495
1354 1496
15 1497
8 1498
1136 1499
29 1500
390 1500
505 1500
893 1500
1143 1500
1313 1500
1350 1500
1453 1500
1093 1501
1027 1502
1047 1502
1 1503
240 1503
765 1504
92 1505
92 1506
608 1506
303 1507
959 1508
111 1510
813 1510
135 1511
1302 1511
348 1512
1433 1512
303 1513
392 1514
513 1514
600 1514
766 1514
933 1514
1444 1514
1480 1514
1500 1514
131 1515
1293 1516
223 1517
808 1517
73 1518
122 1519
1187 1520
1422 1520
1387 1521
1460 1522
184 1523
574 1523
1036 1523
4 1524
959 1525
151 1526
479 1526
704 1526
765 1527
131 1528
907 1529
1231 1529
135 1531
135 1532
179 1533
73 1534
92 1535
126 1536
127 1536
867 1536
959 1536
1046 1537
1247 1537
1293 1538
171 1539
917 1539
13 1541
90 1541
947 1542
1148 1542
1486 1542
13 1543
62 1543
210 1543
211 1543
379 1543
516 1543
736 1543
1038 1543
1064 1543
1078 1543
1257 1543
1446 1543
1514 1543
514 1544
1354 1544
1337 1546
1452 1547
127 1548
867 1548
1042 1549
996 1550
83 1551
191 1551
537 1551
909 1551
1279 1551
36 1552
209 1552
737 1553
1284 1553
1337 1553
604 1554
1484 1554
520 1555
1484 1556
1460 1557
210 1558
126 1559
558 1560
1463 1560
179 1561
86 1562
104 1562
570 1562
716 1562
1077 1562
1233 1562
1397 1563
73 1564
1469 1564
184 1565
472 1565
721 1565
126 1566
126 1567
414 1569
517 1569
565 1569
683 1569
825 1569
903 1569
1357 1569
1539 1569
565 1570
718 1570
1487 1570
1288 1571
567 1572
1460 1573
907 1574
984 1574
1543 1574
1293 1575
18 1576
60 1576
608 1576
169 1578
284 1578
1422 1579
179 1581
1387 1582
161 1583
7 1585
167 1585
177 1585
1223 1585
1422 1585
1477 1585
237 1587
277 1587
154 1588
1420 1588
627 1589
184 1590
748 1591
129 1592
303 1593
1124 1593
185 1594
487 1595
671 1596
927 1596
1260 1596
4 1597
245 1597
401 1597
487 1597
1433 1597
1219 1599
67 1600
429 1600
633 1600
1165 1600
1305 1600
1433 1600
1084 1601
8 1602
116 1602
126 1602
1388 1602
184 1603
867 1604
607 1607
713 1607
831 1608
1117 1608
1488 1608
9 1609
217 1609
852 1609
92 1610
950 1610
1145 1610
56 1611
798 1611
7 1612
1305 1612
1420 1612
1536 1612
1560 1612
11 1613
215 1613
942 1614
65 1615
1273 1615
305 1616
195 1617
1092 1617
18 1618
721 1618
1330 1618
1396 1619
1451 1620
5 1621
228 1621
233 1621
272 1621
501 1621
710 1621
714 1621
729 1621
762 1621
814 1621
958 1621
1107 1621
1310 1621
1448 1621
1493 1621
1433 1622
1512 1622
312 1623
429 1623
669 1623
698 1623
787 1623
1039 1623
1360 1623
167 1625
186 1625
459 1625
497 1625
932 1625
1125 1625
1218 1625
1354 1625
818 1626
1240 1627
1572 1627
794 1628
926 1628
1227 1629
1256 1629
188 1630
173 1631
92 1632
1415 1632
1293 1634
1435 1635
92 1636
1092 1637
346 1638
563 1639
8 1640
563 1640
92 1641
346 1642
115 1643
219 1644
381 1644
1 1645
1602 1646
131 1647
1216 1647
1024 1648
1165 1648
1435 1648
116 1649
160 1649
224 1649
272 1649
432 1649
452 1649
689 1649
857 1649
1039 1649
1105 1649
1158 1649
1543 1651
1460 1652
1398 1653
273 1654
981 1654
1212 1654
1615 1654
533 1655
802 1655
131 1656
1 1657
429 1657
689 1657
857 1657
1160 1657
1293 1657
1360 1657
1451 1657
7 1658
171 1659
864 1659
1037 1659
1115 1659
1215 1659
1272 1659
1338 1659
1431 1659
1509 1659
1517 1659
3 1660
231 1660
350 1660
824 1660
1077 1660
92 1661
93 1661
725 1661
854 1661
559 1663
728 1663
895 1663
1015 1663
101 1664
1621 1664
303 1665
120 1668
4 1669
599 1669
732 1670
14 1671
270 1672
364 1672
413 1672
539 1672
660 1672
1176 1672
1185 1672
1401 1672
1422 1672
1662 1672
240 1673
636 1673
1084 1673
164 1674
1093 1675
36 1676
184 1676
488 1676
1446 1677
336 1678
1264 1678
173 1679
862 1680
1600 1680
1437 1681
787 1682
1623 1682
959 1683
1435 1683
852 1684
1328 1684
56 1685
516 1685
477 1686
4 1687
1622 1687
312 1688
928 1690
7 1691
821 1692
203 1693
715 1693
984 1693
1038 1693
1043 1693
1046 1693
1543 1693
126 1694
570 1695
1045 1695
959 1696
523 1697
595 1697
1046 1699
1386 1699
483 1700
235 1701
1132 1701
1229 1701
1243 1701
1250 1701
1272 1701
1307 1701
1338 1701
1517 1701
431 1702
663 1702
748 1702
1476 1702
623 1703
1043 1703
1319 1703
721 1704
141 1705
1038 1706
917 1707
890 1708
264 1709
1662 1709
194 1710
346 1710
381 1710
467 1710
907 1710
1045 1711
1661 1712
1258 1713
595 1714
92 1715
1437 1716
126 1717
959 1717
1435 1717
179 1718
160 1719
167 1719
637 1719
770 1719
858 1719
960 1719
1067 1719
1294 1719
1625 1719
13 1720
198 1720
367 1720
379 1720
380 1720
435 1720
516 1720
543 1720
1064 1720
1240 1720
1605 1720
115 1721
459 1722
487 1722
514 1722
520 1722
647 1722
1235 1722
1255 1722
1310 1722
565 1723
1229 1723
1357 1723
1539 1723
959 1724
195 1725
661 1726
55 1727
1030 1728
184 1729
26 1730
44 1730
131 1730
174 1730
180 1730
332 1730
408 1730
467 1730
816 1730
849 1730
865 1730
944 1730
1051 1730
1400 1730
1529 1730
1606 1730
505 1731
893 1731
1247 1731
1446 1731
1514 1731
123 1732
291 1732
430 1732
583 1732
827 1732
870 1732
952 1732
1077 1732
1208 1732
1233 1732
1312 1732
1527 1732
1540 1732
1545 1732
1689 1732
1337 1733
1514 1734
4 1735
191 1736
1551 1736
1422 1737
421 1738
942 1738
120 1739
195 1741
191 1742
498 1742
1551 1742
813 1743
1240 1743
122 1744
131 1744
623 1744
907 1744
1108 1744
1119 1744
1674 1744
1720 1744
537 1745
1343 1745
1218 1746
9 1747
1039 1747
1134 1747
1238 1747
1422 1747
1435 1747
1625 1747
615 1748
129 1749
996 1749
1666 1749
1 1750
268 1750
166 1751
176 1752
248 1752
544 1752
1673 1752
14 1753
340 1753
185 1754
1046 1755
1108 1755
1731 1755
671 1756
1732 1757
106 1758
141 1758
154 1758
186 1758
563 1758
625 1758
656 1758
841 1758
167 1759
427 1759
1422 1759
1477 1759
681 1760
1387 1760
13 1761
90 1761
435 1761
479 1761
619 1761
659 1762
73 1763
622 1764
173 1766
1 1767
949 1768
1256 1768
1629 1768
996 1769
1162 1769
1470 1770
907 1771
1398 1771
608 1772
1047 1773
1514 1773
852 1774
1072 1774
101 1775
1032 1775
1739 1776
1158 1777
64 1778
7 1779
366 1779
1758 1779
4 1782
214 1782
533 1783
1084 1785
14 1786
92 1787
1218 1788
841 1789
788 1790
959 1791
1435 1791
27 1792
765 1793
844 1793
237 1794
514 1794
92 1795
131 1795
223 1795
179 1796
188 1797
202 1797
209 1797
1293 1798
1302 1798
1495 1799
1446 1800
279 1801
76 1802
105 1802
167 1802
275 1802
856 1802
969 1802
973 1802
1029 1802
1501 1802
1503 1802
1530 1802
1673 1802
1675 1802
72 1803
435 1803
135 1804
101 1805
1621 1805
1417 1806
1376 1807
841 1809
1235 1810
1255 1810
1460 1811
632 1812
55 1813
133 1813
324 1813
562 1813
579 1813
1293 1813
1306 1813
1314 1813
1376 1813
1479 1813
1568 1813
1649 1813
1808 1813
65 1814
981 1814
1351 1814
1654 1814
1460 1816
1062 1817
1647 1817
1815 1817
303 1818
1027 1818
179 1819
576 1820
126 1821
177 1821
486 1821
570 1821
1232 1821
1372 1821
1446 1821
215 1822
1036 1822
1253 1822
1379 1822
1565 1822
1096 1823
638 1824
843 1824
845 1824
1209 1824
1690 1824
451 1825
827 1825
253 1826
92 1827
215 1829
217 1829
1012 1829
1461 1829
487 1830
498 1831
112 1832
567 1832
617 1832
1543 1832
383 1833
678 1834
1354 1834
1585 1834
1759 1834
1821 1834
1031 1835
1817 1835
67 1836
161 1836
570 1836
844 1836
1175 1836
1360 1836
1387 1836
1422 1836
1454 1836
1562 1836
1600 1836
1825 1836
868 1837
1043 1837
709 1839
801 1839
821 1839
966 1839
126 1840
959 1840
13 1841
765 1842
1360 1842
1825 1842
595 1843
557 1844
661 1845
305 1846
515 1846
1027 1846
1047 1846
1179 1847
240 1848
1802 1848
11 1849
1821 1849
185 1850
612 1851
1500 1851
1023 1852
495 1853
718 1853
96 1854
1396 1855
279 1856
765 1856
1223 1856
1422 1856
1441 1856
862 1857
1252 1858
1624 1858
1701 1859
852 1860
1011 1860
1012 1860
1461 1860
1676 1860
960 1861
1125 1861
1435 1861
1719 1861
1446 1862
1473 1862
17 1863
1286 1863
959 1864
285 1865
131 1866
751 1866
612 1867
822 1868
836 1868
1433 1868
738 1869
1035 1869
1686 1869
1096 1870
92 1871
135 1872
1293 1872
1302 1872
1023 1873
727 1874
1108 1874
1720 1874
959 1875
111 1876
1653 1877
1778 1877
1158 1878
279 1879
373 1880
1196 1880
1390 1880
1685 1880
1136 1881
1437 1882
205 1883
1463 1883
1722 1883
432 1884
573 1884
21 1885
94 1885
167 1885
251 1885
474 1885
520 1885
716 1885
959 1885
1126 1885
1599 1885
656 1886
915 1886
557 1887
1660 1887
184 1888
131 1889
514 1890
642 1890
1430 1891
253 1892
1383 1892
1452 1892
245 1893
272 1893
487 1893
777 1893
1048 1893
1402 1893
806 1894
824 1894
1077 1894
1887 1894
1177 1895
30 1896
141 1896
186 1896
254 1896
625 1896
1175 1896
1354 1896
1454 1896
62 1897
64 1897
198 1897
212 1897
238 1897
317 1897
505 1897
516 1897
545 1897
590 1897
868 1897
893 1897
1038 1897
1068 1897
1119 1897
1446 1897
1453 1897
1755 1897
1877 1897
1338 1898
1357 1898
1723 1898
448 1899
659 1900
322 1901
1043 1902
122 1903
1088 1904
498 1905
417 1906
586 1906
907 1906
1398 1906
252 1907
1129 1907
166 1908
216 1908
255 1908
439 1908
635 1908
794 1908
804 1908
1409 1908
1440 1908
1864 1908
7 1909
427 1909
1477 1909
616 1910
1060 1910
1176 1911
160 1912
193 1912
786 1912
1067 1912
1861 1912
779 1913
1293 1914
1414 1914
80 1915
193 1915
452 1915
1067 1915
1492 1915
1597 1915
1861 1915
487 1916
309 1917
354 1917
559 1917
680 1917
298 1919
1245 1919
252 1920
761 1920
1096 1921
787 1923
1159 1923
1376 1923
949 1924
1565 1925
1821 1925
1849 1925
765 1926
92 1927
55 1928
73 1928
181 1928
190 1928
959 1928
1293 1928
1479 1928
1577 1928
1649 1928
1777 1928
1878 1928
131 1929
1510 1930
595 1931
1036 1931
1396 1931
346 1932
185 1933
1719 1934
1084 1935
79 1936
375 1936
99 1937
309 1937
680 1937
745 1937
1148 1937
1438 1937
1452 1937
1713 1937
137 1938
285 1938
539 1938
1865 1938
154 1939
487 1939
124 1940
529 1940
813 1941
1094 1941
7 1942
116 1942
126 1942
238 1942
363 1942
795 1942
1446 1942
1646 1942
417 1943
1730 1944
372 1945
570 1945
753 1945
815 1945
1433 1945
1660 1945
1781 1945
1885 1945
92 1946
656 1947
1828 1947
1886 1947
209 1948
370 1948
574 1948
1774 1948
67 1949
167 1949
1600 1949
1612 1949
244 1950
1284 1950
1337 1950
1044 1951
135 1952
240 1952
459 1953
746 1953
1416 1953
1813 1954
821 1955
4 1956
5 1956
53 1956
66 1956
97 1956
118 1956
264 1956
342 1956
429 1956
533 1956
639 1956
959 1956
962 1956
1218 1956
1238 1956
1252 1956
1354 1956
1364 1956
1392 1956
1562 1956
1602 1956
1672 1956
1836 1956
827 1957
1165 1957
202 1958
1224 1958
805 1959
1585 1959
1909 1959
1568 1960
1813 1960
907 1961
106 1962
186 1962
427 1962
432 1962
851 1962
1354 1962
1759 1962
1909 1962
1117 1963
1780 1963
613 1964
1410 1964
215 1965
1036 1965
1253 1965
1565 1965
281 1966
518 1966
674 1966
784 1966
809 1966
987 1966
1049 1966
1289 1966
1614 1966
1839 1966
1955 1966
417 1967
1043 1967
1730 1967
8 1969
978 1970
1968 1970
416 1971
659 1971
1176 1972
1672 1972
1060 1973
1129 1973
1245 1973
1667 1973
14 1974
488 1974
595 1974
1829 1974
12 1975
42 1975
112 1975
1247 1975
1053 1976
215 1977
217 1977
852 1977
1012 1977
1072 1977
1095 1977
1948 1977
1136 1978
1175 1978
186 1979
73 1980
184 1981
1036 1981
173 1982
195 1983
653 1983
1885 1984
1467 1985
489 1986
565 1986
988 1986
1030 1986
557 1987
841 1987
1481 1989
77 1990
1391 1990
73 1991
167 1992
319 1992
643 1992
817 1992
1113 1992
1822 1992
1863 1992
1965 1992
821 1993
230 1994
135 1995
184 1996
1178 1997
1264 1998
1663 1998
1917 1998
1937 1998
73 1999
1460 2000
595 2001
1036 2001
348 2002
970 2002
166 2003
92 2006
984 2007
27 2010
1482 2010
1986 2010
51 2011
438 2011
1928 2012
417 2013
1027 2014
1047 2014
1450 2014
55 2015
1218 2015
1549 2015
1624 2015
855 2016
374 2017
533 2017
389 2018
4 2020
433 2020
37 2021
42 2021
1988 2021
12 2022
984 2022
1543 2022
704 2023
1216 2023
92 2024
185 2025
576 2025
996 2026
324 2027
1813 2027
527 2028
1357 2028
1853 2028
4 2029
195 2030
1092 2030
959 2031
309 2032
1407 2032
1713 2032
773 2033
1128 2033
209 2034
942 2035
1738 2035
459 2036
487 2036
514 2036
344 2037
1672 2037
1910 2037
907 2038
1961 2038
475 2039
570 2039
805 2039
1585 2039
1909 2039
959 2040
27 2041
1307 2041
224 2042
1376 2042
1649 2042
1813 2043
42 2046
183 2046
184 2046
837 2046
1043 2046
1200 2046
1398 2046
1730 2046
126 2048
53 2049
68 2049
90 2049
505 2049
779 2049
809 2049
1043 2049
1046 2049
1049 2049
1543 2049
1897 2049
1451 2050
126 2051
486 2051
502 2051
795 2051
1435 2051
81 2052
1398 2052
1730 2052
1084 2053
1450 2054
417 2055
73 2056
111 2057
183 2058
837 2058
907 2058
1043 2058
1200 2058
1398 2058
197 2059
505 2060
513 2060
600 2060
612 2060
1092 2060
1180 2060
1500 2060
9 2061
366 2061
452 2061
498 2061
685 2061
689 2061
1022 2061
1164 2061
1492 2061
1496 2061
1727 2061
1770 2061
2042 2061
612 2062
1046 2062
1119 2062
1731 2062
170 2063
267 2063
813 2064
1240 2064
608 2065
950 2065
346 2066
793 2067
173 2068
100 2069
942 2070
1732 2071
141 2073
1360 2073
1387 2073
92 2074
73 2075
1262 2075
1586 2075
227 2077
1618 2077
238 2078
512 2078
516 2078
1446 2078
1537 2078
1605 2078
1744 2078
1755 2078
2062 2078
8 2079
661 2080
215 2081
106 2082
167 2082
272 2082
661 2082
1127 2082
1585 2082
1779 2082
417 2083
891 2083
1398 2083
1730 2083
1027 2084
179 2085
788 2086
1510 2086
1627 2086
1941 2086
1043 2087
1119 2087
1897 2087
215 2088
1329 2088
1451 2088
1461 2088
7 2089
152 2089
170 2089
173 2089
268 2089
439 2089
904 2089
926 2089
1375 2089
6 2090
1079 2090
1223 2090
1422 2090
1956 2090
4 2091
996 2092
844 2093
1053 2093
1732 2093
1396 2094
1240 2095
558 2097
1463 2097
877 2098
1141 2098
78 2099
1124 2100
582 2101
978 2101
1698 2101
1968 2101
533 2102
1495 2103
514 2104
1048 2104
1053 2105
1147 2106
73 2107
141 2107
154 2107
254 2107
432 2107
487 2107
563 2107
625 2107
656 2107
851 2107
1096 2107
926 2108
959 2108
92 2109
8 2110
122 2111
131 2111
907 2111
1043 2111
1720 2111
2078 2111
565 2112
348 2113
970 2113
1433 2113
1326 2114
1422 2115
632 2116
762 2117
1115 2118
1335 2118
1517 2118
1598 2118
407 2119
2054 2119
131 2120
754 2120
922 2120
1432 2120
346 2121
1117 2122
279 2123
732 2124
94 2125
474 2125
655 2125
811 2125
959 2125
1126 2125
1219 2125
1280 2125
1314 2125
1345 2125
1878 2125
1945 2125
1984 2125
712 2126
1326 2126
173 2127
144 2128
374 2129
533 2129
1387 2131
1045 2132
1422 2132
144 2133
55 2134
12 2135
112 2135
1271 2135
1430 2135
1543 2135
209 2136
676 2136
290 2137
1738 2138
141 2139
446 2139
1136 2139
303 2140
1124 2140
1593 2140
2100 2140
184 2141
195 2142
505 2142
855 2142
1092 2142
2060 2142
4 2143
268 2144
516 2145
721 2145
1216 2145
1 2146
737 2147
14 2148
1753 2148
1387 2149
122 2150
709 2150
966 2150
1672 2150
1938 2150
533 2152
28 2153
722 2153
912 2153
173 2154
1293 2155
145 2156
349 2156
942 2156
1437 2157
111 2158
908 2159
1230 2159
735 2160
777 2160
789 2160
930 2160
937 2160
1310 2160
764 2161
615 2162
721 2162
1432 2162
1647 2162
721 2163
153 2164
1079 2164
1469 2165
65 2166
1654 2166
1814 2166
605 2167
886 2167
801 2168
721 2169
4 2170
401 2170
1433 2170
1915 2170
111 2171
1989 2171
732 2172
131 2173
1216 2173
1835 2173
1759 2175
896 2176
604 2177
1191 2177
1726 2177
2082 2177
498 2178
1027 2179
1047 2179
487 2181
13 2182
55 2183
1218 2183
1252 2183
2061 2183
101 2184
514 2184
1000 2184
1255 2184
2160 2184
721 2185
520 2186
167 2188
205 2188
419 2188
475 2188
502 2188
1039 2188
1451 2188
662 2189
1096 2189
498 2190
890 2191
1446 2193
1414 2194
129 2195
1666 2195
92 2196
243 2196
672 2196
920 2196
2128 2196
1406 2197
133 2198
384 2198
520 2198
642 2198
691 2198
712 2198
910 2198
1038 2198
1079 2198
1217 2198
1326 2198
1446 2198
1623 2198
1747 2198
2050 2198
2188 2198
240 2199
1093 2199
1169 2199
417 2200
907 2200
312 2201
853 2201
1141 2202
1208 2202
1345 2202
1375 2202
1836 2202
1896 2202
592 2203
1672 2203
1709 2203
210 2204
1386 2204
627 2205
841 2205
975 2205
1329 2207
1461 2207
574 2208
1829 2208
2207 2208
812 2210
763 2211
812 2211
1957 2211
671 2212
235 2213
199 2214
1865 2214
2150 2214
890 2215
1038 2216
318 2217
563 2217
824 2217
853 2217
1945 2217
126 2218
532 2219
638 2219
928 2219
2076 2219
749 2220
2162 2220
38 2221
68 2221
793 2221
1037 2221
1250 2221
1509 2221
1644 2221
1452 2222
1137 2223
179 2224
7 2225
519 2225
1345 2225
1536 2225
1560 2225
721 2226
642 2227
764 2227
1293 2228
14 2229
203 2229
721 2229
1301 2229
329 2230
345 2230
717 2230
1134 2230
1722 2230
2104 2230
127 2231
167 2231
224 2231
432 2231
452 2231
669 2231
689 2231
857 2231
1160 2231
1172 2231
1315 2231
1625 2231
1956 2231
2015 2231
2183 2231
92 2232
1 2233
794 2233
926 2233
570 2234
746 2234
186 2235
487 2235
762 2235
1165 2236
1957 2236
2211 2236
950 2237
1193 2237
1792 2237
2009 2237
841 2238
92 2240
92 2241
1396 2242
252 2243
1129 2243
1245 2243
1667 2243
1046 2244
1813 2245
1293 2246
959 2247
1219 2248
68 2249
145 2249
242 2249
351 2249
364 2249
462 2249
552 2249
690 2249
741 2249
1008 2249
1188 2249
1195 2249
1519 2249
1638 2249
1642 2249
1710 2249
1744 2249
2066 2249
2156 2249
184 2250
1246 2250
135 2251
89 2252
148 2252
959 2252
1392 2252
713 2253
1460 2253
160 2254
167 2254
272 2254
661 2254
1127 2254
1779 2254
749 2255
1216 2255
2120 2255
7 2256
184 2257
523 2257
1112 2257
1248 2257
1997 2257
2136 2257
89 2258
133 2258
175 2258
185 2258
314 2258
341 2258
444 2258
483 2258
497 2258
510 2258
535 2258
621 2258
651 2258
679 2258
686 2258
688 2258
695 2258
804 2258
1067 2258
1074 2258
1088 2258
1265 2258
1648 2258
1864 2258
1875 2258
2051 2258
1451 2259
394 2260
844 2260
1053 2260
1387 2260
1825 2260
1957 2260
1766 2261
1088 2262
896 2263
92 2264
809 2265
2049 2265
642 2267
959 2268
236 2269
346 2269
115 2270
1047 2270
1092 2270
1514 2270
1637 2270
1852 2270
1966 2270
1983 2270
2142 2270
567 2271
1897 2271
329 2272
1134 2272
1722 2272
235 2273
864 2273
303 2274
809 2275
818 2276
1242 2276
432 2277
303 2278
712 2279
1307 2280
1396 2281
92 2282
1398 2283
1730 2283
930 2284
2184 2284
154 2286
475 2286
570 2286
932 2286
1477 2286
1959 2286
115 2287
608 2288
179 2289
1106 2289
1218 2290
1410 2291
574 2292
1253 2292
1379 2292
1992 2292
1089 2293
60 2294
1766 2295
14 2296
188 2296
322 2296
460 2296
767 2296
884 2296
1151 2296
1901 2296
1936 2296
67 2297
131 2298
131 2299
239 2299
1125 2300
1337 2300
1668 2300
659 2301
658 2302
821 2302
919 2302
942 2302
1027 2302
1047 2302
1092 2302
1616 2302
1637 2302
1966 2302
2142 2302
328 2303
37 2304
260 2304
1138 2304
1940 2304
55 2305
1649 2305
2061 2305
2231 2305
40 2306
97 2306
154 2306
342 2306
378 2306
447 2306
532 2306
923 2306
1034 2306
1040 2306
1089 2306
1144 2306
1187 2306
1445 2306
1579 2306
1836 2306
2096 2306
7 2307
8 2307
175 2307
238 2307
486 2307
533 2307
777 2307
795 2307
937 2307
1172 2307
1747 2307
2230 2307
7 2308
134 2308
158 2308
362 2308
946 2308
1073 2308
1584 2308
2054 2308
2119 2308
1978 2309
1446 2310
179 2311
161 2312
28 2313
136 2313
991 2313
813 2315
1240 2315
1790 2315
2086 2315
179 2316
283 2317
381 2317
1213 2317
788 2318
2171 2318
702 2319
1452 2319
122 2320
779 2320
966 2320
1384 2320
92 2321
131 2321
223 2321
2118 2321
268 2322
985 2322
1433 2323
199 2324
432 2325
56 2326
479 2326
417 2327
1943 2327
520 2328
533 2329
27 2330
1330 2331
65 2332
131 2333
336 2334
650 2334
1937 2334
677 2335
805 2335
1039 2335
488 2336
1012 2336
1860 2336
1977 2336
1224 2337
131 2338
166 2339
216 2339
439 2339
469 2339
804 2339
1104 2339
1409 2339
2089 2339
2108 2339
16 2340
495 2340
1539 2340
1707 2340
2028 2340
49 2341
92 2341
131 2341
199 2341
346 2341
417 2341
567 2341
623 2341
1108 2341
1319 2341
1720 2341
1730 2341
1897 2341
1947 2342
959 2343
357 2344
1550 2344
2026 2344
471 2345
1766 2346
546 2347
612 2347
907 2347
1119 2347
1398 2347
1500 2347
1731 2347
1941 2347
2159 2348
37 2349
183 2349
1398 2349
171 2350
623 2350
917 2350
1319 2350
1338 2350
1853 2350
942 2351
1966 2351
604 2352
1726 2352
51 2353
126 2353
662 2353
763 2353
1443 2353
959 2354
286 2355
1238 2355
2307 2355
336 2356
650 2356
1264 2356
627 2357
14 2358
721 2358
1072 2358
1609 2358
1774 2358
1829 2358
1860 2358
1977 2358
2088 2358
1293 2359
765 2360
92 2361
122 2362
416 2362
659 2362
191 2363
459 2364
520 2364
197 2365
166 2366
73 2367
28 2368
650 2368
2169 2369
29 2370
64 2370
82 2370
203 2371
715 2371
1038 2371
1043 2371
1200 2371
1543 2371
92 2372
2061 2373
29 2374
482 2374
868 2374
1247 2374
1350 2374
1514 2374
1851 2374
2060 2374
92 2375
92 2376
223 2376
595 2377
1396 2377
156 2378
227 2378
721 2378
1183 2378
1382 2378
2065 2378
59 2379
98 2379
646 2379
760 2379
1013 2379
1220 2379
1256 2379
1429 2379
1907 2379
1910 2379
1920 2379
2320 2379
1947 2380
537 2381
1024 2381
1141 2381
1375 2381
1392 2381
1801 2381
2123 2381
92 2382
1043 2383
2087 2383
959 2384
154 2385
1588 2385
1759 2385
73 2386
92 2388
472 2388
560 2388
1965 2388
1088 2389
604 2390
620 2390
1722 2390
1890 2390
2227 2390
2364 2390
2308 2391
608 2392
305 2393
515 2393
1047 2393
14 2394
323 2395
1204 2395
1332 2395
1681 2395
1716 2395
1882 2395
2187 2395
2209 2395
2315 2396
565 2397
1319 2397
1487 2397
1659 2397
1898 2397
890 2398
432 2399
1346 2399
1476 2399
1084 2400
1802 2400
67 2401
161 2401
279 2401
765 2401
1648 2401
1856 2401
2381 2401
14 2402
1460 2403
1660 2404
92 2405
489 2406
581 2406
1307 2407
244 2408
533 2409
533 2410
1446 2411
1908 2412
2339 2412
4 2413
1433 2413
417 2414
56 2415
90 2415
591 2415
730 2415
941 2415
948 2415
2021 2415
2192 2415
2304 2415
2349 2415
62 2416
306 2416
529 2416
809 2416
821 2418
919 2418
942 2418
1023 2418
1092 2418
1616 2418
1966 2418
1983 2418
2142 2418
721 2419
532 2420
1495 2420
432 2421
179 2422
1386 2423
565 2424
623 2424
2196 2425
1136 2426
2139 2426
1122 2427
1353 2427
202 2428
209 2428
387 2428
184 2429
360 2430
373 2430
567 2430
724 2430
1432 2430
1720 2430
1797 2430
1817 2430
1897 2430
1053 2431
303 2432
281 2433
369 2433
784 2433
1003 2433
1049 2433
1092 2433
1289 2433
1738 2433
2035 2433
2121 2433
2302 2433
2351 2433
1 2434
780 2435
959 2436
1039 2437
1722 2437
1890 2437
1435 2438
959 2439
107 2440
167 2441
213 2441
311 2441
610 2441
703 2441
830 2441
1038 2441
1822 2441
1965 2441
2292 2441
2377 2441
735 2442
1373 2442
563 2443
1834 2443
1730 2444
131 2445
498 2447
533 2448
907 2449
1119 2449
1047 2450
1450 2450
574 2451
1860 2451
465 2452
481 2452
895 2452
1259 2452
1383 2452
1826 2452
1892 2452
1937 2452
533 2453
36 2454
574 2454
122 2455
659 2455
1196 2456
346 2458
144 2459
2196 2459
2196 2460
68 2461
435 2461
1256 2462
73 2463
14 2464
1253 2465
1379 2465
1992 2465
323 2466
646 2466
1650 2466
1681 2466
1882 2466
105 2467
856 2467
1029 2467
1673 2467
2174 2467
520 2468
2364 2468
732 2469
4 2470
238 2471
1038 2471
595 2472
1036 2472
2054 2473
161 2474
394 2474
570 2474
765 2474
1079 2474
1360 2474
1387 2474
1600 2474
1956 2474
1047 2475
722 2476
955 2476
12 2477
1543 2477
794 2479
557 2480
1441 2480
1660 2480
1885 2480
2217 2480
821 2481
92 2482
1329 2483
1381 2483
262 2484
1332 2484
1271 2485
92 2486
37 2487
648 2487
837 2487
2415 2487
161 2488
1158 2489
135 2490
558 2491
92 2492
184 2493
173 2494
661 2495
2080 2495
2072 2496
1720 2497
1874 2497
1469 2498
2165 2498
55 2499
133 2499
238 2499
497 2499
520 2499
523 2499
677 2499
691 2499
712 2499
805 2499
1038 2499
1442 2499
1446 2499
1463 2499
1649 2499
2259 2499
126 2500
330 2500
959 2500
14 2501
73 2501
721 2501
778 2501
1382 2501
56 2502
941 2502
34 2503
62 2503
211 2503
317 2503
397 2503
435 2503
512 2503
543 2503
590 2503
897 2503
964 2503
1240 2503
1537 2503
1699 2503
1832 2503
2062 2503
2151 2503
2271 2503
2371 2503
135 2504
173 2504
601 2504
1080 2504
1212 2504
1436 2504
2166 2504
812 2505
1353 2506
2427 2506
13 2508
81 2508
317 2508
379 2508
380 2508
799 2508
1240 2508
1322 2508
1744 2508
2271 2508
2318 2508
737 2509
1392 2509
2395 2510
2466 2510
627 2511
303 2512
2300 2513
7 2514
1018 2514
612 2515
1837 2515
2374 2515
2444 2515
135 2516
1293 2516
122 2517
4 2519
7 2519
185 2519
300 2519
1125 2519
1237 2519
1433 2519
131 2520
60 2521
227 2521
721 2521
765 2522
1732 2522
17 2523
1992 2523
173 2524
1331 2525
2441 2525
1450 2526
366 2527
1779 2527
1962 2527
7 2528
141 2528
570 2528
753 2528
1660 2528
2125 2528
2217 2528
2395 2529
14 2530
179 2531
252 2532
1060 2532
2379 2532
252 2533
763 2534
812 2534
1957 2534
2236 2534
780 2535
268 2536
615 2537
1626 2537
2239 2537
73 2538
2159 2539
135 2540
1302 2540
576 2541
1339 2541
1543 2542
448 2543
5 2544
6 2544
8 2544
54 2544
97 2544
126 2544
153 2544
154 2544
175 2544
286 2544
346 2544
429 2544
432 2544
487 2544
492 2544
533 2544
563 2544
626 2544
765 2544
797 2544
833 2544
926 2544
989 2544
1018 2544
1027 2544
1045 2544
1047 2544
1089 2544
1134 2544
1238 2544
1293 2544
1302 2544
1374 2544
1435 2544
1485 2544
1585 2544
1602 2544
1612 2544
1658 2544
1732 2544
1779 2544
1821 2544
2063 2544
2115 2544
2180 2544
2225 2544
2256 2544
186 2545
487 2545
926 2546
14 2547
205 2549
1463 2549
1722 2549
2341 2550
346 2551
126 2552
959 2552
2500 2552
784 2553
1003 2553
1083 2553
1316 2553
1325 2553
1818 2553
2035 2553
2302 2553
2351 2553
4 2554
1433 2554
1512 2554
1687 2554
2413 2554
186 2555
487 2555
1563 2555
3 2557
62 2557
359 2557
529 2557
893 2557
959 2557
1514 2557
1730 2557
1966 2557
173 2558
65 2559
173 2559
272 2559
315 2559
401 2559
496 2559
520 2559
541 2559
566 2559
641 2559
664 2559
701 2559
719 2559
758 2559
835 2559
956 2559
957 2559
1146 2559
1166 2559
1218 2559
1237 2559
1252 2559
1281 2559
1285 2559
1304 2559
1354 2559
1418 2559
1459 2559
1503 2559
1623 2559
1628 2559
1657 2559
1750 2559
1767 2559
2045 2559
2061 2559
2199 2559
2233 2559
2434 2559
2457 2559
2536 2559
56 2560
2266 2561
2411 2561
1043 2562
167 2563
175 2563
905 2563
1048 2563
1125 2563
1747 2563
1915 2563
813 2564
1240 2564
5 2565
47 2565
139 2565
152 2565
166 2565
228 2565
368 2565
388 2565
566 2565
847 2565
1085 2565
1100 2565
1190 2565
1234 2565
1511 2565
1583 2565
1623 2565
1798 2565
2359 2565
2488 2565
2540 2565
42 2566
183 2566
184 2566
1043 2566
942 2567
2553 2567
8 2568
1425 2568
2402 2569
184 2570
188 2570
472 2570
560 2570
1363 2570
1965 2570
397 2571
2503 2571
1182 2572
199 2573
313 2573
60 2574
778 2574
1610 2574
182 2575
1230 2575
959 2576
14 2577
2080 2578
2495 2578
583 2579
812 2579
2189 2579
8 2580
7 2581
1079 2581
1422 2581
2544 2581
2433 2582
560 2583
571 2583
754 2583
1031 2583
1432 2583
2023 2583
2145 2583
2173 2583
2255 2583
429 2584
1463 2584
2080 2585
2495 2585
7 2586
126 2586
238 2586
486 2586
795 2586
1217 2586
1388 2586
2355 2586
2544 2586
176 2587
248 2587
544 2587
901 2587
973 2587
1673 2587
255 2588
2089 2588
268 2589
2144 2589
353 2590
1071 2590
1625 2590
1722 2590
1890 2590
2036 2590
2468 2590
78 2591
2099 2591
977 2592
2201 2592
2217 2592
92 2593
2241 2593
1 2594
65 2594
105 2594
282 2594
401 2594
484 2594
487 2594
520 2594
534 2594
541 2594
566 2594
635 2594
664 2594
719 2594
758 2594
829 2594
1123 2594
1133 2594
1237 2594
1281 2594
1285 2594
1418 2594
1440 2594
1447 2594
1503 2594
1623 2594
1657 2594
1750 2594
1767 2594
2233 2594
2434 2594
115 2595
931 2595
2395 2595
1358 2596
1659 2596
179 2597
841 2598
1449 2599
2293 2599
2306 2599
2054 2600
821 2601
1966 2601
7 2602
170 2602
267 2602
522 2602
926 2602
1375 2602
1440 2602
2544 2602
92 2603
47 2604
123 2604
291 2604
321 2604
430 2604
520 2604
526 2604
681 2604
870 2604
952 2604
1077 2604
1233 2604
1312 2604
1527 2604
1540 2604
1545 2604
1842 2604
2008 2604
2061 2604
2073 2604
2093 2604
2474 2604
2522 2604
2544 2604
1429 2605
2415 2606
1 2607
47 2608
438 2608
533 2608
1096 2608
2122 2608
17 2610
27 2611
1307 2611
2041 2611
638 2612
845 2612
1070 2612
1209 2612
1690 2612
2076 2612
2219 2612
2314 2612
53 2613
349 2613
801 2613
1027 2613
81 2614
212 2614
380 2614
435 2614
516 2614
799 2614
1038 2614
1322 2614
1446 2614
2271 2614
2318 2614
2430 2614
1147 2615
268 2616
498 2617
1928 2618
48 2619
126 2619
176 2619
609 2619
1010 2619
1186 2619
1435 2619
1582 2619
1836 2619
2149 2619
604 2620
1191 2620
1726 2620
2080 2620
1838 2621
1437 2622
2395 2622
2089 2623
1953 2624
2381 2625
1 2626
2559 2626
2594 2626
27 2627
1037 2627
1137 2627
2237 2627
1406 2628
92 2629
737 2630
776 2630
960 2630
1719 2630
1703 2631
1744 2631
2111 2631
2350 2631
2424 2631
92 2632
122 2632
131 2632
199 2632
346 2632
417 2632
567 2632
623 2632
1319 2632
1671 2632
1674 2632
1730 2632
1784 2632
1897 2632
2078 2632
969 2633
973 2633
1501 2633
1530 2633
1673 2633
1675 2633
2467 2633
2478 2633
75 2634
1815 2634
1835 2634
1701 2635
855 2636
1585 2637
1759 2637
2188 2637
135 2638
161 2638
60 2639
227 2639
721 2639
2521 2639
90 2640
124 2640
1196 2640
1417 2640
489 2641
659 2642
2559 2643
1730 2644
399 2645
827 2645
2008 2645
1766 2646
1893 2647
289 2648
240 2649
849 2650
650 2651
1264 2651
1937 2651
2356 2651
166 2652
131 2653
432 2654
682 2654
126 2655
472 2656
721 2656
1849 2656
1925 2656
71 2657
131 2657
227 2657
721 2657
890 2657
950 2657
1145 2657
1266 2657
1297 2657
1618 2657
1964 2657
2265 2657
13 2658
131 2658
317 2658
379 2658
395 2658
435 2658
1240 2658
1322 2658
1744 2658
2318 2658
2341 2658
1672 2659
765 2660
595 2661
184 2662
184 2663
1246 2663
959 2664
305 2665
2270 2665
2302 2665
2418 2665
464 2666
627 2666
13 2667
298 2668
594 2668
1060 2668
2345 2668
627 2669
841 2670
1789 2670
508 2671
570 2671
803 2671
1071 2671
1150 2671
1956 2671
2198 2671
2544 2671
919 2672
1173 2672
217 2673
1012 2673
1072 2673
1974 2673
2358 2673
2397 2674
1219 2675
353 2676
1625 2676
2468 2676
244 2677
737 2677
773 2677
1128 2677
92 2678
1330 2678
1369 2678
1618 2678
2331 2678
14 2679
1117 2680
1886 2680
115 2681
653 2681
1023 2681
1092 2681
1966 2681
2270 2681
2665 2681
92 2682
893 2683
1027 2683
1047 2683
4 2684
127 2684
161 2684
1175 2684
1433 2684
1492 2684
1885 2684
2202 2684
2258 2684
4 2685
1435 2686
942 2687
2070 2687
122 2688
2121 2688
2156 2688
2249 2688
959 2689
92 2690
184 2690
188 2690
560 2690
1363 2690
1 2691
268 2691
1166 2691
38 2692
68 2692
793 2692
1037 2692
1272 2692
1509 2692
1710 2692
671 2693
927 2693
303 2694
131 2695
623 2695
907 2695
2550 2695
1460 2696
161 2697
172 2697
55 2698
1387 2699
2619 2699
531 2700
126 2701
3 2702
737 2702
1279 2702
268 2703
4 2704
245 2704
401 2704
1915 2704
1484 2705
482 2706
1043 2706
1046 2706
2503 2706
264 2707
471 2707
2672 2707
184 2708
167 2709
251 2709
520 2709
562 2709
716 2709
811 2709
824 2709
959 2709
1126 2709
1252 2709
1945 2709
1984 2709
2684 2709
14 2710
15 2711
71 2711
203 2711
417 2711
1247 2711
1363 2711
2298 2711
2634 2711
632 2712
721 2713
1271 2713
1282 2713
1307 2714
719 2715
2697 2715
1092 2716
1617 2716
22 2717
35 2717
98 2717
262 2717
551 2717
638 2717
741 2717
990 2717
1398 2717
1507 2717
1513 2717
1665 2717
1730 2717
1818 2717
2005 2717
2047 2717
2694 2717
533 2718
227 2719
1266 2719
1576 2719
1618 2719
696 2720
1460 2720
520 2721
522 2722
2063 2722
2602 2722
4 2723
55 2723
193 2723
312 2723
541 2723
631 2723
862 2723
1302 2723
1912 2723
1915 2723
2061 2723
2254 2723
2684 2723
2559 2724
240 2725
1918 2725
1293 2726
349 2727
801 2727
2553 2727
7 2728
133 2728
228 2728
314 2728
341 2728
483 2728
497 2728
535 2728
686 2728
688 2728
695 2728
776 2728
786 2728
994 2728
1074 2728
1088 2728
1096 2728
1536 2728
1648 2728
1683 2728
1700 2728
1875 2728
2051 2728
2137 2728
2619 2728
2684 2728
73 2729
1096 2730
161 2731
240 2731
636 2731
1199 2731
2069 2731
764 2732
1048 2732
1255 2732
1810 2732
2227 2732
2267 2732
1430 2733
1450 2734
115 2735
252 2735
305 2735
515 2735
2379 2735
2466 2735
1978 2736
996 2737
4 2738
117 2739
187 2739
200 2739
601 2739
794 2739
866 2739
1214 2739
1241 2739
1679 2739
1766 2739
2089 2739
2127 2739
2206 2739
2559 2739
2646 2739
2395 2740
2466 2740
532 2741
30 2742
279 2742
755 2742
962 2742
1201 2742
1354 2742
1585 2742
1602 2742
1759 2742
1942 2742
2381 2742
2443 2742
784 2743
942 2743
2553 2743
303 2744
35 2745
821 2745
966 2745
1027 2745
762 2746
2184 2746
251 2747
811 2747
1314 2747
2489 2747
1043 2748
173 2749
4 2750
417 2751
662 2752
1165 2752
179 2753
2019 2754
487 2755
1354 2755
595 2756
1714 2756
1062 2757
1216 2757
2583 2757
2717 2758
126 2759
205 2760
1463 2760
1722 2760
1720 2761
2078 2761
1941 2762
638 2763
843 2763
1690 2763
1922 2763
2219 2763
2314 2763
595 2764
1843 2764
748 2765
1033 2765
417 2766
586 2766
907 2766
1730 2766
432 2767
1514 2768
488 2769
1860 2769
2088 2769
2207 2769
793 2770
1448 2771
1621 2771
78 2772
2591 2772
12 2773
60 2773
70 2773
71 2773
73 2773
168 2773
184 2773
239 2773
246 2773
410 2773
473 2773
478 2773
503 2773
613 2773
721 2773
754 2773
982 2773
1036 2773
1075 2773
1307 2773
1398 2773
1458 2773
1647 2773
1656 2773
1703 2773
1730 2773
1744 2773
1795 2773
1866 2773
2044 2773
2120 2773
2145 2773
2298 2773
2321 2773
2341 2773
2445 2773
2632 2773
2634 2773
2653 2773
2657 2773
2658 2773
14 2774
1152 2774
186 2775
322 2776
531 2776
1901 2776
1460 2777
67 2778
519 2778
776 2778
1203 2778
1300 2778
1305 2778
1392 2778
1433 2778
1836 2778
1875 2778
1949 2778
2225 2778
1280 2779
2125 2779
533 2780
595 2781
53 2782
505 2782
893 2782
1514 2782
2060 2782
546 2783
1941 2783
90 2784
505 2784
809 2784
1046 2784
1897 2784
2060 2784
2503 2784
2658 2784
195 2785
1637 2785
2270 2785
2418 2785
53 2786
115 2786
801 2786
1384 2786
2433 2786
717 2787
1134 2787
2160 2787
1463 2788
421 2789
1738 2789
1396 2790
2281 2790
255 2791
721 2792
848 2793
926 2793
1908 2793
167 2794
476 2795
567 2795
574 2795
595 2795
984 2795
1036 2795
1043 2795
1046 2795
1119 2795
1253 2795
1396 2795
1451 2795
1543 2795
1706 2795
1897 2795
2198 2795
2216 2795
2441 2795
2503 2795
2508 2795
2518 2795
2658 2795
616 2796
1060 2796
2016 2796
2379 2796
186 2797
279 2798
383 2798
487 2798
678 2798
1134 2798
1354 2798
1585 2798
1821 2798
2381 2798
268 2799
794 2799
2063 2799
2089 2799
2602 2799
73 2800
1125 2801
1668 2801
2300 2801
1966 2802
813 2803
1240 2803
185 2804
1850 2804
531 2805
605 2806
637 2806
886 2806
1128 2806
2147 2806
2167 2806
268 2807
2322 2807
2544 2808
161 2810
1396 2811
1488 2812
1921 2812
2608 2812
2680 2812
764 2813
721 2814
193 2815
659 2816
8 2817
116 2817
126 2817
238 2817
363 2817
1079 2817
1388 2817
1446 2817
1646 2817
2355 2817
2742 2817
2809 2817
1 2818
1569 2819
1096 2820
1117 2821
2812 2821
80 2822
721 2823
1271 2823
1282 2823
479 2824
109 2825
262 2825
344 2825
570 2825
646 2825
760 2825
810 2825
1013 2825
1079 2825
1220 2825
1256 2825
1429 2825
1907 2825
1910 2825
1973 2825
2243 2825
2379 2825
2735 2825
514 2826
1048 2826
1235 2826
1396 2827
996 2828
2344 2828
942 2829
1966 2829
2553 2829
170 2830
926 2830
2063 2830
2544 2830
2722 2830
916 2831
2018 2832
2164 2832
2556 2832
394 2833
2619 2833
1293 2834
72 2835
945 2835
1037 2835
1053 2836
179 2837
65 2838
252 2839
349 2839
532 2839
1495 2839
2379 2839
2717 2839
230 2840
1134 2841
2104 2841
2160 2841
55 2842
1252 2842
179 2843
1730 2844
926 2845
1908 2845
812 2846
1302 2847
746 2848
570 2849
2306 2849
926 2850
1908 2850
2339 2850
221 2851
728 2851
947 2851
1015 2851
1486 2851
2387 2851
1008 2852
2249 2852
179 2853
1136 2854
184 2855
1435 2856
2258 2856
131 2857
737 2858
893 2859
928 2859
1824 2859
841 2860
417 2861
1043 2861
2706 2861
2159 2862
565 2863
2397 2863
959 2864
1435 2864
694 2865
950 2865
1193 2865
2280 2865
1966 2866
2553 2866
4 2867
838 2867
1433 2867
202 2868
209 2868
978 2868
1698 2868
1968 2868
2285 2868
1489 2869
2828 2869
238 2870
1446 2870
2411 2870
2561 2870
2344 2871
305 2872
515 2872
659 2873
171 2874
864 2874
917 2874
1272 2874
1307 2874
1338 2874
1509 2874
1570 2874
2397 2874
2424 2874
2596 2874
1484 2875
1612 2876
1949 2876
1430 2877
841 2878
23 2879
549 2879
734 2879
796 2879
1118 2879
1334 2879
2340 2880
161 2881
959 2882
487 2883
1437 2884
2731 2885
711 2886
991 2886
2548 2886
62 2887
77 2887
281 2887
417 2887
518 2887
741 2887
1003 2887
1391 2887
1839 2887
2150 2887
2168 2887
2219 2887
2727 2887
2786 2887
179 2888
1043 2889
166 2890
776 2891
2159 2892
4 2893
1057 2893
1928 2893
1196 2894
1390 2894
2739 2895
1027 2896
1047 2896
432 2897
389 2898
100 2899
161 2899
636 2899
2069 2899
2885 2899
203 2900
360 2900
373 2900
567 2900
724 2900
754 2900
1108 2900
1432 2900
1797 2900
1817 2900
2145 2900
2508 2900
23 2901
357 2901
796 2901
1118 2901
1794 2901
73 2902
1329 2903
1381 2903
671 2904
346 2905
765 2906
877 2906
1223 2906
1562 2906
1732 2906
1894 2906
2381 2906
289 2907
8 2908
4 2909
20 2909
92 2909
114 2909
128 2909
142 2909
160 2909
161 2909
167 2909
186 2909
227 2909
228 2909
229 2909
265 2909
352 2909
382 2909
398 2909
487 2909
563 2909
570 2909
598 2909
666 2909
894 2909
908 2909
953 2909
1021 2909
1054 2909
1065 2909
1116 2909
1232 2909
1244 2909
1262 2909
1299 2909
1311 2909
1354 2909
1493 2909
1518 2909
1534 2909
1564 2909
1580 2909
1633 2909
1704 2909
1740 2909
1765 2909
1813 2909
1872 2909
1896 2909
1991 2909
2004 2909
2056 2909
2367 2909
2446 2909
2463 2909
2498 2909
2507 2909
2609 2909
2773 2909
2902 2909
166 2910
209 2911
582 2911
2285 2911
487 2912
184 2913
1196 2914
1526 2914
1685 2914
141 2915
372 2915
570 2915
753 2915
815 2915
1433 2915
1781 2915
2217 2915
2252 2915
4 2916
348 2916
1433 2916
2554 2916
255 2917
794 2917
2339 2917
907 2918
1043 2918
1398 2918
56 2919
798 2919
1611 2919
1435 2920
1451 2920
2198 2920
1141 2921
1562 2921
907 2922
1460 2923
149 2924
1661 2924
1730 2925
627 2926
215 2927
1036 2927
329 2928
717 2928
2909 2929
1390 2930
1526 2930
126 2931
451 2931
536 2931
609 2931
782 2931
827 2931
870 2931
878 2931
913 2931
1010 2931
1014 2931
1254 2931
1842 2931
2093 2931
2105 2931
2131 2931
2260 2931
2431 2931
2836 2931
916 2932
821 2933
2887 2933
92 2934
765 2935
2160 2936
595 2937
1430 2938
737 2939
1081 2939
1124 2940
2140 2940
186 2941
184 2942
92 2943
959 2944
460 2945
1355 2945
1973 2945
417 2946
867 2947
959 2947
1612 2947
875 2948
1206 2948
1720 2948
2130 2948
959 2949
1612 2949
2728 2949
1433 2950
2113 2950
293 2951
399 2951
827 2951
2008 2951
2645 2951
473 2952
1272 2952
1517 2952
2321 2952
161 2953
255 2953
794 2953
2089 2953
135 2954
1719 2955
1252 2956
1376 2956
1649 2956
2231 2956
305 2957
737 2958
1912 2958
2773 2959
1053 2960
2931 2960
1415 2961
135 2962
1293 2962
1302 2962
92 2963
1288 2964
489 2965
67 2966
959 2966
1600 2966
1119 2967
1897 2967
92 2968
97 2968
154 2968
169 2968
378 2968
447 2968
532 2968
923 2968
1040 2968
1144 2968
1187 2968
1520 2968
1579 2968
2096 2968
2306 2968
2849 2968
132 2969
2075 2969
676 2970
2257 2970
2909 2971
115 2972
1060 2972
2016 2972
2037 2972
1720 2973
2078 2973
2054 2974
2600 2974
240 2975
2725 2975
1373 2976
122 2977
252 2977
779 2977
966 2977
2379 2977
2887 2977
1 2978
2559 2978
394 2979
1155 2979
735 2980
777 2980
789 2980
930 2980
937 2980
1310 2980
2184 2980
2417 2980
2787 2980
2901 2980
2936 2980
15 2981
1363 2981
1497 2981
92 2982
360 2983
532 2983
928 2983
126 2984
444 2984
959 2984
2258 2984
2728 2984
1027 2985
1158 2986
2125 2986
2747 2986
822 2987
836 2987
2554 2987
533 2988
2718 2988
605 2989
886 2989
1985 2989
1043 2990
1119 2990
1897 2990
2087 2990
2383 2990
2019 2991
2754 2991
2595 2992
2909 2993
253 2994
1663 2994
2851 2994
214 2995
1 2996
172 2996
956 2996
2559 2996
2697 2996
1992 2997
237 2998
277 2998
2879 2998
1543 2999
120 3000
2300 3000
2801 3000
