5 7
7 8
7 10
12 13
15 36
13 37
14 49
47 51
7 53
31 55
37 56
12 64
4 67
49 68
62 68
4 73
20 73
71 75
8 85
37 90
62 90
14 92
68 92
72 92
87 92
90 92
91 92
8 95
54 106
77 115
25 126
55 127
73 128
70 131
71 131
73 131
73 132
7 135
47 135
76 135
104 141
73 142
92 144
80 148
93 149
7 153
7 154
60 156
53 157
115 157
55 160
73 160
135 160
73 161
49 164
122 164
73 165
140 166
17 167
73 167
160 167
92 168
161 170
161 172
1 173
117 173
124 183
14 184
46 184
121 184
131 184
159 184
1 186
73 186
88 186
173 187
110 188
141 190
14 194
68 194
188 194
4 197
7 197
137 199
173 200
183 202
133 205
154 205
167 205
185 207
15 209
12 210
17 213
184 213
36 215
161 216
68 219
107 222
18 227
156 227
101 228
73 229
14 232
138 238
144 243
131 246
230 247
157 252
216 255
84 260
202 260
203 260
113 262
115 262
252 262
173 266
73 271
1 272
10 272
7 274
28 276
136 276
92 278
104 279
177 279
1 282
13 283
72 283
169 284
109 285
137 285
199 285
7 286
126 286
238 286
168 287
28 290
8 292
230 292
92 296
197 300
135 302
22 303
35 303
98 303
188 303
262 303
237 307
14 308
41 312
199 313
126 314
1 315
17 319
4 326
312 331
186 334
185 335
99 336
303 338
14 340
68 346
236 346
179 347
4 348
281 349
346 351
73 352
228 352
175 353
186 353
179 355
73 356
237 357
62 359
188 360
203 360
264 364
346 364
349 369
215 370
179 371
3 372
56 373
7 376
38 381
68 381
3 383
94 383
331 383
42 385
183 385
346 386
15 387
92 387
184 387
188 387
161 388
186 393
113 396
73 398
161 399
394 399
184 400
10 401
135 402
4 406
134 407
192 407
92 410
375 412
122 416
19 417
34 417
74 417
75 417
82 417
92 417
150 417
164 417
203 417
349 417
379 417
384 419
184 420
188 420
179 422
7 429
7 432
8 432
47 432
55 432
4 433
184 434
92 435
201 435
227 435
92 436
184 437
51 438
268 439
126 444
14 445
346 449
394 451
148 452
190 452
55 453
7 456
161 457
4 458
2 459
353 459
1 461
92 462
174 462
194 462
219 462
346 462
186 466
417 467
462 467
80 468
217 472
387 472
92 473
223 473
154 475
384 475
131 478
183 479
260 479
306 479
17 480
34 482
1 484
263 485
329 485
286 486
1 487
2 487
7 487
23 487
88 487
126 487
161 487
177 487
334 487
215 488
217 488
7 492
176 494
171 495
1 496
50 498
55 498
279 498
341 498
432 499
27 500
286 502
12 505
62 505
7 508
505 513
2 514
345 514
466 514
157 515
71 516
203 516
373 516
303 518
1 520
2 520
186 520
196 520
383 520
507 520
136 521
387 523
185 524
443 527
489 527
37 529
287 530
14 531
188 531
262 531
322 531
415 531
460 531
98 532
518 532
57 533
58 533
230 533
269 533
292 533
432 533
506 533
1 534
92 535
191 537
279 537
122 539
432 540
1 541
429 541
4 542
12 545
42 547
385 547
237 549
303 551
346 552
360 555
532 555
277 556
135 557
350 557
9 558
116 558
36 560
209 560
387 560
262 561
383 562
73 563
432 563
487 563
1 564
171 565
443 565
1 566
240 566
13 567
62 567
81 567
238 567
317 567
379 567
380 567
395 567
435 567
516 567
40 570
53 570
54 570
55 570
66 570
97 570
154 570
186 570
339 570
376 570
399 570
429 570
475 570
487 570
533 570
432 573
138 574
217 574
377 574
8 575
39 576
185 576
417 577
230 584
166 585
92 587
10 588
112 589
12 590
37 591
183 591
264 592
344 594
163 595
215 595
238 595
301 595
319 595
445 595
450 595
491 595
572 595
578 595
133 596
4 599
505 600
173 601
131 603
154 604
160 604
272 604
432 604
520 604
179 605
52 607
14 610
488 610
538 611
482 612
505 612
71 613
184 613
359 613
515 614
516 615
195 616
548 616
297 617
574 617
595 617
8 618
42 619
183 619
220 619
164 623
171 623
166 624
7 626
43 627
167 627
324 627
331 627
464 627
593 627
179 629
13 632
435 632
442 632
67 633
184 634
115 638
349 638
184 640
1 641
604 642
230 644
533 644
115 646
252 646
515 646
561 646
205 647
596 647
37 648
432 651
135 652
51 656
126 656
294 656
628 656
532 658
122 659
242 659
416 659
504 659
525 659
554 659
344 660
576 663
1 664
166 665
249 666
557 667
55 669
92 670
14 672
144 672
12 673
42 673
51 675
184 676
523 676
177 678
41 679
425 679
208 680
253 680
336 680
432 682
199 684
541 685
346 690
12 693
27 694
595 697
179 699
1 701
7 705
312 707
511 709
539 709
217 712
596 712
184 713
56 715
148 716
161 716
205 716
312 716
383 716
557 716
485 717
171 718
565 718
623 718
1 719
184 721
204 721
241 721
28 722
184 723
574 723
516 724
149 725
606 728
101 729
37 730
42 730
715 730
14 731
73 731
186 734
487 734
12 736
547 736
127 737
179 737
197 737
341 737
303 739
122 740
53 741
303 741
346 741
126 743
28 744
650 744
711 744
336 745
570 747
166 750
131 751
409 752
131 754
516 754
749 754
92 756
92 757
1 758
101 762
334 762
493 762
514 762
299 763
662 763
7 765
48 765
176 765
463 765
520 765
536 765
460 767
531 767
75 769
202 769
209 769
184 771
737 773
161 774
92 775
263 777
514 777
92 778
731 778
62 779
192 779
288 779
310 779
362 779
539 779
188 780
441 780
303 783
55 787
307 789
298 790
594 790
179 792
219 793
283 793
381 793
568 793
7 794
152 794
173 794
216 794
267 794
439 794
522 794
286 795
237 796
277 796
167 797
475 797
479 798
567 799
14 800
617 800
721 800
62 801
281 801
417 801
539 801
533 802
508 803
797 803
439 804
502 805
558 805
557 806
679 806
179 807
62 809
68 809
252 810
299 812
327 812
337 812
405 812
662 812
788 813
498 815
417 816
586 816
595 817
615 818
438 819
565 820
511 821
779 821
418 822
557 824
627 824
489 825
565 825
765 827
1 829
161 829
14 832
60 832
227 832
333 832
7 833
293 834
399 834
463 834
827 834
1 835
124 837
648 837
4 838
346 839
12 840
43 841
53 843
162 843
532 843
399 844
430 844
451 844
463 844
546 846
135 847
828 849
179 850
174 852
488 852
595 852
753 853
149 854
298 855
513 855
240 856
55 857
126 858
537 858
737 858
662 859
80 862
179 862
521 862
597 862
716 862
183 865
184 865
173 866
55 867
535 867
612 868
220 873
312 874
543 875
92 876
700 877
716 877
173 879
184 880
7 882
135 882
531 884
417 885
179 886
218 886
772 887
185 888
417 889
613 890
112 892
134 893
600 893
657 893
73 894
253 895
841 899
193 900
253 902
794 904
126 905
353 905
161 906
13 907
75 907
174 907
198 907
289 907
349 907
365 907
379 907
490 907
545 907
586 907
591 907
630 907
816 907
865 907
891 907
191 909
9 910
199 911
285 911
28 912
101 914
656 915
57 916
126 916
431 916
432 916
748 916
16 917
565 917
718 917
659 918
53 919
115 919
616 919
14 920
43 921
427 921
667 921
679 921
899 921
749 922
570 923
184 925
152 926
166 926
255 926
635 926
28 927
896 927
143 928
188 928
262 928
281 928
555 928
638 928
843 928
303 929
307 930
514 930
115 931
616 931
505 933
92 934
48 936
656 936
307 937
329 937
345 937
717 937
448 938
161 939
4 940
37 941
220 941
619 941
715 941
145 942
281 942
421 942
638 942
674 942
779 942
784 942
883 942
929 942
557 943
921 943
283 945
381 945
407 946
411 946
208 947
728 947
37 948
780 949
14 950
27 950
156 950
227 950
613 950
721 950
166 951
73 953
479 954
28 955
722 955
912 955
1 956
161 956
719 956
1 957
24 959
160 959
185 959
226 959
358 959
444 959
656 959
786 959
80 960
193 960
452 960
896 961
92 965
35 966
98 966
281 966
338 966
511 966
518 966
173 968
348 970
737 971
779 972
248 973
627 975
841 975
921 975
126 976
580 978
842 979
538 980
959 980
131 982
13 984
379 984
590 984
693 984
840 984
346 986
821 987
27 988
7 989
303 990
276 991
744 991
927 991
277 992
514 992
656 993
959 994
531 995
916 998
721 999
762 1000
230 1002
942 1003
183 1004
837 1004
984 1004
179 1005
984 1006
346 1008
712 1009
14 1011
488 1011
36 1012
13 1016
124 1016
435 1016
520 1017
7 1018
627 1019
73 1021
67 1024
279 1024
166 1025
35 1027
134 1027
657 1027
1027 1028
240 1029
125 1030
570 1034
163 1036
311 1036
319 1036
610 1036
283 1037
381 1037
694 1037
138 1038
409 1038
476 1038
567 1038
984 1038
1036 1038
55 1039
238 1039
508 1039
691 1039
712 1039
1038 1039
55 1042
34 1043
62 1043
225 1043
349 1043
403 1043
408 1043
630 1043
865 1043
889 1043
1038 1043
6 1045
7 1045
66 1045
97 1045
154 1045
169 1045
342 1045
378 1045
532 1045
563 1045
639 1045
861 1045
923 1045
1040 1045
13 1046
81 1046
211 1046
212 1046
317 1046
379 1046
435 1046
512 1046
543 1046
897 1046
964 1046
1004 1046
1038 1046
7 1047
102 1047
304 1047
362 1047
550 1047
759 1047
871 1047
972 1047
1028 1047
353 1048
789 1048
992 1048
62 1049
349 1049
942 1049
907 1051
536 1053
782 1053
1010 1053
73 1054
8 1055
659 1056
433 1057
161 1059
396 1060
471 1060
790 1060
569 1061
862 1063
73 1065
907 1066
126 1067
737 1067
638 1070
459 1071
508 1071
14 1072
174 1072
488 1072
407 1073
411 1073
92 1076
765 1077
877 1077
907 1078
97 1079
264 1079
389 1079
399 1079
429 1079
533 1079
626 1079
877 1079
923 1079
962 1079
166 1082
942 1083
176 1084
248 1084
544 1084
144 1086
194 1087
809 1087
7 1089
588 1089
1045 1089
137 1090
1084 1091
115 1092
505 1092
513 1092
821 1092
919 1092
1023 1092
1060 1092
544 1093
973 1093
546 1094
184 1095
51 1096
662 1096
763 1096
303 1097
238 1098
173 1102
765 1103
794 1104
926 1104
179 1106
512 1108
517 1109
581 1109
1 1110
582 1112
4 1114
223 1115
73 1116
47 1117
438 1117
675 1117
1096 1117
237 1118
64 1119
317 1119
893 1119
161 1121
1 1123
303 1124
120 1125
193 1125
353 1125
1067 1125
383 1126
54 1127
604 1127
851 1127
737 1128
432 1130
188 1131
1 1133
7 1134
8 1134
177 1134
533 1134
293 1136
498 1136
540 1136
694 1137
90 1138
124 1138
92 1140
279 1141
700 1141
877 1141
962 1141
487 1142
12 1143
42 1143
1045 1144
14 1145
613 1145
1 1146
336 1148
947 1148
508 1150
797 1150
531 1151
14 1152
374 1153
533 1153
537 1154
737 1154
290 1156
149 1157
55 1158
331 1158
562 1158
563 1158
811 1158
959 1158
604 1159
620 1159
650 1161
129 1162
765 1163
859 1165
1 1166
268 1166
926 1166
417 1168
105 1169
544 1169
264 1173
471 1173
1112 1178
595 1179
53 1180
505 1180
893 1180
1027 1180
173 1181
477 1182
608 1183
721 1183
950 1183
1043 1184
394 1186
346 1188
126 1189
135 1190
661 1191
565 1192
27 1193
346 1195
151 1196
158 1197
92 1198
124 1200
563 1201
42 1202
272 1203
849 1205
543 1206
279 1208
877 1208
1175 1208
230 1210
65 1212
273 1212
13 1213
793 1213
945 1213
173 1214
381 1215
71 1216
203 1216
571 1216
754 1216
126 1217
286 1217
557 1217
558 1217
1039 1217
1158 1217
1 1218
31 1218
167 1218
353 1218
432 1218
452 1218
498 1218
669 1218
689 1218
1042 1218
1160 1218
1172 1218
383 1219
252 1220
113 1221
252 1221
1129 1221
627 1222
133 1223
486 1223
716 1223
131 1224
361 1224
615 1224
179 1225
627 1226
780 1227
88 1228
487 1228
565 1229
623 1229
182 1230
73 1232
186 1232
254 1232
432 1232
161 1233
205 1233
765 1233
877 1233
466 1235
734 1235
826 1235
1048 1235
1 1237
10 1237
197 1237
7 1238
8 1238
116 1238
238 1238
486 1238
1079 1238
1232 1238
956 1239
567 1240
788 1240
173 1241
1224 1242
14 1244
73 1244
778 1244
184 1246
1143 1247
209 1248
676 1248
1178 1248
898 1249
381 1250
161 1251
172 1251
719 1251
1 1252
9 1252
31 1252
127 1252
224 1252
404 1252
452 1252
537 1252
1164 1252
167 1253
213 1253
311 1253
319 1253
377 1253
703 1253
830 1253
353 1255
992 1255
252 1256
649 1256
780 1256
612 1257
984 1257
253 1259
28 1260
1156 1260
166 1261
73 1262
99 1264
528 1264
680 1264
1052 1264
126 1265
18 1266
613 1266
778 1266
821 1267
942 1267
487 1268
346 1269
1008 1269
35 1270
303 1270
821 1270
966 1270
1027 1270
14 1271
445 1271
595 1271
617 1271
736 1271
781 1271
800 1271
223 1272
381 1272
808 1272
135 1273
981 1273
1080 1273
1212 1273
7 1274
520 1275
101 1277
307 1277
1000 1277
595 1278
148 1279
160 1279
218 1279
452 1279
521 1279
716 1279
1 1281
800 1282
852 1282
907 1282
1072 1282
298 1283
790 1283
1060 1283
1 1285
184 1287
837 1288
4 1290
122 1291
1117 1292
32 1293
76 1293
135 1293
275 1293
280 1293
295 1293
315 1293
368 1293
470 1293
541 1293
569 1293
742 1293
921 1293
956 1293
1069 1293
1121 1293
1190 1293
1194 1293
737 1294
1179 1295
1293 1296
479 1297
613 1297
721 1297
837 1297
531 1298
73 1299
272 1300
360 1301
5 1302
47 1302
139 1302
160 1302
275 1302
295 1302
541 1302
566 1302
701 1302
847 1302
882 1302
1100 1302
1190 1302
1234 1302
620 1303
642 1303
1 1304
67 1305
272 1305
500 1307
754 1308
17 1309
307 1310
73 1311
1230 1311
812 1312
383 1314
1158 1314
55 1315
887 1315
1252 1315
53 1316
98 1316
303 1316
709 1316
942 1316
164 1319
171 1319
718 1319
1229 1319
1047 1320
184 1321
567 1322
417 1323
821 1325
558 1326
1009 1326
1167 1326
1271 1326
370 1329
574 1329
1076 1330
830 1331
561 1332
92 1333
237 1334
223 1335
567 1336
120 1337
637 1337
886 1337
808 1338
576 1339
737 1340
959 1340
533 1341
185 1342
537 1343
659 1344
4 1345
127 1345
161 1345
383 1345
962 1345
651 1346
60 1347
721 1347
1119 1350
981 1351
1212 1351
230 1352
1122 1353
1 1354
23 1354
88 1354
177 1354
353 1354
393 1354
520 1354
570 1354
1045 1354
1079 1354
252 1355
532 1356
16 1357
1338 1357
13 1358
168 1358
1115 1358
1272 1358
1276 1358
293 1360
399 1360
541 1360
732 1362
188 1363
387 1363
724 1363
570 1364
1079 1364
659 1365
1153 1367
162 1368
281 1368
1076 1369
1099 1369
1330 1369
959 1370
531 1371
514 1373
826 1373
7 1374
279 1375
794 1375
962 1375
31 1376
224 1376
272 1376
689 1376
857 1376
1158 1376
1315 1376
297 1377
712 1377
565 1378
167 1379
377 1379
480 1379
703 1379
1041 1379
1113 1379
1122 1379
297 1380
712 1380
202 1381
370 1381
978 1381
92 1382
950 1382
1347 1382
1259 1383
709 1384
574 1385
12 1386
1240 1386
176 1387
293 1387
399 1387
451 1387
609 1387
1010 1387
1186 1387
286 1388
1043 1389
56 1390
151 1390
479 1390
115 1391
515 1391
801 1391
942 1391
67 1392
261 1392
279 1392
372 1392
1154 1392
1252 1392
959 1393
429 1394
558 1394
161 1395
238 1396
301 1396
319 1396
320 1396
553 1396
602 1396
1038 1396
1139 1396
487 1397
26 1398
124 1398
289 1398
891 1398
1396 1399
841 1403
184 1404
1293 1406
728 1407
1258 1407
533 1408
613 1410
890 1410
1044 1411
235 1412
864 1412
179 1413
13 1417
90 1417
1138 1417
1360 1418
429 1419
604 1419
5 1422
6 1422
53 1422
66 1422
92 1422
131 1422
264 1422
376 1422
391 1422
492 1422
497 1422
501 1422
532 1422
626 1422
716 1422
861 1422
906 1422
923 1422
959 1422
1024 1422
1089 1422
1144 1422
1187 1422
1274 1422
1324 1422
709 1423
570 1424
1422 1424
671 1427
927 1427
14 1428
68 1428
252 1429
684 1429
779 1429
801 1429
1384 1429
112 1430
174 1430
211 1430
455 1430
589 1430
736 1430
1282 1430
1216 1432
1308 1432
45 1433
67 1433
103 1433
190 1433
197 1433
838 1433
940 1433
970 1433
1048 1433
1050 1433
1114 1433
1290 1433
1345 1433
1084 1434
7 1435
89 1435
133 1435
175 1435
228 1435
286 1435
314 1435
341 1435
343 1435
444 1435
483 1435
487 1435
497 1435
510 1435
535 1435
621 1435
651 1435
679 1435
686 1435
695 1435
776 1435
786 1435
804 1435
905 1435
916 1435
994 1435
1067 1435
1074 1435
1088 1435
1096 1435
1120 1435
1156 1435
1217 1435
1345 1435
1387 1435
65 1436
1273 1436
323 1437
646 1437
1204 1437
659 1439
1 1440
268 1440
794 1440
926 1440
318 1441
331 1441
350 1441
9 1442
712 1442
935 1442
1039 1442
1096 1443
1117 1443
855 1444
1045 1445
138 1446
146 1446
567 1446
574 1446
595 1446
654 1446
1039 1446
1098 1446
1108 1446
1396 1446
1 1447
1123 1447
10 1449
1089 1449
7 1450
158 1450
362 1450
550 1450
766 1450
946 1450
972 1450
1197 1450
1270 1450
9 1451
238 1451
384 1451
558 1451
570 1451
691 1451
1038 1451
1217 1451
1422 1451
428 1452
465 1452
481 1452
702 1452
728 1452
902 1452
12 1453
155 1454
498 1454
1208 1454
1375 1454
1179 1455
186 1456
487 1456
82 1457
390 1457
893 1457
1350 1457
131 1458
1 1459
161 1459
696 1460
997 1460
1317 1460
370 1461
179 1462
647 1463
935 1463
1039 1463
1394 1463
1451 1463
184 1464
627 1466
637 1467
886 1467
1128 1467
73 1469
258 1470
557 1470
689 1470
1293 1470
1043 1471
487 1472
238 1473
1302 1474
1218 1475
39 1476
185 1476
651 1476
663 1476
1339 1476
475 1477
805 1477
831 1478
411 1480
111 1481
988 1482
737 1483
604 1484
1422 1485
99 1486
947 1486
1452 1486
1132 1487
1117 1488
1421 1491
4 1492
55 1492
148 1492
193 1492
312 1492
541 1492
631 1492
862 1492
960 1492
1345 1492
1433 1492
73 1493
122 1494
143 1495
262 1495
555 1495
1356 1495
1252 1496
1354 1496
15 1497
1363 1497
8 1498
29 1500
289 1500
390 1500
505 1500
893 1500
1143 1500
1313 1500
1350 1500
1027 1502
1047 1502
1 1503
240 1503
765 1504
92 1505
92 1506
303 1507
381 1509
111 1510
813 1510
4 1512
348 1512
303 1513
513 1514
600 1514
1092 1514
1500 1514
1293 1516
223 1517
808 1517
73 1518
122 1519
346 1519
1187 1520
1387 1521
1460 1522
184 1523
574 1523
4 1524
959 1525
151 1526
479 1526
765 1527
135 1531
161 1532
1302 1532
179 1533
73 1534
92 1535
126 1536
127 1536
1247 1537
1293 1538
171 1539
917 1539
13 1541
947 1542
1148 1542
13 1543
62 1543
210 1543
211 1543
379 1543
516 1543
736 1543
840 1543
1064 1543
1078 1543
1446 1543
514 1544
1354 1544
244 1546
1337 1546
1452 1547
127 1548
1042 1549
83 1551
191 1551
537 1551
909 1551
36 1552
209 1552
582 1552
1284 1553
1337 1553
604 1554
1484 1554
520 1555
1484 1556
1460 1557
1386 1558
126 1559
179 1561
86 1562
570 1562
700 1562
716 1562
1077 1562
1233 1562
1469 1564
184 1565
472 1565
721 1565
126 1566
414 1569
683 1569
825 1569
903 1569
1357 1569
718 1570
567 1572
1460 1573
907 1574
1293 1575
18 1576
60 1576
169 1578
284 1578
1045 1579
1422 1579
179 1581
1387 1582
161 1583
1422 1585
1477 1585
132 1586
237 1587
154 1588
1420 1588
627 1589
184 1590
129 1592
185 1594
487 1595
1260 1596
4 1597
401 1597
487 1597
1433 1597
223 1598
1219 1599
67 1600
399 1600
429 1600
633 1600
1203 1600
1300 1600
1305 1600
1392 1600
1433 1600
1084 1601
7 1602
8 1602
116 1602
1388 1602
184 1603
1108 1605
81 1606
713 1607
9 1609
217 1609
852 1609
1072 1609
92 1610
950 1610
1145 1610
1266 1610
56 1611
798 1611
7 1612
519 1612
1305 1612
1345 1612
1536 1612
1560 1612
942 1614
65 1615
1273 1615
305 1616
1092 1616
1092 1617
18 1618
613 1618
721 1618
1076 1618
1330 1618
1396 1619
1451 1620
228 1621
233 1621
501 1621
710 1621
714 1621
729 1621
814 1621
958 1621
1107 1621
1448 1621
1493 1621
1433 1622
1 1623
312 1623
429 1623
669 1623
698 1623
787 1623
1039 1623
1302 1623
1360 1623
1042 1624
167 1625
459 1625
932 1625
1354 1625
1 1628
794 1628
926 1628
1256 1629
188 1630
173 1631
1293 1634
1435 1635
346 1638
563 1639
563 1640
92 1641
346 1642
115 1643
219 1644
381 1644
1 1645
1602 1646
75 1647
131 1647
1062 1647
1216 1647
1308 1647
1435 1648
31 1649
116 1649
160 1649
224 1649
452 1649
857 1649
1039 1649
1105 1649
1158 1649
12 1651
1543 1651
1460 1652
1615 1654
533 1655
131 1656
1 1657
429 1657
689 1657
857 1657
1160 1657
1293 1657
1360 1657
1451 1657
7 1658
171 1659
864 1659
917 1659
1115 1659
1215 1659
1272 1659
1307 1659
1338 1659
1431 1659
1509 1659
1517 1659
3 1660
231 1660
318 1660
350 1660
824 1660
1077 1660
93 1661
854 1661
559 1663
728 1663
101 1664
1621 1664
303 1665
1355 1667
120 1668
599 1669
732 1670
14 1671
270 1672
364 1672
413 1672
539 1672
660 1672
1176 1672
1185 1672
1401 1672
1422 1672
1662 1672
1084 1673
164 1674
1093 1675
36 1676
184 1676
574 1676
1446 1677
1264 1678
173 1679
862 1680
1600 1680
1623 1682
1435 1683
1328 1684
56 1685
516 1685
477 1686
4 1687
1622 1687
312 1688
928 1690
7 1691
715 1693
1038 1693
1043 1693
1046 1693
1543 1693
126 1694
570 1695
523 1697
595 1697
1381 1698
483 1700
1435 1700
1229 1701
1243 1701
1250 1701
1272 1701
1307 1701
1338 1701
431 1702
748 1702
1476 1702
1043 1703
1671 1703
73 1704
141 1705
917 1707
890 1708
264 1709
1662 1709
194 1710
346 1710
381 1710
467 1710
907 1710
1661 1712
595 1714
1437 1716
126 1717
330 1717
1435 1717
179 1718
160 1719
167 1719
637 1719
770 1719
858 1719
960 1719
1067 1719
1625 1719
13 1720
367 1720
380 1720
435 1720
516 1720
543 1720
1605 1720
115 1721
459 1722
487 1722
514 1722
520 1722
647 1722
1235 1722
1255 1722
1310 1722
565 1723
1539 1723
959 1724
195 1725
55 1727
1252 1727
1030 1728
184 1729
26 1730
44 1730
174 1730
180 1730
303 1730
332 1730
408 1730
809 1730
816 1730
849 1730
865 1730
944 1730
1051 1730
1400 1730
505 1731
893 1731
1247 1731
1446 1731
47 1732
291 1732
293 1732
399 1732
430 1732
520 1732
526 1732
583 1732
827 1732
952 1732
1208 1732
1233 1732
1252 1732
1312 1732
1540 1732
1689 1732
1337 1733
4 1735
433 1735
191 1736
1551 1736
1045 1737
1422 1737
421 1738
942 1738
120 1739
498 1742
1551 1742
813 1743
122 1744
567 1744
623 1744
1119 1744
1674 1744
1720 1744
1343 1745
1134 1747
1238 1747
1422 1747
1625 1747
615 1748
129 1749
1666 1749
1 1750
176 1752
248 1752
544 1752
901 1752
973 1752
1673 1752
14 1753
185 1754
612 1755
1046 1755
1108 1755
1119 1755
1731 1755
671 1756
927 1756
73 1758
106 1758
141 1758
154 1758
254 1758
432 1758
487 1758
625 1758
656 1758
841 1758
851 1758
1096 1758
1422 1759
681 1760
13 1761
90 1761
435 1761
479 1761
619 1761
73 1763
622 1764
73 1765
173 1766
1 1767
1256 1768
996 1769
1162 1769
1252 1770
1470 1770
1398 1771
608 1772
950 1772
1047 1773
1514 1773
852 1774
1072 1774
1032 1775
737 1776
1158 1777
29 1778
64 1778
82 1778
7 1779
1758 1779
4 1782
214 1782
533 1783
1084 1785
14 1786
1218 1788
841 1789
567 1790
788 1790
959 1791
1435 1791
27 1792
514 1794
223 1795
179 1796
188 1797
202 1797
209 1797
516 1797
1302 1798
1446 1800
279 1801
76 1802
105 1802
167 1802
275 1802
454 1802
856 1802
969 1802
1029 1802
1501 1802
1503 1802
1530 1802
1675 1802
435 1803
135 1804
101 1805
1621 1805
90 1806
124 1806
1376 1807
764 1810
1235 1810
1460 1811
73 1813
562 1813
1314 1813
1568 1813
1808 1813
981 1814
1351 1814
1460 1816
75 1817
516 1817
1062 1817
1647 1817
1815 1817
53 1818
303 1818
801 1818
942 1818
179 1819
576 1820
177 1821
486 1821
570 1821
1372 1821
1253 1822
1379 1822
1565 1822
1096 1823
638 1824
843 1824
845 1824
827 1825
92 1827
215 1829
1072 1829
487 1830
498 1831
112 1832
567 1832
1543 1832
30 1834
678 1834
755 1834
962 1834
1354 1834
1585 1834
1602 1834
1639 1834
1031 1835
1817 1835
161 1836
570 1836
844 1836
1045 1836
1360 1836
1387 1836
1422 1836
1454 1836
1562 1836
1600 1836
1825 1836
868 1837
709 1839
801 1839
821 1839
966 1839
13 1841
1053 1842
1360 1842
1732 1842
1825 1842
595 1843
557 1844
661 1845
305 1846
1047 1846
1179 1847
1802 1848
1565 1849
1821 1849
612 1851
1500 1851
1092 1852
16 1853
1539 1853
1707 1853
96 1854
1396 1855
279 1856
1024 1856
1223 1856
1422 1856
1441 1856
862 1857
1252 1858
1701 1859
215 1860
852 1860
1012 1860
1072 1860
1451 1860
1461 1860
960 1861
1435 1861
1719 1861
1473 1862
17 1863
1286 1863
1435 1864
285 1865
684 1865
751 1866
612 1867
822 1868
836 1868
1433 1868
1035 1869
1686 1869
1096 1870
92 1871
1302 1872
1023 1873
727 1874
1720 1874
1600 1875
111 1876
1119 1877
1653 1877
1778 1877
279 1879
1390 1880
1136 1881
1437 1882
205 1883
1463 1883
1722 1883
432 1884
573 1884
21 1885
94 1885
167 1885
251 1885
474 1885
520 1885
562 1885
716 1885
811 1885
824 1885
1126 1885
1345 1885
1599 1885
915 1886
557 1887
1660 1887
184 1888
459 1890
1430 1891
253 1892
1383 1892
1452 1892
245 1893
272 1893
487 1893
1048 1893
1402 1893
806 1894
824 1894
1077 1894
1887 1894
1177 1895
141 1896
186 1896
254 1896
625 1896
1354 1896
62 1897
212 1897
238 1897
317 1897
505 1897
516 1897
545 1897
590 1897
868 1897
893 1897
1068 1897
1446 1897
1453 1897
1755 1897
1877 1897
1338 1898
1357 1898
448 1899
531 1901
122 1903
1088 1904
498 1905
417 1906
586 1906
252 1907
1129 1907
166 1908
216 1908
255 1908
439 1908
469 1908
794 1908
848 1908
1104 1908
1409 1908
1440 1908
1864 1908
7 1909
366 1909
1477 1909
1779 1909
115 1910
252 1910
298 1910
616 1910
1060 1910
1176 1911
160 1912
193 1912
786 1912
1067 1912
1492 1912
1861 1912
779 1913
1293 1914
1414 1914
80 1915
193 1915
353 1915
452 1915
1067 1915
1492 1915
1597 1915
1861 1915
487 1916
309 1917
354 1917
559 1917
252 1920
761 1920
1060 1920
1096 1921
1117 1921
1824 1922
787 1923
1376 1923
949 1924
1565 1925
1849 1925
765 1926
190 1928
1479 1928
1777 1928
131 1929
788 1930
1510 1930
1627 1930
595 1931
1396 1931
346 1932
1719 1934
1084 1935
79 1936
531 1936
309 1937
745 1937
1452 1937
1678 1937
137 1938
154 1939
487 1939
124 1940
846 1941
1094 1941
1930 1941
7 1942
8 1942
126 1942
238 1942
363 1942
1388 1942
1446 1942
1646 1942
1834 1942
417 1943
1730 1944
89 1945
141 1945
1660 1945
1781 1945
92 1946
656 1947
1828 1947
1886 1947
209 1948
370 1948
574 1948
1774 1948
519 1949
1600 1949
1284 1950
1044 1951
135 1952
240 1952
459 1953
746 1953
1177 1953
1416 1953
1813 1954
821 1955
4 1956
5 1956
6 1956
66 1956
97 1956
118 1956
264 1956
342 1956
399 1956
429 1956
508 1956
959 1956
962 1956
1238 1956
1252 1956
1354 1956
1364 1956
1392 1956
1562 1956
1602 1956
1672 1956
1836 1956
451 1957
662 1957
827 1957
1165 1957
202 1958
1224 1958
475 1959
805 1959
1909 1959
907 1961
106 1962
427 1962
432 1962
851 1962
1354 1962
1909 1962
1117 1963
613 1964
215 1965
387 1965
1036 1965
1253 1965
1565 1965
281 1966
674 1966
987 1966
1049 1966
1092 1966
1289 1966
1325 1966
1839 1966
1955 1966
417 1967
1043 1967
1730 1967
8 1969
978 1970
416 1971
659 1971
1176 1972
1672 1972
1060 1973
1129 1973
1245 1973
1667 1973
14 1974
488 1974
595 1974
1829 1974
12 1975
42 1975
112 1975
1247 1975
1053 1976
215 1977
217 1977
1012 1977
1072 1977
1676 1977
1948 1977
1136 1978
186 1979
184 1981
1036 1981
173 1982
653 1983
1092 1983
383 1984
1885 1984
489 1986
1030 1986
557 1987
941 1988
1481 1989
73 1991
319 1992
377 1992
643 1992
703 1992
817 1992
1113 1992
1822 1992
1863 1992
1965 1992
801 1993
821 1993
230 1994
135 1995
184 1996
676 1997
1178 1997
1264 1998
1663 1998
73 1999
1460 2000
992 2001
1587 2001
14 2002
203 2002
721 2002
1301 2002
909 2003
681 2004
1387 2004
1760 2004
620 2005
1923 2005
1293 2007
1224 2008
172 2009
614 2010
184 2011
523 2011
574 2011
595 2011
533 2012
588 2013
1089 2013
126 2014
1435 2014
202 2015
479 2015
724 2015
1 2016
31 2016
127 2016
224 2016
404 2016
432 2016
452 2016
537 2016
689 2016
823 2016
857 2016
1020 2016
1160 2016
1315 2016
1475 2016
1746 2016
1788 2016
1956 2016
210 2017
1672 2018
1 2020
263 2021
1238 2021
1893 2021
184 2022
1321 2022
651 2023
1702 2023
336 2024
1033 2025
1591 2025
1552 2026
1224 2027
184 2028
297 2028
488 2028
574 2028
712 2028
1609 2028
1829 2028
1977 2028
616 2029
1023 2029
1617 2029
1983 2029
179 2030
599 2031
830 2032
788 2033
1046 2033
1720 2033
1743 2033
471 2034
790 2034
64 2035
74 2035
75 2035
385 2035
612 2035
1143 2035
179 2036
1581 2036
360 2037
928 2037
1495 2037
656 2038
268 2039
1960 2040
185 2041
576 2041
101 2042
271 2042
352 2042
1065 2042
1302 2042
1435 2042
1621 2042
7 2043
1422 2043
67 2044
160 2044
190 2044
498 2044
537 2044
838 2044
940 2044
1079 2044
1101 2044
1492 2044
1597 2044
1669 2044
2031 2044
48 2045
291 2045
399 2045
1010 2045
1521 2045
1760 2045
184 2046
55 2047
509 2048
1302 2048
161 2049
794 2049
349 2050
36 2051
488 2051
1326 2051
1613 2051
1822 2051
1965 2051
289 2052
317 2052
590 2052
893 2052
1038 2052
1068 2052
1135 2052
1446 2052
1877 2052
1897 2052
1451 2053
149 2054
725 2054
346 2055
567 2055
623 2055
907 2055
1108 2055
1119 2055
959 2056
1435 2056
1600 2056
1526 2057
1337 2058
81 2059
156 2060
69 2061
163 2061
238 2061
301 2061
311 2061
472 2061
610 2061
1038 2061
1404 2061
1822 2061
1931 2061
1238 2062
1293 2063
1970 2064
92 2065
122 2065
199 2065
346 2065
417 2065
567 2065
623 2065
907 2065
1319 2065
1720 2065
1784 2065
1897 2065
367 2066
1240 2066
1605 2066
1874 2066
1302 2067
1626 2068
752 2069
346 2070
12 2071
1543 2071
1720 2071
2066 2071
353 2072
1238 2072
1435 2072
407 2073
779 2073
1047 2073
845 2074
1070 2074
1209 2074
1690 2074
1922 2074
1345 2076
1536 2076
1560 2076
1600 2076
385 2077
547 2077
619 2077
730 2077
865 2077
1143 2077
1318 2077
92 2078
1435 2080
33 2081
80 2081
127 2081
179 2081
197 2081
773 2081
786 2081
863 2081
1081 2081
1154 2081
1284 2081
1294 2081
1483 2081
1553 2081
1069 2083
1293 2083
383 2084
498 2085
73 2086
613 2087
1141 2088
1345 2088
1836 2088
2049 2088
54 2089
1758 2089
1909 2089
853 2090
977 2090
1117 2093
514 2094
173 2095
574 2096
1329 2096
122 2097
346 2097
349 2097
942 2097
156 2098
731 2098
1576 2098
1326 2099
937 2100
1048 2100
80 2101
160 2101
193 2101
197 2101
1861 2101
1817 2103
92 2104
1415 2104
172 2105
1435 2106
312 2107
75 2108
82 2108
612 2108
1143 2108
489 2109
988 2109
1030 2109
92 2110
112 2111
1271 2111
1543 2111
27 2112
171 2112
202 2113
209 2113
1216 2113
737 2114
960 2114
2056 2114
2081 2114
991 2115
1156 2115
299 2116
475 2118
805 2118
1585 2118
1224 2120
459 2121
574 2122
1300 2122
1625 2122
1492 2123
2101 2123
1730 2124
122 2125
1048 2126
1337 2127
156 2128
809 2129
837 2129
336 2130
650 2130
1264 2130
1937 2130
765 2132
1460 2133
348 2134
2044 2134
173 2135
396 2136
1060 2136
1129 2136
794 2137
779 2138
11 2139
184 2139
1849 2139
303 2140
1730 2141
1089 2142
1460 2143
184 2144
1893 2145
1380 2146
73 2147
862 2148
1600 2148
516 2149
749 2149
1216 2149
1308 2149
1230 2150
1719 2151
76 2152
100 2152
566 2152
901 2152
1029 2152
1281 2152
1503 2152
1848 2152
1918 2152
184 2153
1849 2153
2139 2153
17 2154
709 2155
821 2155
3 2156
318 2156
824 2156
92 2157
725 2157
854 2157
2054 2157
956 2158
312 2159
557 2159
252 2161
1043 2162
281 2163
518 2163
784 2163
809 2163
987 2163
1049 2163
1614 2163
1839 2163
1033 2165
1387 2166
659 2167
1053 2169
13 2171
168 2171
237 2172
828 2173
1231 2173
1730 2173
49 2175
346 2175
623 2175
1043 2175
1108 2175
1319 2175
1730 2175
1045 2176
13 2178
2131 2178
2160 2178
1108 2179
1720 2179
557 2180
1044 2180
1079 2181
1223 2181
1422 2181
7 2182
119 2182
134 2182
362 2182
550 2182
759 2182
1452 2183
208 2184
1452 2184
1542 2184
546 2186
612 2186
907 2186
1043 2186
1398 2186
1731 2186
1941 2186
2052 2186
790 2187
520 2188
1500 2189
520 2190
1514 2191
926 2192
487 2193
1387 2195
1760 2195
557 2196
7 2197
1178 2198
1869 2199
927 2200
1853 2201
12 2202
60 2202
73 2202
147 2202
238 2202
239 2202
410 2202
473 2202
478 2202
503 2202
567 2202
570 2202
613 2202
615 2202
721 2202
749 2202
982 2202
1031 2202
1075 2202
1515 2202
1528 2202
1647 2202
1656 2202
1703 2202
1730 2202
1744 2202
1795 2202
1889 2202
1929 2202
2055 2202
2061 2202
2149 2202
2164 2202
1422 2203
237 2204
514 2204
574 2205
595 2205
2194 2205
252 2206
305 2206
660 2206
2010 2206
1802 2207
842 2208
1407 2209
659 2210
37 2211
260 2211
529 2211
809 2211
801 2212
381 2213
694 2213
1659 2213
2171 2213
1271 2214
7 2215
1720 2216
1252 2218
124 2219
41 2220
126 2220
331 2220
425 2220
1672 2221
42 2222
479 2222
736 2222
1655 2223
1 2224
1908 2224
53 2226
349 2226
726 2226
1047 2226
1356 2226
1617 2226
1637 2226
1741 2226
2191 2226
303 2227
439 2228
7 2229
73 2229
487 2229
656 2229
1127 2229
1158 2229
1354 2229
1422 2229
1639 2229
1640 2229
1758 2229
155 2230
498 2230
1208 2230
1375 2230
1836 2230
1896 2230
459 2231
514 2231
642 2231
67 2233
1600 2233
1612 2233
2076 2233
65 2234
981 2234
659 2235
1329 2236
1219 2237
1417 2238
73 2240
14 2241
68 2241
533 2242
188 2243
370 2243
582 2243
959 2244
51 2245
272 2245
1492 2245
339 2246
570 2246
346 2247
381 2248
1213 2248
346 2249
659 2249
238 2250
1755 2250
1874 2250
2055 2250
2175 2250
89 2251
127 2251
148 2251
160 2251
452 2251
716 2251
1551 2251
435 2252
161 2253
1134 2254
1218 2254
1238 2254
1442 2254
2016 2254
1460 2255
348 2256
1433 2256
580 2257
1381 2257
1970 2257
2243 2257
889 2258
1348 2258
1389 2258
1446 2258
1703 2258
1902 2258
2065 2258
2175 2258
1 2259
981 2259
1417 2260
309 2261
680 2261
1826 2261
1272 2262
1517 2262
498 2263
230 2266
941 2267
780 2268
634 2269
14 2270
18 2270
168 2270
613 2270
367 2271
516 2271
1605 2271
92 2272
1337 2273
1573 2274
543 2275
1206 2275
1293 2276
272 2278
1310 2278
1379 2279
1053 2280
1396 2281
1 2282
1469 2283
131 2284
516 2284
1308 2284
1119 2285
1500 2285
1227 2286
467 2287
809 2287
1030 2288
531 2290
487 2291
557 2292
1230 2293
1802 2294
2177 2294
570 2295
1045 2295
1422 2295
1956 2295
80 2296
728 2297
372 2298
728 2298
1015 2298
2184 2298
184 2299
84 2300
183 2300
184 2300
1200 2300
520 2301
195 2302
2191 2302
2226 2302
348 2303
940 2303
1345 2303
1956 2303
2031 2303
133 2304
716 2304
932 2304
1856 2304
2181 2304
392 2305
600 2305
766 2305
809 2305
933 2305
1480 2305
1543 2305
1731 2305
1734 2305
1773 2305
264 2306
539 2306
684 2306
779 2306
966 2306
1672 2306
1938 2306
515 2308
1092 2308
1368 2308
1391 2309
2102 2309
1089 2310
1088 2312
2119 2313
541 2314
303 2315
1216 2317
1308 2317
137 2318
855 2318
1381 2320
61 2321
188 2321
516 2321
1301 2321
2037 2321
220 2322
1992 2323
1281 2324
1501 2324
1675 2324
907 2325
54 2326
126 2326
185 2326
294 2326
1431 2327
1659 2327
2202 2328
1176 2329
1442 2330
1279 2331
1548 2331
1 2333
346 2335
2051 2336
2061 2336
2118 2338
1258 2339
1452 2339
1917 2339
2209 2339
2298 2339
303 2341
349 2341
2163 2341
346 2342
659 2342
253 2343
1383 2343
1452 2343
607 2344
612 2345
1778 2345
1834 2346
2118 2346
309 2347
1998 2347
1956 2348
498 2349
184 2350
797 2351
805 2351
694 2352
825 2352
384 2353
51 2354
160 2354
272 2354
570 2354
661 2354
805 2354
1127 2354
1492 2354
2089 2354
2326 2354
8 2355
161 2357
574 2358
627 2359
1660 2359
557 2360
921 2360
126 2361
788 2362
1366 2362
1510 2362
1941 2362
531 2363
780 2363
220 2364
715 2364
2267 2364
1430 2365
2344 2365
72 2366
793 2366
945 2366
1213 2366
2248 2366
885 2367
307 2368
514 2368
1337 2370
1435 2371
546 2372
1481 2372
1510 2372
747 2373
805 2373
1953 2373
184 2374
2061 2374
2205 2374
1293 2375
2083 2375
179 2376
1176 2377
309 2379
1998 2379
2339 2379
1908 2380
188 2381
412 2381
2363 2381
1125 2382
1912 2382
1915 2382
2101 2382
1224 2385
2217 2385
1286 2386
1863 2386
574 2387
595 2387
13 2389
435 2389
619 2389
432 2390
1293 2390
1732 2391
166 2392
197 2393
27 2394
1307 2394
2112 2394
73 2395
721 2396
613 2397
1964 2397
567 2398
1046 2398
1627 2398
173 2399
394 2400
1387 2400
1179 2401
788 2402
1627 2402
1720 2402
53 2403
515 2403
928 2403
2029 2403
2308 2403
26 2404
289 2404
545 2404
591 2404
1906 2404
2065 2404
2186 2404
2325 2404
709 2405
779 2405
1938 2405
604 2406
237 2408
805 2409
1953 2409
868 2410
1732 2411
85 2412
230 2412
644 2412
860 2412
872 2412
1055 2412
1134 2412
1425 2412
1498 2412
1602 2412
1640 2412
1942 2412
1969 2412
2355 2412
2369 2412
303 2413
966 2413
520 2415
1032 2416
520 2417
1419 2417
737 2420
776 2420
1719 2420
2081 2420
2148 2420
1433 2421
1179 2422
1422 2423
92 2424
1112 2424
1997 2424
2269 2424
1386 2425
1256 2426
1768 2426
959 2427
1 2428
185 2429
1769 2430
2082 2430
37 2431
527 2433
1109 2433
2109 2433
1451 2434
230 2435
16 2436
1539 2436
1659 2436
1707 2436
570 2437
1045 2437
176 2438
291 2438
609 2438
1010 2438
1435 2438
1521 2438
1760 2438
1908 2439
729 2440
1621 2440
15 2442
203 2442
417 2442
2108 2442
938 2443
1211 2443
2319 2443
17 2444
595 2444
1802 2445
1 2446
119 2447
362 2447
1818 2447
527 2448
627 2450
84 2451
479 2451
619 2451
865 2451
1288 2451
459 2452
932 2452
1125 2452
1747 2452
2016 2452
1238 2453
1252 2453
1442 2453
1463 2453
608 2454
965 2454
1183 2454
1506 2454
1885 2455
1248 2456
1997 2456
2269 2456
1567 2457
7 2458
280 2458
368 2458
402 2458
847 2458
1174 2458
1511 2458
1531 2458
1532 2458
1952 2458
199 2460
911 2460
67 2461
737 2461
1604 2461
276 2462
290 2462
912 2462
927 2462
959 2462
1435 2462
73 2463
1493 2463
595 2464
133 2465
175 2465
238 2465
497 2465
520 2465
691 2465
805 2465
910 2465
1039 2465
1079 2465
1326 2465
1442 2465
1446 2465
1463 2465
1623 2465
1747 2465
2072 2465
2269 2465
2289 2465
37 2466
385 2466
1761 2466
34 2467
212 2467
403 2467
630 2467
1038 2467
1348 2467
1693 2467
1703 2467
380 2468
516 2468
1108 2468
1446 2468
1605 2468
2055 2468
1047 2469
7 2470
389 2470
151 2471
1016 2471
1806 2471
2238 2471
184 2472
498 2473
537 2473
685 2473
1042 2473
1392 2473
1732 2473
1858 2473
1885 2473
515 2474
2182 2474
2447 2474
1950 2475
417 2476
907 2476
2404 2476
7 2477
1420 2478
2118 2478
99 2479
309 2479
680 2479
745 2479
1148 2479
1438 2479
1452 2479
1678 2479
1713 2479
1998 2479
2130 2479
324 2480
579 2480
1306 2480
1376 2480
1479 2480
1808 2480
1954 2480
7 2482
1079 2482
141 2483
627 2483
960 2483
1300 2483
1585 2483
1625 2483
1759 2483
1949 2483
1992 2483
2225 2483
2338 2483
2346 2483
1084 2484
1802 2484
2152 2484
348 2486
2194 2487
2205 2487
184 2488
574 2488
811 2489
1314 2489
4 2490
1495 2491
1224 2492
1 2493
366 2493
537 2493
685 2493
1022 2493
1392 2493
1492 2493
1770 2493
1858 2493
1956 2493
2254 2493
801 2494
2163 2494
173 2495
89 2496
383 2496
809 2496
17 2497
92 2498
595 2499
55 2500
161 2501
765 2501
384 2502
514 2503
1000 2503
1293 2504
2077 2505
1781 2506
1945 2506
57 2507
58 2507
63 2507
230 2507
269 2507
292 2507
432 2507
506 2507
570 2507
708 2507
802 2507
1117 2507
1153 2507
1171 2507
1341 2507
1405 2507
1408 2507
1783 2507
1956 2507
2265 2507
2481 2507
471 2508
548 2508
646 2508
1444 2508
2206 2508
262 2509
396 2509
1026 2509
1221 2509
2136 2509
1252 2510
2473 2510
2493 2510
130 2511
1593 2511
1125 2512
1912 2512
2101 2512
1293 2513
2048 2513
2383 2514
92 2515
656 2516
369 2517
511 2517
779 2517
784 2517
809 2517
1092 2517
1325 2517
1423 2517
1692 2517
2050 2517
2155 2517
959 2518
179 2519
2182 2520
627 2521
1739 2522
2081 2522
277 2523
2001 2523
1922 2524
13 2525
34 2525
62 2525
198 2525
317 2525
379 2525
512 2525
590 2525
897 2525
964 2525
1004 2525
1699 2525
1832 2525
2216 2525
2277 2525
680 2526
1998 2526
2347 2526
1132 2527
1229 2527
1272 2527
1517 2527
520 2528
126 2529
176 2529
430 2529
536 2529
878 2529
913 2529
1163 2529
1254 2529
1842 2529
2400 2529
173 2530
1838 2531
7 2532
389 2532
1232 2534
1896 2534
264 2535
344 2535
471 2535
616 2535
2206 2535
184 2536
753 2537
184 2539
2061 2539
10 2541
1672 2542
421 2543
443 2544
495 2544
718 2544
1659 2544
1701 2544
1898 2544
2394 2544
2448 2544
2527 2544
68 2545
359 2545
529 2545
567 2545
801 2545
1043 2545
1049 2545
1543 2545
2466 2545
2525 2545
179 2546
960 2546
1238 2547
1722 2547
7 2549
1079 2549
1223 2549
1422 2549
963 2550
1258 2550
2184 2550
336 2551
947 2551
1264 2551
2479 2551
1206 2552
487 2554
1167 2555
1463 2555
1607 2556
273 2557
981 2557
1212 2557
1814 2557
7 2558
570 2558
803 2558
1039 2558
1150 2558
515 2559
2182 2559
1252 2560
184 2561
574 2561
14 2562
488 2562
610 2562
1253 2562
1396 2562
2061 2562
1500 2563
1851 2563
13 2564
198 2564
367 2564
435 2564
1064 2564
1240 2564
1605 2564
1874 2564
2216 2564
312 2565
557 2565
520 2566
348 2567
1433 2567
1730 2569
1047 2570
1450 2570
73 2571
1885 2572
2455 2572
567 2573
1043 2573
1046 2573
1897 2573
959 2574
1622 2575
883 2576
942 2576
220 2577
1571 2577
16 2578
443 2578
489 2578
2448 2578
632 2579
2178 2579
1572 2580
2398 2580
2402 2580
112 2581
1247 2581
56 2582
1611 2582
2202 2583
158 2584
362 2584
392 2584
946 2584
1073 2584
2073 2584
353 2585
459 2585
475 2585
2304 2585
2452 2585
185 2587
520 2589
1001 2589
596 2591
1463 2591
161 2592
1175 2592
1293 2592
2049 2592
184 2593
276 2594
2024 2594
1039 2595
1158 2595
1223 2595
2304 2595
7 2596
1758 2596
1909 2596
286 2597
489 2598
1854 2599
574 2600
1036 2600
570 2602
805 2602
1585 2602
1909 2602
1421 2603
161 2604
794 2604
926 2604
336 2605
1937 2605
2209 2605
2261 2605
2339 2605
2379 2605
2479 2605
1477 2606
2118 2606
2122 2606
303 2607
1730 2608
184 2609
2336 2609
303 2610
330 2613
1435 2613
102 2614
1047 2614
1625 2615
2304 2615
2585 2615
154 2616
1420 2616
1588 2616
2076 2616
2478 2616
1956 2617
531 2618
1936 2618
1030 2619
272 2620
485 2620
487 2620
54 2621
184 2621
353 2621
384 2621
797 2621
960 2621
1223 2621
1300 2621
1585 2621
1719 2621
1885 2621
1992 2621
2016 2621
322 2622
53 2623
843 2623
565 2625
252 2626
1220 2626
215 2627
852 2627
1011 2627
1072 2627
1461 2627
1676 2627
73 2628
179 2629
4 2630
432 2631
1407 2632
2339 2632
418 2633
1868 2633
73 2634
7 2635
570 2635
1232 2635
1446 2635
1849 2635
1925 2635
28 2636
73 2637
152 2638
170 2638
985 2638
1007 2638
1166 2638
2020 2638
217 2639
1012 2639
2028 2639
2051 2639
959 2640
531 2641
197 2642
71 2643
168 2643
206 2643
473 2643
613 2643
924 2643
1398 2643
1656 2643
1730 2643
1744 2643
1866 2643
1889 2643
1929 2643
2065 2643
2149 2643
2284 2643
124 2644
289 2644
591 2644
865 2644
944 2644
1231 2644
2202 2644
2643 2644
1470 2645
68 2646
435 2646
530 2646
793 2646
1644 2646
1600 2647
1949 2647
2076 2647
279 2648
765 2648
877 2648
1223 2648
1562 2648
1732 2648
1894 2648
160 2649
1393 2649
2331 2649
765 2650
273 2651
1212 2651
73 2652
135 2652
960 2652
1125 2652
1279 2652
1433 2652
1719 2652
2044 2652
2101 2652
2649 2652
381 2653
360 2654
312 2655
753 2655
474 2656
655 2656
811 2656
1126 2656
1219 2656
1280 2656
1345 2656
1833 2656
533 2657
303 2658
1593 2658
1422 2659
1045 2660
220 2661
67 2662
190 2662
214 2662
498 2662
940 2662
1048 2662
1079 2662
1114 2662
1293 2662
1345 2662
1669 2662
1735 2662
2031 2662
2303 2662
1421 2663
349 2664
616 2664
726 2664
893 2664
1047 2664
1356 2664
2302 2664
557 2665
1441 2665
1660 2665
1885 2665
749 2666
1224 2666
1308 2666
1748 2666
2068 2666
2202 2666
1621 2667
167 2668
1600 2668
2647 2668
794 2669
1446 2670
1473 2670
73 2671
2202 2672
1396 2673
110 2674
188 2674
844 2675
615 2676
890 2677
217 2678
558 2678
1009 2678
1271 2678
1377 2678
4 2679
141 2679
161 2679
190 2679
429 2679
862 2680
2362 2681
350 2682
1024 2682
1077 2682
1441 2682
1856 2682
2501 2682
2648 2682
2665 2682
120 2683
1383 2684
1892 2684
1937 2684
346 2685
737 2686
1387 2687
1732 2687
2438 2687
2466 2688
1481 2689
498 2690
1396 2691
4 2693
1381 2694
1698 2694
1421 2695
531 2696
237 2697
627 2698
1660 2698
988 2699
2430 2700
2643 2701
8 2702
7 2703
1229 2704
1243 2704
1272 2704
1307 2704
1517 2704
1859 2704
2544 2704
184 2705
2081 2706
1592 2707
520 2708
134 2709
316 2709
392 2709
809 2709
843 2709
1119 2709
1180 2709
1457 2709
1500 2709
1731 2709
2052 2709
2226 2709
765 2710
1732 2710
1387 2711
268 2712
1540 2713
1732 2713
721 2714
1162 2715
407 2717
2520 2717
1176 2718
303 2719
928 2719
2182 2719
2584 2719
7 2721
2077 2722
537 2723
909 2723
1551 2723
1736 2723
1742 2723
32 2724
139 2724
152 2724
160 2724
166 2724
275 2724
295 2724
368 2724
388 2724
402 2724
557 2724
701 2724
847 2724
1100 2724
1474 2724
1492 2724
1623 2724
1798 2724
2042 2724
2048 2724
2067 2724
2334 2724
2568 2724
370 2725
1968 2725
2026 2725
2064 2725
2320 2725
2694 2725
407 2726
893 2726
1450 2726
2709 2726
107 2727
1117 2728
1780 2728
517 2729
565 2729
683 2729
298 2730
855 2730
1910 2730
1919 2730
322 2731
2622 2731
122 2732
252 2732
60 2733
1382 2733
1 2734
119 2735
766 2735
1092 2735
1430 2736
2507 2737
73 2738
254 2738
1838 2740
107 2741
37 2742
385 2742
2238 2742
2688 2742
596 2743
68 2744
219 2744
435 2744
565 2745
1229 2745
1357 2745
1898 2745
520 2746
203 2747
73 2748
1216 2749
1308 2749
2202 2749
2211 2750
198 2751
367 2751
379 2751
727 2751
1064 2751
1874 2751
2340 2751
439 2752
794 2752
848 2752
1166 2752
2019 2752
2604 2752
794 2753
92 2754
527 2755
1109 2755
2109 2755
2578 2755
156 2757
1266 2757
184 2758
5 2759
275 2759
280 2759
315 2759
368 2759
652 2759
1085 2759
1296 2759
1359 2759
1406 2759
1474 2759
1634 2759
1657 2759
1914 2759
2083 2759
2458 2759
2568 2759
126 2760
1084 2761
2202 2762
161 2764
459 2765
932 2765
1218 2765
2122 2765
2483 2765
2585 2765
1437 2766
2407 2766
55 2767
558 2767
1649 2767
1942 2767
3 2768
177 2768
331 2768
474 2768
562 2768
655 2768
959 2768
1126 2768
1280 2768
1345 2768
1878 2768
2572 2768
1047 2769
2447 2769
704 2770
2313 2770
713 2771
1460 2771
186 2772
237 2772
487 2772
1310 2772
532 2773
2102 2773
160 2774
197 2774
207 2774
432 2774
888 2774
1117 2774
1342 2774
1435 2774
1476 2774
1594 2774
1754 2774
1850 2774
1933 2774
2041 2774
2316 2774
2326 2774
2429 2774
852 2775
1072 2775
2433 2776
303 2777
779 2777
928 2777
1450 2777
2719 2777
7 2778
14 2779
1293 2780
1119 2781
1500 2781
2285 2781
532 2782
928 2782
1092 2782
513 2783
515 2783
658 2783
942 2783
1047 2783
1060 2783
1637 2783
1966 2783
2163 2783
2305 2783
2356 2783
1912 2784
24 2785
184 2786
432 2787
1136 2787
2077 2788
1001 2789
2589 2789
4 2790
20 2790
92 2790
114 2790
128 2790
131 2790
160 2790
161 2790
167 2790
249 2790
257 2790
265 2790
328 2790
382 2790
487 2790
570 2790
598 2790
666 2790
894 2790
908 2790
953 2790
1065 2790
1116 2790
1232 2790
1244 2790
1299 2790
1311 2790
1354 2790
1469 2790
1518 2790
1534 2790
1580 2790
1633 2790
1740 2790
1758 2790
1813 2790
1872 2790
1928 2790
1980 2790
1999 2790
2042 2790
2079 2790
2086 2790
2117 2790
2122 2790
2147 2790
2202 2790
2240 2790
2270 2790
2283 2790
2378 2790
2414 2790
2449 2790
2463 2790
2571 2790
2628 2790
2671 2790
1442 2791
2044 2792
2421 2792
1119 2793
307 2794
1621 2794
1722 2794
2772 2794
179 2795
1179 2796
1 2797
1286 2798
1992 2798
2386 2798
166 2799
1242 2800
92 2801
344 2802
790 2802
828 2803
1730 2803
184 2804
1719 2804
2016 2804
2304 2804
1045 2805
156 2806
1258 2807
2479 2807
1597 2808
1893 2808
1452 2809
14 2810
124 2811
1196 2811
121 2812
184 2812
907 2813
1043 2813
1398 2813
1500 2813
1731 2813
2052 2813
2404 2813
1621 2814
36 2815
75 2815
188 2815
209 2815
387 2815
1301 2815
1497 2815
2026 2815
312 2817
2537 2817
1224 2818
2075 2818
531 2819
1936 2819
285 2820
2306 2820
487 2821
12 2823
569 2824
346 2825
73 2826
1802 2827
2459 2827
967 2828
75 2829
516 2829
1062 2829
1647 2829
1835 2829
2202 2829
122 2830
1903 2830
1730 2831
4 2832
1622 2832
2303 2832
1760 2833
13 2834
435 2834
486 2834
1812 2834
2131 2834
2160 2834
2579 2834
2443 2835
67 2836
535 2836
737 2836
1548 2836
1500 2837
12 2838
34 2838
417 2838
612 2838
2525 2838
264 2839
855 2839
2010 2839
737 2840
73 2841
537 2842
1407 2842
1945 2842
35 2843
766 2843
1180 2843
1502 2843
2783 2843
2229 2844
2412 2844
1045 2845
77 2846
2309 2846
2773 2846
1047 2847
179 2848
621 2849
1435 2849
202 2850
732 2852
916 2852
1230 2853
13 2854
72 2854
793 2854
945 2854
2248 2854
2366 2854
659 2855
1732 2856
2411 2856
2756 2856
73 2857
244 2859
1337 2859
263 2860
514 2860
734 2860
762 2860
764 2860
959 2860
992 2860
1277 2860
1310 2860
1722 2860
1810 2860
2503 2860
2794 2860
1206 2861
323 2862
931 2862
1332 2862
1650 2862
1716 2862
1882 2862
2407 2862
2441 2862
984 2863
122 2864
623 2864
907 2864
1043 2864
1108 2864
1671 2864
1720 2864
2271 2864
721 2865
1148 2866
1663 2866
1917 2866
2379 2866
2533 2866
2624 2866
2584 2867
92 2868
1027 2869
1037 2870
1276 2870
2383 2871
2514 2871
627 2872
1813 2872
161 2873
1293 2873
367 2874
435 2874
543 2874
727 2874
1064 2874
1240 2874
1605 2874
1874 2874
2071 2874
2175 2874
2398 2874
325 2875
357 2875
1162 2875
1489 2875
1550 2875
2082 2875
907 2876
1231 2876
1529 2876
1730 2876
2480 2877
2586 2877
574 2879
2374 2879
2487 2879
595 2880
794 2881
2104 2882
92 2883
1293 2884
2759 2884
794 2886
2790 2887
1165 2888
1648 2888
2261 2889
183 2890
203 2890
837 2890
984 2890
2525 2890
264 2891
684 2891
709 2891
779 2891
1938 2891
1381 2892
2064 2892
2725 2892
161 2894
2334 2894
1543 2895
627 2896
2480 2896
7 2897
1079 2897
1422 2897
1621 2897
1956 2897
167 2898
1125 2898
1747 2898
2585 2898
487 2899
411 2900
595 2901
1843 2901
1481 2902
558 2903
910 2903
1422 2903
1442 2903
1747 2903
2775 2903
574 2904
2096 2904
2627 2904
1084 2905
1802 2905
1117 2906
2525 2907
4 2908
1622 2908
73 2909
7 2910
372 2910
383 2910
570 2910
1660 2910
54 2911
177 2911
1422 2911
1477 2911
2304 2911
179 2912
737 2912
1337 2912
62 2913
108 2913
162 2913
600 2913
843 2913
1356 2913
1391 2913
1818 2913
1956 2913
2029 2913
2092 2913
2403 2913
432 2914
167 2915
459 2915
1218 2915
1747 2915
2016 2915
2122 2915
2483 2915
2585 2915
2615 2915
2621 2915
1495 2916
1799 2916
7 2917
47 2917
135 2917
166 2917
280 2917
352 2917
402 2917
652 2917
1174 2917
1190 2917
1293 2917
1531 2917
1532 2917
1872 2917
2458 2917
2759 2917
1386 2918
498 2920
126 2922
1602 2923
1649 2923
2767 2923
2817 2924
367 2925
512 2925
516 2925
1108 2925
1446 2925
1537 2925
1605 2925
2864 2925
433 2926
1627 2927
1720 2927
2066 2927
2402 2927
2580 2927
2751 2927
303 2928
966 2928
2163 2928
1338 2929
1517 2929
1992 2930
959 2931
230 2933
1216 2934
1308 2934
533 2935
136 2937
1264 2937
1437 2938
2862 2938
126 2939
228 2940
233 2940
814 2940
914 2940
958 2940
1032 2940
1236 2940
1277 2940
2021 2940
2042 2940
2416 2940
623 2941
1043 2941
1108 2941
1319 2941
1720 2941
2250 2941
2271 2941
156 2942
429 2943
669 2943
685 2943
785 2943
1302 2943
1360 2943
2314 2943
2724 2943
1397 2944
1042 2945
166 2946
1046 2947
1119 2947
825 2948
903 2948
1357 2948
2763 2948
794 2949
1104 2949
2638 2949
2724 2949
2752 2949
8 2950
2412 2950
2507 2950
2479 2951
812 2952
4 2953
1437 2954
2862 2954
158 2955
407 2955
1197 2955
1450 2955
580 2957
2243 2957
1460 2958
2492 2959
131 2960
2643 2960
793 2961
1232 2962
2725 2963
98 2964
281 2964
555 2964
1799 2964
2037 2964
2773 2964
2916 2964
1897 2965
2052 2965
2467 2965
1706 2966
98 2967
145 2967
416 2967
539 2967
740 2967
1316 2967
1429 2967
1519 2967
1703 2967
1971 2967
2055 2967
2065 2967
2125 2967
2732 2967
2830 2967
2864 2967
565 2968
1570 2968
1898 2968
1730 2969
2373 2970
1435 2972
1446 2974
2069 2974
7 2975
48 2975
123 2975
291 2975
399 2975
520 2975
526 2975
583 2975
681 2975
827 2975
870 2975
952 2975
1208 2975
1233 2975
1252 2975
1527 2975
1540 2975
1545 2975
1689 2975
1757 2975
2400 2975
2411 2975
2473 2975
2648 2975
2687 2975
2710 2975
2756 2975
2856 2975
514 2976
92 2977
731 2977
1347 2977
1382 2977
2733 2977
2066 2978
2751 2978
2874 2978
215 2979
560 2979
1552 2979
2113 2979
131 2980
227 2980
381 2980
1358 2980
2202 2980
2643 2980
432 2981
262 2982
471 2982
1616 2982
397 2983
2525 2983
4 2984
411 2985
2305 2985
2491 2985
1463 2986
2 2987
620 2987
1039 2987
1722 2987
1810 2987
2231 2987
216 2988
794 2988
1908 2988
2752 2988
732 2989
215 2990
217 2990
1012 2990
2028 2990
2051 2990
55 2991
181 2991
190 2991
433 2991
1293 2991
1479 2991
1577 2991
1649 2991
1878 2991
56 2992
151 2992
479 2992
56 2993
730 2993
2061 2994
460 2995
1355 2995
1730 2996
126 2997
959 2997
1435 2997
1311 2998
141 2999
570 2999
753 2999
1433 2999
1781 2999
1885 2999
2156 2999
2656 2999
2920 2999
14 3000
203 3000
172 3001
7 3002
58 3002
230 3002
269 3002
374 3002
432 3002
506 3002
708 3002
802 3002
1079 3002
1134 3002
1238 3002
1405 3002
1956 3002
2481 3002
2507 3002
2657 3002
2716 3002
179 3003
514 3004
263 3005
353 3005
466 3005
514 3005
762 3005
764 3005
930 3005
959 3005
1373 3005
1433 3005
2100 3005
2303 3005
1662 3006
61 3007
188 3007
203 3007
555 3007
1301 3007
2654 3007
482 3008
612 3008
2525 3008
2077 3009
12 3010
738 3010
1035 3010
1240 3010
2033 3010
1435 3011
1433 3012
2044 3012
959 3013
907 3014
1200 3015
1 3016
1597 3016
1942 3017
1245 3018
2730 3018
329 3019
937 3019
1722 3019
2100 3019
281 3020
555 3020
2782 3020
2991 3021
15 3022
75 3022
204 3022
260 3022
360 3022
417 3022
516 3022
1216 3022
2311 3022
2442 3022
2747 3022
2815 3022
2850 3022
3000 3022
3007 3022
659 3023
533 3024
2507 3024
2514 3025
2871 3025
1 3027
565 3028
2231 3029
1427 3030
502 3031
558 3031
677 3031
746 3031
797 3031
1477 3031
2245 3031
2354 3031
2373 3031
2409 3031
2465 3031
152 3032
926 3032
1908 3032
2752 3032
2949 3032
3026 3032
185 3033
148 3034
862 3034
1392 3034
1435 3034
1945 3034
2081 3034
2496 3034
2999 3034
312 3035
2924 3035
73 3036
254 3036
625 3036
1354 3036
977 3037
2090 3037
1158 3038
2768 3038
532 3039
1092 3039
627 3040
2664 3041
35 3042
134 3042
657 3042
1028 3042
1180 3042
1270 3042
1502 3042
2091 3042
2418 3042
2559 3042
366 3043
1354 3043
1909 3043
2493 3043
604 3044
1484 3044
126 3045
451 3046
1836 3046
1842 3046
173 3047
557 3048
73 3049
1956 3050
191 3051
537 3051
1154 3051
1252 3051
1343 3051
1551 3051
1745 3051
2044 3051
2473 3051
2723 3051
4 3052
633 3052
867 3052
1433 3052
1600 3052
1836 3052
2233 3052
2461 3052
2649 3052
2668 3052
54 3053
55 3053
263 3053
604 3053
881 3053
1300 3053
1305 3053
1621 3053
1893 3053
2233 3053
2245 3053
2278 3053
2354 3053
2772 3053
658 3054
2783 3054
1992 3055
1 3056
1123 3056
1447 3056
158 3057
362 3057
946 3057
1584 3057
2520 3057
2719 3057
1266 3058
2128 3058
837 3060
984 3060
1543 3060
73 3061
821 3062
595 3063
779 3064
721 3065
996 3066
1162 3066
2082 3066
77 3067
1391 3067
1990 3067
1232 3068
1896 3068
1219 3069
98 3070
252 3070
303 3070
349 3070
1495 3070
2964 3070
1992 3071
637 3072
1128 3072
2795 3072
1 3073
1123 3073
1447 3073
78 3074
170 3074
1166 3074
1468 3074
2039 3074
2712 3074
1730 3075
184 3076
907 3077
13 3078
68 3078
72 3078
73 3078
87 3078
90 3078
91 3078
149 3078
168 3078
234 3078
410 3078
417 3078
424 3078
436 3078
462 3078
473 3078
530 3078
535 3078
587 3078
645 3078
670 3078
676 3078
775 3078
797 3078
876 3078
898 3078
934 3078
967 3078
1043 3078
1045 3078
1076 3078
1140 3078
1249 3078
1263 3078
1333 3078
1361 3078
1382 3078
1465 3078
1490 3078
1505 3078
1506 3078
1636 3078
1641 3078
1661 3078
1715 3078
1787 3078
1795 3078
1927 3078
2078 3078
2424 3078
2466 3078
2498 3078
2515 3078
2538 3078
2540 3078
2801 3078
2828 3078
2858 3078
2868 3078
2932 3078
2973 3078
2977 3078
2980 3078
124 3079
529 3079
9 3080
1072 3080
2903 3080
2827 3081
348 3082
498 3082
940 3082
1345 3082
1597 3082
1956 3082
2662 3082
2832 3082
3005 3082
186 3083
135 3084
2458 3084
487 3086
1495 3087
2985 3087
56 3088
1611 3088
1 3089
564 3089
493 3090
930 3090
607 3091
852 3091
36 3092
574 3092
1977 3092
2747 3093
73 3094
307 3095
937 3095
1238 3095
2100 3095
104 3096
259 3096
446 3096
526 3096
1170 3096
1208 3096
1232 3096
2483 3096
2496 3096
2590 3096
2679 3096
166 3097
1030 3098
36 3099
488 3099
1012 3099
2979 3099
1047 3100
2614 3100
694 3101
765 3102
1732 3103
581 3104
1132 3104
2968 3104
1196 3105
2471 3105
279 3106
755 3106
1639 3106
1821 3106
2962 3106
661 3107
687 3108
769 3108
1248 3108
1552 3108
1948 3108
2026 3108
2051 3108
2725 3108
2815 3108
2643 3109
907 3110
2052 3110
2774 3111
613 3112
778 3112
1076 3112
1610 3112
2128 3112
3058 3112
92 3113
687 3114
1552 3114
2243 3114
2725 3114
916 3115
1327 3115
1362 3115
1670 3115
2852 3115
2989 3115
1047 3116
2010 3116
2508 3116
2982 3116
9 3117
138 3117
476 3117
574 3117
595 3117
1039 3117
1043 3117
1046 3117
1098 3117
1119 3117
1253 3117
1396 3117
1543 3117
1706 3117
1897 3117
2061 3117
2069 3117
2465 3117
2966 3117
202 3118
619 3118
865 3118
2300 3118
3015 3118
2202 3119
238 3120
346 3121
135 3122
2319 3123
202 3124
203 3124
724 3124
1286 3125
8 3126
12 3127
1247 3127
1453 3127
1778 3127
1897 3127
567 3128
1720 3128
2250 3128
2468 3128
2925 3128
1953 3129
779 3130
417 3131
671 3132
3085 3132
487 3133
735 3133
1354 3133
1495 3134
2985 3134
3053 3135
412 3136
1936 3136
2618 3136
520 3137
3 3138
318 3138
753 3138
2999 3138
4 3139
124 3140
1693 3140
659 3141
112 3142
1430 3142
520 3143
1311 3144
2998 3144
853 3145
977 3145
2090 3145
3037 3145
659 3146
3042 3147
2525 3148
132 3149
1096 3150
1659 3152
24 3153
28 3153
89 3153
185 3153
226 3153
250 3153
343 3153
383 3153
394 3153
426 3153
444 3153
621 3153
633 3153
679 3153
692 3153
695 3153
786 3153
905 3153
959 3153
971 3153
983 3153
1111 3153
1120 3153
1134 3153
1340 3153
1370 3153
1387 3153
1393 3153
1422 3153
1525 3153
1536 3153
1696 3153
1717 3153
1864 3153
1885 3153
1928 3153
2042 3153
2056 3153
2106 3153
2244 3153
2261 3153
2337 3153
2388 3153
2427 3153
2462 3153
2518 3153
2574 3153
2612 3153
2640 3153
2656 3153
2768 3153
2774 3153
2785 3153
2840 3153
2849 3153
2860 3153
2931 3153
2997 3153
3005 3153
3011 3153
3013 3153
184 3154
679 3154
1379 3154
1802 3154
92 3155
3078 3155
845 3156
2731 3157
625 3158
1758 3158
1896 3158
2229 3158
2738 3158
711 3159
744 3159
3030 3159
122 3160
684 3160
779 3160
966 3160
1384 3160
522 3161
794 3161
167 3162
519 3162
1600 3162
2076 3162
2483 3162
2647 3162
3052 3162
407 3164
972 3164
1450 3164
60 3165
608 3165
1048 3166
1255 3166
2860 3166
3133 3166
17 3167
595 3167
1992 3167
184 3168
1230 3169
2293 3169
417 3170
1039 3171
27 3172
1 3173
84 3174
202 3174
385 3174
479 3174
591 3174
865 3174
891 3174
2890 3174
56 3175
151 3175
479 3175
636 3176
1752 3176
2152 3176
2720 3176
836 3177
1622 3177
2633 3177
149 3178
1157 3178
1 3179
426 3180
1435 3180
3153 3180
1461 3181
2236 3181
581 3182
1569 3182
126 3183
2790 3184
1442 3185
459 3186
1890 3186
1422 3187
765 3188
1047 3189
1673 3190
899 3191
1403 3191
1809 3191
1987 3191
3048 3191
99 3192
947 3192
1452 3192
417 3193
3131 3193
2202 3194
2412 3195
92 3196
1369 3196
567 3197
984 3197
1897 3197
2525 3197
2564 3197
225 3198
349 3198
403 3198
482 3198
577 3198
630 3198
1038 3198
1389 3198
1446 3198
1471 3198
1703 3198
1837 3198
1967 3198
2162 3198
2367 3198
2545 3198
2573 3198
2838 3198
2965 3198
2412 3199
75 3200
516 3200
1647 3200
1835 3200
2202 3200
1392 3201
2081 3201
3153 3201
178 3202
256 3202
440 3202
665 3202
1025 3202
1302 3202
1751 3202
2232 3202
2392 3202
2458 3202
2638 3202
2724 3202
2799 3202
2917 3202
3151 3202
92 3203
2548 3203
2720 3204
1381 3205
1463 3206
2076 3206
487 3207
487 3208
126 3209
959 3209
2507 3210
2737 3210
179 3211
115 3212
303 3212
349 3212
532 3212
801 3212
928 3212
942 3212
1824 3212
2913 3212
1386 3213
1047 3214
1320 3214
221 3215
680 3215
728 3215
895 3215
1015 3215
1486 3215
179 3216
162 3217
555 3217
1368 3217
2308 3217
3020 3217
2770 3218
959 3219
1435 3219
1119 3220
127 3221
404 3221
432 3221
669 3221
787 3221
857 3221
1022 3221
1039 3221
1158 3221
1727 3221
1928 3221
2047 3221
2417 3221
2480 3221
2500 3221
2652 3221
2708 3221
2836 3221
2991 3221
3163 3221
303 3222
1593 3222
2658 3222
154 3223
459 3223
805 3223
3031 3223
2485 3224
3042 3224
84 3225
479 3225
648 3225
865 3225
1288 3225
1023 3226
2783 3226
4 3227
2490 3227
417 3228
1885 3229
211 3230
297 3230
445 3230
574 3230
595 3230
800 3230
1326 3230
1832 3230
286 3231
346 3232
2261 3233
574 3234
190 3235
498 3235
1375 3235
1392 3235
1956 3235
2239 3235
1136 3237
166 3238
3097 3238
357 3239
1749 3239
2082 3239
1015 3240
1052 3240
2842 3240
907 3241
570 3242
303 3243
349 3244
801 3244
2975 3245
60 3246
778 3246
92 3247
3203 3247
1893 3248
2145 3248
101 3249
748 3250
1591 3250
2165 3250
2601 3250
2822 3250
2643 3251
2643 3252
595 3253
13 3254
198 3254
367 3254
379 3254
435 3254
1605 3254
2071 3254
2340 3254
3197 3254
1293 3255
134 3256
657 3256
1180 3256
2485 3256
2559 3256
2783 3256
2869 3256
3224 3256
814 3257
2940 3257
1293 3258
1406 3258
574 3259
595 3259
2205 3259
2862 3260
191 3261
1551 3261
2723 3261
166 3262
3202 3262
595 3263
2061 3263
1 3264
649 3265
780 3265
7 3266
8 3266
126 3266
177 3266
533 3266
937 3266
1747 3266
2254 3266
2412 3266
2507 3266
3002 3266
3153 3266
1874 3267
399 3268
451 3268
536 3268
609 3268
870 3268
1155 3268
2400 3268
2711 3268
513 3269
612 3269
809 3269
1092 3269
1731 3269
1734 3269
1773 3269
2769 3269
2839 3269
1117 3270
1608 3270
2906 3270
1094 3271
2529 3272
2052 3273
2258 3273
2404 3273
2644 3273
90 3274
2466 3274
631 3275
1279 3275
1548 3275
2081 3275
2251 3275
3221 3275
1941 3276
627 3277
73 3278
2790 3278
35 3279
766 3279
1502 3279
2418 3279
2783 3279
417 3280
1312 3281
1732 3281
28 3282
160 3282
175 3282
226 3282
343 3282
444 3282
621 3282
688 3282
786 3282
869 3282
971 3282
994 3282
1048 3282
1053 3282
1340 3282
1370 3282
1393 3282
1508 3282
1525 3282
1536 3282
1724 3282
1791 3282
1956 3282
2056 3282
2072 3282
2574 3282
2612 3282
2640 3282
2652 3282
2692 3282
2768 3282
2774 3282
2860 3282
2931 3282
3013 3282
3034 3282
3153 3282
3180 3282
3219 3282
1752 3283
2152 3283
2956 3283
3204 3283
557 3284
1894 3284
1 3285
268 3285
794 3285
926 3285
1440 3285
1908 3285
1492 3286
3275 3286
1 3287
557 3287
857 3287
1360 3287
1451 3287
514 3288
1817 3289
438 3290
2326 3290
141 3291
834 3291
1136 3291
1360 3291
1732 3291
2202 3292
841 3293
186 3294
459 3294
497 3294
1747 3294
2122 3294
2483 3294
2585 3294
2804 3294
735 3295
793 3296
126 3297
264 3298
709 3298
1672 3298
1938 3298
1271 3299
215 3300
1072 3300
1974 3300
2028 3300
988 3301
2433 3301
487 3302
926 3303
2752 3303
1076 3304
1369 3304
1618 3304
109 3305
157 3305
262 3305
344 3305
570 3305
760 3305
1079 3305
1221 3305
1355 3305
1907 3305
2125 3305
2264 3305
2626 3305
2876 3306
532 3307
427 3308
1962 3308
2483 3308
2616 3308
595 3309
613 3309
617 3309
1271 3309
3230 3309
55 3310
1623 3310
1682 3310
1923 3310
53 3311
843 3311
928 3311
3217 3311
13 3312
26 3312
198 3312
303 3312
545 3312
630 3312
1906 3312
2065 3312
2202 3312
1242 3313
8 3314
916 3314
2507 3314
144 3315
1621 3317
222 3318
1147 3318
2741 3318
1563 3319
1632 3320
2104 3320
126 3321
963 3321
1161 3321
2130 3321
101 3322
1 3323
281 3324
942 3324
926 3325
1205 3326
2404 3326
2644 3326
567 3327
1568 3328
2040 3328
1838 3329
1953 3329
1199 3330
2956 3330
812 3331
417 3332
2258 3332
3198 3332
358 3333
959 3333
3282 3333
303 3334
1435 3335
1363 3336
2035 3336
2815 3336
1446 3337
42 3338
2222 3338
3230 3338
907 3339
488 3340
574 3340
2627 3340
3181 3340
564 3341
340 3342
2790 3343
1621 3344
174 3345
488 3345
1282 3345
1328 3345
1684 3345
1774 3345
1977 3345
2627 3345
2775 3345
3091 3345
1357 3346
2763 3346
512 3347
1046 3347
2468 3347
2525 3347
141 3348
834 3348
1360 3348
417 3350
627 3351
845 3352
1922 3352
2174 3352
3212 3352
99 3353
208 3353
728 3353
1452 3353
1542 3353
3352 3354
173 3355
1080 3355
2177 3356
2081 3357
2514 3357
2686 3357
3097 3358
1435 3359
1000 3361
594 3362
2535 3362
3202 3363
1451 3364
232 3365
346 3366
237 3367
1255 3367
1354 3367
2860 3367
1460 3368
713 3369
2350 3369
853 3370
1945 3370
2229 3370
2537 3370
2665 3370
2999 3370
184 3371
241 3371
603 3371
613 3371
731 3371
800 3371
832 3371
950 3371
1072 3371
1145 3371
1244 3371
1297 3371
1308 3371
2129 3371
2202 3371
2714 3371
2865 3371
3360 3371
92 3372
1768 3373
1293 3374
184 3375
1649 3376
1376 3377
2588 3377
31 3378
224 3378
857 3378
1105 3378
1315 3378
1807 3378
2417 3378
2480 3378
2588 3378
3377 3378
1355 3379
1973 3379
101 3380
514 3380
1048 3380
1255 3380
1621 3380
2860 3380
3090 3380
336 3381
2479 3381
2866 3381
2 3382
1303 3382
1810 3382
370 3383
1860 3383
3300 3383
152 3384
926 3384
604 3385
661 3385
728 3386
895 3386
1015 3386
1998 3386
303 3387
532 3387
966 3387
1316 3387
1495 3387
3070 3387
1337 3388
1672 3389
115 3390
616 3390
660 3390
2730 3390
230 3391
1252 3392
2473 3392
2493 3392
360 3393
2321 3393
1477 3394
2118 3394
156 3395
1952 3396
932 3397
1747 3397
2016 3397
2585 3397
132 3398
992 3399
2523 3399
414 3400
683 3400
1357 3400
3104 3400
3182 3400
198 3401
303 3401
630 3401
891 3401
1653 3401
1906 3401
2141 3401
2186 3401
126 3402
352 3402
1302 3402
1293 3403
1575 3403
1711 3404
529 3405
151 3406
479 3406
127 3407
1435 3407
1612 3407
2076 3407
2331 3407
2461 3407
3153 3407
3275 3407
3282 3407
558 3408
1380 3408
1293 3409
3002 3410
161 3411
1199 3411
2956 3411
73 3412
72 3413
435 3413
1452 3414
926 3415
307 3416
2940 3416
41 3417
425 3417
4 3418
1687 3418
2575 3418
2832 3418
2908 3418
3177 3418
1069 3419
2083 3419
1673 3420
185 3421
830 3422
2032 3422
144 3423
253 3424
1452 3424
2261 3424
520 3425
1555 3425
565 3426
73 3427
7 3428
680 3429
728 3429
947 3429
2184 3429
3353 3429
1749 3430
101 3431
514 3431
1238 3431
1893 3431
1273 3432
3355 3432
3078 3433
92 3434
3078 3434
1622 3435
417 3436
1730 3436
2287 3436
71 3437
73 3437
168 3437
238 3437
239 3437
246 3437
613 3437
751 3437
982 3437
1036 3437
1224 3437
1307 3437
1458 3437
1656 3437
1744 3437
1866 3437
1929 3437
2185 3437
2284 3437
2432 3437
2666 3437
2790 3437
2893 3437
2960 3437
2789 3438
1358 3439
570 3441
14 3442
264 3443
1672 3443
531 3444
173 3445
1109 3446
1569 3446
3400 3446
2827 3447
107 3448
505 3449
616 3449
1356 3449
1617 3449
1725 3449
1741 3449
1983 3449
2403 3449
2913 3449
1500 3450
1778 3450
189 3451
1412 3451
2527 3451
1960 3452
1 3453
240 3453
1093 3453
1802 3453
1379 3454
56 3455
941 3455
407 3456
2717 3456
1015 3457
1407 3457
2339 3457
2632 3457
558 3458
1463 3458
1612 3458
3078 3459
184 3460
659 3461
2967 3461
75 3462
668 3462
2885 3462
1196 3463
1390 3463
1526 3463
1685 3463
3175 3463
166 3464
3202 3464
73 3465
127 3466
2331 3466
2461 3466
1858 3467
2812 3468
793 3469
37 3470
948 3470
824 3471
2999 3471
569 3472
2759 3472
198 3473
2751 3473
3312 3473
604 3474
1845 3474
2170 3474
2245 3474
2354 3474
3107 3474
3385 3474
173 3475
7 3476
73 3476
167 3476
960 3476
1279 3476
1393 3476
1719 3476
1912 3476
2044 3476
2101 3476
2649 3476
3221 3476
3282 3476
942 3477
1966 3477
2163 3477
2913 3477
1 3478
1767 3478
1046 3479
1108 3479
1247 3479
3115 3480
1084 3481
1169 3481
1435 3482
2412 3484
141 3485
185 3486
2774 3486
1302 3487
2724 3487
1045 3488
62 3489
359 3489
893 3489
1087 3489
2211 3489
2287 3489
2305 3489
2496 3489
3269 3489
3282 3489
185 3490
173 3491
890 3492
1730 3493
2258 3493
1896 3494
493 3495
762 3495
307 3496
3133 3496
3295 3496
2429 3497
2774 3497
1752 3499
1802 3499
2152 3499
1435 3500
2006 3500
303 3501
1562 3502
1 3503
498 3504
557 3505
921 3505
323 3506
646 3506
1681 3506
2862 3506
680 3507
728 3507
947 3507
2184 3507
1045 3509
1079 3509
337 3510
405 3510
583 3510
1312 3510
2952 3510
3331 3510
184 3511
7 3512
560 3513
754 3513
1031 3513
1647 3513
2113 3513
2934 3513
1252 3514
2493 3514
1810 3515
2231 3515
557 3516
974 3516
1411 3516
1426 3516
3236 3516
2790 3517
9 3518
1072 3518
1673 3519
3176 3519
3283 3519
1179 3520
183 3521
417 3521
907 3521
2404 3521
3401 3521
1435 3522
4 3523
1433 3523
2832 3523
2908 3523
3435 3523
812 3524
3510 3524
155 3525
446 3525
498 3525
1499 3525
2122 3525
2483 3525
2787 3525
3237 3525
3291 3525
3348 3525
2304 3526
2585 3526
73 3527
2790 3527
131 3528
988 3528
1058 3528
1193 3528
1659 3528
2202 3528
2366 3528
2394 3528
2851 3528
3172 3528
794 3529
157 3530
262 3530
344 3530
760 3530
1013 3530
1221 3530
1256 3530
1355 3530
1422 3530
1973 3530
2125 3530
2264 3530
2626 3530
3305 3530
3362 3530
184 3531
188 3531
1266 3532
3112 3532
14 3533
672 3533
3365 3533
78 3534
267 3534
1166 3534
1468 3534
1750 3534
2039 3534
2712 3534
3285 3534
3498 3534
659 3535
959 3536
35 3537
766 3537
871 3537
1180 3537
1502 3537
737 3538
3153 3538
98 3539
143 3539
281 3539
518 3539
706 3539
843 3539
1045 3539
1356 3539
1422 3539
2773 3539
2782 3539
3039 3539
3387 3539
336 3540
2479 3540
273 3541
1615 3541
7 3542
1079 3542
2878 3542
131 3543
495 3543
1193 3543
1659 3543
1701 3543
2202 3543
443 3544
495 3544
1338 3544
1357 3544
1659 3544
1701 3544
1898 3544
2112 3544
2448 3544
2929 3544
1224 3545
71 3546
168 3546
206 3546
239 3546
1036 3546
1075 3546
1224 3546
1398 3546
1647 3546
1744 3546
1866 3546
1929 3546
2055 3546
2185 3546
2284 3546
2419 3546
2432 3546
2644 3546
2701 3546
2936 3546
73 3547
3516 3548
131 3549
478 3549
2202 3549
55 3550
1549 3550
1624 3550
2016 3550
2493 3550
2945 3550
3221 3550
3467 3550
14 3551
3230 3551
3371 3551
2447 3552
3537 3552
92 3553
3078 3553
1746 3554
2016 3554
120 3555
3 3556
177 3556
474 3556
655 3556
1219 3556
1280 3556
1345 3556
1833 3556
1878 3556
2999 3556
3153 3556
141 3557
1433 3557
1660 3557
1781 3557
1885 3557
2842 3557
3034 3557
3370 3557
656 3558
915 3558
1947 3558
2033 3559
2425 3559
1810 3560
2860 3560
2974 3561
3117 3561
179 3562
1718 3562
1043 3563
1046 3563
2525 3563
2321 3564
2507 3565
3002 3565
2088 3566
3235 3566
1293 3567
659 3568
802 3569
2507 3569
2935 3569
131 3570
2202 3570
3437 3570
184 3571
1 3572
498 3572
823 3572
857 3572
1020 3572
1160 3572
1172 3572
1475 3572
1788 3572
2254 3572
2453 3572
2765 3572
2898 3572
2915 3572
1752 3573
1802 3573
2720 3573
2956 3573
3519 3573
312 3574
557 3574
1158 3574
1435 3574
2304 3574
2480 3574
396 3575
1283 3575
1973 3575
680 3576
1486 3576
2184 3576
3353 3576
1435 3577
31 3578
224 3578
272 3578
432 3578
452 3578
689 3578
1813 3578
2652 3578
2767 3578
2923 3578
2991 3578
3476 3578
3078 3579
3078 3580
1045 3581
1422 3581
167 3582
1600 3582
3052 3582
119 3583
362 3583
550 3583
759 3583
1180 3583
1818 3583
1846 3583
2769 3583
2777 3583
3552 3583
1813 3584
2480 3584
893 3585
1356 3585
1444 3585
1725 3585
1810 3586
73 3587
238 3588
380 3588
1874 3588
2175 3588
2864 3588
3128 3588
1207 3589
279 3590
1562 3590
3096 3590
161 3591
859 3591
1441 3591
1600 3591
1648 3591
2186 3592
2362 3592
2077 3593
197 3594
1045 3595
1435 3596
1717 3596
2613 3596
77 3597
1391 3597
2507 3598
3002 3598
2790 3599
126 3600
1302 3600
2759 3600
656 3601
1117 3601
1886 3601
3558 3601
574 3602
2358 3602
2040 3603
2480 3603
3452 3603
959 3604
3153 3604
1293 3605
1672 3606
2458 3607
2724 3607
2917 3607
1303 3608
203 3609
715 3609
984 3609
1038 3609
1046 3609
1543 3609
1693 3609
2467 3609
3117 3609
3118 3609
3140 3609
92 3610
93 3610
1661 3610
1712 3610
3078 3610
215 3611
1072 3611
3383 3611
324 3612
562 3612
1293 3612
1306 3612
1376 3612
1808 3612
1954 3612
1960 3612
2595 3612
2896 3612
3328 3612
3584 3612
513 3613
600 3613
612 3613
933 3613
1092 3613
1500 3613
1514 3613
1734 3613
3489 3613
487 3614
2291 3614
1 3615
152 3616
255 3616
439 3616
794 3616
848 3616
1104 3616
1149 3616
1166 3616
1628 3616
1864 3616
2019 3616
2604 3616
2988 3616
3303 3616
3325 3616
3282 3617
612 3619
1500 3619
3115 3620
3480 3620
627 3621
12 3622
90 3622
183 3622
417 3622
547 3622
715 3622
2035 3622
2077 3622
3174 3622
1062 3623
1835 3623
2202 3623
713 3624
1460 3624
2670 3625
1362 3626
1670 3626
2852 3626
2989 3626
3010 3627
105 3628
969 3628
1029 3628
1918 3628
634 3629
676 3629
2424 3629
2456 3629
2465 3629
2827 3630
230 3631
593 3632
627 3632
1810 3633
2231 3633
755 3634
1201 3634
1585 3634
1602 3634
2739 3634
2913 3635
1698 3636
2725 3636
1092 3638
615 3639
2104 3640
3153 3641
949 3642
1256 3642
2161 3642
2286 3642
2426 3642
3373 3642
2643 3643
3437 3643
396 3644
1283 3644
1355 3644
1973 3644
3437 3645
917 3646
2745 3646
2948 3646
942 3647
1325 3647
2517 3647
4 3648
721 3649
3022 3649
2670 3650
1224 3651
2818 3651
179 3652
638 3653
843 3653
845 3653
1070 3653
1209 3653
1690 3653
1922 3653
570 3654
1045 3654
1422 3654
263 3655
353 3655
514 3655
992 3655
1255 3655
2794 3655
3153 3655
3166 3655
3380 3655
680 3656
1435 3657
1732 3658
2975 3658
689 3659
1218 3659
1470 3659
1657 3659
2493 3659
3572 3659
2818 3660
73 3661
1612 3662
2076 3662
417 3663
907 3663
1710 3663
2287 3663
223 3664
1358 3664
1659 3664
3078 3665
184 3666
570 3667
1422 3667
54 3668
366 3668
1909 3668
2354 3668
1802 3669
2025 3670
2165 3670
570 3671
321 3672
399 3672
520 3672
1077 3672
1163 3672
1233 3672
1793 3672
1842 3672
1856 3672
1926 3672
2116 3672
2132 3672
2501 3672
2648 3672
2710 3672
2971 3672
595 3673
2975 3674
3215 3675
2700 3676
959 3677
3536 3677
2458 3678
1348 3679
1389 3679
1446 3679
1703 3679
1902 3679
1967 3679
2065 3679
2162 3679
2175 3679
2941 3679
3273 3679
3332 3679
4 3680
55 3681
433 3681
1293 3681
1479 3681
1649 3681
3021 3681
3038 3681
3221 3681
3578 3681
3104 3682
3182 3682
659 3683
907 3684
1730 3684
2404 3684
3401 3684
303 3685
801 3685
928 3685
942 3685
1070 3685
1824 3685
3352 3685
3354 3685
3539 3685
3653 3685
796 3686
1587 3686
2523 3686
520 3687
1136 3688
40 3689
92 3689
154 3689
342 3689
447 3689
532 3689
639 3689
1034 3689
1040 3689
1089 3689
1144 3689
1187 3689
1520 3689
1579 3689
1695 3689
1711 3689
1836 3689
2176 3689
2295 3689
2332 3689
2660 3689
2878 3689
2903 3689
3404 3689
3509 3689
3595 3689
3654 3689
574 3690
595 3690
2790 3691
1369 3692
370 3693
1381 3693
1461 3693
1948 3693
2725 3693
3383 3693
1470 3694
669 3695
1649 3695
3378 3695
14 3696
68 3696
126 3697
3546 3698
73 3699
451 3700
609 3700
959 3700
1014 3700
1254 3700
1842 3700
1976 3700
2169 3700
3282 3700
3483 3700
2507 3701
576 3702
1476 3702
14 3703
115 3704
1045 3705
126 3706
536 3706
609 3706
1010 3706
1842 3706
1976 3706
369 3707
784 3707
1092 3707
1270 3707
1423 3707
2050 3707
2155 3707
3647 3707
115 3708
173 3709
942 3710
2576 3710
152 3711
166 3711
794 3711
985 3711
1007 3711
1166 3711
1750 3711
2949 3711
3202 3711
843 3712
1368 3712
907 3713
1119 3713
2052 3713
2793 3713
942 3714
3519 3715
151 3716
479 3716
1390 3716
1880 3716
3463 3716
12 3717
42 3717
1247 3717
1430 3717
2035 3717
2077 3717
2108 3717
3345 3718
1460 3719
2790 3720
36 3721
75 3721
724 3721
2885 3721
3336 3721
574 3722
595 3722
673 3722
800 3722
2790 3723
12 3724
590 3724
1897 3724
567 3725
73 3726
2395 3726
2412 3727
941 3728
92 3729
1415 3729
2882 3729
3320 3729
565 3730
1046 3731
2525 3731
2774 3732
659 3733
2967 3733
150 3734
417 3734
1936 3735
2305 3736
3269 3736
73 3737
3587 3737
1407 3738
3321 3738
1889 3739
2202 3739
2643 3739
137 3740
2306 3740
2405 3740
3298 3740
565 3741
1539 3741
1898 3741
3646 3741
1141 3742
1208 3742
1345 3742
1836 3742
1896 3742
2049 3742
3566 3742
105 3743
1848 3743
1952 3743
230 3744
329 3745
2100 3745
126 3746
695 3746
1435 3746
1964 3747
2991 3748
101 3749
276 3750
722 3750
744 3750
896 3750
927 3750
1161 3750
1435 3750
2636 3750
3282 3750
938 3751
1211 3751
2835 3751
1730 3752
17 3753
595 3753
595 3754
1208 3755
1836 3755
1896 3755
2738 3755
3237 3755
1293 3756
521 3757
1015 3757
1052 3757
2384 3757
399 3758
430 3758
451 3758
1836 3758
2675 3758
219 3759
462 3759
805 3760
1953 3760
772 3761
1175 3762
1719 3763
73 3764
2790 3764
1093 3765
2324 3765
53 3766
115 3766
303 3766
349 3766
942 3766
1070 3766
1824 3766
3539 3766
3653 3766
1092 3767
1219 3768
141 3769
186 3769
432 3769
841 3769
1909 3769
3308 3769
598 3770
2790 3770
1119 3771
1457 3771
1500 3771
495 3772
808 3772
1357 3772
1701 3772
2448 3772
2929 3772
3544 3772
1749 3773
230 3774
7 3775
177 3775
533 3775
937 3775
1747 3775
2254 3775
2507 3775
3153 3775
237 3776
2001 3776
959 3777
3536 3777
3677 3777
10 3778
307 3779
3416 3779
14 3780
1964 3781
1293 3782
1396 3783
2643 3784
131 3785
610 3785
1404 3785
1446 3785
1965 3785
1981 3785
2600 3785
2643 3785
3437 3785
3546 3785
56 3786
479 3786
941 3786
834 3787
1360 3787
1732 3787
1825 3787
1957 3787
2529 3787
3758 3787
1273 3788
215 3789
1036 3789
3785 3789
1132 3790
2968 3790
3400 3790
2385 3791
2492 3791
567 3792
184 3793
2061 3793
136 3794
1264 3794
2223 3795
2507 3795
3569 3795
1836 3796
1842 3796
47 3797
139 3797
228 3797
280 3797
541 3797
557 3797
791 3797
847 3797
1349 3797
1359 3797
1414 3797
1516 3797
1657 3797
1798 3797
1813 3797
1872 3797
1914 3797
1928 3797
2303 3797
2480 3797
2553 3797
2662 3797
2873 3797
2884 3797
2917 3797
3082 3797
3349 3797
3567 3797
3600 3797
3605 3797
3618 3797
2766 3798
2862 3798
632 3799
2834 3799
184 3800
3510 3801
346 3802
2081 3803
725 3804
2157 3804
3106 3805
942 3806
1043 3807
1730 3807
3672 3808
2077 3809
184 3810
3115 3811
3480 3811
360 3812
928 3812
1495 3812
2321 3812
877 3813
1562 3813
242 3814
659 3814
120 3815
1553 3815
1733 3815
2058 3815
2127 3815
2273 3815
2546 3815
2859 3815
3388 3815
2412 3816
1000 3817
1255 3817
3361 3817
1769 3818
3066 3818
2412 3819
135 3820
1234 3820
2724 3820
1565 3821
1821 3821
1849 3821
2635 3821
1179 3822
184 3823
126 3824
309 3825
481 3825
680 3825
1826 3825
1892 3825
2605 3825
2809 3825
2889 3825
3153 3825
3233 3825
3424 3825
1953 3826
718 3827
1319 3827
1487 3827
1659 3827
2968 3827
459 3828
831 3829
1478 3829
1608 3829
120 3830
2202 3831
2643 3831
2010 3832
179 3833
1433 3834
3418 3834
3523 3834
909 3835
1551 3835
2723 3835
4 3836
406 3836
9 3837
353 3837
1422 3837
1435 3837
1625 3837
2452 3837
2465 3837
3775 3837
830 3838
2032 3838
92 3839
1535 3839
349 3840
407 3840
2305 3840
2709 3840
2913 3840
459 3841
737 3842
2056 3843
684 3844
1938 3844
307 3845
1048 3845
18 3846
613 3846
1076 3846
1330 3846
520 3847
704 3848
2770 3848
487 3849
1730 3850
141 3851
279 3851
1562 3851
3096 3851
73 3852
537 3853
2168 3853
73 3854
1047 3855
2469 3855
2614 3855
2816 3855
2847 3855
1108 3856
1720 3856
1738 3857
2543 3857
1730 3858
487 3859
131 3860
988 3860
1659 3860
1701 3860
2394 3860
2527 3860
2851 3860
1337 3861
1726 3862
1845 3862
2245 3862
3107 3862
59 3863
61 3863
68 3863
416 3863
525 3863
1056 3863
1291 3863
1344 3863
1762 3863
1900 3863
1971 3863
2167 3863
2249 3863
2342 3863
2611 3863
2919 3863
2967 3863
3023 3863
3059 3863
3141 3863
3535 3863
3568 3863
3637 3863
3733 3863
2790 3864
613 3865
2381 3866
2509 3866
1158 3867
2991 3867
3556 3867
7 3868
25 3868
228 3868
314 3868
423 3868
497 3868
510 3868
695 3868
733 3868
743 3868
858 3868
863 3868
916 3868
976 3868
1053 3868
1067 3868
1096 3868
1189 3868
1536 3868
1566 3868
1567 3868
1602 3868
1840 3868
1942 3868
2014 3868
2045 3868
2148 3868
2457 3868
2613 3868
2635 3868
2785 3868
2921 3868
2997 3868
3183 3868
3407 3868
3417 3868
3508 3868
3596 3868
3746 3868
111 3869
17 3870
179 3871
2577 3873
1470 3874
366 3875
1732 3875
1885 3875
2047 3875
2510 3875
2975 3875
3051 3875
3550 3875
3153 3876
151 3877
1880 3877
1386 3878
2438 3879
1672 3880
73 3881
251 3882
1158 3882
1885 3882
2489 3882
2656 3882
862 3883
133 3884
647 3884
712 3884
935 3884
1326 3884
2146 3884
2591 3884
1337 3885
3863 3886
1562 3887
8 3888
293 3889
399 3889
536 3889
609 3889
870 3889
2711 3889
3153 3889
3291 3889
15 3891
560 3891
1676 3891
1966 3892
2163 3892
941 3893
6 3894
97 3894
186 3894
389 3894
399 3894
429 3894
508 3894
533 3894
877 3894
923 3894
1238 3894
1942 3894
2044 3894
2295 3894
2465 3894
2482 3894
2662 3894
2897 3894
3002 3894
3305 3894
3509 3894
3542 3894
1384 3895
1391 3895
3160 3895
855 3896
1672 3896
37 3897
385 3897
2238 3897
2688 3897
2750 3897
3622 3897
1044 3898
264 3899
1662 3899
135 3900
173 3900
601 3900
1273 3900
1436 3900
1615 3900
4 3901
720 3901
2575 3901
2832 3901
3435 3901
1446 3902
744 3903
1500 3904
2385 3905
1045 3906
557 3907
857 3907
1036 3908
417 3909
73 3910
329 3910
353 3910
393 3910
466 3910
1232 3910
1397 3910
1758 3910
1896 3910
1962 3910
2772 3910
3294 3910
3367 3910
3769 3910
3894 3910
1730 3911
2876 3911
567 3912
55 3913
133 3913
562 3913
579 3913
1293 3913
1306 3913
1314 3913
1376 3913
1568 3913
1808 3913
1954 3913
2759 3913
2790 3913
3221 3913
3574 3913
3797 3913
2302 3914
2205 3915
2487 3915
2866 3916
1738 3917
2543 3917
252 3918
649 3918
2161 3918
1446 3919
1467 3920
1094 3921
2774 3922
281 3923
555 3923
1672 3924
896 3925
1427 3925
1756 3925
2200 3925
77 3926
281 3926
417 3926
539 3926
638 3926
741 3926
1003 3926
1391 3926
1839 3926
2212 3926
2341 3926
2413 3926
2494 3926
2773 3926
3212 3926
3244 3926
3766 3926
3872 3926
331 3927
425 3927
1403 3927
1809 3927
1987 3927
2196 3927
3048 3927
3293 3927
718 3928
1539 3928
2201 3928
557 3929
1732 3930
186 3931
3083 3931
1232 3932
1896 3932
959 3933
3153 3933
331 3934
899 3934
1987 3934
2196 3934
3191 3934
637 3935
886 3935
1128 3935
1985 3935
1326 3936
1960 3937
2040 3937
3706 3938
3057 3939
520 3940
583 3941
763 3941
812 3941
2790 3942
1461 3943
2236 3943
156 3944
37 3945
2238 3945
2688 3945
2750 3945
2967 3946
595 3947
768 3948
47 3949
275 3949
280 3949
315 3949
368 3949
652 3949
847 3949
1085 3949
1406 3949
1414 3949
1474 3949
1516 3949
1538 3949
1634 3949
1657 3949
1914 3949
2063 3949
2083 3949
2553 3949
2568 3949
2917 3949
3287 3949
3472 3949
3600 3949
3605 3949
73 3950
14 3951
2065 3951
2864 3951
230 3952
72 3953
435 3953
156 3954
5 3955
8 3955
10 3955
53 3955
54 3955
97 3955
135 3955
153 3955
154 3955
160 3955
175 3955
264 3955
346 3955
391 3955
429 3955
432 3955
492 3955
533 3955
765 3955
797 3955
882 3955
926 3955
989 3955
1047 3955
1089 3955
1238 3955
1274 3955
1435 3955
1450 3955
1495 3955
1585 3955
1612 3955
1658 3955
1691 3955
1942 3955
2076 3955
2215 3955
2307 3955
2470 3955
2477 3955
2482 3955
2496 3955
2532 3955
2558 3955
2584 3955
2596 3955
2635 3955
2703 3955
2721 3955
2724 3955
2759 3955
2778 3955
2897 3955
2913 3955
2917 3955
2975 3955
3266 3955
3428 3955
3440 3955
3537 3955
3672 3955
3689 3955
3868 3955
1092 3956
2205 3957
687 3958
2725 3958
2815 3958
837 3959
907 3959
1016 3959
1398 3959
1940 3959
2219 3959
2644 3959
2811 3959
3118 3959
3174 3959
3405 3959
1460 3960
2173 3961
2644 3961
2876 3961
71 3962
184 3962
204 3962
603 3962
613 3962
999 3962
1183 3962
1308 3962
1347 3962
1704 3962
2129 3962
2733 3962
3065 3962
1802 3963
1255 3964
2860 3964
794 3965
2044 3966
2421 3966
3890 3966
721 3967
3962 3967
166 3968
216 3968
1104 3968
1409 3968
1440 3968
2228 3968
2380 3968
2439 3968
3285 3968
3316 3968
1360 3969
54 3970
2354 3970
1758 3971
3769 3971
184 3972
616 3973
2508 3973
567 3974
1481 3974
167 3975
205 3975
502 3975
1451 3975
2118 3975
2465 3975
197 3976
765 3977
1422 3977
1856 3977
2682 3977
2888 3977
3672 3977
1398 3978
1730 3978
3400 3979
907 3980
2644 3980
3312 3980
735 3981
930 3981
1310 3981
1722 3981
2794 3981
3166 3981
3361 3981
3367 3981
3817 3981
3964 3981
281 3982
674 3982
1049 3982
1289 3982
1839 3982
2783 3982
3892 3982
2593 3983
569 3984
1526 3985
3406 3985
489 3986
565 3986
1030 3986
1986 3986
185 3987
2774 3987
1255 3988
1621 3988
3655 3988
1937 3989
2479 3989
3321 3989
595 3990
1224 3991
1958 3991
141 3992
432 3992
921 3992
1962 3992
3308 3992
3971 3992
615 3993
37 3994
385 3994
2238 3994
2688 3994
1386 3995
3116 3996
1673 3997
3330 3997
3411 3997
3573 3997
1240 3998
1558 3998
1699 3998
2033 3998
1500 3999
92 4000
