1 2
1 3
2 3
1 4
2 4
3 4
1 5
2 5
3 5
4 5
1 6
2 6
3 6
4 6
5 6
1 7
2 7
3 7
4 7
5 7
6 7
1 8
2 8
3 8
4 8
5 8
6 8
7 8
1 9
2 9
3 9
4 9
5 9
6 9
7 9
8 9
1 10
2 10
3 10
4 10
5 10
6 10
7 10
8 10
9 10
3 11
6 11
1 12
8 12
11 12
3 13
11 13
12 13
11 14
12 14
13 14
10 15
11 15
12 15
13 15
14 15
1 16
7 16
8 16
11 16
12 16
13 16
14 16
15 16
3 17
11 17
12 17
13 17
14 17
15 17
16 17
12 18
15 19
17 20
13 21
8 22
10 23
9 24
14 25
4 26
13 27
10 28
4 29
5 30
8 31
16 32
4 33
2 34
8 35
2 36
13 37
14 38
16 39
9 40
16 41
15 42
10 43
17 44
14 45
15 46
11 47
2 48
2 49
12 50
5 51
50 52
13 53
14 53
16 53
17 53
12 54
14 55
2 56
8 57
8 58
11 58
14 58
18 58
10 59
56 59
7 60
11 60
13 60
32 60
13 61
3 62
12 62
15 62
16 62
17 62
47 62
8 63
10 63
51 63
12 64
9 65
2 66
13 66
4 67
13 68
4 69
58 70
8 71
4 72
9 73
2 74
40 74
12 75
52 75
14 76
16 77
17 77
34 78
2 79
14 80
16 81
4 82
16 83
63 84
8 85
13 86
85 86
22 87
2 88
59 88
17 89
1 90
13 90
4 91
5 92
48 93
92 93
17 94
4 95
16 96
2 97
6 97
7 97
8 97
9 97
51 97
92 97
25 98
17 99
8 100
12 101
14 101
16 101
23 101
42 101
62 101
7 102
9 102
2 103
16 104
93 105
5 106
41 106
4 107
10 108
13 108
14 108
19 108
98 109
1 110
4 110
6 110
7 110
9 110
30 110
51 110
106 110
107 111
12 112
14 112
16 112
62 112
7 113
13 113
8 114
17 115
1 116
14 117
15 117
17 117
60 117
66 117
90 117
14 118
98 118
47 119
107 119
16 120
44 120
13 121
4 122
3 123
11 123
12 123
13 123
14 123
89 123
94 123
86 124
9 125
8 126
86 126
9 127
88 127
58 128
107 129
2 130
3 130
5 130
116 130
14 131
17 132
123 132
15 133
4 134
3 135
2 136
5 136
9 137
74 137
117 138
8 139
44 139
7 140
93 141
56 142
88 142
2 143
4 144
74 145
12 146
62 146
4 147
2 148
16 149
4 150
133 150
9 151
8 152
15 153
150 153
107 154
116 155
60 156
2 157
93 158
4 159
50 160
86 161
6 162
15 163
60 163
138 163
14 164
34 164
92 164
12 165
120 166
2 167
5 167
16 167
90 167
116 167
104 168
2 169
13 170
49 170
116 171
10 172
14 173
98 173
53 174
10 175
11 175
17 175
46 175
117 175
163 175
56 176
116 176
13 177
17 178
2 179
140 180
9 181
2 182
17 183
50 184
7 185
11 185
13 185
156 185
16 186
106 186
59 187
11 188
89 188
170 189
16 190
8 191
11 191
14 191
17 191
18 191
50 191
62 191
64 191
75 191
112 191
123 191
3 192
16 192
47 192
175 192
185 192
191 192
17 193
48 193
13 194
1 195
167 195
171 195
33 196
191 197
170 198
7 199
14 200
16 200
62 200
16 201
2 202
106 203
13 204
8 205
168 206
5 207
11 208
7 209
58 210
12 211
1 212
6 212
7 212
9 212
51 212
106 212
108 213
110 214
14 215
7 216
14 217
70 217
8 218
2 219
3 219
10 219
110 219
17 220
93 221
107 222
151 222
2 223
12 223
13 224
12 225
23 225
62 225
11 226
119 226
111 227
119 227
129 227
222 227
7 228
5 229
8 229
10 229
73 229
97 229
125 229
137 229
212 229
107 230
4 231
170 231
9 232
165 233
9 234
13 235
4 236
12 237
14 237
16 237
62 237
191 237
11 238
13 238
46 238
133 238
17 239
10 240
4 241
101 242
225 242
217 243
14 244
16 245
3 246
11 246
89 246
132 246
18 247
229 248
22 249
12 250
16 250
38 250
101 250
118 250
123 250
173 250
191 250
200 250
237 250
244 250
14 251
46 251
191 251
93 252
222 253
16 254
12 255
14 256
98 256
250 256
8 257
9 258
77 258
222 258
130 259
167 259
4 260
93 261
14 262
13 263
13 264
117 264
156 264
86 265
3 266
5 266
116 266
246 267
198 268
115 269
13 270
4 271
14 272
17 273
120 273
102 274
13 275
70 275
117 275
2 276
3 276
97 276
162 276
58 277
191 277
247 277
119 278
13 279
8 280
212 280
248 280
119 281
222 281
4 282
40 282
62 283
179 283
242 283
75 284
2 285
13 286
14 287
98 287
165 288
60 289
185 289
13 290
11 291
56 292
119 293
222 293
7 294
9 294
8 295
4 296
10 297
4 298
2 299
97 299
14 300
70 300
243 300
17 301
9 302
171 302
222 303
250 304
9 305
7 306
13 306
222 307
246 308
9 309
77 309
86 310
9 311
229 311
2 312
59 312
127 312
93 313
8 314
4 315
93 316
74 317
246 318
159 319
198 319
14 320
112 320
277 320
18 321
2 322
9 322
16 322
102 322
113 322
140 322
185 322
199 322
212 322
228 322
7 323
17 324
8 325
11 326
133 326
211 327
58 328
275 328
209 329
8 330
8 331
185 332
4 333
50 334
16 335
146 335
3 336
44 336
89 336
117 336
178 336
239 336
273 336
3 337
5 337
6 337
8 337
9 337
28 337
59 337
63 337
219 337
229 337
300 338
10 339
127 339
16 340
60 340
4 341
241 342
107 343
216 344
16 345
207 345
14 346
250 346
119 347
9 348
2 349
59 349
142 349
86 350
16 351
2 352
86 352
4 353
277 354
4 355
75 356
167 356
14 357
89 357
243 357
338 357
277 358
283 359
1 360
9 360
106 360
280 360
106 361
98 362
18 363
2 364
142 364
56 365
93 366
88 367
337 367
277 368
154 369
343 369
14 370
198 370
16 371
191 372
354 372
358 372
368 372
2 373
9 374
318 375
4 376
130 377
167 377
12 378
333 379
93 380
119 381
222 381
58 382
106 383
16 384
44 384
273 384
39 385
146 386
300 387
128 388
13 389
117 389
328 389
222 390
106 391
13 392
11 393
13 393
32 393
89 394
132 394
308 394
318 394
11 395
64 395
75 395
123 395
165 395
225 395
16 396
86 397
277 398
372 398
7 399
2 400
78 400
119 401
299 402
241 403
14 404
75 405
140 406
8 407
97 408
162 408
93 409
243 410
283 411
2 412
127 412
367 412
250 413
188 414
394 414
250 415
75 416
2 417
191 418
358 418
2 419
93 419
193 419
51 420
372 420
9 421
12 422
395 422
373 423
4 424
110 425
4 426
24 426
40 426
110 426
137 426
212 426
348 426
374 426
132 427
107 428
16 429
277 430
372 430
59 431
110 432
1 433
30 433
51 433
425 433
196 434
375 434
4 435
8 436
28 436
14 437
107 438
151 438
303 438
381 438
390 438
16 439
13 440
8 441
225 441
2 442
292 443
365 443
107 444
15 445
402 445
131 446
170 446
244 447
9 448
4 449
8 449
9 449
43 449
172 449
219 449
240 449
339 449
116 450
195 450
1 451
13 452
276 453
408 453
11 454
133 454
2 455
31 455
216 455
111 456
428 456
155 457
44 458
8 459
84 459
13 460
70 460
59 461
88 462
165 462
312 462
431 462
2 463
31 463
216 463
9 464
1 465
4 465
5 465
6 465
7 465
9 465
10 465
11 465
246 465
266 465
4 466
165 466
13 467
16 467
8 468
111 469
119 469
129 469
222 469
110 470
125 470
13 471
75 471
9 472
191 473
4 474
12 475
16 475
62 475
11 476
192 476
13 477
222 478
319 479
8 480
445 481
150 482
326 482
140 483
14 484
2 485
163 486
283 487
339 487
267 488
93 489
420 489
217 490
14 491
44 492
1 493
171 493
176 493
266 493
463 494
125 495
229 496
426 496
52 497
191 497
356 497
405 497
13 498
309 499
18 500
9 501
4 502
8 503
326 504
74 505
191 506
198 507
369 508
7 509
13 509
344 510
455 510
493 511
110 512
13 513
2 514
336 515
101 516
225 516
467 517
16 518
60 518
9 519
98 520
222 521
16 522
2 523
17 524
13 525
70 525
17 526
171 527
14 528
8 529
89 530
267 530
308 530
465 530
104 531
2 532
3 532
337 532
17 533
93 534
12 535
78 536
164 536
17 537
123 537
394 537
1 538
171 538
450 538
12 539
58 540
9 541
13 542
15 542
17 542
23 542
54 542
62 542
112 542
237 542
255 542
378 542
539 542
436 543
12 544
14 544
23 544
42 544
250 544
516 544
13 545
49 545
13 546
14 546
16 546
19 546
42 546
46 546
133 546
163 546
445 546
542 546
17 547
258 547
309 547
280 548
2 549
514 550
5 551
110 551
14 552
404 552
79 553
3 554
14 554
15 554
60 554
175 554
188 554
191 554
208 554
226 554
326 554
476 554
171 555
320 555
450 555
60 556
393 556
9 557
443 557
12 558
62 558
152 558
335 558
13 559
8 560
74 561
33 562
434 562
74 563
508 564
292 565
17 566
153 566
258 566
353 567
2 568
497 569
128 570
160 571
184 571
8 572
84 572
171 573
86 574
250 575
16 576
44 577
153 578
16 579
34 580
4 581
18 582
77 582
445 582
317 583
93 584
369 585
8 586
87 586
8 587
2 588
12 589
353 590
13 591
77 592
554 593
13 594
117 594
80 595
16 596
120 596
531 596
89 597
14 598
13 599
4 600
16 601
44 602
47 603
9 604
543 604
227 605
456 605
469 605
189 606
497 607
16 608
54 608
62 608
101 608
112 608
123 608
146 608
237 608
544 608
177 609
7 610
2 611
1 612
14 612
54 612
123 612
146 612
165 612
225 612
250 612
422 612
596 613
250 614
13 615
368 615
110 616
2 617
4 618
4 619
499 620
8 621
140 622
2 623
484 623
110 624
4 625
4 626
125 627
93 628
75 629
9 630
229 630
592 630
481 631
558 632
297 633
8 634
458 635
4 636
275 637
2 638
276 639
2 640
6 640
8 640
92 640
136 640
167 640
207 640
229 640
2 641
550 641
462 642
2 643
12 644
247 644
363 644
212 645
247 646
363 646
500 646
582 646
191 647
11 648
15 648
17 648
50 648
75 648
112 648
123 648
237 648
255 648
422 648
535 648
589 648
644 648
8 649
13 650
120 650
573 650
2 651
4 652
75 653
2 654
4 655
643 655
322 656
406 656
483 656
622 656
17 657
325 657
247 658
353 659
17 660
336 660
559 660
14 661
4 662
283 663
16 664
14 665
82 665
623 665
111 666
428 666
605 666
167 667
190 668
211 669
84 670
12 671
395 671
483 671
648 671
8 672
9 673
167 674
101 675
225 675
544 675
13 676
93 677
120 678
14 679
9 680
219 680
240 680
209 681
277 682
2 683
2 684
8 685
28 685
543 685
13 686
16 686
517 686
4 687
283 688
404 688
74 689
566 689
14 690
150 691
16 692
2 693
137 693
689 693
558 694
2 695
4 695
5 695
9 695
10 695
31 695
58 695
85 695
126 695
139 695
152 695
218 695
337 695
407 695
459 695
529 695
560 695
685 695
16 696
48 697
92 697
158 697
261 697
313 697
366 697
380 697
419 697
2 698
13 699
181 699
609 699
652 700
276 701
74 702
273 703
547 703
222 704
571 705
193 706
542 707
428 708
514 708
605 708
8 709
13 710
126 710
161 710
350 710
695 711
3 712
10 712
295 712
615 713
571 714
562 715
7 716
9 716
8 717
558 717
660 717
17 718
165 719
446 720
9 721
92 722
261 722
313 722
366 722
380 722
419 722
467 723
13 724
5 725
110 725
283 726
13 727
14 727
13 728
70 728
267 729
465 729
54 730
165 730
117 731
156 731
646 732
8 733
712 733
16 734
13 735
133 736
13 737
123 738
137 738
13 739
244 740
129 741
557 742
250 743
2 744
132 745
516 745
1 746
7 746
9 746
26 746
29 746
107 746
144 746
159 746
231 746
260 746
296 746
315 746
355 746
426 746
449 746
502 746
618 746
13 747
1 748
176 748
266 748
164 749
16 750
13 751
16 752
191 752
7 753
29 753
159 753
260 753
264 753
296 753
315 753
355 753
15 754
238 754
4 755
133 755
153 755
482 755
44 756
152 757
650 757
12 758
25 758
38 758
53 758
80 758
108 758
117 758
123 758
131 758
164 758
173 758
200 758
320 758
404 758
437 758
484 758
491 758
528 758
544 758
546 758
661 758
665 758
679 758
280 759
7 760
140 761
583 762
9 763
745 764
185 765
13 766
70 766
280 767
89 768
497 769
133 770
93 771
58 772
168 773
9 774
222 774
547 774
467 775
101 776
112 776
191 776
542 776
550 776
558 776
2 777
260 778
776 778
14 779
758 779
130 780
9 781
229 781
56 782
88 782
434 783
5 784
7 784
9 784
10 784
11 784
612 785
494 786
594 786
93 787
156 788
130 789
569 789
158 790
217 790
2 791
3 791
337 791
279 792
612 792
615 793
552 794
4 795
219 796
211 797
145 798
317 798
561 798
409 799
17 800
5 801
110 801
433 801
74 802
798 802
93 803
250 804
241 805
150 806
517 806
59 807
176 807
292 807
365 807
697 808
50 809
263 810
222 811
279 812
8 813
16 814
2 815
59 816
467 817
686 817
786 817
11 818
156 818
332 818
123 819
244 820
644 820
5 821
93 821
164 821
722 821
17 822
123 822
246 822
745 822
13 823
185 824
818 824
13 825
181 825
191 826
277 827
241 828
24 829
697 830
418 831
711 832
497 833
17 834
436 835
117 836
275 837
433 838
185 839
50 840
497 840
16 841
146 842
191 843
155 844
2 845
279 846
243 847
554 848
274 849
75 850
433 850
469 850
152 851
632 851
717 851
697 852
152 853
607 853
694 853
776 853
191 854
13 855
156 855
753 855
5 856
110 856
434 856
609 857
16 858
207 858
402 859
481 859
10 860
591 860
570 861
2 862
8 863
543 863
762 864
2 865
15 866
175 866
238 866
251 866
546 866
97 867
4 868
778 868
133 869
145 870
505 870
702 870
93 871
164 871
640 871
722 871
2 872
220 872
655 872
2 873
746 874
571 875
93 876
60 877
473 878
13 879
2 880
17 881
13 882
225 883
277 884
372 884
78 885
97 886
758 886
562 887
185 888
8 889
78 890
16 891
612 892
50 893
101 894
185 895
290 896
123 897
191 898
14 899
16 899
50 899
187 899
250 899
608 899
776 899
894 899
13 900
43 900
490 901
542 902
776 902
9 903
426 903
2 904
459 905
572 905
13 906
15 907
101 907
544 907
546 907
831 908
3 909
14 909
16 909
44 909
53 909
99 909
117 909
178 909
191 909
220 909
301 909
542 909
648 909
660 909
800 909
822 909
283 910
90 911
259 911
119 912
125 913
9 914
16 914
113 914
140 914
656 914
229 915
14 916
17 917
123 917
188 917
336 917
357 917
530 917
597 917
768 917
628 918
247 919
433 920
9 921
117 922
554 923
908 923
79 924
43 925
2 926
406 926
731 927
277 928
372 928
58 929
275 929
766 929
628 930
191 931
153 932
17 933
16 934
582 934
592 934
246 935
488 935
530 935
729 935
9 936
426 936
693 936
93 937
790 937
2 938
394 939
8 940
13 941
17 942
2 943
220 943
276 943
702 944
13 945
98 946
250 946
758 946
4 947
8 948
13 949
793 949
152 950
650 950
687 951
154 952
343 952
8 953
35 953
4 954
153 954
806 954
643 955
319 956
2 957
44 958
165 959
312 959
431 959
14 960
128 960
506 960
758 960
128 961
185 962
140 963
656 963
16 964
637 965
46 966
191 966
2 967
6 967
8 967
9 967
28 967
43 967
59 967
108 967
229 967
465 967
712 967
784 967
1 968
14 969
758 969
308 970
465 970
935 970
2 971
343 972
885 973
59 974
274 975
16 976
517 976
723 976
775 976
817 976
13 977
455 978
13 979
156 979
646 980
16 981
817 981
516 982
764 982
822 982
16 983
12 984
191 984
321 984
363 984
582 984
120 985
577 985
170 986
606 986
8 987
657 988
7 989
63 990
97 990
93 991
193 991
697 991
953 992
211 993
9 994
11 995
75 995
123 995
225 995
422 995
406 996
923 996
89 997
960 998
13 999
7 1000
344 1000
13 1001
156 1002
565 1003
807 1003
13 1004
695 1005
16 1006
16 1007
13 1008
819 1008
364 1009
418 1010
2 1011
9 1011
465 1011
712 1011
784 1011
793 1012
277 1013
16 1014
717 1015
827 1015
524 1016
14 1017
98 1017
250 1017
405 1017
915 1018
185 1019
167 1020
250 1021
119 1022
84 1023
465 1024
935 1024
1 1025
11 1025
14 1025
16 1025
17 1025
54 1025
211 1025
225 1025
237 1025
250 1025
535 1025
758 1025
984 1025
7 1026
32 1026
156 1026
163 1026
340 1026
554 1026
877 1026
98 1027
9 1028
443 1028
742 1028
2 1029
123 1029
98 1030
436 1031
276 1032
590 1033
14 1034
145 1035
175 1036
264 1036
275 1036
336 1036
2 1037
16 1037
90 1037
116 1037
195 1037
259 1037
356 1037
377 1037
222 1038
17 1039
490 1040
646 1041
198 1042
62 1043
179 1043
359 1043
663 1043
910 1043
58 1044
191 1044
247 1044
321 1044
1026 1045
637 1046
7 1047
977 1047
170 1048
594 1049
2 1050
9 1050
465 1050
712 1050
644 1051
13 1052
881 1052
9 1053
583 1054
660 1054
13 1055
75 1055
319 1056
2 1057
28 1057
36 1057
108 1057
712 1057
274 1058
2 1059
107 1060
696 1060
276 1061
876 1062
16 1063
547 1064
824 1065
275 1066
406 1067
2 1068
3 1069
12 1069
13 1069
14 1069
17 1069
47 1069
58 1069
175 1069
191 1069
208 1069
226 1069
238 1069
291 1069
326 1069
393 1069
395 1069
476 1069
818 1069
175 1070
792 1071
846 1071
2 1072
712 1073
50 1074
61 1074
497 1074
2 1075
86 1075
198 1076
822 1077
930 1077
7 1078
407 1078
7 1079
949 1079
9 1080
627 1080
913 1080
226 1081
281 1081
1022 1081
110 1082
846 1083
167 1084
240 1085
209 1086
3 1087
12 1087
16 1087
60 1087
123 1087
175 1087
191 1087
246 1087
465 1087
476 1087
818 1087
843 1087
1025 1087
9 1088
14 1089
17 1089
18 1089
50 1089
62 1089
75 1089
250 1089
251 1089
372 1089
418 1089
1044 1089
1069 1089
1087 1089
101 1090
170 1091
2 1092
337 1092
74 1093
16 1094
523 1094
198 1095
86 1096
794 1097
14 1098
15 1099
238 1099
666 1100
50 1101
11 1102
89 1102
554 1102
12 1103
17 1103
47 1103
226 1103
395 1103
476 1103
818 1103
1089 1103
283 1104
8 1105
33 1106
434 1106
887 1106
2 1107
373 1108
53 1109
13 1110
13 1111
870 1112
59 1113
8 1114
87 1114
98 1115
266 1115
615 1116
816 1116
1026 1117
140 1118
50 1119
1026 1120
833 1121
666 1122
2 1123
14 1124
277 1124
555 1124
119 1125
60 1126
1026 1126
97 1127
639 1127
701 1127
1026 1128
13 1129
141 1129
2 1130
13 1131
717 1132
827 1132
9 1133
753 1134
104 1135
596 1135
16 1136
642 1136
70 1137
266 1138
8 1139
876 1140
11 1141
13 1141
16 1141
38 1141
76 1141
101 1141
117 1141
131 1141
164 1141
272 1141
320 1141
437 1141
484 1141
552 1141
554 1141
612 1141
727 1141
779 1141
899 1141
916 1141
1017 1141
1025 1141
1089 1141
1009 1142
113 1143
212 1143
171 1144
320 1144
353 1145
15 1146
75 1146
112 1146
589 1146
909 1146
16 1147
64 1148
422 1148
1103 1148
2 1149
50 1150
9 1151
14 1152
418 1153
7 1154
229 1155
2 1156
606 1156
8 1157
13 1157
14 1157
17 1157
77 1157
83 1157
101 1157
120 1157
167 1157
192 1157
200 1157
340 1157
345 1157
351 1157
371 1157
439 1157
546 1157
596 1157
608 1157
692 1157
891 1157
1007 1157
1087 1157
2 1158
748 1159
1116 1159
4 1160
165 1161
276 1162
6 1163
51 1163
106 1163
426 1163
645 1163
508 1164
163 1165
4 1166
7 1167
9 1168
93 1169
697 1170
2 1171
190 1172
351 1172
467 1173
976 1173
8 1174
156 1175
101 1176
544 1176
745 1176
98 1177
86 1178
540 1179
222 1180
699 1181
620 1182
242 1183
1129 1183
4 1184
319 1184
417 1185
70 1186
75 1187
954 1188
753 1189
660 1190
792 1190
280 1191
235 1192
1010 1192
226 1193
281 1193
1101 1193
128 1194
153 1194
93 1195
155 1196
637 1197
44 1198
872 1199
972 1199
2 1200
4 1201
4 1202
812 1202
41 1203
110 1203
383 1203
1163 1203
44 1204
17 1205
1016 1205
13 1206
3 1207
89 1207
273 1207
660 1207
917 1207
50 1208
993 1208
2 1209
222 1210
246 1211
729 1211
16 1212
1137 1212
2 1213
78 1213
177 1213
917 1213
1161 1214
666 1215
59 1216
111 1217
605 1217
1215 1217
499 1218
1182 1218
606 1219
853 1220
13 1221
352 1222
4 1223
4 1224
123 1224
16 1225
58 1226
14 1227
644 1227
758 1227
222 1228
13 1229
9 1230
426 1230
62 1231
688 1231
12 1232
62 1232
320 1232
608 1232
648 1232
776 1232
13 1233
609 1233
13 1234
16 1235
93 1236
171 1237
176 1237
4 1238
33 1239
279 1239
434 1239
887 1239
9 1240
50 1241
125 1242
119 1243
222 1243
242 1243
281 1243
13 1244
8 1245
8 1246
9 1247
748 1248
1116 1248
309 1249
909 1250
319 1251
123 1252
1157 1252
11 1253
13 1254
4 1255
2 1256
1199 1257
51 1258
850 1258
150 1259
755 1259
274 1260
10 1261
449 1261
561 1262
802 1262
187 1263
312 1263
349 1263
431 1263
807 1263
816 1263
558 1264
8 1265
28 1265
13 1266
198 1267
1188 1268
462 1269
810 1270
406 1271
669 1272
1087 1273
1188 1274
11 1275
13 1276
837 1276
1036 1276
1066 1276
191 1277
356 1277
840 1277
163 1278
590 1279
8 1280
18 1280
50 1280
75 1280
112 1280
192 1280
250 1280
251 1280
372 1280
418 1280
497 1280
843 1280
898 1280
966 1280
336 1281
14 1282
2 1283
152 1284
296 1284
650 1284
2 1285
14 1286
9 1287
967 1287
735 1288
164 1289
16 1290
62 1290
130 1291
880 1292
1213 1292
132 1293
87 1294
167 1294
911 1294
1037 1294
8 1295
11 1295
17 1295
64 1295
75 1295
277 1295
418 1295
473 1295
497 1295
506 1295
554 1295
984 1295
1277 1295
222 1296
281 1296
608 1296
497 1297
902 1298
976 1298
2 1299
1 1300
4 1300
8 1300
11 1300
97 1300
18 1301
646 1301
104 1302
596 1302
150 1303
755 1303
823 1303
74 1304
2 1305
406 1306
1098 1307
171 1308
128 1309
365 1310
101 1311
225 1311
544 1311
1218 1312
84 1313
16 1314
369 1315
564 1315
1164 1315
4 1316
8 1317
9 1318
426 1318
628 1319
8 1320
876 1321
846 1322
1079 1323
79 1324
650 1325
1242 1326
25 1327
38 1327
45 1327
53 1327
55 1327
80 1327
101 1327
112 1327
131 1327
164 1327
173 1327
191 1327
217 1327
251 1327
262 1327
320 1327
357 1327
404 1327
491 1327
528 1327
544 1327
665 1327
727 1327
909 1327
1069 1327
1089 1327
1157 1327
1286 1327
627 1328
9 1329
93 1330
1198 1330
4 1331
319 1331
4 1332
4 1333
123 1333
14 1334
123 1334
473 1334
554 1334
647 1334
752 1334
826 1334
843 1334
854 1334
1087 1334
8 1335
250 1336
191 1337
878 1337
17 1338
539 1339
1015 1339
1061 1339
14 1340
193 1341
582 1342
592 1342
446 1343
1214 1344
44 1345
222 1346
242 1346
281 1346
56 1347
565 1347
807 1347
241 1348
250 1348
4 1349
4 1350
909 1351
7 1352
9 1352
29 1352
107 1352
144 1352
159 1352
231 1352
315 1352
426 1352
502 1352
874 1352
1330 1353
276 1354
408 1354
717 1354
25 1355
38 1355
55 1355
101 1355
131 1355
173 1355
251 1355
320 1355
357 1355
404 1355
491 1355
909 1355
1286 1355
394 1356
344 1357
164 1358
1103 1359
50 1360
1 1361
6 1361
51 1361
229 1361
322 1361
426 1361
11 1362
123 1362
225 1362
58 1363
1179 1363
1026 1364
133 1365
389 1366
10 1367
11 1367
42 1367
445 1367
554 1367
866 1367
1040 1367
1099 1367
1146 1367
4 1368
40 1368
656 1369
1067 1369
119 1370
222 1370
281 1370
759 1371
864 1371
722 1372
164 1373
466 1373
225 1374
497 1375
1277 1375
1351 1376
175 1377
966 1377
229 1378
13 1379
13 1380
167 1381
1037 1381
210 1382
369 1383
18 1384
288 1384
280 1385
850 1386
46 1387
191 1387
866 1387
250 1388
1225 1388
4 1389
5 1390
6 1390
8 1390
16 1390
60 1390
199 1390
209 1390
306 1390
716 1390
746 1390
784 1390
989 1390
1047 1390
1078 1390
1079 1390
1167 1390
1352 1390
8 1391
87 1391
558 1392
8 1393
164 1394
393 1395
1263 1396
1347 1396
13 1397
786 1397
191 1398
1116 1399
1263 1399
4 1400
111 1400
222 1400
343 1400
428 1400
699 1401
13 1402
58 1403
1179 1403
13 1404
382 1404
2 1405
1014 1405
558 1406
851 1406
13 1407
1054 1408
385 1409
1208 1410
753 1411
8 1412
10 1413
596 1414
164 1415
1221 1415
1371 1416
13 1417
815 1417
93 1418
130 1419
1077 1420
250 1421
60 1422
1165 1422
1278 1422
13 1423
949 1424
50 1425
13 1426
989 1426
13 1427
609 1427
1213 1427
8 1428
22 1429
1236 1430
85 1431
238 1431
389 1432
1037 1433
370 1434
9 1435
283 1436
558 1437
542 1438
1298 1438
156 1439
1069 1439
1087 1439
1103 1439
361 1440
92 1441
313 1441
871 1441
2 1442
8 1443
695 1443
97 1444
1163 1444
1361 1444
225 1445
4 1446
386 1447
813 1447
1141 1447
98 1448
290 1449
276 1450
140 1451
2 1452
175 1453
276 1454
125 1455
198 1456
59 1457
176 1457
782 1457
123 1458
11 1459
13 1459
44 1459
117 1459
191 1459
193 1459
273 1459
526 1459
537 1459
660 1459
718 1459
800 1459
822 1459
1025 1459
1157 1459
1338 1459
1165 1460
1278 1460
909 1461
14 1462
623 1462
2 1463
152 1464
1406 1464
156 1465
50 1466
328 1466
155 1467
190 1468
211 1469
156 1470
98 1471
1097 1472
9 1473
74 1474
4 1475
293 1475
1097 1476
16 1477
62 1478
152 1479
198 1480
558 1481
227 1482
628 1482
74 1483
13 1484
1192 1484
2 1485
16 1486
25 1486
55 1486
58 1486
76 1486
118 1486
164 1486
215 1486
237 1486
437 1486
491 1486
544 1486
546 1486
552 1486
598 1486
612 1486
727 1486
909 1486
969 1486
1017 1486
1025 1486
1034 1486
1124 1486
1152 1486
1282 1486
1286 1486
1334 1486
1340 1486
4 1487
9 1488
524 1488
6 1489
7 1489
51 1489
990 1489
565 1490
198 1491
1406 1492
434 1493
16 1494
152 1495
650 1495
6 1496
322 1496
982 1496
16 1497
16 1498
33 1499
317 1500
561 1500
1150 1500
709 1501
171 1502
650 1502
4 1503
502 1504
994 1505
62 1506
179 1506
842 1506
910 1506
261 1507
821 1507
1372 1507
1201 1508
8 1509
86 1509
695 1509
710 1509
1321 1510
14 1511
42 1511
250 1511
608 1511
675 1511
758 1511
1311 1511
1327 1511
1271 1512
44 1513
246 1514
462 1515
564 1516
596 1516
497 1517
1121 1517
229 1518
1422 1518
98 1519
12 1520
14 1520
175 1520
291 1520
393 1520
395 1520
1327 1520
1439 1520
133 1521
691 1521
1303 1521
1352 1522
13 1523
15 1523
18 1523
112 1523
123 1523
146 1523
211 1523
225 1523
237 1523
475 1523
535 1523
558 1523
644 1523
758 1523
984 1523
1232 1523
17 1524
258 1524
309 1524
774 1524
1175 1525
333 1526
247 1527
1069 1528
1188 1529
13 1530
713 1530
493 1531
1138 1531
624 1532
628 1533
882 1533
1215 1533
1382 1534
17 1535
1156 1536
650 1537
75 1538
75 1539
534 1539
2 1540
687 1541
250 1542
4 1543
250 1544
666 1545
8 1546
8 1547
167 1548
370 1548
251 1549
898 1549
13 1550
226 1551
281 1551
13 1552
19 1552
42 1552
46 1552
866 1552
907 1552
1486 1552
713 1553
250 1554
599 1555
8 1556
1339 1557
1269 1558
1315 1559
1516 1559
21 1560
352 1560
74 1561
870 1562
74 1563
282 1563
1368 1563
10 1564
900 1564
925 1564
967 1564
3 1565
7 1565
16 1565
31 1565
35 1565
71 1565
97 1565
114 1565
152 1565
218 1565
257 1565
331 1565
337 1565
436 1565
441 1565
459 1565
560 1565
586 1565
640 1565
685 1565
709 1565
717 1565
813 1565
948 1565
953 1565
987 1565
1245 1565
1246 1565
1320 1565
1335 1565
1393 1565
1412 1565
1428 1565
1509 1565
1546 1565
244 1566
455 1566
85 1567
124 1567
161 1567
352 1567
1075 1567
1096 1567
1178 1567
1509 1567
2 1568
80 1569
13 1570
61 1570
13 1571
117 1572
319 1573
1053 1573
320 1574
637 1574
497 1575
92 1576
158 1576
261 1576
313 1576
326 1577
17 1578
909 1578
2 1579
13 1580
1459 1581
9 1582
14 1583
1327 1583
881 1584
2 1585
31 1585
43 1585
216 1585
978 1585
13 1586
121 1587
697 1587
1026 1588
38 1589
80 1589
101 1589
131 1589
217 1589
357 1589
491 1589
528 1589
665 1589
1089 1589
1157 1589
1263 1590
637 1591
983 1592
1003 1592
1347 1592
8 1593
637 1594
18 1595
646 1595
17 1596
52 1597
356 1597
405 1597
833 1597
840 1597
1575 1597
1080 1598
1328 1598
2 1599
43 1599
66 1599
553 1600
2 1601
74 1602
693 1602
165 1603
13 1604
123 1605
379 1606
198 1607
11 1608
64 1608
123 1608
1069 1608
1103 1608
1520 1608
11 1609
12 1609
13 1609
17 1609
19 1609
117 1609
133 1609
554 1609
866 1609
1 1610
2 1610
8 1610
212 1610
967 1610
1163 1610
1390 1610
1496 1610
86 1611
192 1612
637 1613
935 1614
152 1615
650 1615
104 1616
723 1616
445 1617
866 1617
1146 1617
260 1618
776 1618
50 1619
2 1620
1054 1621
75 1622
173 1623
75 1624
93 1625
75 1626
290 1627
132 1628
746 1629
7 1630
1165 1631
1026 1632
88 1633
666 1634
122 1635
445 1635
984 1635
1083 1636
523 1637
1371 1637
815 1638
41 1639
110 1639
612 1640
319 1641
1411 1641
277 1642
1422 1643
1460 1643
1631 1643
369 1644
167 1645
370 1645
1231 1646
128 1647
210 1647
695 1647
772 1647
1069 1647
1459 1648
2 1649
1185 1649
13 1650
250 1651
2 1652
3 1652
5 1652
377 1652
780 1652
1419 1652
14 1653
54 1653
146 1653
792 1653
856 1653
1486 1653
940 1654
1472 1655
1476 1655
693 1656
563 1657
1054 1658
1253 1658
113 1659
880 1660
50 1661
1500 1661
1407 1662
227 1663
628 1663
9 1664
16 1664
140 1664
1371 1665
798 1666
1262 1666
8 1667
2 1668
967 1669
1057 1669
185 1670
507 1671
1076 1671
1491 1671
666 1672
198 1673
2 1674
6 1674
7 1674
9 1674
92 1674
229 1674
276 1674
1127 1674
1444 1674
497 1675
16 1676
2 1677
170 1677
545 1677
899 1678
44 1679
276 1680
13 1681
695 1682
1518 1683
246 1684
970 1684
1056 1685
408 1686
474 1687
985 1688
4 1689
1517 1690
193 1691
13 1692
191 1693
8 1694
1058 1695
90 1696
116 1696
377 1696
1381 1696
1433 1696
953 1697
93 1698
1687 1699
59 1700
644 1701
8 1702
10 1703
11 1703
192 1703
866 1703
1087 1703
1453 1703
198 1704
480 1704
1083 1705
191 1706
358 1706
831 1706
276 1707
915 1708
123 1709
62 1710
179 1710
93 1711
1256 1711
150 1712
293 1712
755 1712
1017 1713
915 1714
909 1715
119 1716
222 1716
605 1716
1482 1716
164 1717
722 1717
801 1717
5 1718
41 1718
186 1718
203 1718
212 1718
391 1718
1163 1718
129 1719
380 1720
409 1720
334 1721
893 1721
1150 1721
1241 1721
150 1722
829 1723
159 1724
198 1724
1184 1724
1641 1724
13 1725
167 1726
1037 1726
8 1727
558 1727
1015 1727
1132 1727
1354 1727
1565 1727
52 1728
191 1728
284 1728
471 1728
995 1728
1089 1728
1187 1728
1295 1728
1624 1728
1626 1728
1658 1729
125 1730
14 1731
16 1731
62 1731
907 1731
1176 1731
1327 1731
1355 1731
276 1732
940 1733
923 1734
40 1735
137 1735
563 1735
1093 1735
1304 1735
1602 1735
1 1736
1496 1736
4 1737
446 1738
140 1739
656 1739
171 1740
119 1741
222 1741
1475 1741
1406 1742
241 1743
54 1744
146 1744
856 1744
583 1745
2 1746
229 1747
64 1748
1103 1748
1712 1748
156 1749
643 1750
981 1750
171 1751
1049 1752
198 1753
1456 1754
1607 1754
1600 1755
288 1756
466 1756
730 1756
959 1756
2 1757
191 1758
1375 1758
1387 1758
243 1759
16 1760
198 1761
59 1762
1347 1762
110 1763
1382 1764
1471 1765
14 1766
50 1766
187 1766
608 1766
185 1767
1087 1768
75 1769
1426 1770
155 1771
167 1772
9 1773
13 1774
86 1775
4 1776
206 1776
524 1777
44 1778
418 1779
908 1779
93 1780
788 1780
369 1781
14 1782
250 1782
1459 1783
11 1784
554 1784
18 1785
646 1785
1190 1785
1146 1786
1565 1787
514 1788
16 1789
137 1790
1211 1790
86 1791
4 1792
8 1793
74 1794
13 1795
150 1796
4 1797
2 1798
107 1799
369 1799
648 1800
2 1801
697 1802
326 1803
16 1804
156 1805
1448 1805
1566 1806
116 1807
555 1807
1231 1808
646 1809
1486 1810
624 1811
1143 1812
1784 1813
39 1814
74 1814
226 1815
281 1815
155 1816
800 1817
16 1818
369 1819
540 1820
1403 1820
42 1821
516 1821
776 1821
1141 1821
1157 1821
1176 1821
1327 1821
1355 1821
211 1822
1272 1822
9 1823
16 1824
758 1825
251 1826
408 1827
449 1828
661 1828
925 1828
967 1828
130 1829
1548 1829
639 1830
711 1831
9 1832
286 1833
484 1833
665 1833
280 1834
34 1835
290 1836
77 1837
615 1837
646 1837
934 1837
2 1838
960 1839
58 1840
406 1841
483 1841
963 1841
1369 1841
1278 1842
185 1843
731 1844
1439 1844
1470 1844
1749 1844
853 1845
935 1846
11 1847
75 1847
1735 1848
17 1849
117 1850
272 1850
437 1850
899 1850
1025 1850
1089 1850
1821 1850
13 1851
12 1852
1161 1852
2 1853
455 1854
319 1855
779 1855
17 1856
93 1857
375 1858
856 1858
1106 1858
14 1859
644 1859
12 1860
327 1860
108 1861
449 1862
925 1862
13 1863
137 1864
1093 1864
714 1865
1641 1866
16 1867
915 1868
735 1869
2 1870
155 1870
447 1870
644 1871
98 1872
250 1872
1713 1872
13 1873
117 1873
156 1873
7 1874
322 1874
1390 1874
421 1875
1735 1875
2 1876
1276 1877
190 1878
590 1879
8 1880
87 1880
13 1881
915 1882
54 1883
165 1883
1865 1884
870 1885
250 1886
951 1886
16 1887
664 1887
970 1888
12 1889
395 1889
818 1889
1089 1889
1359 1889
1406 1890
2 1891
1691 1892
1347 1893
277 1894
853 1895
198 1896
58 1897
1267 1897
1415 1898
810 1899
1167 1899
190 1900
9 1901
2 1902
97 1902
1213 1903
2 1904
484 1904
8 1905
10 1905
97 1905
248 1905
496 1905
640 1905
1361 1905
1674 1905
1747 1905
171 1906
88 1907
223 1907
1089 1908
1359 1908
333 1909
319 1910
1141 1910
1140 1911
1321 1911
923 1912
16 1913
643 1914
3 1915
56 1916
1592 1916
14 1917
15 1917
66 1917
90 1917
175 1917
264 1917
275 1917
594 1917
758 1917
836 1917
1572 1917
119 1918
86 1919
695 1919
1431 1919
267 1920
308 1920
318 1920
935 1920
1514 1920
1390 1921
1765 1922
1422 1923
379 1924
815 1925
810 1926
1742 1926
1741 1927
17 1928
123 1928
745 1928
982 1928
1459 1928
1777 1928
14 1929
12 1930
321 1930
582 1930
1025 1930
1523 1930
1635 1930
222 1931
9 1932
442 1932
1505 1932
33 1933
351 1934
3 1935
11 1935
89 1935
267 1935
1514 1935
1706 1936
851 1937
150 1938
578 1938
954 1938
1460 1938
17 1939
28 1940
13 1941
603 1942
1141 1943
1850 1943
50 1944
1410 1944
578 1945
915 1946
372 1947
615 1947
874 1948
1156 1949
1928 1949
583 1950
1112 1951
493 1952
1524 1953
1739 1953
952 1954
1400 1954
6 1955
9 1955
92 1955
276 1955
299 1955
408 1955
867 1955
1127 1955
1444 1955
1905 1955
2 1956
89 1957
2 1958
16 1959
113 1959
656 1959
1 1960
176 1960
1159 1960
1248 1960
16 1961
276 1962
1151 1963
406 1964
134 1965
140 1965
671 1965
50 1966
1058 1967
59 1968
142 1968
176 1968
2 1969
467 1970
976 1970
46 1971
754 1971
866 1971
1069 1971
620 1972
1218 1972
25 1973
38 1973
53 1973
131 1973
251 1973
544 1973
588 1973
665 1973
1511 1973
1583 1973
1821 1973
898 1974
637 1975
75 1976
244 1977
853 1978
17 1979
123 1979
188 1979
336 1979
530 1979
250 1980
1741 1981
53 1982
16 1983
731 1984
1749 1984
1866 1985
583 1986
128 1987
695 1987
772 1987
1069 1987
759 1988
1416 1988
1665 1988
29 1989
8 1990
758 1991
12 1992
52 1992
160 1992
840 1992
1101 1992
1119 1992
1208 1992
1360 1992
1466 1992
1504 1992
1619 1992
1944 1992
1966 1992
578 1993
935 1994
288 1995
279 1996
1534 1996
3 1997
469 1998
11 1999
748 1999
1069 1999
408 2000
74 2001
16 2002
2 2003
59 2003
176 2003
365 2003
782 2003
1916 2003
898 2004
1026 2005
111 2006
1146 2007
832 2008
1831 2008
853 2009
34 2010
1015 2010
660 2011
810 2012
8 2013
1892 2013
1565 2014
13 2015
372 2016
1850 2017
319 2018
16 2019
113 2020
748 2021
164 2022
70 2023
1303 2023
402 2024
222 2025
8 2026
7 2027
443 2027
14 2028
1327 2028
1355 2028
1973 2028
119 2029
9 2030
1015 2031
10 2032
9 2033
915 2034
407 2035
1390 2035
2 2036
1468 2037
13 2038
117 2038
156 2038
1205 2039
777 2040
8 2041
612 2042
1523 2042
1744 2042
277 2043
1534 2043
75 2044
351 2045
1582 2046
5 2047
9 2047
212 2047
360 2047
433 2047
746 2047
968 2047
1300 2047
1610 2047
10 2048
876 2049
1510 2049
1911 2049
59 2050
628 2051
327 2052
191 2053
2 2054
3 2055
13 2055
89 2055
250 2055
608 2055
612 2055
758 2055
917 2055
1029 2055
1087 2055
1224 2055
1333 2055
1362 2055
1458 2055
1605 2055
1979 2055
326 2056
192 2057
1069 2057
1103 2057
731 2058
788 2058
818 2058
979 2058
1175 2058
1465 2058
2038 2058
9 2059
243 2060
1821 2061
5 2062
858 2062
377 2063
1460 2064
1501 2065
1565 2065
1897 2066
490 2067
2 2068
321 2069
815 2069
119 2070
44 2071
1587 2071
1685 2072
8 2073
9 2074
141 2075
1976 2075
188 2076
394 2076
403 2077
1416 2078
664 2079
8 2080
86 2080
1571 2081
1986 2082
13 2083
13 2084
167 2085
279 2086
1083 2086
1322 2086
9 2087
250 2088
58 2089
788 2090
4 2091
4 2092
1749 2093
145 2094
564 2095
1164 2095
46 2096
191 2097
1359 2097
87 2098
1926 2098
191 2099
1375 2099
116 2100
195 2100
538 2100
555 2100
211 2101
459 2102
198 2103
240 2104
637 2104
693 2105
18 2106
651 2106
50 2107
93 2108
98 2109
2 2110
1320 2111
776 2112
1662 2112
2 2113
367 2113
7 2114
1390 2114
123 2115
1360 2116
250 2117
1901 2117
13 2118
1831 2119
156 2120
1091 2120
1844 2120
241 2121
586 2122
702 2122
660 2123
985 2124
624 2125
11 2126
62 2126
1069 2126
353 2127
731 2127
93 2128
155 2129
389 2130
1466 2130
907 2131
1327 2131
1355 2131
1877 2132
17 2133
373 2134
1246 2135
4 2136
497 2137
243 2138
873 2138
953 2139
1323 2140
1390 2140
650 2141
1850 2142
1982 2143
2071 2143
17 2144
421 2144
1817 2144
1 2145
9 2145
426 2145
645 2145
1610 2145
1718 2145
15 2146
238 2146
251 2146
1617 2146
1703 2146
1111 2147
93 2148
1198 2148
1353 2148
108 2149
1627 2150
1836 2150
119 2151
1268 2152
1274 2152
1529 2152
7 2153
93 2154
2 2155
471 2155
1328 2156
16 2157
74 2158
1264 2158
16 2159
8 2160
1565 2160
1559 2161
158 2162
313 2162
5 2163
212 2163
968 2163
1300 2163
1749 2164
389 2165
697 2166
1728 2167
191 2168
1821 2169
434 2170
125 2171
1328 2171
2 2172
1026 2173
664 2174
2 2175
1668 2175
33 2176
353 2177
191 2178
2 2179
2 2180
170 2180
545 2180
644 2181
1116 2182
1960 2182
1459 2183
75 2184
1136 2184
44 2185
171 2186
1602 2187
1656 2187
2105 2187
75 2188
1597 2188
1992 2188
373 2189
322 2190
483 2190
622 2190
1965 2190
24 2191
1723 2191
60 2192
486 2192
546 2192
1165 2192
1278 2192
801 2193
1151 2193
190 2194
2 2195
1411 2196
1724 2196
1866 2196
1074 2197
1570 2197
1026 2198
1777 2199
308 2200
465 2200
917 2200
935 2200
1979 2200
829 2201
1821 2202
9 2203
7 2204
10 2204
30 2204
92 2204
106 2204
229 2204
266 2204
337 2204
551 2204
784 2204
801 2204
856 2204
1390 2204
1718 2204
870 2205
1316 2205
1372 2205
1767 2206
1411 2207
1724 2207
1224 2208
1303 2208
2 2209
1955 2210
832 2211
1831 2211
555 2212
876 2213
8 2214
1565 2214
596 2215
8 2216
187 2217
9 2218
8 2219
905 2219
1565 2219
650 2220
280 2221
13 2222
195 2223
538 2223
555 2223
900 2224
1585 2224
1599 2224
648 2225
9 2226
650 2227
507 2228
1627 2229
1836 2229
58 2230
13 2231
17 2231
758 2231
1109 2231
1327 2231
1982 2231
188 2232
394 2232
637 2233
406 2234
1516 2235
277 2236
328 2236
1363 2236
1840 2236
2230 2236
1 2237
6 2237
426 2237
955 2238
1750 2238
369 2239
1631 2240
8 2241
1511 2242
1085 2243
510 2244
1566 2244
2 2245
612 2246
86 2247
710 2247
167 2248
644 2249
284 2250
995 2250
1187 2250
1624 2250
1626 2250
284 2251
416 2251
629 2251
648 2251
653 2251
995 2251
1055 2251
1295 2251
1539 2251
1976 2251
2184 2251
1486 2252
241 2253
133 2254
150 2255
4 2256
1655 2256
385 2257
123 2258
113 2259
652 2260
976 2261
876 2262
1510 2262
1911 2262
1369 2263
637 2264
86 2265
1567 2265
1003 2266
1347 2266
685 2267
776 2267
171 2268
74 2269
523 2270
293 2271
1015 2272
1132 2272
8 2273
12 2274
16 2274
17 2274
112 2274
283 2274
542 2274
1043 2274
1089 2274
2126 2274
1081 2275
2 2276
250 2277
119 2278
1475 2278
1981 2278
40 2279
1563 2279
2 2280
639 2281
701 2281
1955 2281
13 2282
225 2283
690 2283
1831 2284
238 2285
546 2285
1231 2285
1387 2285
1552 2285
13 2286
2 2287
4 2288
2 2289
1094 2290
1637 2290
13 2291
508 2292
1315 2292
1750 2292
2095 2292
116 2293
780 2293
789 2293
1829 2293
2210 2294
1026 2295
1 2296
171 2296
266 2296
450 2296
1696 2296
2293 2296
558 2297
33 2298
165 2299
1246 2299
58 2300
388 2300
961 2300
1194 2300
1987 2300
2 2301
7 2301
11 2301
135 2301
219 2301
336 2301
532 2301
712 2301
791 2301
1069 2301
1207 2301
1565 2302
50 2303
237 2303
255 2303
535 2303
1232 2303
1800 2303
2251 2303
1 2304
266 2304
167 2305
874 2306
628 2307
84 2308
443 2309
1015 2310
8 2311
915 2312
1817 2312
16 2313
281 2314
4 2315
86 2316
777 2316
1426 2316
1058 2317
16 2318
2062 2318
394 2319
1658 2320
648 2321
558 2322
999 2323
14 2324
1444 2325
1862 2326
107 2327
151 2327
1097 2328
558 2329
89 2330
917 2330
631 2331
859 2331
275 2332
1276 2332
2043 2333
243 2334
2 2335
16 2336
2298 2336
357 2337
930 2337
16 2338
38 2338
191 2338
237 2338
256 2338
415 2338
544 2338
575 2338
743 2338
804 2338
1089 2338
1348 2338
1421 2338
1511 2338
1542 2338
1544 2338
1554 2338
1651 2338
1782 2338
1872 2338
1980 2338
2088 2338
798 2339
13 2340
368 2340
713 2340
793 2340
1837 2340
10 2341
13 2341
967 2341
1861 2341
2149 2341
1685 2342
353 2343
113 2344
1637 2345
14 2346
389 2347
959 2348
1565 2349
250 2350
2338 2350
393 2351
1466 2352
12 2353
608 2353
675 2353
907 2353
1090 2353
1141 2353
1157 2353
1311 2353
1327 2353
462 2354
302 2355
573 2355
1144 2355
1502 2355
1740 2355
2186 2355
434 2356
1189 2356
357 2357
13 2358
1587 2358
554 2359
119 2360
230 2360
438 2360
1799 2360
319 2361
923 2362
14 2363
404 2363
794 2363
1486 2363
876 2364
1911 2364
697 2365
1845 2365
822 2366
1420 2366
10 2367
312 2367
967 2367
2050 2367
1836 2368
887 2369
9 2370
74 2370
426 2370
2 2371
2165 2372
80 2373
44 2374
1643 2375
2240 2375
1268 2376
1529 2376
394 2377
1468 2378
608 2379
1049 2380
16 2381
256 2381
664 2381
7 2382
1390 2382
225 2383
1511 2383
1436 2384
1822 2385
2 2386
211 2387
1558 2388
48 2389
1691 2389
1817 2389
322 2390
13 2391
2236 2392
128 2393
283 2394
15 2395
101 2395
546 2395
1552 2395
1524 2396
796 2397
58 2398
275 2398
389 2398
2371 2398
393 2399
60 2400
609 2401
1213 2401
1819 2402
11 2403
2382 2403
222 2404
4 2405
403 2405
1591 2405
1743 2405
2121 2405
2253 2405
230 2406
343 2406
438 2406
1352 2406
2327 2406
1565 2407
133 2408
887 2409
1507 2410
2205 2410
276 2411
583 2412
212 2413
1 2414
26 2414
107 2414
296 2414
315 2414
355 2414
449 2414
618 2414
1390 2414
2047 2414
250 2415
327 2416
669 2416
993 2416
1822 2416
2101 2416
2387 2416
2122 2417
8 2418
411 2418
1654 2418
133 2419
504 2419
554 2419
1577 2419
1803 2419
93 2420
2262 2420
2364 2420
1035 2421
2094 2421
229 2422
693 2422
738 2422
1735 2422
1790 2422
383 2423
198 2424
50 2425
571 2425
14 2426
447 2426
740 2426
820 2426
9 2427
187 2428
312 2428
349 2428
807 2428
1396 2428
1399 2428
60 2429
915 2430
93 2431
697 2431
1576 2431
7 2432
117 2432
156 2432
556 2432
1087 2432
1390 2432
2400 2432
1157 2433
119 2434
1099 2434
901 2435
2067 2435
108 2436
59 2437
1766 2437
1193 2438
506 2439
2262 2439
2364 2439
128 2440
772 2440
895 2440
1069 2440
2300 2440
2043 2441
4 2442
1564 2443
1828 2443
1862 2443
303 2444
133 2445
292 2446
1028 2446
2027 2446
93 2447
191 2448
1503 2449
14 2450
23 2450
242 2450
608 2450
776 2450
894 2450
907 2450
1090 2450
1176 2450
1924 2450
2395 2450
74 2451
544 2452
745 2452
1821 2452
2434 2453
97 2454
162 2454
453 2454
1827 2454
2000 2454
1026 2455
70 2456
377 2457
1294 2457
1726 2457
753 2458
949 2459
1323 2459
224 2460
13 2461
1533 2461
277 2462
1486 2462
2443 2463
4 2464
878 2464
140 2465
2 2466
110 2467
274 2467
1559 2468
344 2469
97 2470
870 2471
327 2472
3 2473
111 2474
86 2475
275 2476
2086 2477
125 2478
16 2479
44 2479
166 2479
273 2479
1157 2479
1489 2480
13 2481
2122 2482
538 2483
555 2483
5 2484
8 2484
306 2484
746 2484
989 2484
1167 2484
1352 2484
1610 2484
1874 2484
1921 2484
2114 2484
2382 2484
1009 2485
211 2486
2052 2486
14 2487
15 2487
188 2487
476 2487
1102 2487
1141 2487
1334 2487
1367 2487
1784 2487
1069 2488
164 2489
722 2489
9 2490
735 2491
369 2492
25 2493
55 2493
101 2493
320 2493
357 2493
491 2493
2131 2493
93 2494
1932 2495
250 2496
1486 2497
170 2498
8 2499
10 2499
97 2499
496 2499
1955 2499
319 2500
10 2501
51 2501
1901 2502
4 2503
319 2503
1352 2503
1724 2503
558 2504
167 2505
13 2506
812 2506
846 2506
1996 2506
8 2507
695 2507
100 2508
1637 2508
2 2509
1711 2509
351 2510
4 2511
1687 2511
416 2512
629 2512
1055 2512
1976 2512
798 2513
870 2513
1035 2513
2094 2513
1511 2514
210 2515
276 2515
1339 2515
225 2516
1390 2517
2266 2517
170 2518
545 2518
953 2519
14 2520
880 2520
1486 2520
14 2521
242 2521
608 2521
894 2521
1090 2521
54 2522
146 2522
2042 2522
7 2523
1390 2523
354 2524
1074 2524
1570 2524
1352 2525
2306 2525
1881 2526
86 2527
628 2528
192 2529
1442 2530
497 2531
132 2532
1320 2533
185 2534
9 2535
277 2536
1486 2536
8 2537
2350 2537
98 2538
78 2539
164 2539
8 2540
697 2541
1845 2541
4 2542
281 2543
1342 2543
615 2544
18 2545
210 2545
277 2545
540 2545
695 2545
1363 2545
1840 2545
2300 2545
188 2546
394 2546
97 2547
137 2547
311 2547
915 2547
1361 2547
1378 2547
1674 2547
1747 2547
2204 2547
2 2548
1973 2548
171 2549
2355 2549
140 2550
98 2551
181 2551
1007 2551
1009 2552
119 2553
438 2553
211 2554
369 2555
1111 2556
646 2557
33 2558
955 2559
175 2560
264 2560
10 2561
591 2561
1142 2562
268 2563
1267 2563
1456 2563
2103 2563
2424 2563
1128 2564
16 2565
642 2565
2184 2565
989 2566
1167 2566
1352 2566
1921 2566
418 2567
1192 2567
11 2568
328 2568
772 2568
929 2568
2398 2568
1728 2569
328 2570
1466 2571
167 2572
370 2572
926 2573
943 2573
953 2574
793 2575
1079 2575
84 2576
369 2577
98 2578
8 2579
851 2579
950 2579
1284 2579
1464 2579
570 2580
13 2581
12 2582
62 2582
386 2582
608 2582
1744 2582
894 2583
1272 2583
2247 2583
7 2584
329 2584
1086 2584
1861 2585
2165 2586
50 2587
75 2587
251 2587
418 2587
1141 2587
1327 2587
1850 2587
1889 2587
59 2588
209 2589
59 2590
4 2591
812 2592
1565 2593
2416 2594
283 2595
415 2596
575 2596
743 2596
1089 2596
1348 2596
1421 2596
1544 2596
2350 2596
89 2597
59 2598
1786 2598
79 2599
63 2600
1931 2601
2250 2601
196 2602
856 2602
1493 2602
2356 2602
450 2603
2100 2603
2483 2603
1058 2604
1459 2605
2201 2605
319 2606
211 2607
1272 2607
1026 2608
699 2609
857 2609
1233 2609
1427 2609
8 2610
1973 2611
2566 2612
334 2613
1150 2613
2361 2614
1050 2615
1507 2615
1486 2616
1784 2617
33 2618
7 2619
88 2620
116 2621
493 2621
1237 2621
1457 2621
1960 2621
1968 2621
4 2622
9 2623
2435 2624
870 2625
1150 2626
283 2627
955 2628
1914 2628
352 2629
3 2630
748 2630
1138 2630
926 2631
943 2631
910 2632
2094 2632
1525 2633
133 2634
504 2634
1786 2635
142 2636
1583 2637
59 2638
509 2638
1175 2639
229 2640
1905 2640
7 2641
29 2642
264 2642
296 2642
355 2642
855 2642
1134 2642
1189 2642
171 2643
2300 2643
2238 2644
14 2645
960 2646
12 2647
128 2648
11 2649
13 2649
25 2649
38 2649
76 2649
108 2649
118 2649
131 2649
173 2649
215 2649
217 2649
237 2649
251 2649
256 2649
287 2649
544 2649
546 2649
554 2649
598 2649
665 2649
1034 2649
1089 2649
1098 2649
1286 2649
1511 2649
1520 2649
1583 2649
1782 2649
1859 2649
1929 2649
2363 2649
2520 2649
2645 2649
2 2650
6 2650
108 2650
229 2650
784 2650
1610 2650
2367 2650
133 2651
985 2652
1565 2653
798 2654
130 2655
1548 2655
989 2656
1352 2656
1921 2656
175 2657
1276 2657
2509 2658
6 2659
14 2660
476 2660
1141 2660
8 2661
13 2662
156 2662
289 2662
322 2662
332 2662
839 2662
1019 2662
1767 2662
2 2663
247 2664
150 2665
1322 2665
2 2666
102 2666
113 2666
199 2666
1496 2666
1874 2666
935 2667
1486 2668
300 2669
250 2670
1026 2671
250 2672
1565 2673
476 2674
1524 2675
127 2676
449 2676
647 2677
125 2678
269 2679
1390 2679
8 2680
87 2680
887 2681
16 2682
101 2682
191 2682
244 2682
256 2682
304 2682
397 2682
413 2682
612 2682
743 2682
899 2682
946 2682
1336 2682
1388 2682
909 2683
93 2684
2474 2685
2 2686
250 2687
1486 2687
2649 2687
1844 2688
1459 2689
2201 2689
1683 2690
2086 2691
2419 2692
2634 2692
935 2693
1292 2694
1069 2695
547 2696
862 2697
351 2698
935 2699
276 2700
1128 2701
59 2702
462 2702
1263 2702
2 2703
736 2703
17 2704
2122 2705
2 2706
1187 2707
2525 2707
51 2708
850 2708
277 2709
9 2710
207 2711
322 2712
332 2712
1803 2712
693 2713
2187 2713
55 2714
101 2714
357 2714
558 2715
1015 2715
119 2716
2215 2716
1992 2717
606 2718
13 2719
75 2719
1728 2719
2155 2719
44 2720
2566 2720
18 2721
646 2721
13 2722
1560 2722
11 2723
13 2723
133 2723
754 2723
866 2723
1069 2723
2146 2723
2285 2723
250 2724
2682 2724
2251 2725
2512 2725
792 2726
650 2727
86 2728
4 2729
8 2730
1 2731
450 2731
2293 2731
266 2732
1248 2732
1999 2732
2630 2732
44 2733
8 2734
899 2735
244 2736
79 2737
1730 2738
198 2739
660 2740
792 2740
1785 2740
262 2741
1269 2741
8 2742
1565 2742
1057 2743
9 2744
16 2745
244 2746
1881 2747
79 2748
2418 2749
1415 2750
2010 2751
648 2752
2434 2753
351 2754
280 2755
408 2756
2454 2756
1579 2757
280 2758
210 2759
1426 2760
1687 2761
1390 2762
1728 2763
1447 2764
222 2765
187 2766
1881 2767
1507 2768
2205 2768
1968 2769
2360 2769
2406 2769
757 2770
1502 2770
2141 2770
2227 2770
810 2771
465 2772
2649 2773
119 2774
514 2775
140 2776
281 2777
1263 2778
119 2779
1069 2779
462 2780
11 2781
748 2781
16 2782
409 2783
7 2784
322 2784
914 2784
2344 2784
2643 2784
2658 2785
748 2786
2 2787
8 2787
51 2787
92 2787
229 2787
408 2787
867 2787
1127 2787
2454 2787
2470 2787
2499 2787
252 2788
125 2789
382 2790
1457 2790
1968 2790
119 2791
590 2792
1145 2792
2343 2792
2563 2793
56 2794
565 2794
1396 2794
2266 2794
89 2795
125 2796
2662 2797
132 2798
516 2798
764 2798
1176 2798
15 2799
1102 2799
1141 2799
1367 2799
1864 2799
1749 2800
17 2801
50 2802
571 2802
2614 2802
319 2803
1724 2803
1865 2804
222 2805
100 2806
2 2807
1973 2807
606 2808
372 2809
2461 2809
191 2810
4 2811
2575 2812
61 2813
497 2813
12 2814
395 2814
1089 2814
1359 2814
2587 2814
558 2815
1895 2815
2 2816
140 2817
1185 2818
50 2819
728 2819
2614 2819
650 2820
988 2821
210 2822
382 2822
1226 2822
1363 2822
1403 2822
1486 2822
1897 2822
2300 2822
2398 2822
2581 2822
16 2823
56 2824
349 2824
2636 2824
7 2825
1390 2825
156 2826
1680 2826
1844 2826
110 2827
2 2828
110 2828
449 2828
796 2828
538 2829
2603 2829
748 2830
648 2831
776 2831
1523 2831
2303 2831
7 2832
75 2833
493 2834
2003 2834
89 2835
868 2836
3 2837
13 2837
250 2837
537 2837
758 2837
897 2837
995 2837
1458 2837
1523 2837
1709 2837
1928 2837
1979 2837
2258 2837
1928 2838
146 2839
1205 2840
870 2841
433 2842
1566 2843
2298 2843
51 2844
920 2844
2842 2844
351 2845
693 2846
1735 2846
569 2847
16 2848
1157 2848
1172 2848
2045 2848
2698 2848
1637 2849
1025 2850
1635 2850
1151 2851
93 2852
697 2852
2 2853
101 2854
217 2854
491 2854
665 2854
1089 2854
8 2855
695 2855
1025 2855
9 2856
129 2857
16 2858
735 2859
1328 2860
59 2861
1786 2861
790 2862
1327 2862
2649 2862
2854 2862
1657 2863
89 2864
2135 2865
2299 2865
1226 2866
1339 2867
107 2868
227 2868
1719 2868
9 2869
222 2870
1475 2870
1927 2870
8 2871
10 2871
97 2871
640 2871
1747 2871
2759 2871
1852 2872
1503 2873
13 2874
167 2875
1582 2876
1087 2877
9 2878
1276 2879
2132 2879
1436 2880
484 2881
13 2882
15 2882
17 2882
23 2882
112 2882
539 2882
707 2882
909 2882
1438 2882
241 2883
1057 2884
2819 2885
16 2886
247 2887
1557 2887
9 2888
2 2889
216 2889
494 2889
1009 2890
1184 2890
158 2891
313 2891
132 2892
277 2893
328 2893
1293 2893
2230 2893
155 2894
910 2895
1233 2896
697 2897
2098 2898
2 2899
13 2900
117 2900
1599 2900
1917 2900
9 2901
426 2901
4 2902
2251 2903
2512 2903
555 2904
93 2905
2738 2906
1459 2907
1669 2907
54 2908
2042 2908
129 2909
650 2910
1264 2911
1866 2912
334 2913
715 2913
1687 2914
1741 2915
2870 2915
925 2916
2443 2916
1234 2917
2604 2918
713 2919
809 2920
1089 2920
1101 2920
1150 2920
1360 2920
1619 2920
1661 2920
2107 2920
2303 2920
2587 2920
128 2921
8 2922
1083 2923
80 2924
75 2925
250 2925
1589 2925
1908 2925
2649 2925
2854 2925
88 2926
142 2926
16 2927
188 2928
709 2929
2091 2929
38 2930
53 2930
251 2930
544 2930
665 2930
1511 2930
2028 2930
2611 2930
2807 2930
352 2931
12 2932
389 2933
1376 2934
2120 2935
140 2936
2 2937
982 2938
1159 2939
2182 2939
2621 2939
1080 2940
14 2941
50 2941
2437 2941
170 2942
720 2942
195 2943
538 2943
644 2944
1583 2944
669 2945
2583 2945
10 2946
337 2946
431 2946
807 2946
967 2946
1113 2946
1216 2946
1762 2946
2003 2946
2437 2946
2588 2946
2590 2946
2598 2946
2702 2946
36 2947
712 2947
244 2948
2426 2948
92 2949
536 2949
1358 2949
171 2950
2463 2951
2916 2951
75 2952
59 2953
1347 2953
2946 2953
1325 2954
9 2955
2559 2955
17 2956
17 2957
336 2957
545 2958
1563 2959
8 2960
2 2961
212 2962
1163 2962
2145 2962
2 2963
2 2964
187 2964
17 2965
1777 2965
473 2966
1087 2966
2487 2966
34 2967
119 2968
426 2968
2200 2968
191 2969
769 2969
1375 2969
191 2970
981 2971
2238 2971
1631 2972
171 2973
652 2974
1459 2975
93 2976
222 2977
2601 2977
8 2978
693 2979
558 2980
434 2981
901 2981
467 2982
150 2983
755 2983
8 2984
712 2984
542 2985
11 2986
1011 2986
2204 2986
1198 2987
4 2988
606 2989
2533 2989
12 2990
907 2990
1311 2990
1623 2991
2 2992
408 2993
1727 2993
34 2994
2649 2995
2729 2995
722 2996
175 2997
1703 2997
510 2998
1000 2998
2790 2999
2822 2999
818 3000
1089 3000
1359 3000
2057 3000
