1 2
1 3
2 3
1 4
2 4
3 4
1 5
2 5
3 5
4 5
1 6
2 6
3 6
4 6
5 6
1 7
2 7
3 7
4 7
5 7
6 7
1 8
2 8
3 8
4 8
5 8
6 8
7 8
1 9
2 9
3 9
4 9
5 9
6 9
7 9
8 9
1 10
2 10
3 10
4 10
5 10
6 10
7 10
8 10
9 10
3 11
6 11
1 12
8 12
11 12
3 13
11 13
12 13
11 14
12 14
13 14
10 15
11 15
12 15
13 15
14 15
1 16
7 16
8 16
11 16
12 16
13 16
14 16
15 16
3 17
11 17
12 17
13 17
14 17
15 17
16 17
12 18
15 19
17 20
13 21
8 22
10 23
9 24
14 25
4 26
13 27
10 28
4 29
5 30
8 31
16 32
4 33
2 34
8 35
2 36
13 37
14 38
16 39
9 40
16 41
15 42
10 43
17 44
14 45
15 46
11 47
2 48
2 49
12 50
5 51
50 52
13 53
14 53
16 53
17 53
12 54
14 55
2 56
8 57
8 58
11 58
14 58
18 58
10 59
56 59
7 60
11 60
13 60
32 60
13 61
3 62
12 62
15 62
16 62
17 62
47 62
8 63
10 63
51 63
12 64
9 65
2 66
13 66
4 67
13 68
4 69
58 70
8 71
4 72
9 73
2 74
40 74
12 75
52 75
14 76
16 77
17 77
34 78
2 79
14 80
16 81
4 82
16 83
63 84
8 85
13 86
85 86
22 87
2 88
59 88
17 89
1 90
13 90
4 91
5 92
48 93
92 93
17 94
4 95
16 96
2 97
6 97
7 97
8 97
9 97
51 97
92 97
25 98
17 99
8 100
12 101
14 101
16 101
23 101
42 101
62 101
7 102
9 102
2 103
16 104
93 105
5 106
41 106
4 107
10 108
13 108
14 108
19 108
98 109
1 110
4 110
6 110
7 110
9 110
30 110
51 110
106 110
107 111
12 112
14 112
16 112
62 112
7 113
13 113
8 114
17 115
1 116
14 117
15 117
17 117
60 117
66 117
90 117
14 118
98 118
47 119
107 119
16 120
44 120
13 121
4 122
3 123
11 123
12 123
13 123
14 123
89 123
94 123
86 124
9 125
8 126
86 126
9 127
88 127
58 128
107 129
2 130
3 130
5 130
116 130
14 131
17 132
123 132
15 133
4 134
3 135
2 136
5 136
9 137
74 137
117 138
8 139
44 139
7 140
93 141
56 142
88 142
2 143
4 144
74 145
12 146
62 146
4 147
2 148
16 149
4 150
133 150
9 151
8 152
15 153
150 153
107 154
116 155
60 156
2 157
93 158
4 159
50 160
86 161
6 162
15 163
60 163
138 163
14 164
34 164
92 164
12 165
120 166
2 167
5 167
16 167
90 167
116 167
104 168
2 169
13 170
49 170
116 171
10 172
14 173
98 173
53 174
10 175
11 175
17 175
46 175
117 175
163 175
56 176
116 176
13 177
17 178
2 179
140 180
9 181
2 182
17 183
50 184
7 185
11 185
13 185
156 185
16 186
106 186
59 187
11 188
89 188
170 189
16 190
8 191
11 191
14 191
17 191
18 191
50 191
62 191
64 191
75 191
112 191
123 191
3 192
16 192
47 192
175 192
185 192
191 192
17 193
48 193
13 194
1 195
167 195
171 195
33 196
191 197
170 198
7 199
14 200
16 200
62 200
16 201
2 202
106 203
13 204
8 205
168 206
5 207
11 208
7 209
58 210
12 211
1 212
6 212
7 212
9 212
51 212
106 212
108 213
110 214
14 215
7 216
14 217
70 217
8 218
2 219
3 219
10 219
110 219
17 220
93 221
107 222
151 222
2 223
12 223
13 224
12 225
23 225
62 225
11 226
119 226
111 227
119 227
129 227
222 227
7 228
5 229
8 229
10 229
73 229
97 229
125 229
137 229
212 229
107 230
4 231
170 231
9 232
165 233
9 234
13 235
4 236
12 237
14 237
16 237
62 237
191 237
11 238
13 238
46 238
133 238
17 239
10 240
4 241
101 242
225 242
217 243
14 244
16 245
3 246
11 246
89 246
132 246
18 247
229 248
22 249
12 250
16 250
38 250
101 250
118 250
123 250
173 250
191 250
200 250
237 250
244 250
14 251
46 251
191 251
93 252
222 253
16 254
12 255
14 256
98 256
250 256
8 257
9 258
77 258
222 258
130 259
167 259
4 260
93 261
14 262
13 263
13 264
117 264
156 264
86 265
3 266
5 266
116 266
246 267
198 268
115 269
13 270
4 271
14 272
17 273
120 273
102 274
13 275
70 275
117 275
2 276
3 276
97 276
162 276
58 277
191 277
247 277
119 278
13 279
8 280
212 280
248 280
119 281
222 281
4 282
40 282
62 283
179 283
242 283
75 284
2 285
13 286
14 287
98 287
165 288
60 289
185 289
13 290
11 291
56 292
119 293
222 293
7 294
9 294
8 295
4 296
10 297
4 298
2 299
97 299
14 300
70 300
243 300
17 301
9 302
171 302
222 303
250 304
9 305
7 306
13 306
222 307
246 308
9 309
77 309
86 310
9 311
229 311
2 312
59 312
127 312
93 313
8 314
4 315
93 316
74 317
246 318
159 319
198 319
14 320
112 320
277 320
18 321
2 322
9 322
16 322
102 322
113 322
140 322
185 322
199 322
212 322
228 322
7 323
17 324
8 325
11 326
133 326
211 327
58 328
275 328
209 329
8 330
8 331
185 332
4 333
50 334
16 335
146 335
3 336
44 336
89 336
117 336
178 336
239 336
273 336
3 337
5 337
6 337
8 337
9 337
28 337
59 337
63 337
219 337
229 337
300 338
10 339
127 339
16 340
60 340
4 341
241 342
107 343
216 344
16 345
207 345
14 346
250 346
119 347
9 348
2 349
59 349
142 349
86 350
16 351
2 352
86 352
4 353
277 354
4 355
75 356
167 356
14 357
89 357
243 357
338 357
277 358
283 359
1 360
9 360
106 360
280 360
106 361
98 362
18 363
2 364
142 364
56 365
93 366
88 367
337 367
277 368
154 369
343 369
14 370
198 370
16 371
191 372
354 372
358 372
368 372
2 373
9 374
318 375
4 376
130 377
167 377
12 378
333 379
93 380
119 381
222 381
58 382
106 383
16 384
44 384
273 384
39 385
146 386
300 387
128 388
13 389
117 389
328 389
222 390
106 391
13 392
11 393
13 393
32 393
89 394
132 394
308 394
318 394
11 395
64 395
75 395
123 395
165 395
225 395
16 396
86 397
277 398
372 398
7 399
2 400
78 400
119 401
299 402
241 403
14 404
75 405
140 406
8 407
97 408
162 408
93 409
243 410
283 411
2 412
127 412
367 412
250 413
188 414
394 414
250 415
75 416
2 417
191 418
358 418
2 419
93 419
193 419
51 420
372 420
9 421
12 422
395 422
373 423
4 424
110 425
4 426
24 426
40 426
110 426
137 426
212 426
348 426
374 426
132 427
107 428
16 429
277 430
372 430
59 431
110 432
1 433
30 433
51 433
425 433
196 434
375 434
4 435
8 436
28 436
14 437
107 438
151 438
303 438
381 438
390 438
16 439
13 440
8 441
225 441
2 442
292 443
365 443
107 444
15 445
402 445
131 446
170 446
244 447
9 448
4 449
8 449
9 449
43 449
172 449
219 449
240 449
339 449
116 450
195 450
1 451
13 452
276 453
408 453
11 454
133 454
2 455
31 455
216 455
111 456
428 456
155 457
44 458
8 459
84 459
13 460
70 460
59 461
88 462
165 462
312 462
431 462
2 463
31 463
216 463
9 464
1 465
4 465
5 465
6 465
7 465
9 465
10 465
11 465
246 465
266 465
4 466
165 466
13 467
16 467
8 468
111 469
119 469
129 469
222 469
110 470
125 470
13 471
75 471
9 472
191 473
4 474
12 475
16 475
62 475
11 476
192 476
13 477
222 478
319 479
8 480
445 481
150 482
326 482
140 483
14 484
2 485
163 486
283 487
339 487
267 488
93 489
420 489
217 490
14 491
44 492
1 493
171 493
176 493
266 493
463 494
125 495
229 496
426 496
52 497
191 497
356 497
405 497
13 498
309 499
18 500
9 501
4 502
8 503
326 504
74 505
191 506
198 507
369 508
7 509
13 509
344 510
455 510
493 511
110 512
13 513
2 514
336 515
101 516
225 516
467 517
16 518
60 518
9 519
98 520
222 521
16 522
2 523
17 524
13 525
70 525
17 526
171 527
14 528
8 529
89 530
267 530
308 530
465 530
104 531
2 532
3 532
337 532
17 533
93 534
12 535
78 536
164 536
17 537
123 537
394 537
1 538
171 538
450 538
12 539
58 540
9 541
13 542
15 542
17 542
23 542
54 542
62 542
112 542
237 542
255 542
378 542
539 542
436 543
12 544
14 544
23 544
42 544
250 544
516 544
13 545
49 545
13 546
14 546
16 546
19 546
42 546
46 546
133 546
163 546
445 546
542 546
17 547
258 547
309 547
280 548
2 549
514 550
5 551
110 551
14 552
404 552
79 553
3 554
14 554
15 554
60 554
175 554
188 554
191 554
208 554
226 554
326 554
476 554
171 555
320 555
450 555
60 556
393 556
9 557
443 557
12 558
62 558
152 558
335 558
13 559
8 560
74 561
33 562
434 562
74 563
508 564
292 565
17 566
153 566
258 566
353 567
2 568
497 569
128 570
160 571
184 571
8 572
84 572
171 573
86 574
250 575
16 576
44 577
153 578
16 579
34 580
4 581
18 582
77 582
445 582
317 583
93 584
369 585
8 586
87 586
8 587
2 588
12 589
353 590
13 591
77 592
554 593
13 594
117 594
80 595
16 596
120 596
531 596
89 597
14 598
13 599
4 600
16 601
44 602
47 603
9 604
543 604
227 605
456 605
469 605
189 606
497 607
16 608
54 608
62 608
101 608
112 608
123 608
146 608
237 608
544 608
177 609
7 610
2 611
1 612
14 612
54 612
123 612
146 612
165 612
225 612
250 612
422 612
596 613
250 614
13 615
368 615
110 616
2 617
4 618
4 619
499 620
8 621
140 622
2 623
484 623
110 624
4 625
4 626
125 627
93 628
75 629
9 630
229 630
592 630
481 631
558 632
297 633
8 634
458 635
4 636
275 637
2 638
276 639
2 640
6 640
8 640
92 640
136 640
167 640
207 640
229 640
2 641
550 641
462 642
2 643
12 644
247 644
363 644
212 645
247 646
363 646
500 646
582 646
191 647
11 648
15 648
17 648
50 648
75 648
112 648
123 648
237 648
255 648
422 648
535 648
589 648
644 648
8 649
13 650
120 650
573 650
2 651
4 652
75 653
2 654
4 655
643 655
322 656
406 656
483 656
622 656
17 657
325 657
247 658
353 659
17 660
336 660
559 660
14 661
4 662
283 663
16 664
14 665
82 665
623 665
111 666
428 666
605 666
167 667
190 668
211 669
84 670
12 671
395 671
483 671
648 671
8 672
9 673
167 674
101 675
225 675
544 675
13 676
93 677
120 678
14 679
9 680
219 680
240 680
209 681
277 682
2 683
2 684
8 685
28 685
543 685
13 686
16 686
517 686
4 687
283 688
404 688
74 689
566 689
14 690
150 691
16 692
2 693
137 693
689 693
558 694
2 695
4 695
5 695
9 695
10 695
31 695
58 695
85 695
126 695
139 695
152 695
218 695
337 695
407 695
459 695
529 695
560 695
685 695
16 696
48 697
92 697
158 697
261 697
313 697
366 697
380 697
419 697
2 698
13 699
181 699
609 699
652 700
276 701
74 702
273 703
547 703
222 704
571 705
193 706
542 707
428 708
514 708
605 708
8 709
13 710
126 710
161 710
350 710
695 711
3 712
10 712
295 712
615 713
571 714
562 715
7 716
9 716
8 717
558 717
660 717
17 718
165 719
446 720
9 721
92 722
261 722
313 722
366 722
380 722
419 722
467 723
13 724
5 725
110 725
283 726
13 727
14 727
13 728
70 728
267 729
465 729
54 730
165 730
117 731
156 731
646 732
8 733
712 733
16 734
13 735
133 736
13 737
123 738
137 738
13 739
244 740
129 741
557 742
250 743
2 744
132 745
516 745
1 746
7 746
9 746
26 746
29 746
107 746
144 746
159 746
231 746
260 746
296 746
315 746
355 746
426 746
449 746
502 746
618 746
13 747
1 748
176 748
266 748
164 749
16 750
13 751
16 752
191 752
7 753
29 753
159 753
260 753
264 753
296 753
315 753
355 753
15 754
238 754
4 755
133 755
153 755
482 755
44 756
152 757
650 757
12 758
25 758
38 758
53 758
80 758
108 758
117 758
123 758
131 758
164 758
173 758
200 758
320 758
404 758
437 758
484 758
491 758
528 758
544 758
546 758
661 758
665 758
679 758
280 759
7 760
140 761
583 762
9 763
745 764
185 765
13 766
70 766
280 767
89 768
497 769
133 770
93 771
58 772
168 773
9 774
222 774
547 774
467 775
101 776
112 776
191 776
542 776
550 776
558 776
2 777
260 778
776 778
14 779
758 779
130 780
9 781
229 781
56 782
88 782
434 783
5 784
7 784
9 784
10 784
11 784
612 785
494 786
594 786
93 787
156 788
130 789
569 789
158 790
217 790
2 791
3 791
337 791
279 792
612 792
615 793
552 794
4 795
219 796
211 797
145 798
317 798
561 798
409 799
17 800
5 801
110 801
433 801
74 802
798 802
93 803
250 804
241 805
150 806
517 806
59 807
176 807
292 807
365 807
697 808
50 809
263 810
222 811
279 812
8 813
16 814
2 815
59 816
467 817
686 817
786 817
11 818
156 818
332 818
123 819
244 820
644 820
5 821
93 821
164 821
722 821
17 822
123 822
246 822
745 822
13 823
185 824
818 824
13 825
181 825
191 826
277 827
241 828
24 829
697 830
418 831
711 832
497 833
17 834
436 835
117 836
275 837
433 838
185 839
50 840
497 840
16 841
146 842
191 843
155 844
2 845
279 846
243 847
554 848
274 849
75 850
433 850
469 850
152 851
632 851
717 851
697 852
152 853
607 853
694 853
776 853
191 854
13 855
156 855
753 855
5 856
110 856
434 856
609 857
16 858
207 858
402 859
481 859
10 860
591 860
570 861
2 862
8 863
543 863
762 864
2 865
15 866
175 866
238 866
251 866
546 866
97 867
4 868
778 868
133 869
145 870
505 870
702 870
93 871
164 871
640 871
722 871
2 872
220 872
655 872
2 873
746 874
571 875
93 876
60 877
473 878
13 879
2 880
17 881
13 882
225 883
277 884
372 884
78 885
97 886
758 886
562 887
185 888
8 889
78 890
16 891
612 892
50 893
101 894
185 895
290 896
123 897
191 898
14 899
16 899
50 899
187 899
250 899
608 899
776 899
894 899
13 900
43 900
490 901
542 902
776 902
9 903
426 903
2 904
459 905
572 905
13 906
15 907
101 907
544 907
546 907
831 908
3 909
14 909
16 909
44 909
53 909
99 909
117 909
178 909
191 909
220 909
301 909
542 909
648 909
660 909
800 909
822 909
283 910
90 911
259 911
119 912
125 913
9 914
16 914
113 914
140 914
656 914
229 915
14 916
17 917
123 917
188 917
336 917
357 917
530 917
597 917
768 917
628 918
247 919
433 920
9 921
117 922
554 923
908 923
79 924
43 925
2 926
406 926
731 927
277 928
372 928
58 929
275 929
766 929
628 930
191 931
153 932
17 933
16 934
582 934
592 934
246 935
488 935
530 935
729 935
9 936
426 936
693 936
93 937
790 937
2 938
394 939
8 940
13 941
17 942
2 943
220 943
276 943
702 944
13 945
98 946
250 946
758 946
4 947
8 948
13 949
793 949
152 950
650 950
687 951
154 952
343 952
8 953
35 953
4 954
153 954
806 954
643 955
319 956
2 957
44 958
165 959
312 959
431 959
14 960
128 960
506 960
758 960
128 961
185 962
140 963
656 963
16 964
637 965
46 966
191 966
2 967
6 967
8 967
9 967
28 967
43 967
59 967
108 967
229 967
465 967
712 967
784 967
1 968
14 969
758 969
308 970
465 970
935 970
2 971
343 972
885 973
59 974
274 975
16 976
517 976
723 976
775 976
817 976
13 977
455 978
13 979
156 979
646 980
16 981
817 981
516 982
764 982
822 982
16 983
12 984
191 984
321 984
363 984
582 984
120 985
577 985
170 986
606 986
8 987
657 988
7 989
63 990
97 990
93 991
193 991
697 991
953 992
211 993
9 994
11 995
75 995
123 995
225 995
422 995
406 996
923 996
89 997
960 998
13 999
7 1000
344 1000
13 1001
156 1002
565 1003
807 1003
13 1004
695 1005
16 1006
16 1007
13 1008
819 1008
364 1009
418 1010
2 1011
9 1011
465 1011
712 1011
784 1011
793 1012
277 1013
16 1014
717 1015
827 1015
524 1016
14 1017
98 1017
250 1017
405 1017
915 1018
185 1019
167 1020
250 1021
119 1022
84 1023
465 1024
935 1024
1 1025
11 1025
14 1025
16 1025
17 1025
54 1025
211 1025
225 1025
237 1025
250 1025
535 1025
758 1025
984 1025
7 1026
32 1026
156 1026
163 1026
340 1026
554 1026
877 1026
98 1027
9 1028
443 1028
742 1028
2 1029
123 1029
98 1030
436 1031
276 1032
590 1033
14 1034
145 1035
175 1036
264 1036
275 1036
336 1036
2 1037
16 1037
90 1037
116 1037
195 1037
259 1037
356 1037
377 1037
222 1038
17 1039
490 1040
646 1041
198 1042
62 1043
179 1043
359 1043
663 1043
910 1043
58 1044
191 1044
247 1044
321 1044
1026 1045
637 1046
7 1047
977 1047
170 1048
594 1049
2 1050
9 1050
465 1050
712 1050
644 1051
13 1052
881 1052
9 1053
583 1054
660 1054
13 1055
75 1055
319 1056
2 1057
28 1057
36 1057
108 1057
712 1057
274 1058
2 1059
107 1060
696 1060
276 1061
876 1062
16 1063
547 1064
824 1065
275 1066
406 1067
2 1068
3 1069
12 1069
13 1069
14 1069
17 1069
47 1069
58 1069
175 1069
191 1069
208 1069
226 1069
238 1069
291 1069
326 1069
393 1069
395 1069
476 1069
818 1069
175 1070
792 1071
846 1071
2 1072
712 1073
50 1074
61 1074
497 1074
2 1075
86 1075
198 1076
822 1077
930 1077
7 1078
407 1078
7 1079
949 1079
9 1080
627 1080
913 1080
226 1081
281 1081
1022 1081
110 1082
846 1083
167 1084
240 1085
209 1086
3 1087
12 1087
16 1087
60 1087
123 1087
175 1087
191 1087
246 1087
465 1087
476 1087
818 1087
843 1087
1025 1087
9 1088
14 1089
17 1089
18 1089
50 1089
62 1089
75 1089
250 1089
251 1089
372 1089
418 1089
1044 1089
1069 1089
1087 1089
101 1090
170 1091
2 1092
337 1092
74 1093
16 1094
523 1094
198 1095
86 1096
794 1097
14 1098
15 1099
238 1099
666 1100
50 1101
11 1102
89 1102
554 1102
12 1103
17 1103
47 1103
226 1103
395 1103
476 1103
818 1103
1089 1103
283 1104
8 1105
33 1106
434 1106
887 1106
2 1107
373 1108
53 1109
13 1110
13 1111
870 1112
59 1113
8 1114
87 1114
98 1115
266 1115
615 1116
816 1116
1026 1117
140 1118
50 1119
1026 1120
833 1121
666 1122
2 1123
14 1124
277 1124
555 1124
119 1125
60 1126
1026 1126
97 1127
639 1127
701 1127
1026 1128
13 1129
141 1129
2 1130
13 1131
717 1132
827 1132
9 1133
753 1134
104 1135
596 1135
16 1136
642 1136
70 1137
266 1138
8 1139
876 1140
11 1141
13 1141
16 1141
38 1141
76 1141
101 1141
117 1141
131 1141
164 1141
272 1141
320 1141
437 1141
484 1141
552 1141
554 1141
612 1141
727 1141
779 1141
899 1141
916 1141
1017 1141
1025 1141
1089 1141
1009 1142
113 1143
212 1143
171 1144
320 1144
353 1145
15 1146
75 1146
112 1146
589 1146
909 1146
16 1147
64 1148
422 1148
1103 1148
2 1149
50 1150
9 1151
14 1152
418 1153
7 1154
229 1155
2 1156
606 1156
8 1157
13 1157
14 1157
17 1157
77 1157
83 1157
101 1157
120 1157
167 1157
192 1157
200 1157
340 1157
345 1157
351 1157
371 1157
439 1157
546 1157
596 1157
608 1157
692 1157
891 1157
1007 1157
1087 1157
2 1158
748 1159
1116 1159
4 1160
165 1161
276 1162
6 1163
51 1163
106 1163
426 1163
645 1163
508 1164
163 1165
4 1166
7 1167
9 1168
93 1169
697 1170
2 1171
190 1172
351 1172
467 1173
976 1173
8 1174
156 1175
101 1176
544 1176
745 1176
98 1177
86 1178
540 1179
222 1180
699 1181
620 1182
242 1183
1129 1183
4 1184
319 1184
417 1185
70 1186
75 1187
954 1188
753 1189
660 1190
792 1190
280 1191
235 1192
1010 1192
226 1193
281 1193
1101 1193
128 1194
153 1194
93 1195
155 1196
637 1197
44 1198
872 1199
972 1199
2 1200
4 1201
4 1202
812 1202
41 1203
110 1203
383 1203
1163 1203
44 1204
17 1205
1016 1205
13 1206
3 1207
89 1207
273 1207
660 1207
917 1207
50 1208
993 1208
2 1209
222 1210
246 1211
729 1211
16 1212
1137 1212
2 1213
78 1213
177 1213
917 1213
1161 1214
666 1215
59 1216
111 1217
605 1217
1215 1217
499 1218
1182 1218
606 1219
853 1220
13 1221
352 1222
4 1223
4 1224
123 1224
16 1225
58 1226
14 1227
644 1227
758 1227
222 1228
13 1229
9 1230
426 1230
62 1231
688 1231
12 1232
62 1232
320 1232
608 1232
648 1232
776 1232
13 1233
609 1233
13 1234
16 1235
93 1236
171 1237
176 1237
4 1238
33 1239
279 1239
434 1239
887 1239
9 1240
50 1241
125 1242
119 1243
222 1243
242 1243
281 1243
13 1244
8 1245
8 1246
9 1247
748 1248
1116 1248
309 1249
909 1250
319 1251
123 1252
1157 1252
11 1253
13 1254
4 1255
2 1256
1199 1257
51 1258
850 1258
150 1259
755 1259
274 1260
10 1261
449 1261
561 1262
802 1262
187 1263
312 1263
349 1263
431 1263
807 1263
816 1263
558 1264
8 1265
28 1265
13 1266
198 1267
1188 1268
462 1269
810 1270
406 1271
669 1272
1087 1273
1188 1274
11 1275
13 1276
837 1276
1036 1276
1066 1276
191 1277
356 1277
840 1277
163 1278
590 1279
8 1280
18 1280
50 1280
75 1280
112 1280
192 1280
250 1280
251 1280
372 1280
418 1280
497 1280
843 1280
898 1280
966 1280
336 1281
14 1282
2 1283
152 1284
296 1284
650 1284
2 1285
14 1286
9 1287
967 1287
735 1288
164 1289
16 1290
62 1290
130 1291
880 1292
1213 1292
132 1293
87 1294
167 1294
911 1294
1037 1294
8 1295
11 1295
17 1295
64 1295
75 1295
277 1295
418 1295
473 1295
497 1295
506 1295
554 1295
984 1295
1277 1295
222 1296
281 1296
608 1296
497 1297
902 1298
976 1298
2 1299
1 1300
4 1300
8 1300
11 1300
97 1300
18 1301
646 1301
104 1302
596 1302
150 1303
755 1303
823 1303
74 1304
2 1305
406 1306
1098 1307
171 1308
128 1309
365 1310
101 1311
225 1311
544 1311
1218 1312
84 1313
16 1314
369 1315
564 1315
1164 1315
4 1316
8 1317
9 1318
426 1318
628 1319
8 1320
876 1321
846 1322
1079 1323
79 1324
650 1325
1242 1326
25 1327
38 1327
45 1327
53 1327
55 1327
80 1327
101 1327
112 1327
131 1327
164 1327
173 1327
191 1327
217 1327
251 1327
262 1327
320 1327
357 1327
404 1327
491 1327
528 1327
544 1327
665 1327
727 1327
909 1327
1069 1327
1089 1327
1157 1327
1286 1327
627 1328
9 1329
93 1330
1198 1330
4 1331
319 1331
4 1332
4 1333
123 1333
14 1334
123 1334
473 1334
554 1334
647 1334
752 1334
826 1334
843 1334
854 1334
1087 1334
8 1335
250 1336
191 1337
878 1337
17 1338
539 1339
1015 1339
1061 1339
14 1340
193 1341
582 1342
592 1342
446 1343
1214 1344
44 1345
222 1346
242 1346
281 1346
56 1347
565 1347
807 1347
241 1348
250 1348
4 1349
4 1350
909 1351
7 1352
9 1352
29 1352
107 1352
144 1352
159 1352
231 1352
315 1352
426 1352
502 1352
874 1352
1330 1353
276 1354
408 1354
717 1354
25 1355
38 1355
55 1355
101 1355
131 1355
173 1355
251 1355
320 1355
357 1355
404 1355
491 1355
909 1355
1286 1355
394 1356
344 1357
164 1358
1103 1359
50 1360
1 1361
6 1361
51 1361
229 1361
322 1361
426 1361
11 1362
123 1362
225 1362
58 1363
1179 1363
1026 1364
133 1365
389 1366
10 1367
11 1367
42 1367
445 1367
554 1367
866 1367
1040 1367
1099 1367
1146 1367
4 1368
40 1368
656 1369
1067 1369
119 1370
222 1370
281 1370
759 1371
864 1371
722 1372
164 1373
466 1373
225 1374
497 1375
1277 1375
1351 1376
175 1377
966 1377
229 1378
13 1379
13 1380
167 1381
1037 1381
210 1382
369 1383
18 1384
288 1384
280 1385
850 1386
46 1387
191 1387
866 1387
250 1388
1225 1388
4 1389
5 1390
6 1390
8 1390
16 1390
60 1390
199 1390
209 1390
306 1390
716 1390
746 1390
784 1390
989 1390
1047 1390
1078 1390
1079 1390
1167 1390
1352 1390
8 1391
87 1391
558 1392
8 1393
164 1394
393 1395
1263 1396
1347 1396
13 1397
786 1397
191 1398
1116 1399
1263 1399
4 1400
111 1400
222 1400
343 1400
428 1400
699 1401
13 1402
58 1403
1179 1403
13 1404
382 1404
2 1405
1014 1405
558 1406
851 1406
13 1407
1054 1408
385 1409
1208 1410
753 1411
8 1412
10 1413
596 1414
164 1415
1221 1415
1371 1416
13 1417
815 1417
93 1418
130 1419
1077 1420
250 1421
60 1422
1165 1422
1278 1422
13 1423
949 1424
50 1425
13 1426
989 1426
13 1427
609 1427
1213 1427
8 1428
22 1429
1236 1430
85 1431
238 1431
389 1432
1037 1433
370 1434
9 1435
283 1436
558 1437
542 1438
1298 1438
156 1439
1069 1439
1087 1439
1103 1439
361 1440
92 1441
313 1441
871 1441
2 1442
8 1443
695 1443
97 1444
1163 1444
1361 1444
225 1445
4 1446
386 1447
813 1447
1141 1447
98 1448
290 1449
276 1450
140 1451
2 1452
175 1453
276 1454
125 1455
198 1456
59 1457
176 1457
782 1457
123 1458
11 1459
13 1459
44 1459
117 1459
191 1459
193 1459
273 1459
526 1459
537 1459
660 1459
718 1459
800 1459
822 1459
1025 1459
1157 1459
1338 1459
1165 1460
1278 1460
909 1461
14 1462
623 1462
2 1463
152 1464
1406 1464
156 1465
50 1466
328 1466
155 1467
190 1468
211 1469
156 1470
98 1471
1097 1472
9 1473
74 1474
4 1475
293 1475
1097 1476
16 1477
62 1478
152 1479
198 1480
558 1481
227 1482
628 1482
74 1483
13 1484
1192 1484
2 1485
16 1486
25 1486
55 1486
58 1486
76 1486
118 1486
164 1486
215 1486
237 1486
437 1486
491 1486
544 1486
546 1486
552 1486
598 1486
612 1486
727 1486
909 1486
969 1486
1017 1486
1025 1486
1034 1486
1124 1486
1152 1486
1282 1486
1286 1486
1334 1486
1340 1486
4 1487
9 1488
524 1488
6 1489
7 1489
51 1489
990 1489
565 1490
198 1491
1406 1492
434 1493
16 1494
152 1495
650 1495
6 1496
322 1496
982 1496
16 1497
16 1498
33 1499
317 1500
561 1500
1150 1500
709 1501
171 1502
650 1502
4 1503
502 1504
994 1505
62 1506
179 1506
842 1506
910 1506
261 1507
821 1507
1372 1507
1201 1508
8 1509
86 1509
695 1509
710 1509
1321 1510
14 1511
42 1511
250 1511
608 1511
675 1511
758 1511
1311 1511
1327 1511
1271 1512
44 1513
246 1514
462 1515
564 1516
596 1516
497 1517
1121 1517
229 1518
1422 1518
98 1519
12 1520
14 1520
175 1520
291 1520
393 1520
395 1520
1327 1520
1439 1520
133 1521
691 1521
1303 1521
1352 1522
13 1523
15 1523
18 1523
112 1523
123 1523
146 1523
211 1523
225 1523
237 1523
475 1523
535 1523
558 1523
644 1523
758 1523
984 1523
1232 1523
17 1524
258 1524
309 1524
774 1524
1175 1525
333 1526
247 1527
1069 1528
1188 1529
13 1530
713 1530
493 1531
1138 1531
624 1532
628 1533
882 1533
1215 1533
1382 1534
17 1535
1156 1536
650 1537
75 1538
75 1539
534 1539
2 1540
687 1541
250 1542
4 1543
250 1544
666 1545
8 1546
8 1547
167 1548
370 1548
251 1549
898 1549
13 1550
226 1551
281 1551
13 1552
19 1552
42 1552
46 1552
866 1552
907 1552
1486 1552
713 1553
250 1554
599 1555
8 1556
1339 1557
1269 1558
1315 1559
1516 1559
21 1560
352 1560
74 1561
870 1562
74 1563
282 1563
1368 1563
10 1564
900 1564
925 1564
967 1564
3 1565
7 1565
16 1565
31 1565
35 1565
71 1565
97 1565
114 1565
152 1565
218 1565
257 1565
331 1565
337 1565
436 1565
441 1565
459 1565
560 1565
586 1565
640 1565
685 1565
709 1565
717 1565
813 1565
948 1565
953 1565
987 1565
1245 1565
1246 1565
1320 1565
1335 1565
1393 1565
1412 1565
1428 1565
1509 1565
1546 1565
244 1566
455 1566
85 1567
124 1567
161 1567
352 1567
1075 1567
1096 1567
1178 1567
1509 1567
2 1568
80 1569
13 1570
61 1570
13 1571
117 1572
319 1573
1053 1573
320 1574
637 1574
497 1575
92 1576
158 1576
261 1576
313 1576
326 1577
17 1578
909 1578
2 1579
13 1580
1459 1581
9 1582
14 1583
1327 1583
881 1584
2 1585
31 1585
43 1585
216 1585
978 1585
13 1586
121 1587
697 1587
1026 1588
38 1589
80 1589
101 1589
131 1589
217 1589
357 1589
491 1589
528 1589
665 1589
1089 1589
1157 1589
1263 1590
637 1591
983 1592
1003 1592
1347 1592
8 1593
637 1594
18 1595
646 1595
17 1596
52 1597
356 1597
405 1597
833 1597
840 1597
1575 1597
1080 1598
1328 1598
2 1599
43 1599
66 1599
553 1600
2 1601
74 1602
693 1602
165 1603
13 1604
123 1605
379 1606
198 1607
11 1608
64 1608
123 1608
1069 1608
1103 1608
1520 1608
11 1609
12 1609
13 1609
17 1609
19 1609
117 1609
133 1609
554 1609
866 1609
1 1610
2 1610
8 1610
212 1610
967 1610
1163 1610
1390 1610
1496 1610
86 1611
192 1612
637 1613
935 1614
152 1615
650 1615
104 1616
723 1616
445 1617
866 1617
1146 1617
260 1618
776 1618
50 1619
2 1620
1054 1621
75 1622
173 1623
75 1624
93 1625
75 1626
290 1627
132 1628
746 1629
7 1630
1165 1631
1026 1632
88 1633
666 1634
122 1635
445 1635
984 1635
1083 1636
523 1637
1371 1637
815 1638
41 1639
110 1639
612 1640
319 1641
1411 1641
277 1642
1422 1643
1460 1643
1631 1643
369 1644
167 1645
370 1645
1231 1646
128 1647
210 1647
695 1647
772 1647
1069 1647
1459 1648
2 1649
1185 1649
13 1650
250 1651
2 1652
3 1652
5 1652
377 1652
780 1652
1419 1652
14 1653
54 1653
146 1653
792 1653
856 1653
1486 1653
940 1654
1472 1655
1476 1655
693 1656
563 1657
1054 1658
1253 1658
113 1659
880 1660
50 1661
1500 1661
1407 1662
227 1663
628 1663
9 1664
16 1664
140 1664
1371 1665
798 1666
1262 1666
8 1667
2 1668
967 1669
1057 1669
185 1670
507 1671
1076 1671
1491 1671
666 1672
198 1673
2 1674
6 1674
7 1674
9 1674
92 1674
229 1674
276 1674
1127 1674
1444 1674
497 1675
16 1676
2 1677
170 1677
545 1677
899 1678
44 1679
276 1680
13 1681
695 1682
1518 1683
246 1684
970 1684
1056 1685
408 1686
474 1687
985 1688
4 1689
1517 1690
193 1691
13 1692
191 1693
8 1694
1058 1695
90 1696
116 1696
377 1696
1381 1696
1433 1696
953 1697
93 1698
1687 1699
59 1700
644 1701
8 1702
10 1703
11 1703
192 1703
866 1703
1087 1703
1453 1703
198 1704
480 1704
1083 1705
191 1706
358 1706
831 1706
276 1707
915 1708
123 1709
62 1710
179 1710
93 1711
1256 1711
150 1712
293 1712
755 1712
1017 1713
915 1714
909 1715
119 1716
222 1716
605 1716
1482 1716
164 1717
722 1717
801 1717
5 1718
41 1718
186 1718
203 1718
212 1718
391 1718
1163 1718
129 1719
380 1720
409 1720
334 1721
893 1721
1150 1721
1241 1721
150 1722
829 1723
159 1724
198 1724
1184 1724
1641 1724
13 1725
167 1726
1037 1726
8 1727
558 1727
1015 1727
1132 1727
1354 1727
1565 1727
52 1728
191 1728
284 1728
471 1728
995 1728
1089 1728
1187 1728
1295 1728
1624 1728
1626 1728
1658 1729
125 1730
14 1731
16 1731
62 1731
907 1731
1176 1731
1327 1731
1355 1731
276 1732
940 1733
923 1734
40 1735
137 1735
563 1735
1093 1735
1304 1735
1602 1735
1 1736
1496 1736
4 1737
446 1738
140 1739
656 1739
171 1740
119 1741
222 1741
1475 1741
1406 1742
241 1743
54 1744
146 1744
856 1744
583 1745
2 1746
229 1747
64 1748
1103 1748
1712 1748
156 1749
643 1750
981 1750
171 1751
1049 1752
198 1753
1456 1754
1607 1754
1600 1755
288 1756
466 1756
730 1756
959 1756
2 1757
191 1758
1375 1758
1387 1758
243 1759
16 1760
198 1761
59 1762
1347 1762
110 1763
1382 1764
1471 1765
14 1766
50 1766
187 1766
608 1766
185 1767
1087 1768
75 1769
1426 1770
155 1771
167 1772
9 1773
13 1774
86 1775
4 1776
206 1776
524 1777
44 1778
418 1779
908 1779
93 1780
788 1780
369 1781
14 1782
250 1782
1459 1783
11 1784
554 1784
18 1785
646 1785
1190 1785
1146 1786
1565 1787
514 1788
16 1789
137 1790
1211 1790
86 1791
4 1792
8 1793
74 1794
13 1795
150 1796
4 1797
2 1798
107 1799
369 1799
648 1800
2 1801
697 1802
326 1803
16 1804
156 1805
1448 1805
1566 1806
116 1807
555 1807
1231 1808
646 1809
1486 1810
624 1811
1143 1812
1784 1813
39 1814
74 1814
226 1815
281 1815
155 1816
800 1817
16 1818
369 1819
540 1820
1403 1820
42 1821
516 1821
776 1821
1141 1821
1157 1821
1176 1821
1327 1821
1355 1821
211 1822
1272 1822
9 1823
16 1824
758 1825
251 1826
408 1827
449 1828
661 1828
925 1828
967 1828
130 1829
1548 1829
639 1830
711 1831
9 1832
286 1833
484 1833
665 1833
280 1834
34 1835
290 1836
77 1837
615 1837
646 1837
934 1837
2 1838
960 1839
58 1840
406 1841
483 1841
963 1841
1369 1841
1278 1842
185 1843
731 1844
1439 1844
1470 1844
1749 1844
853 1845
935 1846
11 1847
75 1847
1735 1848
17 1849
117 1850
272 1850
437 1850
899 1850
1025 1850
1089 1850
1821 1850
13 1851
12 1852
1161 1852
2 1853
455 1854
319 1855
779 1855
17 1856
93 1857
375 1858
856 1858
1106 1858
14 1859
644 1859
12 1860
327 1860
108 1861
449 1862
925 1862
13 1863
137 1864
1093 1864
714 1865
1641 1866
16 1867
915 1868
735 1869
2 1870
155 1870
447 1870
644 1871
98 1872
250 1872
1713 1872
13 1873
117 1873
156 1873
7 1874
322 1874
1390 1874
421 1875
1735 1875
2 1876
1276 1877
190 1878
590 1879
8 1880
87 1880
13 1881
915 1882
54 1883
165 1883
1865 1884
870 1885
250 1886
951 1886
16 1887
664 1887
970 1888
12 1889
395 1889
818 1889
1089 1889
1359 1889
1406 1890
2 1891
1691 1892
1347 1893
277 1894
853 1895
198 1896
58 1897
1267 1897
1415 1898
810 1899
1167 1899
190 1900
9 1901
2 1902
97 1902
1213 1903
2 1904
484 1904
8 1905
10 1905
97 1905
248 1905
496 1905
640 1905
1361 1905
1674 1905
1747 1905
171 1906
88 1907
223 1907
1089 1908
1359 1908
333 1909
319 1910
1141 1910
1140 1911
1321 1911
923 1912
16 1913
643 1914
3 1915
56 1916
1592 1916
14 1917
15 1917
66 1917
90 1917
175 1917
264 1917
275 1917
594 1917
758 1917
836 1917
1572 1917
119 1918
86 1919
695 1919
1431 1919
267 1920
308 1920
318 1920
935 1920
1514 1920
1390 1921
1765 1922
1422 1923
379 1924
815 1925
810 1926
1742 1926
1741 1927
17 1928
123 1928
745 1928
982 1928
1459 1928
1777 1928
14 1929
12 1930
321 1930
582 1930
1025 1930
1523 1930
1635 1930
222 1931
9 1932
442 1932
1505 1932
33 1933
351 1934
3 1935
11 1935
89 1935
267 1935
1514 1935
1706 1936
851 1937
150 1938
578 1938
954 1938
1460 1938
17 1939
28 1940
13 1941
603 1942
1141 1943
1850 1943
50 1944
1410 1944
578 1945
915 1946
372 1947
615 1947
874 1948
1156 1949
1928 1949
583 1950
1112 1951
493 1952
1524 1953
1739 1953
952 1954
1400 1954
6 1955
9 1955
92 1955
276 1955
299 1955
408 1955
867 1955
1127 1955
1444 1955
1905 1955
2 1956
89 1957
2 1958
16 1959
113 1959
656 1959
1 1960
176 1960
1159 1960
1248 1960
16 1961
276 1962
1151 1963
406 1964
134 1965
140 1965
671 1965
50 1966
1058 1967
59 1968
142 1968
176 1968
2 1969
467 1970
976 1970
46 1971
754 1971
866 1971
1069 1971
620 1972
1218 1972
25 1973
38 1973
53 1973
131 1973
251 1973
544 1973
588 1973
665 1973
1511 1973
1583 1973
1821 1973
898 1974
637 1975
75 1976
244 1977
853 1978
17 1979
123 1979
188 1979
336 1979
530 1979
250 1980
1741 1981
53 1982
16 1983
731 1984
1749 1984
1866 1985
583 1986
128 1987
695 1987
772 1987
1069 1987
759 1988
1416 1988
1665 1988
29 1989
8 1990
758 1991
12 1992
52 1992
160 1992
840 1992
1101 1992
1119 1992
1208 1992
1360 1992
1466 1992
1504 1992
1619 1992
1944 1992
1966 1992
578 1993
935 1994
288 1995
279 1996
1534 1996
3 1997
469 1998
11 1999
748 1999
1069 1999
408 2000
859 2001
16 2002
140 2002
656 2002
428 2003
605 2003
1236 2004
1749 2005
80 2006
280 2007
86 2008
1673 2009
16 2010
1735 2010
318 2011
870 2012
84 2013
695 2013
905 2013
462 2014
1558 2014
164 2015
17 2016
17 2017
3 2018
6 2018
8 2018
63 2018
219 2018
532 2018
1565 2018
1739 2019
693 2020
351 2021
12 2022
648 2022
95 2023
1735 2023
143 2024
514 2025
156 2026
2 2027
1891 2027
1621 2028
1658 2028
1573 2029
9 2030
285 2031
1947 2032
16 2033
146 2033
191 2033
200 2033
237 2033
542 2033
1232 2033
1290 2033
1478 2033
1506 2033
1710 2033
1731 2033
280 2034
1835 2035
1917 2035
408 2036
1531 2037
909 2038
16 2039
781 2039
1300 2039
15 2040
238 2040
251 2040
1552 2040
1971 2040
603 2041
1069 2041
933 2042
648 2043
578 2044
2 2045
98 2046
1586 2046
302 2047
493 2047
555 2047
1237 2047
7 2048
1390 2048
13 2049
874 2049
542 2050
1298 2050
612 2051
13 2052
465 2053
1166 2053
1347 2053
8 2054
18 2054
418 2054
898 2054
966 2054
1198 2054
51 2055
16 2056
394 2057
1833 2057
14 2058
1141 2058
1303 2058
1850 2058
175 2059
8 2060
558 2060
851 2060
1479 2060
1565 2060
1615 2060
10 2061
51 2061
990 2061
1185 2061
4 2062
87 2063
249 2063
1 2064
10 2065
434 2066
652 2067
1179 2068
16 2069
16 2070
13 2071
382 2071
976 2072
152 2073
2060 2073
123 2074
308 2074
33 2075
9 2076
1072 2077
185 2078
1422 2079
381 2080
23 2081
250 2081
634 2081
907 2081
1311 2081
106 2082
967 2083
2 2084
78 2085
467 2086
976 2086
111 2087
154 2087
444 2087
1060 2087
329 2088
681 2088
1086 2088
1361 2088
1083 2089
326 2090
7 2091
1949 2092
120 2093
17 2094
909 2094
943 2094
523 2095
909 2096
1565 2097
106 2098
540 2099
319 2100
281 2101
1621 2101
74 2102
13 2103
156 2103
960 2104
143 2105
2 2106
1561 2106
646 2107
41 2108
2081 2108
960 2109
986 2109
290 2110
364 2111
1027 2112
609 2113
171 2114
666 2115
666 2116
1922 2117
697 2118
1552 2118
2 2119
3 2119
10 2119
110 2119
796 2119
2018 2119
171 2120
1282 2120
58 2121
275 2121
865 2122
16 2123
1888 2124
53 2125
487 2126
1486 2127
2105 2127
14 2128
5 2129
8 2129
208 2129
433 2129
465 2129
612 2129
1361 2129
277 2130
372 2130
418 2130
1706 2130
13 2131
1074 2131
424 2132
571 2133
1266 2133
1071 2134
1486 2134
1534 2135
2 2136
8 2137
11 2137
112 2137
197 2137
237 2137
250 2137
418 2137
473 2137
752 2137
854 2137
898 2137
1087 2137
1327 2137
1706 2137
2033 2137
280 2138
746 2139
1209 2139
624 2140
40 2141
1030 2141
1563 2141
58 2142
2 2143
2 2144
97 2144
1539 2144
13 2145
840 2146
1575 2146
93 2147
1315 2148
185 2149
50 2150
75 2150
1069 2150
1327 2150
1589 2150
1850 2150
1908 2150
318 2151
1083 2152
2078 2152
1647 2153
1987 2153
190 2154
3 2155
717 2156
1937 2156
2060 2156
60 2157
215 2158
237 2158
491 2158
598 2158
909 2158
1025 2158
1034 2158
1124 2158
1282 2158
1334 2158
1552 2158
1810 2158
2127 2158
4 2159
222 2160
497 2161
238 2162
1367 2162
827 2163
1727 2163
58 2164
418 2165
524 2166
185 2167
1559 2168
167 2169
2 2170
627 2171
996 2171
13 2172
876 2173
646 2174
660 2175
591 2176
1741 2176
758 2177
62 2178
411 2178
7 2179
322 2179
28 2180
74 2180
4 2181
250 2182
668 2183
1406 2184
34 2185
1508 2185
462 2186
856 2187
1493 2187
609 2188
1181 2188
1401 2188
1514 2189
7 2190
29 2190
315 2190
758 2191
827 2192
1727 2192
910 2193
1866 2193
729 2194
428 2195
1116 2195
9 2196
904 2197
93 2198
1825 2199
1521 2200
1255 2201
1598 2202
628 2203
13 2204
1294 2204
433 2205
1074 2206
697 2207
2199 2207
1079 2208
1503 2208
596 2209
3 2210
240 2211
13 2212
231 2212
986 2212
1091 2212
4 2213
1146 2214
13 2215
32 2215
909 2216
4 2217
44 2218
395 2219
818 2219
1089 2219
753 2220
58 2221
1267 2221
1765 2222
2117 2222
1766 2223
408 2224
758 2225
998 2225
1833 2225
1973 2225
596 2226
1355 2227
1973 2227
2040 2227
2053 2228
222 2229
101 2230
16 2231
1371 2232
250 2233
117 2234
927 2234
1214 2235
16 2236
93 2237
143 2238
331 2239
1167 2240
53 2241
11 2242
1069 2242
709 2243
128 2244
309 2245
620 2245
2 2246
150 2247
326 2247
755 2247
418 2248
1505 2248
418 2249
1934 2250
247 2251
58 2252
191 2252
247 2252
398 2252
430 2252
884 2252
1124 2252
1894 2252
1062 2253
2173 2253
2 2254
320 2255
2029 2255
13 2256
16 2257
243 2258
288 2259
198 2260
14 2261
90 2261
264 2261
275 2261
836 2261
1572 2261
198 2262
2225 2263
8 2264
1565 2264
165 2265
1384 2265
120 2266
7 2267
1507 2267
283 2268
1612 2269
558 2270
851 2270
2156 2270
558 2271
418 2272
13 2273
2147 2274
156 2275
14 2276
9 2277
1473 2278
2127 2278
731 2279
2 2280
241 2281
1069 2282
1520 2282
443 2283
110 2284
1621 2285
1050 2286
1511 2287
2122 2288
179 2289
370 2290
152 2291
693 2292
4 2293
643 2293
1079 2294
1696 2295
132 2296
152 2297
77 2298
646 2298
934 2298
130 2299
626 2299
1652 2299
119 2300
58 2301
2071 2301
16 2302
580 2303
2185 2303
542 2304
280 2305
557 2306
119 2307
1475 2307
1927 2307
1981 2307
2176 2307
14 2308
277 2308
555 2308
2252 2308
110 2309
2 2310
111 2310
628 2311
222 2312
154 2313
16 2314
185 2315
266 2316
1248 2316
1999 2316
983 2317
1565 2318
2054 2319
198 2320
1 2321
225 2322
1873 2323
1069 2324
1318 2324
1844 2324
443 2325
4 2326
2 2327
1014 2327
935 2328
86 2329
710 2329
104 2330
3 2331
558 2332
86 2333
14 2334
1572 2334
24 2335
967 2336
1390 2336
10 2337
967 2337
1265 2337
1940 2337
13 2338
19 2338
46 2338
2040 2338
12 2339
542 2339
514 2340
641 2340
110 2341
383 2341
1163 2341
2217 2341
1169 2342
17 2343
156 2344
1403 2345
909 2346
1244 2346
127 2347
9 2348
8 2349
10 2349
97 2349
248 2349
496 2349
1955 2349
74 2350
319 2351
370 2351
1076 2351
1095 2351
1491 2351
1607 2351
1673 2351
2262 2351
1192 2352
89 2353
1673 2354
123 2355
530 2355
1579 2355
2 2356
152 2357
717 2357
2060 2357
820 2358
1552 2358
279 2359
612 2359
119 2360
276 2361
880 2362
12 2363
648 2363
156 2364
1036 2364
50 2365
75 2366
152 2367
490 2368
250 2369
951 2369
810 2370
318 2371
2057 2371
191 2372
1334 2372
2137 2372
280 2373
2349 2373
881 2374
28 2375
36 2375
108 2375
280 2376
1407 2377
2271 2377
140 2378
238 2379
13 2380
8 2381
1486 2382
2177 2383
490 2384
276 2385
309 2386
1367 2387
1786 2387
406 2388
963 2388
1369 2388
130 2389
167 2389
176 2389
450 2389
1696 2389
596 2390
909 2391
283 2392
97 2393
326 2394
712 2395
9 2396
9 2397
373 2397
565 2398
29 2399
107 2399
159 2399
315 2399
1629 2399
2139 2399
1219 2400
46 2401
191 2401
1758 2401
70 2402
1382 2403
1866 2404
104 2405
596 2405
1175 2405
79 2406
851 2407
14 2408
608 2408
1486 2408
222 2409
1459 2410
1190 2411
14 2412
758 2412
156 2413
824 2413
1069 2413
1103 2413
2219 2413
89 2414
917 2414
9 2415
967 2415
1218 2416
1672 2417
221 2418
2 2419
406 2419
50 2420
1069 2420
1327 2420
1850 2420
8 2421
1733 2421
4 2422
1347 2423
1390 2424
9 2425
17 2426
8 2427
1536 2428
47 2429
175 2429
185 2429
1703 2429
646 2430
191 2431
1295 2431
523 2432
13 2433
49 2433
1677 2433
3 2434
116 2434
1115 2434
1138 2434
2316 2434
1138 2435
244 2436
120 2437
577 2437
13 2438
1352 2439
702 2440
1055 2440
337 2441
50 2442
17 2443
1459 2443
1017 2444
3 2445
2057 2445
401 2446
1563 2446
15 2447
101 2447
1367 2447
1511 2447
1821 2447
28 2448
74 2448
13 2449
815 2450
2 2451
665 2451
222 2452
1459 2453
16 2454
1116 2455
630 2456
282 2457
2450 2457
1531 2458
666 2459
460 2460
1137 2460
188 2461
1214 2462
596 2463
2271 2464
1589 2465
1531 2466
1218 2467
243 2468
309 2469
191 2470
12 2471
154 2471
542 2472
742 2473
812 2474
2137 2475
49 2476
12 2477
395 2477
48 2478
419 2478
991 2478
1341 2478
1459 2478
2004 2479
2 2480
2047 2481
12 2482
14 2482
250 2482
516 2482
675 2482
1311 2482
1327 2482
1565 2483
1563 2484
14 2485
66 2485
175 2485
275 2485
594 2485
758 2485
2035 2485
546 2486
1552 2486
1821 2486
2311 2487
4 2488
193 2489
283 2490
1043 2490
256 2491
2434 2492
9 2493
1803 2493
2014 2493
695 2494
1565 2494
498 2495
373 2496
434 2497
753 2497
1744 2497
1858 2497
2187 2497
909 2498
1560 2499
185 2500
1116 2501
2316 2501
1218 2502
16 2503
2146 2504
1536 2505
866 2506
9 2507
2174 2507
9 2508
1197 2508
2 2509
40 2509
145 2509
505 2509
689 2509
802 2509
1304 2509
1561 2509
1814 2509
2102 2509
2350 2509
2219 2510
11 2511
1087 2511
2429 2511
336 2512
1529 2512
900 2513
967 2513
2271 2514
38 2515
80 2515
217 2515
491 2515
1157 2515
170 2516
93 2517
817 2518
110 2519
1001 2520
1626 2521
249 2522
1376 2523
1190 2524
132 2525
1218 2525
1691 2526
912 2527
7 2528
17 2529
1443 2530
8 2531
1501 2531
2 2532
845 2533
1218 2533
660 2534
8 2535
695 2535
1157 2536
1199 2536
546 2537
1703 2537
269 2538
86 2539
14 2540
140 2541
1027 2542
13 2543
523 2544
1563 2545
2400 2546
878 2547
2137 2547
786 2548
275 2549
8 2550
372 2550
966 2550
909 2551
175 2552
275 2552
423 2552
2035 2552
1923 2553
994 2554
467 2555
976 2555
646 2556
523 2557
902 2558
11 2559
12 2559
16 2559
17 2559
25 2559
80 2559
101 2559
112 2559
117 2559
118 2559
123 2559
215 2559
244 2559
256 2559
287 2559
357 2559
370 2559
404 2559
491 2559
528 2559
544 2559
552 2559
554 2559
690 2559
909 2559
960 2559
1017 2559
1025 2559
1124 2559
1152 2559
1334 2559
2058 2559
2261 2559
2308 2559
2412 2559
2482 2559
2540 2559
2299 2560
1723 2561
13 2562
1010 2563
1089 2563
1153 2563
1295 2563
2054 2563
2249 2563
3 2564
377 2564
2299 2564
1459 2565
2466 2566
408 2567
2 2568
1705 2569
9 2570
229 2570
208 2571
433 2571
612 2571
1615 2571
8 2572
87 2572
1914 2572
160 2573
714 2573
1259 2573
2133 2573
211 2574
436 2575
137 2576
198 2577
110 2578
383 2578
1163 2578
193 2579
1026 2580
1752 2581
13 2582
14 2583
1833 2583
1904 2583
717 2584
1840 2584
648 2585
140 2586
1536 2587
1566 2588
16 2589
1262 2590
1141 2591
1198 2592
2162 2592
4 2593
1153 2594
2054 2594
2130 2594
2272 2594
924 2595
1179 2596
1641 2596
24 2597
87 2597
13 2598
723 2598
775 2598
817 2598
1173 2598
1970 2598
2086 2598
9 2599
2278 2599
14 2600
1109 2600
123 2601
1330 2602
119 2603
1192 2604
182 2605
872 2606
909 2606
8 2607
1099 2607
1132 2607
2163 2607
960 2608
469 2609
1719 2609
2004 2610
222 2611
16 2612
607 2613
694 2613
193 2614
2032 2614
919 2615
1597 2615
1843 2615
1111 2616
1351 2616
106 2617
309 2618
992 2619
612 2620
596 2621
14 2622
613 2622
1833 2622
1904 2622
2452 2623
550 2624
1405 2624
4 2625
319 2625
753 2625
1352 2625
179 2626
887 2627
2609 2628
697 2629
133 2630
2176 2631
910 2632
2120 2632
810 2633
7 2634
180 2634
761 2634
1451 2634
1965 2634
2002 2634
2378 2634
1652 2635
146 2636
211 2636
225 2636
237 2636
758 2636
984 2636
1930 2636
982 2637
7 2638
11 2638
15 2638
17 2638
41 2638
53 2638
62 2638
83 2638
101 2638
120 2638
167 2638
186 2638
190 2638
250 2638
322 2638
351 2638
384 2638
429 2638
579 2638
686 2638
899 2638
934 2638
981 2638
1014 2638
1025 2638
1094 2638
1136 2638
1225 2638
1290 2638
1314 2638
1390 2638
1494 2638
1497 2638
1565 2638
1760 2638
1983 2638
2033 2638
2056 2638
2069 2638
2070 2638
2123 2638
2236 2638
2302 2638
2314 2638
2454 2638
2589 2638
755 2639
17 2640
2067 2640
1011 2641
229 2642
878 2643
2137 2643
8 2644
540 2645
596 2646
2473 2647
2145 2648
1225 2649
1787 2650
2137 2650
516 2651
822 2651
2637 2651
1114 2652
1691 2653
849 2654
206 2655
13 2656
17 2657
258 2657
1953 2657
407 2658
1390 2658
1652 2659
242 2660
104 2661
596 2661
370 2662
274 2663
4 2664
123 2664
229 2665
1735 2665
1790 2665
2576 2665
2057 2666
302 2667
555 2667
225 2668
285 2669
17 2670
552 2671
13 2672
2559 2673
16 2674
4 2675
58 2676
1647 2676
1987 2676
277 2677
2 2678
1276 2679
1742 2680
643 2681
1884 2682
2446 2683
1367 2684
39 2685
558 2686
967 2687
1865 2688
2402 2688
2573 2688
1214 2689
16 2690
13 2691
1037 2691
524 2692
171 2693
1621 2694
2307 2695
17 2696
909 2696
171 2697
1390 2698
2658 2699
912 2700
2 2701
250 2702
283 2703
648 2703
776 2703
1523 2703
2033 2703
16 2704
110 2705
193 2706
333 2707
2205 2707
1917 2708
12 2709
648 2709
1148 2709
753 2710
250 2711
1566 2711
2436 2711
2559 2711
1873 2712
571 2713
290 2714
1160 2714
904 2715
753 2716
2714 2716
2238 2717
675 2718
2559 2718
13 2719
363 2720
582 2720
1301 2720
2556 2720
2638 2721
107 2722
2313 2722
2694 2723
54 2724
493 2725
280 2726
758 2727
1486 2727
2064 2728
657 2729
1188 2730
247 2731
1412 2731
2049 2732
32 2733
156 2733
340 2733
1120 2733
1126 2733
1128 2733
1364 2733
318 2734
101 2735
899 2735
1387 2736
1703 2736
1971 2736
2506 2736
60 2737
1565 2738
580 2739
2185 2739
558 2740
47 2741
185 2741
1703 2741
50 2742
1069 2742
2 2743
484 2743
2622 2743
909 2744
191 2745
1334 2745
832 2746
12 2747
395 2747
648 2747
1151 2748
4 2749
158 2750
366 2750
830 2750
1587 2750
2118 2750
2207 2750
2629 2750
735 2751
2369 2752
164 2753
367 2754
2017 2755
2638 2755
2532 2756
50 2757
191 2758
1549 2758
2137 2758
11 2759
123 2759
422 2759
13 2760
1109 2761
746 2762
753 2762
2399 2762
1026 2763
1157 2763
583 2764
4 2765
1297 2765
2 2766
1558 2767
14 2768
2255 2769
1347 2770
9 2771
1519 2771
1979 2772
17 2773
620 2774
13 2775
992 2776
1565 2776
13 2777
13 2778
925 2779
277 2780
1565 2780
870 2781
290 2782
567 2783
98 2784
758 2784
1327 2784
1486 2784
1064 2785
2 2786
13 2787
89 2788
731 2789
59 2790
2311 2791
546 2792
1703 2792
1600 2793
16 2794
4 2795
643 2795
646 2796
16 2797
8 2798
1247 2798
278 2799
347 2799
381 2799
595 2799
1243 2799
1741 2799
2300 2799
320 2800
615 2801
17 2802
13 2803
1636 2803
423 2804
2496 2804
13 2805
517 2805
817 2805
1866 2806
8 2807
16 2808
1624 2809
859 2810
1027 2811
60 2812
1566 2813
296 2814
463 2815
1475 2816
2176 2816
44 2817
1524 2818
1739 2818
86 2819
2054 2820
229 2821
467 2822
1209 2823
50 2824
1850 2824
101 2825
2057 2826
98 2827
758 2827
1327 2827
1355 2827
1486 2827
2559 2827
16 2828
1334 2829
1521 2830
177 2831
853 2832
1979 2833
583 2834
7 2835
11 2835
15 2835
32 2835
77 2835
101 2835
104 2835
112 2835
120 2835
149 2835
245 2835
439 2835
467 2835
518 2835
546 2835
576 2835
692 2835
814 2835
841 2835
858 2835
976 2835
981 2835
1006 2835
1007 2835
1014 2835
1025 2835
1063 2835
1094 2835
1136 2835
1141 2835
1212 2835
1225 2835
1235 2835
1390 2835
1565 2835
1664 2835
1789 2835
1867 2835
1959 2835
1961 2835
2231 2835
2236 2835
2454 2835
2559 2835
2612 2835
2794 2835
5 2836
953 2837
1215 2838
119 2839
107 2840
227 2840
278 2840
381 2840
401 2840
469 2840
2300 2840
1050 2841
1432 2842
16 2843
598 2843
2638 2843
12 2844
1569 2845
434 2846
2187 2846
1263 2847
1388 2847
2649 2847
60 2848
167 2849
370 2849
967 2850
110 2851
156 2852
17 2853
2755 2853
249 2854
152 2855
650 2855
1653 2856
1744 2856
1858 2856
2187 2856
75 2857
490 2858
935 2859
1565 2860
554 2861
8 2862
50 2862
251 2862
372 2862
2559 2863
779 2864
2190 2864
2399 2864
2554 2865
394 2866
474 2867
2590 2868
1192 2869
46 2870
74 2871
798 2871
2509 2871
2 2872
13 2873
660 2873
517 2874
817 2874
282 2875
2450 2875
74 2876
583 2876
798 2876
140 2877
755 2878
1951 2879
17 2880
1069 2880
1070 2880
1453 2880
2059 2880
2429 2880
2485 2880
2552 2880
309 2881
774 2881
16 2882
637 2883
2508 2883
2426 2884
2157 2885
2497 2886
2856 2886
13 2887
1327 2888
833 2889
1612 2889
2755 2890
247 2891
467 2892
364 2893
786 2894
1597 2895
86 2896
567 2897
424 2898
1043 2899
484 2900
2622 2900
16 2901
123 2901
389 2901
818 2901
1273 2901
1439 2901
2137 2901
1552 2902
1821 2902
339 2903
484 2904
75 2905
1474 2905
407 2906
2699 2906
2715 2907
44 2908
110 2909
697 2910
488 2911
530 2911
1994 2911
7 2912
2 2913
1057 2913
1911 2914
1069 2915
2 2916
2532 2917
74 2918
58 2919
191 2919
321 2919
633 2920
2671 2921
404 2922
735 2923
1445 2924
963 2925
1369 2925
17 2926
909 2926
2304 2926
596 2927
229 2928
1735 2928
1790 2928
2576 2928
786 2929
2597 2930
2493 2931
2068 2932
154 2933
1954 2933
1 2934
5 2935
186 2935
203 2935
391 2935
1179 2936
2099 2936
2645 2936
119 2937
776 2938
2104 2938
176 2939
266 2939
2725 2939
606 2940
606 2941
16 2942
7 2943
467 2944
326 2945
1791 2946
319 2947
370 2947
507 2947
1095 2947
1267 2947
1480 2947
1673 2947
1896 2947
2577 2947
156 2948
929 2949
89 2950
917 2950
12 2951
14 2951
175 2951
1439 2951
1248 2952
1440 2953
217 2954
2858 2954
134 2955
2634 2955
628 2956
2921 2957
750 2958
2465 2958
2231 2959
3 2960
850 2960
1782 2960
699 2961
394 2962
1888 2963
62 2964
335 2964
1523 2964
1744 2964
2033 2964
2636 2964
1140 2965
1339 2966
786 2967
326 2968
1224 2968
2521 2968
3 2969
5 2969
8 2969
9 2969
59 2969
367 2969
532 2969
695 2969
791 2969
1092 2969
2 2970
322 2971
406 2971
914 2971
15 2972
238 2972
1971 2972
2227 2972
1064 2973
1347 2974
2003 2975
490 2976
2289 2976
2428 2977
2587 2977
913 2978
2622 2979
6 2980
106 2980
219 2980
426 2980
432 2980
1639 2980
2284 2980
2309 2980
2519 2980
2578 2980
2705 2980
2559 2981
168 2982
637 2983
615 2984
816 2984
2195 2984
2501 2984
1094 2985
1637 2985
2095 2985
2432 2985
2557 2985
637 2986
53 2987
132 2988
1371 2989
2820 2989
16 2990
9 2991
697 2992
1367 2993
1814 2994
12 2995
60 2995
175 2995
191 2995
246 2995
476 2995
818 2995
1157 2995
1273 2995
1439 2995
1703 2995
106 2996
2215 2997
70 2998
935 2999
16 3000
2835 3000
222 3001
59 3002
2079 3002
1069 3003
9 3004
1100 3004
2968 3005
94 3006
132 3006
250 3006
395 3006
738 3006
822 3006
995 3006
1224 3006
1252 3006
1333 3006
1334 3006
1458 3006
1523 3006
1709 3006
2355 3006
2601 3006
1723 3007
1212 3008
242 3009
86 3010
363 3011
1896 3012
104 3013
711 3014
59 3015
97 3016
596 3017
278 3018
595 3018
1243 3018
54 3019
165 3019
1406 3020
885 3021
1531 3022
909 3023
774 3024
2060 3025
14 3026
62 3026
1141 3026
1850 3026
1889 3026
2 3027
816 3028
2947 3028
12 3029
14 3029
191 3029
250 3029
537 3029
608 3029
612 3029
648 3029
995 3029
1087 3029
1334 3029
1523 3029
1928 3029
2074 3029
2355 3029
2601 3029
2664 3029
2901 3029
2 3030
1889 3031
709 3032
75 3033
885 3034
58 3035
17 3036
54 3037
74 3038
1500 3038
364 3039
53 3040
2518 3041
123 3042
1741 3043
2307 3043
1946 3044
49 3045
2847 3046
137 3047
1656 3047
2292 3047
93 3048
909 3049
1896 3050
394 3051
1026 3052
33 3053
994 3054
222 3055
660 3056
1785 3056
2063 3056
960 3057
14 3058
1179 3059
8 3060
660 3060
851 3060
1015 3060
1354 3060
2357 3060
4 3061
1129 3062
93 3063
953 3064
1334 3065
13 3066
395 3067
1148 3067
1608 3067
297 3068
2920 3068
1192 3069
1185 3070
4 3071
2714 3071
14 3072
1833 3072
2900 3072
2979 3072
2 3073
2546 3074
16 3075
2835 3075
436 3076
2874 3076
1026 3077
13 3078
1192 3078
16 3079
62 3079
101 3079
123 3079
544 3079
899 3079
1232 3079
1296 3079
1511 3079
2408 3079
13 3080
19 3080
42 3080
46 3080
445 3080
1157 3080
1486 3080
2537 3080
222 3081
59 3082
637 3083
1355 3084
1531 3085
12 3086
416 3086
850 3086
1055 3086
1146 3086
1187 3086
1538 3086
1622 3086
1769 3086
1976 3086
2150 3086
149 3087
860 3087
1919 3087
1984 3087
532 3088
1087 3089
61 3090
1723 3091
16 3092
2187 3093
150 3094
578 3094
1194 3094
13 3095
8 3096
13 3096
14 3096
15 3096
62 3096
101 3096
146 3096
211 3096
225 3096
378 3096
422 3096
475 3096
535 3096
671 3096
758 3096
984 3096
1069 3096
1103 3096
2339 3096
13 3097
32 3097
1520 3097
2 3098
1891 3098
58 3099
1292 3100
699 3101
2188 3101
13 3102
595 3103
758 3103
2559 3103
198 3104
8 3105
137 3106
563 3106
1304 3106
1602 3106
1848 3106
1875 3106
2665 3106
394 3107
839 3108
89 3109
759 3110
864 3110
1416 3110
1665 3110
1816 3110
2989 3110
1156 3111
2428 3111
2 3112
93 3113
1908 3114
93 3115
164 3115
1441 3115
1138 3116
93 3117
9 3118
140 3119
2634 3119
2638 3120
2853 3120
695 3121
710 3121
1997 3121
156 3122
1370 3123
2573 3123
2848 3124
16 3125
248 3126
1361 3126
1674 3126
959 3127
1321 3128
1563 3128
164 3129
1367 3130
110 3131
3080 3132
1067 3133
2388 3133
2925 3133
1 3134
11 3134
97 3134
2039 3134
1432 3135
164 3136
8 3137
209 3138
4 3139
84 3140
2004 3141
14 3142
50 3142
62 3142
1069 3142
1087 3142
1327 3142
1589 3142
1728 3142
1908 3142
2563 3142
845 3143
1218 3143
56 3144
13 3145
110 3146
1169 3147
1153 3148
13 3149
3005 3150
660 3151
1511 3152
976 3153
2019 3154
2818 3154
1866 3155
1703 3156
1692 3157
7 3158
393 3159
2302 3159
418 3160
17 3161
2755 3161
8 3162
154 3163
2076 3163
13 3164
93 3165
9 3166
10 3167
567 3168
4 3169
746 3169
14 3170
264 3170
275 3170
836 3170
13 3171
13 3172
660 3172
856 3173
75 3174
3086 3174
418 3175
2594 3175
697 3176
17 3177
612 3178
2097 3179
2437 3179
282 3180
172 3181
219 3181
240 3181
1862 3181
650 3182
567 3183
156 3184
37 3185
1563 3185
2053 3186
119 3187
592 3188
158 3189
2629 3189
11 3190
89 3190
714 3191
16 3192
60 3192
1157 3192
525 3193
86 3194
1866 3195
101 3196
1652 3197
1539 3198
50 3199
1106 3199
1315 3200
38 3201
45 3201
53 3201
112 3201
173 3201
217 3201
262 3201
357 3201
491 3201
665 3201
909 3201
1069 3201
1286 3201
1520 3201
1583 3201
1821 3201
2420 3201
2827 3201
2888 3201
497 3202
2613 3202
711 3203
3047 3204
198 3205
2947 3205
3012 3205
1850 3206
697 3207
3033 3207
434 3208
815 3209
9 3210
2 3211
276 3211
47 3212
175 3212
185 3212
1703 3212
2880 3212
666 3213
8 3214
2163 3214
10 3215
910 3216
1514 3217
858 3218
179 3219
993 3220
1992 3220
2399 3221
46 3222
191 3222
1377 3222
2550 3222
393 3223
571 3224
583 3225
1207 3226
10 3227
733 3227
1050 3227
1057 3227
2 3228
12 3229
1907 3229
143 3230
2127 3230
558 3231
2964 3231
853 3232
1467 3232
8 3233
484 3234
83 3235
120 3235
351 3235
579 3235
981 3235
1025 3235
1290 3235
1314 3235
1390 3235
1760 3235
2033 3235
2069 3235
2070 3235
2123 3235
2236 3235
2302 3235
2314 3235
2755 3235
2843 3235
2 3236
1106 3237
211 3238
686 3239
219 3240
993 3241
983 3242
1282 3242
2080 3243
2840 3243
1334 3244
185 3245
2 3246
1 3247
2122 3248
2347 3249
2079 3250
156 3251
815 3251
735 3252
555 3253
2559 3253
7 3254
716 3255
1292 3256
13 3257
8 3258
695 3258
14 3259
2559 3259
13 3260
711 3261
2 3262
2 3263
650 3264
2832 3264
1157 3265
1199 3265
140 3266
89 3267
117 3267
178 3267
239 3267
273 3267
2512 3267
276 3268
2591 3268
2 3269
3251 3269
13 3270
108 3270
832 3271
2865 3271
1773 3272
1886 3272
4 3273
746 3273
753 3273
1284 3273
1735 3274
251 3275
898 3275
1548 3275
1554 3275
281 3276
117 3277
281 3278
1334 3279
250 3280
1311 3280
98 3281
1586 3281
419 3282
13 3283
1706 3284
8 3285
1565 3285
2994 3286
59 3287
1597 3288
2146 3288
2390 3288
909 3289
110 3290
56 3291
1592 3291
282 3292
2141 3292
2545 3292
3128 3292
820 3293
165 3294
86 3295
1138 3296
1521 3297
2 3298
852 3299
1558 3299
686 3300
2874 3300
1334 3301
2721 3302
878 3303
222 3304
470 3305
646 3306
418 3307
3148 3307
2755 3308
8 3309
14 3309
540 3309
1363 3309
1840 3309
1897 3309
2142 3309
2221 3309
2252 3309
2919 3309
3035 3309
2 3310
16 3311
2094 3311
699 3312
1179 3312
2188 3312
1941 3313
2754 3313
2799 3314
2840 3314
14 3315
16 3315
50 3315
608 3315
776 3315
889 3315
2735 3315
488 3316
1994 3316
2638 3317
2985 3317
246 3318
1628 3318
16 3319
1735 3319
1565 3320
50 3321
97 3322
1280 3323
1549 3323
320 3324
2 3325
3 3325
10 3325
97 3325
465 3325
967 3325
1361 3325
1390 3325
2018 3325
187 3326
669 3326
1822 3326
75 3327
697 3328
319 3329
13 3330
2679 3330
2538 3331
1711 3332
3170 3332
2255 3333
283 3334
1169 3335
644 3336
2594 3337
197 3338
1 3339
462 3339
8 3340
835 3340
847 3341
16 3342
62 3342
907 3342
2033 3342
2548 3342
637 3343
573 3344
2639 3344
3173 3345
2 3346
2271 3347
1459 3348
201 3349
2648 3350
3083 3350
156 3351
1120 3351
1128 3351
190 3352
351 3352
16 3353
175 3353
1280 3353
1703 3353
13 3354
817 3354
1407 3354
4 3355
1422 3356
275 3357
370 3358
1179 3359
243 3360
3341 3360
394 3361
2118 3362
309 3363
703 3363
4 3364
351 3365
1060 3366
9 3367
577 3368
114 3369
233 3369
152 3370
1937 3370
2060 3370
2407 3370
3060 3370
357 3371
2 3372
108 3372
712 3372
2913 3372
2807 3373
2473 3374
2005 3375
1352 3376
97 3377
125 3377
248 3377
781 3377
967 3377
1361 3377
2821 3377
699 3378
2188 3378
2984 3379
3030 3379
777 3380
4 3381
746 3381
1185 3382
909 3383
106 3384
16 3385
2835 3385
229 3386
1790 3386
2576 3386
1012 3387
14 3388
156 3389
758 3390
250 3391
95 3392
2955 3392
1371 3393
2985 3393
695 3394
3247 3394
12 3395
15 3395
101 3395
112 3395
225 3395
283 3395
608 3395
1231 3395
1506 3395
1710 3395
2964 3395
3142 3395
3342 3395
781 3396
17 3397
1506 3398
2632 3398
3216 3398
786 3399
3342 3399
960 3400
418 3401
2563 3401
4 3402
1953 3402
637 3403
790 3404
12 3405
13 3405
17 3405
19 3405
554 3405
1151 3406
845 3407
101 3408
1243 3408
7 3409
9 3409
106 3409
229 3409
322 3409
1610 3409
84 3410
4 3411
828 3411
1348 3411
1743 3411
2281 3411
105 3412
2835 3413
277 3414
1706 3414
487 3415
2793 3416
2 3417
25 3418
45 3418
55 3418
131 3418
164 3418
528 3418
544 3418
727 3418
1069 3418
1157 3418
1286 3418
1520 3418
1821 3418
2150 3418
2420 3418
2482 3418
9 3419
1788 3419
86 3420
13 3421
13 3422
58 3423
175 3424
191 3424
818 3424
1273 3424
1439 3424
1634 3424
955 3425
1914 3425
1099 3426
3326 3427
24 3428
349 3428
1367 3429
1027 3430
16 3431
1652 3432
248 3433
2821 3433
3173 3434
2799 3435
609 3436
1401 3436
3312 3436
2044 3437
3006 3437
3094 3437
14 3438
54 3438
792 3438
856 3438
1486 3438
2033 3439
3395 3439
3399 3439
2003 3440
1 3441
2 3441
5 3441
10 3441
16 3441
97 3441
140 3441
212 3441
216 3441
228 3441
306 3441
399 3441
465 3441
716 3441
746 3441
753 3441
760 3441
784 3441
1047 3441
1079 3441
1489 3441
1674 3441
2091 3441
2179 3441
2835 3441
3158 3441
3409 3441
2 3442
8 3443
1565 3443
1987 3444
93 3445
369 3446
1587 3447
2207 3447
758 3448
80 3449
101 3449
118 3449
123 3449
215 3449
256 3449
370 3449
404 3449
528 3449
544 3449
1017 3449
1124 3449
1152 3449
1334 3449
2261 3449
2308 3449
2412 3449
2835 3449
2863 3449
16 3450
2835 3450
176 3451
365 3451
2532 3452
97 3453
125 3453
248 3453
967 3453
1361 3453
191 3454
2 3455
3251 3455
2843 3456
3024 3456
408 3457
250 3458
283 3459
3 3460
2901 3461
40 3462
1563 3462
3173 3463
2943 3464
3375 3465
1181 3466
3312 3466
1385 3467
8 3468
1654 3468
1 3469
1696 3469
1917 3469
3126 3469
850 3470
961 3470
1015 3471
2495 3472
746 3473
1352 3473
2399 3473
1468 3474
1878 3474
2154 3474
1057 3475
1083 3476
3441 3477
288 3478
17 3479
93 3480
717 3481
2060 3481
2270 3481
524 3482
463 3483
2786 3483
3007 3483
2 3484
827 3485
185 3486
2097 3486
9 3487
282 3487
426 3487
2141 3487
3462 3487
1459 3488
8 3489
222 3490
75 3491
123 3491
3029 3491
405 3492
627 3492
1812 3493
9 3494
1806 3494
119 3495
4 3496
1992 3497
104 3498
1592 3499
523 3500
2985 3500
2003 3501
722 3502
1576 3502
4 3503
111 3503
230 3503
438 3503
746 3503
1352 3503
909 3504
41 3505
2 3506
177 3506
1011 3507
876 3508
1917 3509
2261 3509
191 3510
3275 3510
3235 3511
3365 3511
2632 3512
1666 3513
2876 3513
98 3514
251 3515
111 3516
14 3517
2088 3518
14 3519
1307 3519
1654 3520
97 3521
2061 3521
98 3522
2 3523
128 3524
210 3524
2676 3524
240 3525
389 3526
125 3527
1080 3527
2978 3527
281 3528
11 3529
13 3529
163 3529
556 3529
877 3529
1390 3529
1422 3529
2157 3529
2490 3530
2899 3530
14 3531
17 3531
18 3531
50 3531
62 3531
250 3531
251 3531
1044 3531
1087 3531
1141 3531
1889 3531
2219 3531
146 3532
333 3533
960 3534
2225 3534
2835 3534
2831 3535
1285 3536
8 3537
101 3537
146 3537
211 3537
422 3537
535 3537
2339 3537
668 3538
924 3538
1403 3539
3032 3539
2606 3540
93 3541
3416 3542
998 3543
2104 3543
2608 3543
3400 3543
3534 3543
6 3544
9 3544
11 3544
530 3544
1011 3544
1050 3544
2856 3545
283 3546
2193 3546
436 3547
125 3548
322 3549
806 3550
1127 3550
146 3551
238 3552
1971 3552
2227 3552
302 3553
2 3554
16 3554
116 3554
195 3554
259 3554
1020 3554
1157 3554
1645 3554
1726 3554
2169 3554
2389 3554
2849 3554
2 3555
841 3556
250 3557
50 3558
156 3559
1984 3559
211 3560
850 3561
866 3562
2118 3562
2158 3562
2358 3562
2486 3562
863 3563
909 3564
98 3565
13 3566
1587 3566
1949 3566
1156 3567
2940 3567
123 3568
336 3568
530 3568
187 3569
3427 3569
54 3570
165 3570
4 3571
3391 3571
2760 3572
696 3573
3366 3573
9 3574
193 3575
824 3576
1069 3576
2219 3576
1409 3577
375 3578
511 3578
1106 3578
2497 3578
2856 3578
2127 3579
59 3580
254 3580
859 3581
646 3582
1069 3583
119 3584
129 3584
222 3584
343 3584
444 3584
746 3584
1352 3584
1799 3584
4 3585
379 3585
2053 3586
3555 3586
114 3587
2652 3588
3427 3589
1728 3590
1441 3591
98 3592
2715 3592
290 3593
1192 3594
475 3595
319 3596
9 3597
229 3597
490 3598
573 3599
757 3599
1284 3599
1325 3599
1537 3599
1615 3599
2855 3599
3264 3599
1347 3600
1209 3601
16 3602
106 3603
319 3604
13 3605
666 3605
395 3606
995 3606
2 3607
140 3608
1043 3609
2193 3609
2632 3609
3216 3609
185 3610
3502 3610
1840 3611
53 3612
1014 3613
74 3614
1175 3615
13 3616
1141 3616
1486 3616
2477 3616
3418 3616
1192 3617
1705 3618
10 3619
1239 3620
2075 3620
1081 3621
697 3622
2003 3623
2 3624
3324 3624
17 3625
2887 3625
13 3626
8 3627
156 3628
13 3629
2835 3630
3087 3630
665 3631
1666 3632
2689 3633
2799 3634
3103 3634
25 3635
131 3635
251 3635
544 3635
588 3635
1583 3635
1821 3635
2225 3635
418 3636
1597 3637
793 3638
9 3639
1566 3640
2578 3640
326 3641
123 3642
1293 3642
2296 3642
637 3643
1018 3644
450 3645
280 3646
50 3647
913 3648
2003 3649
8 3650
1099 3650
238 3651
251 3651
2227 3651
1137 3652
2097 3653
1610 3654
249 3655
3056 3655
129 3656
50 3657
1410 3657
3569 3658
8 3659
101 3660
729 3661
1156 3662
2428 3662
2587 3662
8 3663
87 3663
274 3664
33 3665
1 3666
5 3666
6 3666
73 3666
97 3666
102 3666
322 3666
337 3666
360 3666
448 3666
449 3666
472 3666
541 3666
557 3666
604 3666
680 3666
695 3666
721 3666
746 3666
774 3666
914 3666
936 3666
994 3666
1028 3666
1050 3666
1080 3666
1168 3666
1329 3666
1435 3666
1473 3666
1488 3666
1832 3666
1932 3666
1955 3666
2030 3666
2396 3666
2415 3666
2570 3666
2969 3666
3118 3666
3166 3666
3210 3666
3494 3666
3574 3666
3639 3666
2325 3667
2 3668
418 3669
222 3670
140 3671
657 3672
328 3673
589 3674
2985 3675
164 3676
2137 3677
1207 3678
191 3679
1295 3679
1334 3679
2137 3679
225 3680
9 3681
2278 3681
853 3682
16 3683
1403 3684
1538 3685
10 3686
275 3687
7 3688
2642 3688
3441 3688
731 3689
2234 3689
2122 3690
2591 3691
1505 3692
1992 3693
828 3694
3491 3694
2322 3695
2958 3695
637 3696
828 3697
2337 3697
111 3698
1352 3698
1896 3699
12 3700
191 3700
250 3700
1334 3700
1523 3700
1928 3700
2664 3700
2527 3701
853 3702
8 3703
967 3703
1390 3703
1496 3703
1735 3704
695 3705
92 3706
419 3706
1565 3706
1565 3707
1448 3708
2557 3709
1814 3710
2685 3710
3520 3711
8 3712
2 3713
446 3714
1196 3715
724 3716
915 3717
1566 3718
3375 3719
1146 3720
865 3721
2288 3721
3690 3721
1467 3722
1555 3723
1526 3724
3047 3725
909 3726
490 3727
190 3728
3474 3728
2840 3729
3441 3730
14 3731
1327 3731
3418 3731
2733 3732
106 3733
3186 3733
191 3734
1825 3735
2207 3735
2 3736
7 3736
9 3736
1127 3736
1905 3736
3441 3736
2046 3737
222 3738
799 3738
62 3739
842 3739
2033 3739
3395 3739
191 3740
1748 3740
372 3741
1598 3742
909 3743
8 3744
50 3744
251 3744
1696 3745
1739 3746
915 3747
60 3748
264 3748
731 3748
788 3748
1026 3748
1465 3748
2413 3748
2733 3748
3389 3748
3628 3748
793 3749
842 3750
3398 3750
746 3751
4 3752
899 3753
709 3754
1179 3755
2707 3756
511 3757
1106 3757
2497 3757
2187 3758
2638 3759
524 3760
2186 3761
2921 3762
352 3763
1307 3764
3554 3765
3655 3766
191 3767
17 3768
266 3769
1905 3770
2349 3770
87 3771
1355 3772
2418 3773
3721 3774
14 3775
80 3775
250 3775
740 3775
820 3775
1566 3775
2436 3775
364 3776
368 3777
928 3777
1280 3777
1947 3777
2130 3777
2550 3777
2862 3777
3741 3777
484 3778
665 3778
2949 3779
665 3780
1866 3781
813 3782
1733 3783
222 3784
14 3785
10 3786
17 3787
670 3787
1069 3788
1087 3788
1520 3788
2901 3788
3424 3788
2 3789
220 3789
276 3789
2094 3789
775 3790
229 3791
1199 3792
3219 3793
1565 3794
8 3795
1539 3796
2318 3797
2911 3798
3316 3798
2346 3799
225 3800
557 3801
481 3802
1559 3803
1069 3804
2733 3805
3260 3805
14 3806
264 3806
3332 3806
16 3807
250 3808
1566 3808
2394 3809
2520 3810
3494 3811
815 3812
1576 3813
14 3814
650 3815
3226 3816
562 3817
1896 3818
3683 3818
274 3819
1 3820
2 3821
12 3822
191 3822
1334 3822
1523 3822
1928 3822
702 3823
222 3824
839 3824
319 3825
1685 3825
455 3826
637 3827
1248 3828
93 3829
152 3830
1692 3831
788 3832
84 3833
695 3833
4 3834
2 3835
665 3836
277 3837
915 3838
746 3839
14 3840
1141 3840
994 3841
4 3842
9 3843
8 3844
1685 3845
1079 3846
393 3847
1569 3848
2 3849
93 3849
717 3850
2060 3850
86 3851
675 3852
637 3853
436 3854
408 3855
3852 3855
107 3856
2087 3856
3366 3856
179 3857
50 3858
2589 3859
333 3860
1888 3861
2265 3862
2840 3863
7 3864
129 3865
850 3865
1998 3865
2609 3865
32 3866
556 3866
1069 3866
1520 3866
3159 3866
16 3867
191 3867
237 3867
1290 3867
1992 3868
2193 3869
697 3870
1686 3870
2750 3870
497 3871
2550 3871
935 3872
2677 3873
786 3874
909 3875
1674 3876
1955 3876
1217 3877
2838 3877
648 3878
75 3879
112 3879
589 3879
1367 3879
1617 3879
2214 3879
3720 3879
2559 3880
530 3881
3029 3881
748 3882
1116 3882
3470 3883
2276 3884
16 3885
17 3885
309 3885
592 3885
1157 3885
2298 3885
1390 3886
1426 3886
960 3887
2835 3887
4 3888
1263 3889
1388 3889
2649 3889
1782 3890
4 3891
1079 3892
13 3893
41 3894
110 3894
360 3894
383 3894
391 3894
1163 3894
2617 3894
3603 3894
493 3895
748 3895
1237 3895
1457 3895
1968 3895
2389 3895
2939 3895
3451 3895
2733 3896
229 3897
9 3898
547 3898
2881 3898
3363 3898
13 3899
3110 3900
3721 3901
1652 3902
1366 3903
2682 3903
3526 3903
283 3904
339 3904
2161 3905
669 3906
1726 3906
14 3907
243 3907
338 3907
1589 3907
13 3908
1924 3909
2079 3910
1818 3911
1658 3912
1814 3913
1875 3914
3047 3915
646 3916
984 3916
434 3917
2187 3917
830 3918
1486 3919
335 3920
632 3920
776 3920
1264 3920
1392 3920
1406 3920
1437 3920
1523 3920
1727 3920
2060 3920
2270 3920
2271 3920
2332 3920
2740 3920
3231 3920
8 3921
11 3921
418 3921
473 3921
984 3921
3679 3921
86 3922
13 3923
246 3924
56 3925
565 3925
807 3925
1044 3925
1396 3925
1893 3925
277 3926
3490 3927
3377 3928
3396 3928
1083 3929
2569 3929
2 3930
13 3931
3925 3932
150 3933
30 3934
858 3935
1711 3936
3170 3936
3806 3936
1192 3937
1565 3938
3573 3939
1069 3940
1116 3940
2995 3940
58 3941
3273 3942
3837 3943
2497 3944
2 3945
2977 3946
13 3947
758 3948
2263 3948
3635 3948
473 3949
58 3950
336 3951
559 3951
1054 3951
2175 3951
3172 3951
596 3952
110 3953
8 3954
235 3955
2604 3955
3078 3955
3937 3955
379 3956
592 3957
47 3958
175 3958
185 3958
1703 3958
2880 3958
190 3959
3538 3959
277 3960
58 3961
2071 3961
1156 3962
1043 3963
2193 3963
2632 3963
695 3964
542 3965
7 3966
3871 3966
166 3967
650 3967
678 3967
985 3967
2266 3967
2638 3967
3235 3967
2554 3968
3271 3968
2 3969
247 3970
16 3971
2146 3972
2027 3973
238 3974
8 3975
3372 3976
961 3977
3883 3977
3243 3978
179 3979
2584 3980
2559 3981
11 3982
53 3982
101 3982
167 3982
190 3982
579 3982
899 3982
1094 3982
1390 3982
1497 3982
1760 3982
1983 3982
2123 3982
2155 3982
2236 3982
2721 3982
2755 3982
3120 3982
3317 3982
222 3983
609 3984
1652 3985
2137 3986
8 3987
2 3988
996 3989
2068 3990
1496 3991
697 3992
1981 3993
191 3994
550 3994
778 3994
899 3994
1618 3994
2938 3994
3844 3995
637 3996
4 3997
909 3998
263 3999
3520 4000
