1 5
2 5
2 6
3 6
2 8
6 8
7 9
6 11
16 21
4 23
2 24
3 32
17 38
2 53
13 54
56 66
2 69
2 70
5 70
65 71
33 73
47 73
2 77
68 79
15 81
36 81
43 81
49 85
10 86
2 92
5 100
81 101
2 102
74 106
2 109
8 110
85 110
17 113
96 113
79 114
3 115
6 115
58 121
6 123
11 123
21 123
33 123
81 123
88 123
93 123
94 126
6 133
13 133
17 133
105 133
3 138
123 140
11 143
142 143
114 145
49 147
15 151
81 156
123 158
50 161
91 161
138 161
139 161
2 163
37 164
86 164
94 164
62 166
2 168
2 169
15 169
34 169
119 172
144 178
171 178
13 179
143 180
97 183
171 190
37 192
86 192
11 194
15 194
17 194
44 194
2 195
58 198
2 200
79 201
3 202
41 202
50 202
2 205
10 206
164 206
145 207
2 209
105 211
35 212
191 212
6 213
123 214
212 216
8 219
126 220
2 223
2 231
62 232
33 234
2 235
161 236
15 237
150 238
157 238
70 239
49 241
113 242
2 244
113 245
2 247
47 249
73 249
202 251
79 253
79 254
194 255
161 256
6 257
121 257
130 257
252 257
13 258
234 260
161 266
8 267
11 268
62 274
194 274
3 275
85 276
121 277
218 278
2 279
9 279
169 279
2 281
109 281
145 282
8 286
41 286
50 286
64 286
65 286
79 286
103 286
145 286
153 286
203 286
210 286
222 286
250 286
257 286
113 287
2 288
6 291
57 291
115 291
286 291
2 295
2 296
149 296
264 296
149 298
249 298
298 299
15 301
27 301
52 301
84 301
122 301
194 301
212 301
80 304
123 307
133 307
169 307
176 307
16 308
123 308
296 308
286 309
2 310
123 313
123 314
143 314
180 314
80 315
258 316
314 316
6 318
79 318
153 318
214 319
143 320
2 322
137 323
252 323
81 324
80 326
112 329
138 329
213 329
2 331
194 333
316 333
8 335
202 335
286 335
286 336
15 339
252 339
316 339
2 340
194 342
67 345
286 345
342 346
187 347
2 349
70 353
178 354
145 356
17 357
314 357
323 357
98 360
8 361
79 361
114 361
138 361
262 361
123 365
49 366
131 367
90 368
123 371
179 371
184 371
161 372
123 373
15 374
123 374
16 377
33 377
47 377
172 377
249 377
298 377
306 377
308 377
345 377
80 378
2 379
64 379
94 381
187 381
208 381
2 382
254 384
167 385
264 385
338 386
2 387
300 388
145 390
81 393
289 395
58 396
82 396
115 396
213 396
2 399
95 399
143 400
2 402
325 402
126 404
381 405
85 406
81 407
178 411
76 415
238 415
384 415
371 417
79 418
3 420
94 424
404 424
80 425
367 426
417 428
202 429
381 431
20 433
67 433
169 433
176 433
265 433
301 433
379 434
362 438
146 439
15 442
62 442
123 442
378 443
70 444
286 445
1 446
29 446
123 446
283 446
5 447
87 447
185 447
359 447
3 448
396 448
2 449
301 450
123 451
169 451
170 451
182 453
145 455
81 456
4 458
352 459
123 462
2 463
113 465
58 466
78 466
233 466
85 467
161 469
361 469
433 470
286 471
49 473
145 474
79 475
79 476
236 476
263 476
364 476
329 477
143 478
2 479
291 480
93 481
149 481
299 481
308 481
8 483
291 483
286 484
197 486
6 487
143 490
6 492
79 492
318 492
2 493
372 494
229 495
337 495
396 496
249 497
381 498
53 499
4 500
440 504
131 505
329 506
94 507
442 508
67 511
123 511
136 511
170 511
384 512
352 513
81 515
11 516
15 516
274 516
81 520
299 521
308 521
58 522
79 525
226 527
245 527
386 527
352 528
169 529
8 530
447 530
6 531
148 532
79 533
329 535
430 538
81 539
64 540
95 540
138 540
155 540
323 542
381 544
369 545
62 549
516 549
56 550
66 550
301 552
70 553
400 554
79 555
81 556
132 557
194 557
257 557
301 558
81 560
125 563
218 563
368 563
85 564
123 565
2 567
410 568
15 570
73 570
308 570
313 570
547 570
450 572
286 575
194 576
291 577
49 578
2 580
79 581
329 582
70 583
2 585
308 585
113 587
465 587
2 590
275 592
301 592
386 592
399 592
254 594
81 595
15 596
123 598
234 598
121 600
175 601
94 603
152 603
261 603
70 605
9 607
123 610
108 611
180 611
301 611
355 611
386 611
549 611
557 611
37 613
206 613
14 615
133 615
357 615
527 615
111 616
307 617
442 617
4 619
352 620
2 621
85 621
291 621
123 622
13 627
194 627
516 627
291 629
13 630
169 630
161 631
6 632
172 632
266 632
267 632
447 632
588 632
621 632
123 633
286 634
94 636
126 636
507 636
603 636
77 638
504 639
81 640
113 641
409 643
123 644
123 645
62 647
227 647
286 648
450 649
58 650
133 650
335 650
554 650
649 650
262 651
381 651
8 653
64 653
58 654
203 655
16 656
603 658
2 659
70 660
110 660
173 660
592 660
612 660
621 660
624 660
650 660
95 661
540 661
314 668
323 668
611 669
2 670
10 672
164 672
603 672
121 673
161 674
361 674
9 675
73 675
93 675
136 675
85 676
212 678
81 679
2 680
304 682
49 685
95 686
153 686
203 686
415 686
79 687
123 689
501 690
11 693
13 693
81 694
128 694
301 696
335 698
143 699
230 699
74 701
301 702
202 704
254 704
442 705
675 705
57 706
286 706
454 706
480 706
629 706
625 707
9 708
700 708
79 711
143 712
2 713
6 713
172 713
246 713
335 713
480 713
483 713
123 714
129 714
133 714
169 714
170 714
343 714
220 715
452 715
636 715
249 717
264 717
308 717
5 718
334 718
339 718
31 720
169 720
615 720
15 721
268 721
79 723
145 725
199 725
2 726
12 729
29 729
62 729
136 729
169 729
170 729
321 729
508 729
202 730
637 730
655 730
346 731
80 732
9 733
385 734
338 735
2 736
286 738
592 738
194 740
123 741
234 741
677 742
65 744
138 744
252 744
392 744
2 745
175 745
2 746
472 746
257 747
158 751
546 751
592 751
65 752
58 753
133 755
281 756
191 758
298 758
481 758
717 758
53 760
3 761
6 761
257 761
291 761
329 761
85 762
2 763
85 765
80 766
15 767
143 767
229 767
400 767
574 767
80 768
123 769
32 770
254 771
332 772
392 772
150 774
128 775
145 776
77 777
714 778
381 779
697 779
2 780
751 781
301 782
509 785
77 787
125 788
433 789
145 790
2 791
2 792
123 793
15 794
486 794
744 795
772 795
85 796
145 797
301 798
6 799
172 799
267 799
447 799
609 799
731 800
688 802
744 802
173 803
422 803
749 803
123 804
374 804
113 806
2 807
6 808
31 808
169 808
301 808
446 808
769 808
2 809
799 810
80 811
2 814
554 815
574 815
301 816
731 819
194 821
442 821
117 823
541 823
2 824
133 827
323 827
339 827
14 829
433 829
329 830
381 831
135 832
252 832
182 833
81 834
739 835
286 837
739 838
79 839
138 839
543 839
657 839
661 839
825 839
63 840
688 840
266 841
706 841
212 842
557 843
2 844
233 845
292 845
770 847
286 849
563 850
6 851
114 851
203 851
661 851
671 851
674 851
9 852
37 852
63 852
246 852
335 852
360 852
386 852
399 852
488 852
522 852
530 852
531 852
532 852
589 852
660 852
738 852
258 853
79 856
63 857
78 857
392 858
603 859
301 860
164 861
779 864
143 865
16 866
286 869
85 871
212 872
323 872
839 873
352 874
81 875
194 876
549 876
843 876
132 878
194 878
2 879
680 879
785 880
15 883
31 883
105 883
169 883
307 883
428 883
872 883
184 885
855 885
114 886
228 886
389 886
440 886
517 886
631 886
671 886
805 890
167 891
260 891
385 891
79 893
145 893
364 893
500 893
514 893
602 893
619 893
161 894
851 896
52 899
123 900
419 901
165 902
450 902
675 902
25 903
429 903
5 904
335 904
530 904
194 906
243 907
53 910
121 910
318 910
399 910
438 910
439 910
540 910
138 912
415 912
910 912
125 913
123 915
86 916
329 916
218 917
368 917
608 917
850 917
143 918
832 918
54 919
184 919
808 919
307 920
446 920
684 920
74 922
385 924
85 925
568 926
764 926
157 927
415 927
767 929
2 930
134 931
591 931
81 932
222 933
113 934
901 935
2 936
9 936
58 936
259 936
335 936
557 936
603 936
773 936
908 936
649 938
830 938
832 938
386 939
145 940
191 941
301 942
15 944
268 944
828 945
696 946
11 947
268 947
15 948
123 948
323 948
333 948
417 948
2 949
63 949
291 950
194 952
592 952
611 952
720 952
852 952
939 952
11 953
76 954
384 954
912 954
927 954
713 955
833 956
268 957
2 958
402 959
472 959
667 959
783 959
80 960
38 961
113 961
194 961
338 961
593 961
611 961
883 961
171 962
80 964
174 965
4 966
123 968
6 970
80 972
422 973
624 973
749 973
143 974
2 975
13 977
170 977
358 977
143 978
216 980
630 980
58 981
744 981
31 982
169 982
307 982
386 982
947 982
2 983
175 983
290 986
194 987
31 988
81 988
169 988
301 988
428 988
684 988
611 989
51 991
123 991
123 992
143 993
230 993
271 993
973 994
49 995
744 996
2 999
81 1001
822 1001
16 1002
69 1003
15 1005
625 1006
2 1007
48 1007
774 1009
122 1010
301 1010
767 1012
6 1016
81 1016
158 1016
169 1016
180 1016
237 1016
321 1016
413 1016
441 1016
486 1016
570 1016
604 1016
714 1016
737 1016
794 1016
808 1016
846 1016
920 1016
948 1016
984 1016
729 1017
286 1018
185 1019
530 1019
2 1021
31 1022
169 1022
49 1023
343 1024
435 1024
617 1024
789 1024
81 1025
37 1026
206 1026
672 1026
29 1028
62 1028
123 1028
821 1028
928 1029
61 1031
530 1031
660 1031
85 1034
85 1036
851 1039
779 1040
799 1041
17 1042
615 1042
540 1044
2 1047
8 1048
185 1048
447 1048
123 1049
577 1050
917 1052
466 1054
211 1055
954 1056
384 1057
18 1059
323 1059
414 1061
301 1062
833 1063
123 1064
161 1065
70 1066
2 1067
19 1067
130 1067
286 1067
460 1067
522 1067
603 1067
691 1067
761 1067
1030 1067
2 1068
296 1069
377 1069
717 1069
757 1069
81 1070
409 1072
125 1074
143 1076
54 1077
133 1077
808 1077
982 1077
80 1078
779 1078
254 1079
2 1080
2 1081
327 1082
78 1086
872 1086
895 1086
652 1087
37 1088
246 1088
438 1088
615 1088
621 1088
70 1090
121 1091
81 1093
15 1094
554 1094
815 1094
1012 1094
1016 1094
4 1095
11 1096
232 1096
669 1096
909 1096
971 1096
342 1097
878 1097
180 1098
953 1098
954 1099
297 1101
639 1101
851 1101
138 1103
389 1103
469 1103
662 1103
671 1103
1039 1103
91 1104
476 1104
301 1105
2 1106
133 1107
49 1110
381 1111
286 1113
59 1114
415 1114
845 1114
1092 1114
123 1115
9 1116
624 1116
700 1116
79 1117
37 1118
697 1118
118 1119
570 1119
519 1120
664 1120
905 1120
11 1121
301 1121
751 1121
15 1122
39 1122
119 1122
122 1122
128 1122
133 1122
158 1122
196 1122
224 1122
351 1122
357 1122
383 1122
433 1122
611 1122
665 1122
748 1122
798 1122
808 1122
882 1122
977 1122
988 1122
1010 1122
1062 1122
1073 1122
1089 1122
291 1123
74 1124
663 1124
774 1125
812 1125
125 1126
568 1127
173 1128
904 1128
767 1130
519 1131
1120 1131
6 1132
107 1132
124 1132
177 1132
187 1132
189 1132
208 1132
273 1132
304 1132
427 1132
431 1132
432 1132
551 1132
724 1132
801 1132
831 1132
912 1132
1014 1132
1043 1132
1067 1132
1111 1132
81 1133
82 1135
165 1135
396 1135
439 1135
448 1135
487 1135
1116 1135
301 1136
6 1137
138 1137
228 1137
517 1137
674 1137
8 1138
2 1139
113 1140
385 1141
2 1142
941 1144
7 1145
70 1145
380 1145
170 1147
615 1147
617 1147
868 1147
6 1148
123 1150
136 1150
170 1150
719 1150
114 1151
217 1151
293 1151
686 1151
2 1152
65 1153
98 1153
802 1153
840 1153
949 1153
1051 1153
961 1154
123 1155
927 1156
85 1157
97 1158
185 1159
592 1159
904 1159
1048 1159
169 1160
95 1162
1067 1162
1135 1162
772 1163
123 1164
170 1164
453 1168
1011 1169
2 1171
502 1172
74 1173
384 1174
338 1175
136 1176
52 1177
357 1177
845 1178
95 1179
161 1179
318 1179
492 1179
744 1179
851 1179
910 1179
1137 1179
132 1181
194 1181
878 1181
143 1182
2 1183
257 1184
359 1185
447 1185
2 1186
1080 1186
2 1187
532 1188
384 1189
597 1189
2 1190
765 1191
6 1192
5 1193
9 1193
380 1193
321 1194
933 1194
73 1195
191 1195
280 1195
1087 1195
6 1196
338 1198
492 1199
851 1199
1104 1199
1103 1200
461 1201
1101 1201
98 1203
79 1204
123 1205
123 1206
113 1207
696 1209
81 1210
372 1211
516 1212
361 1213
851 1213
886 1213
1137 1213
79 1214
79 1215
2 1217
1063 1219
194 1220
839 1221
903 1222
23 1223
79 1223
145 1223
889 1223
970 1223
1004 1223
1104 1223
1067 1224
970 1226
713 1227
799 1227
13 1228
316 1228
428 1228
693 1228
885 1228
343 1229
615 1229
829 1229
1177 1229
170 1230
729 1230
980 1230
180 1231
1028 1231
15 1232
16 1233
301 1234
615 1234
499 1235
2 1237
986 1238
79 1239
570 1240
1087 1240
6 1242
32 1242
138 1242
448 1242
496 1242
761 1242
80 1243
391 1244
739 1244
175 1245
286 1246
202 1247
686 1247
145 1248
146 1248
862 1248
591 1249
47 1251
854 1251
832 1252
81 1253
121 1254
5 1255
339 1255
832 1255
1135 1255
1242 1255
128 1256
13 1257
85 1258
125 1259
105 1260
1055 1260
169 1261
361 1261
476 1261
651 1261
893 1261
1114 1261
1248 1261
53 1262
1013 1262
2 1263
399 1263
1122 1264
79 1265
15 1268
77 1269
409 1270
566 1270
516 1271
1067 1271
1096 1271
1132 1274
185 1275
886 1276
1137 1276
1045 1277
15 1278
1016 1278
194 1280
194 1281
79 1282
161 1283
1116 1284
2 1285
143 1287
252 1287
516 1287
542 1287
779 1288
5 1289
58 1289
1048 1289
1135 1289
603 1290
485 1291
128 1293
557 1294
2 1295
630 1297
172 1298
696 1298
133 1299
180 1299
721 1299
953 1299
123 1300
537 1301
1211 1302
2 1303
19 1303
58 1303
65 1303
80 1303
99 1303
178 1303
335 1303
381 1303
448 1303
466 1303
557 1303
908 1303
1083 1303
1088 1303
1135 1303
1273 1303
757 1304
70 1306
1145 1307
212 1308
216 1308
284 1308
386 1308
678 1308
743 1308
1016 1308
1230 1308
145 1310
81 1311
143 1312
400 1312
554 1312
767 1312
660 1313
708 1313
938 1313
973 1313
566 1314
1137 1315
2 1316
839 1317
1261 1318
100 1319
173 1319
447 1319
592 1319
852 1319
1019 1319
323 1320
466 1320
149 1322
249 1322
298 1322
299 1322
758 1322
1016 1323
131 1324
409 1324
426 1324
566 1324
1279 1324
286 1325
1308 1326
12 1328
123 1329
362 1330
49 1331
5 1332
649 1332
902 1332
85 1333
395 1334
2 1336
352 1339
13 1340
301 1340
145 1341
146 1341
415 1341
845 1341
862 1341
1261 1341
15 1342
79 1343
1020 1344
737 1345
729 1346
563 1347
185 1348
632 1349
713 1349
799 1349
1192 1349
254 1350
839 1350
198 1351
839 1352
79 1353
145 1354
587 1355
977 1356
338 1357
79 1358
475 1358
1211 1359
212 1360
980 1360
3 1361
291 1361
396 1361
799 1361
836 1361
1242 1361
312 1362
718 1362
37 1363
72 1363
107 1363
141 1363
193 1363
208 1363
315 1363
326 1363
347 1363
363 1363
378 1363
401 1363
404 1363
423 1363
425 1363
579 1363
642 1363
697 1363
722 1363
732 1363
870 1363
897 1363
914 1363
964 1363
967 1363
972 1363
1033 1363
1060 1363
1109 1363
1166 1363
1236 1363
1244 1363
1337 1363
161 1364
352 1365
883 1366
174 1368
81 1369
433 1370
1147 1370
286 1371
323 1372
1059 1372
285 1373
1235 1373
113 1374
852 1375
1067 1375
1088 1375
58 1376
1135 1376
877 1377
81 1378
182 1379
286 1380
415 1381
954 1381
424 1383
16 1386
184 1386
675 1386
729 1386
291 1387
950 1387
1061 1388
81 1389
378 1390
424 1391
133 1392
888 1392
1241 1392
8 1393
6 1394
138 1394
448 1394
1361 1394
80 1395
123 1396
79 1397
1215 1397
1351 1398
113 1399
123 1400
81 1401
1093 1401
301 1403
133 1404
323 1404
303 1405
338 1405
169 1406
1122 1406
49 1407
8 1408
2 1409
1368 1409
1122 1410
8 1412
335 1412
540 1412
893 1412
904 1412
936 1412
1223 1412
1303 1412
812 1413
1125 1413
175 1416
646 1417
62 1418
516 1418
611 1418
1096 1418
1308 1418
169 1419
215 1419
516 1419
559 1419
615 1419
635 1419
737 1419
767 1419
794 1419
804 1419
815 1419
943 1419
953 1419
984 1419
1094 1419
1268 1419
1287 1419
240 1420
1359 1421
799 1423
143 1424
194 1424
314 1424
611 1424
1016 1424
1098 1424
1231 1424
1299 1424
138 1426
415 1426
910 1426
1044 1426
1247 1426
835 1427
437 1428
113 1430
893 1431
94 1432
220 1432
354 1432
404 1432
1388 1432
81 1433
6 1434
8 1434
58 1434
100 1434
169 1434
198 1434
396 1434
466 1434
487 1434
698 1434
742 1434
753 1434
884 1434
910 1434
936 1434
949 1434
1289 1434
1332 1434
1351 1434
1376 1434
286 1435
961 1436
2 1438
312 1438
6 1439
65 1439
138 1439
448 1439
496 1439
531 1439
802 1439
981 1439
996 1439
1179 1439
397 1440
729 1440
926 1440
720 1444
919 1444
1077 1444
1320 1444
823 1445
314 1446
323 1446
339 1446
62 1447
1086 1448
384 1449
143 1452
58 1453
85 1454
1258 1454
2 1455
592 1456
1019 1456
1319 1456
1332 1456
660 1457
973 1457
1116 1457
1313 1457
145 1458
1401 1461
2 1462
338 1463
32 1464
1134 1464
1172 1465
1173 1465
11 1466
13 1466
123 1466
184 1466
1132 1467
1274 1467
361 1469
651 1469
818 1469
58 1470
78 1470
137 1470
286 1470
466 1470
872 1470
1067 1470
1303 1470
1392 1470
1434 1470
1319 1471
799 1473
161 1474
851 1474
886 1474
1103 1474
180 1475
232 1475
669 1475
989 1475
1271 1475
1424 1475
1460 1475
169 1476
1223 1477
718 1478
918 1478
307 1479
630 1480
729 1480
869 1480
926 1480
1127 1480
2 1481
85 1482
65 1483
1341 1484
85 1485
1088 1485
81 1486
9 1487
60 1487
80 1487
121 1487
130 1487
178 1487
252 1487
259 1487
286 1487
557 1487
618 1487
691 1487
802 1487
840 1487
1030 1487
1216 1487
1363 1487
917 1488
527 1490
123 1491
447 1492
530 1492
1048 1492
1362 1492
2 1493
433 1494
76 1495
238 1495
907 1495
1114 1495
1341 1495
1381 1495
291 1496
123 1497
1115 1497
123 1499
2 1500
19 1500
65 1500
99 1500
130 1500
335 1500
487 1500
646 1500
761 1500
908 1500
1088 1500
1273 1500
1375 1500
1412 1500
1417 1500
1434 1500
58 1501
252 1501
744 1501
832 1501
1067 1501
1434 1501
1487 1501
961 1502
851 1503
886 1503
1137 1503
705 1505
202 1506
286 1506
637 1506
653 1506
81 1507
327 1507
476 1509
329 1510
2 1511
11 1512
13 1512
105 1512
123 1512
128 1512
143 1512
169 1512
180 1512
371 1512
516 1512
542 1512
953 1512
1096 1512
1372 1512
1424 1512
54 1513
417 1513
1022 1513
81 1514
936 1515
1303 1515
1500 1515
123 1516
570 1516
675 1516
839 1517
959 1518
1504 1518
774 1519
344 1520
1363 1520
13 1521
4 1522
1341 1522
80 1523
70 1524
79 1525
1151 1525
329 1527
1016 1528
839 1529
95 1530
886 1530
1137 1530
2 1531
1131 1531
1158 1531
1028 1533
986 1535
732 1536
2 1538
180 1539
188 1539
316 1539
1042 1539
1054 1539
1424 1539
2 1540
577 1541
1050 1541
1363 1542
8 1544
202 1544
540 1544
651 1544
698 1544
904 1544
1500 1544
135 1546
832 1546
377 1547
1226 1548
1308 1549
323 1550
649 1550
832 1550
1478 1550
2 1551
749 1552
1313 1552
1457 1552
294 1553
311 1553
833 1553
1008 1553
1126 1553
1420 1553
59 1554
145 1554
1495 1554
301 1555
307 1555
615 1555
769 1555
952 1555
1077 1555
1444 1555
77 1556
936 1557
1303 1557
846 1558
2 1559
785 1560
986 1560
1363 1561
603 1562
15 1563
143 1563
542 1563
938 1563
1419 1563
329 1564
133 1565
8 1566
6 1567
121 1567
266 1567
483 1567
955 1567
1330 1567
58 1568
375 1568
265 1569
485 1570
1059 1571
301 1572
1235 1573
2 1574
81 1575
852 1576
603 1579
286 1582
445 1582
113 1583
587 1583
79 1584
1184 1585
113 1586
212 1586
338 1586
593 1586
781 1586
976 1586
982 1586
1022 1586
1436 1586
301 1587
85 1588
143 1589
832 1589
499 1590
753 1592
1434 1592
2 1593
954 1595
1428 1595
145 1596
133 1597
211 1597
123 1599
495 1600
1122 1601
63 1602
1153 1602
80 1603
307 1604
524 1604
568 1604
81 1605
770 1606
73 1607
377 1607
652 1607
1087 1607
1195 1607
216 1608
482 1608
511 1608
729 1608
1028 1608
1164 1608
1229 1608
1360 1608
204 1609
690 1609
2 1610
785 1611
716 1612
799 1613
955 1613
1456 1613
1324 1614
1132 1615
90 1616
218 1616
608 1616
917 1616
1347 1616
1488 1616
630 1617
933 1617
11 1618
647 1618
1512 1618
603 1619
2 1620
1420 1621
512 1622
927 1622
1099 1622
1221 1622
851 1623
886 1623
305 1624
513 1624
620 1624
739 1624
1339 1624
1365 1624
11 1625
258 1625
333 1625
1539 1625
286 1626
301 1627
80 1628
1363 1628
371 1629
428 1629
948 1629
828 1630
945 1630
1624 1631
123 1632
365 1632
6 1635
266 1635
841 1635
1349 1635
2 1636
614 1636
85 1637
765 1637
447 1638
11 1639
180 1639
232 1639
989 1639
1271 1639
1571 1640
415 1641
1056 1641
1495 1641
338 1642
1122 1643
660 1645
732 1646
93 1647
212 1647
758 1647
813 1647
1195 1647
1251 1647
1607 1647
625 1649
79 1650
161 1651
886 1651
1137 1651
1363 1652
286 1653
61 1654
660 1654
1319 1654
1645 1654
6 1655
151 1655
215 1655
302 1655
374 1655
516 1655
559 1655
615 1655
635 1655
794 1655
804 1655
815 1655
943 1655
944 1655
948 1655
953 1655
984 1655
1005 1655
1028 1655
1094 1655
1278 1655
1287 1655
1563 1655
254 1656
412 1656
512 1656
1581 1656
81 1657
81 1658
301 1659
79 1660
381 1661
779 1661
864 1661
1078 1661
1132 1661
1288 1661
1443 1661
212 1662
2 1663
1184 1665
113 1666
1101 1667
2 1668
969 1668
13 1669
939 1672
982 1672
202 1673
686 1673
1520 1674
125 1675
70 1676
823 1677
1456 1677
1492 1677
697 1678
1363 1678
31 1679
169 1679
386 1679
615 1679
1444 1679
568 1680
1604 1680
496 1682
1361 1682
286 1686
592 1686
852 1686
1242 1686
772 1687
62 1689
194 1689
516 1689
919 1691
982 1691
1320 1691
1555 1691
316 1692
827 1692
1446 1692
1255 1694
912 1695
170 1696
143 1697
301 1698
63 1699
360 1699
1153 1699
1375 1699
1456 1699
805 1700
1261 1701
630 1703
1360 1703
1303 1705
1568 1706
377 1707
352 1708
1032 1708
81 1709
1258 1710
1487 1711
823 1712
729 1713
1356 1713
220 1714
404 1714
1670 1715
1683 1715
352 1716
774 1717
1356 1718
80 1719
164 1719
192 1719
613 1719
1088 1719
1363 1719
286 1720
893 1721
1223 1721
1308 1722
2 1723
1255 1724
1531 1725
1122 1726
433 1727
961 1728
308 1729
329 1730
496 1730
1361 1730
1682 1730
110 1731
312 1731
530 1731
592 1731
951 1731
1313 1731
1319 1731
1332 1731
1438 1731
1699 1732
1114 1733
29 1735
123 1735
176 1735
617 1735
808 1735
1122 1735
301 1736
5 1737
8 1737
24 1737
28 1737
48 1737
53 1737
74 1737
83 1737
92 1737
109 1737
110 1737
116 1737
127 1737
138 1737
154 1737
159 1737
163 1737
175 1737
178 1737
181 1737
186 1737
200 1737
205 1737
209 1737
235 1737
244 1737
247 1737
269 1737
291 1737
295 1737
296 1737
310 1737
317 1737
331 1737
340 1737
341 1737
368 1737
370 1737
379 1737
382 1737
387 1737
394 1737
398 1737
399 1737
402 1737
421 1737
438 1737
468 1737
489 1737
491 1737
493 1737
502 1737
523 1737
526 1737
534 1737
536 1737
548 1737
567 1737
569 1737
573 1737
585 1737
586 1737
614 1737
621 1737
626 1737
680 1737
681 1737
683 1737
703 1737
713 1737
717 1737
726 1737
728 1737
745 1737
746 1737
750 1737
759 1737
763 1737
814 1737
824 1737
826 1737
844 1737
848 1737
867 1737
879 1737
911 1737
930 1737
936 1737
949 1737
955 1737
958 1737
983 1737
985 1737
990 1737
997 1737
1003 1737
1026 1737
1027 1737
1029 1737
1035 1737
1046 1737
1047 1737
1075 1737
1081 1737
1084 1737
1123 1737
1139 1737
1152 1737
1186 1737
1187 1737
1225 1737
1237 1737
1277 1737
1286 1737
1292 1737
1295 1737
1336 1737
1367 1737
1377 1737
1409 1737
1411 1737
1415 1737
1423 1737
1434 1737
1438 1737
1481 1737
1485 1737
1487 1737
1498 1737
1508 1737
1511 1737
1534 1737
1538 1737
1543 1737
1545 1737
1551 1737
1559 1737
1574 1737
1578 1737
1593 1737
1598 1737
1610 1737
1620 1737
1636 1737
1663 1737
1685 1737
79 1738
121 1739
123 1740
1737 1741
145 1742
845 1742
1261 1742
145 1743
1151 1743
327 1744
257 1746
1132 1747
1414 1747
1363 1748
933 1749
1617 1749
123 1750
194 1751
1028 1751
80 1752
1067 1753
1487 1753
485 1754
2 1755
6 1756
577 1756
1423 1756
540 1757
1132 1758
79 1759
113 1760
169 1761
1122 1761
1061 1762
1132 1763
123 1764
79 1766
499 1767
1373 1767
123 1768
1341 1769
145 1770
81 1771
1001 1771
706 1772
852 1773
1096 1773
1737 1774
731 1775
819 1775
2 1776
746 1776
65 1777
554 1778
1001 1779
133 1780
466 1780
845 1780
888 1780
1241 1780
1470 1780
1522 1780
1332 1781
194 1782
81 1783
3 1784
592 1784
1170 1784
1242 1784
839 1785
1737 1786
457 1787
202 1788
696 1789
445 1790
817 1790
93 1791
308 1791
1420 1792
81 1793
1094 1794
1737 1795
377 1796
705 1797
786 1797
1505 1797
774 1798
746 1799
928 1799
1029 1799
1737 1800
284 1801
81 1802
81 1803
407 1803
143 1805
286 1806
169 1807
307 1807
1122 1807
47 1808
93 1808
249 1808
308 1808
598 1808
652 1808
675 1808
1195 1808
1251 1808
971 1809
1096 1809
1419 1810
1655 1810
78 1811
2 1812
965 1812
1737 1812
1737 1813
185 1814
839 1816
286 1818
1720 1818
1294 1819
1418 1819
944 1820
296 1821
298 1821
481 1821
257 1822
1067 1822
1487 1822
1500 1822
301 1823
713 1824
799 1824
301 1825
845 1826
1261 1826
6 1827
107 1827
273 1827
431 1827
432 1827
498 1827
540 1827
651 1827
727 1827
779 1827
784 1827
831 1827
972 1827
1014 1827
1038 1827
1043 1827
1537 1827
1734 1827
1737 1828
2 1829
1737 1829
959 1830
1504 1830
1518 1830
566 1831
194 1832
301 1833
615 1833
338 1834
12 1835
839 1836
6 1838
266 1838
1041 1838
1349 1838
1423 1838
67 1839
933 1839
1135 1840
1434 1840
1122 1841
143 1842
1363 1843
281 1844
338 1845
2 1846
81 1847
411 1848
1487 1848
4 1850
1578 1851
486 1852
1016 1852
1124 1853
8 1854
161 1854
713 1854
886 1854
1137 1854
647 1855
1512 1855
1731 1856
1332 1857
123 1858
145 1859
823 1860
191 1861
1647 1861
6 1862
17 1862
100 1862
233 1862
529 1862
650 1862
961 1862
1107 1862
1404 1862
1597 1862
1735 1862
1780 1862
165 1863
902 1863
329 1864
1737 1865
344 1866
79 1867
53 1868
1338 1868
615 1869
1720 1870
1223 1871
603 1872
49 1873
146 1874
862 1874
1261 1874
1737 1875
615 1877
1737 1878
2 1879
1016 1880
105 1881
268 1881
947 1881
1299 1881
1597 1881
81 1882
540 1883
1737 1884
2 1885
2 1886
1737 1886
58 1888
233 1888
286 1888
1320 1888
1392 1888
1500 1888
1780 1888
973 1889
883 1890
3 1891
592 1891
1170 1891
16 1892
805 1892
81 1893
917 1894
1616 1894
2 1895
2 1896
1737 1896
1132 1897
1827 1897
1790 1898
1223 1899
145 1900
959 1901
770 1902
1487 1903
94 1904
171 1904
636 1904
2 1905
1737 1905
1319 1906
1645 1906
746 1907
783 1907
1737 1907
1776 1907
1799 1907
772 1908
1122 1909
878 1910
15 1911
31 1913
307 1913
446 1913
1366 1913
1737 1914
85 1915
212 1916
709 1917
404 1918
424 1918
1363 1918
1432 1918
2 1919
1737 1919
1 1920
216 1920
284 1920
464 1920
481 1920
549 1920
617 1920
743 1920
842 1920
1122 1920
1135 1920
1230 1920
1326 1920
1418 1920
1801 1920
823 1921
338 1923
1405 1923
318 1924
492 1924
1104 1924
830 1925
1478 1925
1563 1925
49 1926
123 1929
1610 1930
301 1931
603 1932
2 1933
286 1934
901 1935
301 1936
335 1937
67 1938
1194 1938
1749 1938
1808 1938
713 1939
33 1940
123 1940
741 1940
70 1942
1737 1943
327 1944
1132 1945
354 1946
424 1946
1432 1946
2 1947
1737 1947
77 1948
1553 1949
113 1950
194 1950
1121 1950
1308 1950
1586 1950
1731 1951
430 1952
165 1953
656 1953
866 1953
1016 1953
1386 1953
1516 1953
1892 1953
67 1954
345 1954
377 1954
869 1954
1132 1956
125 1957
713 1958
445 1959
1898 1959
254 1960
1472 1960
58 1961
1362 1961
1563 1961
427 1962
503 1962
540 1962
544 1962
831 1962
972 1962
1038 1962
959 1963
1776 1963
1799 1963
1901 1963
1907 1963
161 1964
1421 1964
1132 1965
1506 1965
1695 1965
90 1966
788 1966
913 1966
1000 1966
1074 1966
1126 1966
1259 1966
1420 1966
1670 1966
785 1967
9 1968
839 1969
973 1971
919 1972
1320 1972
1555 1972
1679 1972
2 1976
58 1977
1351 1977
738 1978
938 1979
1961 1979
97 1980
15 1981
1122 1982
883 1984
1913 1984
1124 1985
1737 1986
121 1987
980 1988
1356 1988
95 1989
145 1989
1222 1989
73 1991
377 1991
1053 1991
1647 1991
1827 1992
385 1993
713 1994
316 1995
1446 1995
632 1996
1088 1996
1567 1996
1699 1996
1737 1996
1303 1997
540 1998
143 1999
1553 2000
354 2001
1487 2001
1946 2001
327 2003
202 2004
1788 2004
257 2005
323 2005
830 2005
832 2005
1478 2005
1550 2005
15 2006
1737 2007
79 2008
49 2009
202 2010
2 2011
1737 2011
1351 2012
1706 2012
143 2013
2 2014
1737 2014
1284 2015
1654 2015
143 2016
1955 2017
2 2018
6 2018
9 2018
130 2018
202 2018
353 2018
448 2018
557 2018
646 2018
761 2018
840 2018
1184 2018
1363 2018
1487 2018
1501 2018
1580 2018
1665 2018
1822 2018
1925 2018
2005 2018
1172 2019
161 2020
886 2020
1137 2020
4 2021
81 2022
8 2024
851 2024
886 2024
1103 2024
1308 2025
1920 2025
3 2026
15 2027
699 2027
1655 2028
1920 2029
51 2030
1586 2031
361 2032
145 2033
94 2034
220 2034
1388 2034
1762 2034
335 2035
133 2036
266 2037
1041 2037
1635 2037
164 2038
613 2038
1026 2038
802 2039
857 2039
1086 2039
1470 2039
1737 2040
123 2041
123 2042
462 2042
202 2043
95 2044
318 2044
661 2044
839 2044
886 2044
1137 2044
2 2045
109 2045
376 2045
756 2045
1108 2045
1180 2045
1250 2045
1429 2045
1586 2046
1132 2047
85 2049
1088 2049
1567 2049
1699 2049
1737 2049
219 2051
286 2051
912 2051
1737 2052
143 2053
30 2054
123 2054
136 2054
529 2054
675 2054
729 2054
786 2054
85 2057
286 2058
278 2059
563 2059
917 2059
2 2060
511 2061
714 2061
1024 2061
1010 2062
1790 2063
2 2064
58 2065
744 2065
917 2066
799 2067
1838 2067
2037 2067
105 2068
2050 2068
67 2070
136 2070
170 2070
2 2071
1007 2071
286 2072
2 2073
58 2074
257 2074
339 2074
830 2074
1287 2074
1434 2074
58 2075
99 2075
335 2075
381 2075
557 2075
761 2075
908 2075
1083 2075
1273 2075
1385 2075
1412 2075
1557 2075
1737 2075
1903 2075
2001 2075
2048 2075
143 2077
2013 2077
15 2078
1308 2080
1953 2081
81 2082
1553 2083
119 2084
172 2084
713 2084
1298 2084
1617 2084
799 2085
841 2085
2037 2085
399 2086
1162 2086
2044 2086
1432 2087
176 2088
307 2088
433 2088
630 2088
53 2089
1235 2089
1624 2090
1410 2091
77 2092
777 2092
2 2093
291 2094
1203 2094
1699 2094
476 2095
893 2095
839 2096
111 2097
286 2097
379 2097
653 2097
1989 2097
2002 2097
81 2100
3 2102
335 2103
381 2104
1363 2105
81 2106
89 2107
123 2107
481 2107
743 2107
842 2107
1016 2107
1326 2107
1418 2107
1549 2107
1801 2107
1950 2107
1151 2108
1051 2109
1153 2109
123 2110
162 2110
176 2110
301 2110
470 2110
705 2110
789 2110
1020 2110
1370 2110
1718 2110
85 2111
342 2112
557 2112
878 2112
2 2113
1261 2114
298 2115
481 2115
145 2116
9 2117
301 2118
4 2119
661 2119
686 2119
291 2120
950 2120
1387 2120
211 2121
1260 2121
329 2122
1737 2123
901 2124
361 2125
851 2125
1137 2125
194 2126
1668 2127
1737 2127
74 2128
1690 2128
2019 2128
194 2129
1220 2129
1421 2130
384 2131
8 2132
61 2132
65 2132
100 2132
165 2132
169 2132
353 2132
439 2132
487 2132
650 2132
742 2132
884 2132
904 2132
936 2132
949 2132
1116 2132
1202 2132
1224 2132
1255 2132
1289 2132
1332 2132
1375 2132
1682 2132
1840 2132
2065 2132
2075 2132
2023 2133
329 2134
2 2135
86 2135
206 2135
672 2135
123 2136
1737 2137
312 2138
592 2138
1019 2138
1123 2138
1348 2138
1613 2138
148 2139
312 2139
360 2139
1153 2139
1188 2139
1203 2139
1375 2139
1731 2139
1732 2139
1996 2139
2094 2139
2138 2139
194 2140
9 2141
1968 2141
62 2142
554 2143
1128 2143
1159 2143
1412 2143
1544 2143
1122 2144
90 2145
218 2145
917 2145
2059 2145
49 2146
1788 2147
174 2148
1409 2148
1122 2149
1137 2150
1223 2151
86 2152
94 2152
152 2152
261 2152
518 2152
658 2152
672 2152
936 2152
1067 2152
1303 2152
1562 2152
1619 2152
1648 2152
1872 2152
2099 2152
81 2153
1470 2154
1811 2154
338 2155
931 2156
1382 2156
381 2157
1132 2157
1363 2157
2147 2158
79 2159
1016 2160
1830 2161
81 2162
651 2163
845 2163
1114 2163
1341 2163
1742 2163
1780 2163
1826 2163
2086 2163
982 2164
499 2165
623 2166
1255 2166
6 2167
577 2167
841 2167
1192 2167
1423 2167
1756 2167
901 2168
65 2169
301 2170
1825 2170
334 2171
718 2171
1961 2171
1737 2172
286 2173
379 2173
540 2173
912 2173
15 2174
721 2174
1098 2174
1299 2174
1512 2174
212 2176
652 2176
941 2176
1664 2176
6 2177
266 2177
447 2177
483 2177
621 2177
629 2177
706 2177
841 2177
955 2177
1996 2177
2049 2177
451 2178
301 2179
839 2180
2 2181
8 2182
143 2183
1563 2184
1979 2184
2018 2184
970 2185
6 2186
58 2187
1394 2187
1434 2187
143 2188
2183 2188
1421 2189
851 2190
886 2190
774 2191
238 2192
384 2192
512 2192
1428 2192
1737 2193
15 2194
52 2194
81 2194
122 2194
158 2194
196 2194
357 2194
383 2194
408 2194
433 2194
592 2194
611 2194
696 2194
748 2194
860 2194
882 2194
883 2194
898 2194
977 2194
1010 2194
1016 2194
1062 2194
1089 2194
1121 2194
1149 2194
1160 2194
1308 2194
1321 2194
1335 2194
1340 2194
1406 2194
1410 2194
1419 2194
1450 2194
1639 2194
1655 2194
1688 2194
1693 2194
1726 2194
1735 2194
1761 2194
1807 2194
1823 2194
1837 2194
1909 2194
1982 2194
2069 2194
2091 2194
2144 2194
2149 2194
774 2195
202 2196
686 2196
2 2197
79 2198
711 2198
1363 2199
361 2200
1359 2201
1442 2201
1419 2202
286 2203
170 2204
1569 2204
15 2205
1655 2205
1544 2206
70 2207
829 2208
1608 2208
686 2209
1341 2209
113 2210
646 2211
1500 2211
2 2212
97 2212
664 2212
1120 2212
1737 2212
890 2213
1002 2213
1953 2213
145 2214
203 2214
500 2214
845 2214
893 2214
1261 2214
1412 2214
1431 2214
1633 2214
1850 2214
2095 2214
1096 2215
1809 2215
98 2216
2139 2216
820 2217
652 2218
318 2219
1199 2219
1223 2219
1426 2219
1924 2219
1526 2220
1737 2220
307 2221
409 2222
76 2223
437 2223
1426 2223
2 2224
26 2224
172 2224
239 2224
353 2224
403 2224
433 2224
444 2224
583 2224
606 2224
881 2224
937 2224
1066 2224
1129 2224
1143 2224
1162 2224
1165 2224
1489 2224
1676 2224
1684 2224
1731 2224
1737 2224
1815 2224
2084 2224
2110 2224
1737 2226
33 2227
1363 2228
79 2229
1215 2229
1397 2229
1261 2230
301 2231
194 2232
255 2232
6 2233
212 2233
308 2233
705 2233
1002 2233
1386 2233
1737 2233
2081 2233
145 2234
1900 2234
901 2235
377 2236
2 2237
1737 2237
2094 2237
2139 2237
2 2238
377 2239
621 2240
1203 2240
1731 2240
1732 2240
2216 2240
457 2241
1787 2241
2054 2243
1132 2244
1827 2244
1962 2244
973 2245
566 2246
8 2247
61 2247
82 2247
100 2247
121 2247
165 2247
212 2247
396 2247
439 2247
487 2247
650 2247
1116 2247
1202 2247
1255 2247
1289 2247
1332 2247
1487 2247
1500 2247
1840 2247
1863 2247
2187 2247
15 2248
516 2248
549 2248
627 2248
906 2248
1271 2248
1287 2248
1418 2248
1419 2248
1655 2248
1669 2248
1689 2248
2142 2248
8 2249
1506 2249
772 2250
1687 2250
81 2251
121 2252
1418 2253
1510 2254
286 2255
1954 2255
918 2256
938 2256
1478 2256
1925 2256
1961 2256
2184 2256
630 2257
79 2258
415 2259
1132 2259
1135 2259
15 2260
1005 2260
1655 2260
8 2261
175 2263
238 2264
512 2264
1099 2264
1449 2264
2 2265
1737 2265
384 2266
301 2267
321 2268
1617 2268
1749 2268
1808 2268
53 2269
760 2269
1373 2269
1573 2269
1962 2270
823 2271
1456 2271
1990 2271
385 2272
890 2273
1700 2273
123 2274
1360 2275
1608 2275
1703 2275
1132 2276
1414 2276
1747 2276
58 2277
2276 2278
1153 2279
1203 2279
8 2280
713 2280
540 2281
2 2282
1363 2283
301 2284
649 2284
660 2284
902 2284
1085 2284
1737 2284
377 2285
1974 2286
2110 2287
1132 2289
1962 2289
335 2290
58 2291
1434 2291
2132 2291
530 2292
660 2292
848 2293
1737 2293
2045 2294
1122 2295
2018 2296
2224 2296
2 2297
839 2299
823 2300
377 2301
145 2302
429 2302
1222 2302
145 2303
80 2304
121 2305
123 2306
1308 2307
501 2308
1745 2308
1927 2308
85 2309
123 2310
143 2311
1648 2312
2152 2312
1787 2313
2241 2313
135 2314
832 2314
298 2315
758 2315
1251 2315
1991 2315
1953 2316
72 2317
104 2317
208 2317
270 2317
304 2317
315 2317
326 2317
404 2317
423 2317
436 2317
682 2317
697 2317
732 2317
754 2317
766 2317
870 2317
914 2317
964 2317
972 2317
1037 2317
1078 2317
1161 2317
1243 2317
1303 2317
1395 2317
1468 2317
1628 2317
1719 2317
1752 2317
1918 2317
1941 2317
19 2318
1303 2318
1500 2318
767 2319
1094 2319
395 2320
1553 2320
335 2321
11 2322
133 2322
211 2322
883 2322
957 2322
1555 2322
1691 2322
2068 2322
2121 2322
385 2323
335 2324
485 2325
785 2325
8 2326
94 2327
431 2327
540 2327
784 2327
831 2327
972 2327
1038 2327
1437 2327
2157 2327
2244 2327
2270 2327
2289 2327
485 2328
956 2328
1402 2328
2317 2329
6 2330
79 2330
95 2330
114 2330
153 2330
492 2330
1179 2330
1924 2330
301 2331
1587 2331
2170 2331
839 2332
954 2332
2096 2332
757 2333
161 2334
662 2334
954 2335
1056 2335
1495 2335
1641 2335
161 2336
202 2336
286 2336
2 2337
1002 2338
1892 2338
2213 2338
451 2340
944 2341
169 2342
451 2342
2340 2342
178 2343
1848 2343
512 2344
1426 2344
1428 2344
1737 2345
238 2346
1137 2347
123 2348
644 2348
301 2349
352 2351
254 2352
161 2353
361 2353
706 2353
1567 2353
1772 2353
1545 2354
1737 2354
2224 2355
527 2356
80 2357
1827 2357
2317 2357
37 2358
86 2358
861 2358
5 2359
64 2359
307 2359
1308 2359
1735 2359
85 2360
529 2361
719 2361
1862 2361
16 2362
377 2362
652 2362
1195 2362
1610 2362
2233 2362
180 2363
232 2363
647 2363
887 2363
1028 2363
1424 2363
936 2364
1303 2364
1086 2365
212 2366
885 2367
75 2368
120 2368
384 2368
594 2368
625 2368
704 2368
771 2368
825 2368
963 2368
1079 2368
1261 2368
1305 2368
1309 2368
1317 2368
1350 2368
1472 2368
46 2369
257 2369
277 2369
592 2369
600 2369
673 2369
910 2369
921 2369
1088 2369
1135 2369
1254 2369
1567 2369
1739 2369
1804 2369
1987 2369
2086 2369
2247 2369
123 2370
136 2370
169 2370
221 2370
470 2370
628 2370
705 2370
1020 2370
1122 2370
1718 2370
2054 2370
2194 2370
2224 2370
2287 2370
424 2371
1391 2371
1702 2373
2194 2373
1776 2375
1799 2375
1907 2375
1 2376
16 2376
35 2376
216 2376
316 2376
842 2376
872 2376
948 2376
1135 2376
1167 2376
1197 2376
1230 2376
1267 2376
1308 2376
1392 2376
1586 2376
1625 2376
1647 2376
1780 2376
1916 2376
1928 2376
1953 2376
1973 2376
2025 2376
2132 2376
2164 2376
2233 2376
2247 2376
2262 2376
2275 2376
2366 2376
79 2377
1215 2377
1195 2378
342 2379
820 2379
878 2379
2 2380
1953 2381
603 2382
2152 2382
94 2383
414 2383
1388 2383
1762 2383
1586 2384
301 2385
1825 2385
2170 2385
2331 2385
1132 2386
433 2387
346 2388
1097 2388
2379 2388
158 2389
592 2389
781 2389
976 2389
982 2389
998 2389
1121 2389
1444 2389
2384 2389
1737 2390
445 2391
1898 2391
301 2392
649 2392
1085 2392
143 2393
2327 2394
143 2397
3 2398
2213 2399
2273 2399
1500 2400
1515 2400
301 2401
1122 2401
145 2402
199 2402
361 2403
1201 2403
2 2404
123 2405
462 2405
1731 2406
9 2407
301 2408
1016 2409
6 2410
115 2410
448 2410
1686 2410
1784 2410
1891 2410
49 2412
539 2413
1249 2413
409 2414
76 2415
686 2415
907 2415
1114 2415
1381 2415
1641 2415
2335 2415
85 2416
731 2417
290 2418
1112 2418
1441 2418
1535 2418
301 2419
381 2420
2104 2420
2 2421
158 2422
1121 2422
1308 2422
1586 2422
2107 2422
85 2423
1553 2424
1261 2425
286 2427
54 2428
123 2428
258 2428
371 2428
627 2428
630 2428
693 2428
1127 2428
1228 2428
1257 2428
1340 2428
1512 2428
1521 2428
1669 2428
131 2429
2215 2430
635 2431
1016 2431
1528 2431
6 2432
79 2432
243 2432
263 2432
330 2432
543 2432
657 2432
661 2432
825 2432
1071 2432
1156 2432
1208 2432
1305 2432
1317 2432
1529 2432
1530 2432
1785 2432
1876 2432
1969 2432
2044 2432
2055 2432
2079 2432
2096 2432
2180 2432
70 2433
257 2433
1135 2433
1487 2433
886 2434
1137 2434
696 2435
532 2436
378 2437
80 2438
1363 2439
9 2440
19 2440
65 2440
130 2440
487 2440
522 2440
761 2440
908 2440
1030 2440
1088 2440
1162 2440
1224 2440
1375 2440
1418 2440
1501 2440
1544 2440
1644 2440
1903 2440
2152 2440
220 2441
404 2441
452 2441
636 2441
839 2442
1836 2442
286 2443
2152 2444
143 2445
301 2446
518 2447
636 2447
1290 2447
1383 2447
1619 2447
1932 2447
2099 2447
2298 2447
2444 2447
893 2448
839 2449
2368 2449
2432 2449
936 2450
1375 2450
1699 2450
2440 2450
538 2451
1952 2451
1737 2452
2 2453
1029 2453
1907 2453
1963 2453
2375 2453
79 2454
1737 2455
624 2456
749 2456
863 2456
1457 2456
123 2457
316 2458
1995 2458
756 2459
1108 2459
1180 2459
1429 2459
2023 2459
2133 2459
729 2460
1356 2460
19 2461
1515 2461
546 2462
751 2462
958 2463
1737 2463
161 2464
632 2464
799 2464
1201 2464
1567 2464
2177 2464
731 2465
819 2465
380 2466
212 2467
286 2468
179 2469
184 2469
16 2470
35 2470
216 2470
301 2470
316 2470
678 2470
743 2470
1308 2470
1360 2470
1392 2470
1618 2470
1625 2470
1662 2470
1780 2470
1953 2470
2025 2470
2164 2470
2359 2470
2366 2470
1480 2471
1954 2471
1803 2472
212 2473
2376 2473
85 2474
384 2475
954 2475
2264 2475
927 2476
70 2477
2 2478
1737 2478
143 2479
113 2480
501 2481
1301 2481
1609 2481
2396 2481
8 2482
64 2482
713 2482
2173 2482
81 2483
640 2483
2 2484
1737 2484
501 2485
1609 2485
2396 2485
625 2486
113 2487
1308 2487
1586 2487
1972 2487
2370 2488
1137 2489
204 2490
2481 2490
1827 2491
145 2492
81 2493
1922 2494
1405 2495
1151 2496
2 2497
1737 2497
11 2498
15 2498
485 2499
123 2500
191 2501
1087 2501
1607 2501
1808 2501
2176 2501
2362 2501
118 2502
81 2503
79 2504
690 2505
1122 2506
2194 2506
136 2507
169 2507
1862 2507
2054 2507
2361 2507
329 2509
218 2510
182 2511
986 2511
2418 2511
1737 2512
1242 2513
2410 2513
70 2514
1942 2514
286 2515
161 2516
631 2516
851 2516
1201 2516
954 2517
123 2518
136 2518
470 2518
705 2518
789 2518
829 2518
868 2518
1122 2518
1718 2518
2110 2518
2224 2518
2287 2518
10 2519
86 2519
672 2519
12 2520
729 2520
47 2521
377 2521
854 2521
2 2522
4 2523
2 2524
1737 2524
833 2525
1168 2525
15 2526
172 2526
630 2526
2268 2526
879 2527
70 2528
85 2529
979 2529
2447 2530
254 2531
415 2531
512 2531
597 2531
954 2531
1057 2531
1581 2531
2131 2531
81 2532
2 2533
1544 2534
1096 2535
1809 2535
1031 2536
1284 2536
1654 2536
2132 2536
785 2537
1063 2537
1132 2538
1827 2538
839 2539
2432 2539
1332 2540
2284 2540
1737 2541
2 2542
1737 2542
1103 2543
1670 2544
1715 2544
794 2545
1016 2545
294 2546
311 2546
348 2546
395 2546
892 2546
1126 2546
1259 2546
1420 2546
1621 2546
1957 2546
2000 2546
2083 2546
2424 2546
307 2547
684 2547
919 2547
947 2547
1077 2547
1586 2547
1597 2547
1672 2547
1950 2547
1972 2547
2389 2547
178 2548
2001 2548
1737 2549
81 2550
185 2551
312 2551
90 2552
218 2552
79 2553
77 2554
1737 2554
852 2555
1096 2555
2308 2556
70 2557
162 2557
169 2557
176 2557
265 2557
301 2557
350 2557
435 2557
829 2557
868 2557
1020 2557
1122 2557
1370 2557
1718 2557
2088 2557
2194 2557
202 2558
439 2558
540 2558
1408 2558
1970 2558
2482 2558
85 2559
301 2560
73 2561
377 2561
2501 2561
443 2562
301 2563
782 2563
97 2564
1303 2565
319 2566
2233 2566
2 2567
388 2567
1737 2567
615 2568
588 2569
2177 2569
2224 2569
1347 2570
1616 2570
2368 2571
2432 2571
237 2572
441 2572
695 2572
808 2572
1094 2572
1177 2572
1278 2572
1345 2572
1424 2572
1558 2572
1810 2572
1953 2572
2006 2572
2107 2572
2160 2572
2233 2572
2374 2572
2409 2572
2 2573
85 2574
145 2575
429 2575
910 2575
1088 2576
1434 2576
1699 2576
1737 2576
1120 2577
2 2579
143 2580
1132 2581
2017 2581
58 2582
632 2582
910 2582
1088 2582
1699 2582
845 2583
171 2584
170 2585
1608 2585
2194 2585
2432 2586
109 2587
1108 2587
1180 2587
2023 2587
2294 2587
2372 2587
143 2588
24 2589
42 2589
53 2589
69 2589
70 2589
77 2589
92 2589
102 2589
109 2589
110 2589
125 2589
168 2589
169 2589
178 2589
186 2589
205 2589
209 2589
225 2589
244 2589
248 2589
257 2589
262 2589
278 2589
281 2589
286 2589
288 2589
296 2589
310 2589
322 2589
328 2589
331 2589
340 2589
349 2589
368 2589
379 2589
399 2589
402 2589
416 2589
421 2589
438 2589
493 2589
523 2589
536 2589
561 2589
562 2589
567 2589
590 2589
599 2589
621 2589
659 2589
680 2589
726 2589
745 2589
750 2589
757 2589
763 2589
791 2589
792 2589
824 2589
844 2589
867 2589
877 2589
923 2589
930 2589
936 2589
949 2589
975 2589
983 2589
990 2589
1003 2589
1021 2589
1046 2589
1067 2589
1080 2589
1081 2589
1084 2589
1100 2589
1102 2589
1106 2589
1123 2589
1146 2589
1152 2589
1183 2589
1203 2589
1218 2589
1237 2589
1277 2589
1292 2589
1295 2589
1303 2589
1336 2589
1367 2589
1409 2589
1415 2589
1422 2589
1434 2589
1438 2589
1455 2589
1459 2589
1493 2589
1498 2589
1500 2589
1511 2589
1526 2589
1531 2589
1532 2589
1540 2589
1551 2589
1559 2589
1574 2589
1577 2589
1620 2589
1634 2589
1636 2589
1681 2589
1704 2589
1723 2589
1755 2589
1765 2589
1786 2589
1812 2589
1813 2589
1829 2589
1846 2589
1879 2589
1887 2589
1895 2589
1896 2589
1986 2589
2011 2589
2014 2589
2056 2589
2060 2589
2071 2589
2093 2589
2098 2589
2101 2589
2197 2589
2224 2589
2237 2589
2242 2589
2265 2589
2282 2589
2297 2589
2337 2589
2350 2589
2395 2589
2426 2589
2459 2589
2478 2589
2484 2589
2508 2589
2510 2589
2524 2589
2533 2589
2542 2589
2567 2589
2573 2589
2576 2589
2579 2589
37 2590
86 2590
1975 2590
2038 2590
97 2591
774 2592
2 2593
256 2594
710 2594
894 2594
896 2594
1179 2594
1272 2594
1594 2594
1854 2594
1983 2594
2020 2594
2085 2594
2334 2594
2353 2594
945 2595
1442 2595
2201 2595
145 2596
1255 2597
6 2598
577 2598
1227 2598
1349 2598
2037 2598
2085 2598
1742 2599
199 2600
1223 2600
615 2601
246 2602
286 2602
335 2602
530 2602
713 2602
1227 2602
1349 2602
1591 2602
1613 2602
1824 2602
1854 2602
1939 2602
1958 2602
1994 2602
2120 2602
2280 2602
2432 2602
2482 2602
2589 2602
58 2603
145 2605
45 2606
145 2606
236 2606
364 2606
1044 2606
1104 2606
1509 2606
1633 2606
1817 2606
839 2607
1836 2607
2546 2608
171 2609
636 2609
347 2610
381 2610
961 2611
2389 2611
399 2612
540 2612
661 2612
1162 2612
1179 2612
1469 2612
2259 2612
2330 2612
2369 2612
52 2613
1042 2613
1147 2613
1229 2613
1555 2613
1737 2614
8 2615
839 2616
1622 2616
901 2617
81 2618
151 2619
1655 2619
170 2620
301 2620
1122 2620
1608 2620
301 2621
94 2622
152 2622
518 2622
636 2622
658 2622
1266 2622
1290 2622
1383 2622
1562 2622
1932 2622
2444 2622
2447 2622
161 2623
710 2623
1487 2624
1917 2624
2018 2624
2 2625
2045 2626
6 2627
2186 2627
954 2628
2344 2628
1135 2629
2440 2629
1539 2630
1966 2632
2358 2633
1122 2634
2631 2634
338 2635
149 2636
521 2636
2578 2636
314 2637
1122 2638
1 2639
219 2639
286 2639
912 2639
2482 2639
1409 2640
1812 2640
599 2641
2589 2641
1737 2642
2589 2642
646 2643
2068 2644
79 2645
335 2646
660 2646
1862 2646
2224 2647
389 2648
504 2648
671 2648
851 2648
1039 2648
1200 2648
1474 2648
2024 2648
2190 2648
2403 2648
301 2649
2 2650
327 2651
172 2652
729 2652
1194 2652
2268 2652
2572 2652
1565 2653
85 2654
1363 2655
79 2656
1239 2656
178 2657
1327 2658
1827 2659
266 2660
461 2660
671 2660
1101 2660
1201 2660
2403 2660
2516 2660
171 2661
799 2662
841 2662
1201 2662
2594 2662
2660 2662
453 2663
833 2663
2525 2663
961 2664
1950 2664
1255 2665
1255 2666
570 2667
1087 2667
2224 2668
381 2669
1827 2669
2 2670
9 2670
121 2670
252 2670
747 2670
761 2670
802 2670
840 2670
1184 2670
1216 2670
1665 2670
1822 2670
1917 2670
2433 2670
2589 2670
2624 2670
246 2671
301 2671
399 2671
522 2671
660 2671
1686 2671
1731 2671
1978 2671
131 2672
426 2672
2045 2673
2587 2673
15 2674
1655 2674
1737 2675
1895 2675
49 2676
352 2677
1737 2678
1145 2679
143 2680
301 2681
378 2682
113 2683
1737 2684
696 2685
1871 2686
125 2687
289 2687
1553 2687
2544 2687
70 2688
132 2689
549 2689
843 2689
1418 2689
2671 2690
1941 2691
338 2692
476 2693
2432 2693
301 2694
495 2695
2 2696
584 2697
1350 2698
2097 2698
823 2699
1990 2699
2076 2699
1737 2700
286 2701
81 2702
121 2703
2369 2703
1531 2704
46 2705
70 2705
650 2705
852 2705
951 2705
1135 2705
1192 2705
2132 2705
2224 2705
2247 2705
385 2706
286 2707
77 2708
2092 2708
145 2709
8 2710
433 2711
630 2711
1127 2711
2557 2711
123 2712
95 2713
651 2713
2612 2713
1615 2714
1955 2714
2017 2714
2 2715
231 2715
381 2716
65 2717
445 2718
1790 2718
1898 2718
2391 2718
257 2719
2018 2719
731 2720
819 2720
2465 2720
80 2721
2176 2722
450 2724
774 2725
823 2726
917 2727
1616 2727
1737 2728
79 2729
9 2730
123 2731
171 2732
823 2733
2432 2734
1655 2735
2028 2735
143 2736
2602 2737
883 2738
920 2738
1913 2738
2589 2739
385 2740
262 2741
381 2741
845 2741
1469 2741
1522 2741
1544 2741
2163 2741
2713 2741
286 2742
690 2743
2308 2743
212 2744
2376 2744
2473 2744
936 2745
591 2746
883 2747
920 2747
1022 2747
80 2748
823 2749
838 2750
1244 2750
73 2751
89 2751
216 2751
284 2751
435 2751
464 2751
481 2751
549 2751
1016 2751
1122 2751
1135 2751
1230 2751
1326 2751
1549 2751
1722 2751
1801 2751
2025 2751
2132 2751
2224 2751
2359 2751
2376 2751
2470 2751
85 2752
329 2753
2122 2753
327 2754
9 2755
572 2755
902 2755
1857 2755
2724 2755
1122 2756
2194 2756
62 2757
2248 2757
2755 2758
55 2759
149 2760
298 2760
299 2760
758 2760
1991 2760
301 2761
77 2762
638 2762
157 2763
839 2763
2432 2763
1332 2764
835 2765
772 2766
1461 2767
785 2768
986 2768
143 2769
478 2769
451 2770
55 2771
79 2771
889 2771
1004 2771
1104 2771
1151 2771
1223 2771
1451 2771
1633 2771
1871 2771
1899 2771
2151 2771
2219 2771
2759 2771
971 2773
179 2774
184 2774
2428 2774
546 2775
751 2775
329 2776
2104 2777
2589 2778
1892 2779
1464 2780
220 2781
636 2781
1096 2782
660 2783
1412 2783
1456 2783
1731 2783
2705 2783
1132 2784
625 2785
936 2786
1088 2786
2450 2786
660 2787
291 2788
1797 2789
2054 2789
301 2790
1122 2790
2194 2790
2107 2791
2751 2791
80 2792
194 2793
95 2794
651 2794
818 2794
893 2794
2612 2794
2741 2794
615 2795
1608 2795
2061 2795
391 2796
739 2796
348 2797
2546 2797
1132 2798
125 2799
289 2799
1553 2799
1683 2799
1715 2799
2 2800
31 2801
615 2801
1444 2801
1691 2801
1972 2801
2613 2801
1004 2802
1223 2802
2771 2802
121 2803
480 2803
629 2803
841 2803
1330 2803
2177 2803
2353 2803
2464 2803
2569 2803
81 2804
822 2804
1001 2804
1401 2804
1671 2804
1771 2804
1779 2804
2022 2804
2225 2804
757 2805
1966 2806
2546 2806
823 2807
70 2808
2224 2809
2128 2811
85 2812
49 2813
1261 2814
1604 2815
2589 2816
301 2817
2408 2817
17 2818
301 2818
143 2819
143 2820
323 2821
832 2821
1287 2821
1313 2821
1563 2821
1979 2821
571 2822
2339 2822
335 2823
1544 2823
219 2824
286 2824
434 2824
439 2824
540 2824
2 2825
1737 2825
1299 2826
125 2827
1553 2827
111 2828
170 2829
343 2829
829 2829
1608 2829
143 2830
2479 2830
327 2831
391 2832
1058 2832
1427 2832
2765 2832
977 2833
314 2834
323 2834
1565 2834
352 2835
1708 2835
1420 2836
1621 2836
2589 2837
2 2838
5 2838
239 2838
353 2838
444 2838
510 2838
532 2838
583 2838
649 2838
937 2838
1090 2838
1129 2838
1165 2838
1306 2838
1308 2838
1425 2838
1524 2838
1676 2838
1772 2838
1815 2838
1942 2838
2207 2838
2370 2838
2376 2838
2477 2838
2528 2838
2604 2838
2705 2838
2808 2838
2589 2839
1776 2840
1963 2840
85 2841
1001 2842
2804 2842
37 2843
1719 2843
659 2844
2589 2844
2 2845
1277 2845
1962 2846
696 2847
2331 2848
2214 2849
2771 2849
22 2850
1169 2850
2723 2850
1737 2851
123 2852
839 2853
1622 2853
16 2854
805 2854
1953 2854
2338 2854
2779 2854
81 2855
2 2856
1737 2856
2589 2856
799 2857
123 2858
2054 2859
2546 2860
2797 2860
1135 2861
2132 2861
2440 2861
1391 2862
1334 2863
2320 2863
2546 2863
202 2864
540 2864
1426 2864
2606 2864
1668 2866
338 2867
113 2868
2653 2868
2818 2868
2834 2868
1195 2869
2132 2870
2224 2870
2838 2870
516 2871
1363 2872
307 2873
410 2873
977 2873
1713 2873
1718 2873
2585 2873
81 2874
959 2875
123 2876
409 2877
385 2878
302 2879
1655 2879
1122 2880
2194 2880
329 2881
2699 2882
2828 2882
399 2883
1787 2883
2241 2883
1096 2884
9 2885
301 2885
649 2885
902 2885
1085 2885
1857 2885
2724 2885
286 2886
1308 2887
143 2888
718 2888
1550 2888
1589 2888
1925 2888
1979 2888
2005 2888
2821 2888
1827 2889
2529 2890
1334 2891
2320 2891
2546 2891
1647 2892
1791 2892
1808 2892
381 2893
184 2894
258 2894
50 2895
236 2895
256 2895
266 2895
372 2895
440 2895
469 2895
517 2895
710 2895
1065 2895
1179 2895
1364 2895
1474 2895
1594 2895
1964 2895
2020 2895
2334 2895
2623 2895
2662 2895
145 2896
1128 2897
1544 2897
329 2898
1510 2898
630 2899
926 2899
1122 2900
499 2901
2194 2902
2 2903
736 2903
1103 2904
823 2905
70 2906
257 2906
1216 2906
1487 2906
254 2907
492 2907
851 2907
1104 2907
2589 2908
1737 2909
2589 2909
125 2910
218 2910
368 2910
1966 2910
2059 2910
2570 2910
2865 2910
587 2911
301 2912
73 2913
377 2913
652 2913
1195 2913
1607 2913
189 2914
1132 2914
31 2915
81 2915
169 2915
428 2915
684 2915
872 2915
1366 2915
2747 2915
123 2916
511 2917
714 2917
381 2918
291 2919
713 2919
950 2919
2120 2919
2737 2919
202 2920
85 2921
123 2922
1016 2922
1122 2922
1586 2922
2389 2922
2422 2922
2487 2922
2572 2922
1737 2923
440 2924
469 2924
710 2924
894 2924
1272 2924
1364 2924
1854 2924
2334 2924
2353 2924
2569 2924
2662 2924
1193 2925
2466 2925
2679 2925
2772 2925
6 2926
67 2926
272 2926
321 2926
323 2926
441 2926
486 2926
714 2926
808 2926
948 2926
984 2926
1005 2926
1094 2926
1323 2926
1345 2926
1911 2926
1953 2926
2006 2926
2107 2926
2194 2926
2409 2926
2572 2926
2613 2926
2922 2926
961 2927
161 2928
632 2928
2569 2928
2924 2928
79 2929
1361 2930
2 2931
2589 2931
40 2932
694 2932
775 2932
1015 2932
1287 2932
1293 2932
1296 2932
1512 2932
1563 2932
1849 2932
2201 2933
2595 2933
160 2934
208 2934
315 2934
378 2934
404 2934
425 2934
754 2934
766 2934
768 2934
811 2934
914 2934
960 2934
964 2934
1078 2934
1161 2934
1243 2934
1384 2934
1468 2934
1487 2934
1628 2934
1719 2934
1752 2934
1912 2934
2199 2934
2304 2934
2357 2934
2411 2934
2691 2934
2721 2934
2748 2934
2792 2934
2796 2934
58 2935
257 2935
339 2935
830 2935
1434 2935
2670 2935
603 2936
136 2937
2054 2937
52 2938
615 2938
2818 2938
338 2939
2018 2940
286 2941
433 2942
1122 2943
729 2944
1096 2945
732 2946
1363 2946
4 2947
661 2947
2044 2947
123 2948
1405 2949
2804 2950
2546 2951
758 2952
1737 2953
1737 2954
2567 2954
297 2955
851 2955
886 2955
1137 2955
121 2956
246 2956
301 2956
312 2956
386 2956
399 2956
522 2956
530 2956
660 2956
751 2956
1319 2956
1456 2956
1686 2956
1978 2956
2389 2956
2690 2956
123 2957
133 2957
321 2957
617 2957
692 2957
883 2957
982 2957
1479 2957
1761 2957
1807 2957
2088 2957
2711 2957
2873 2957
327 2958
85 2959
666 2959
1454 2959
1710 2959
2810 2959
2054 2960
716 2961
1612 2961
2175 2961
2 2962
2589 2962
2273 2963
8 2964
257 2965
1135 2965
1216 2965
1487 2965
2670 2965
2176 2966
123 2967
915 2967
286 2968
655 2968
686 2968
851 2968
893 2968
2214 2968
2402 2968
1303 2969
1500 2969
2075 2969
79 2970
8 2971
718 2972
1715 2973
2799 2973
1655 2974
2328 2975
1655 2976
2974 2976
157 2977
2 2978
123 2979
319 2979
2288 2980
143 2981
2396 2982
1255 2983
2166 2983
384 2984
1174 2984
171 2985
2176 2986
732 2987
1428 2988
2286 2988
143 2989
718 2990
81 2991
1016 2992
2838 2993
1226 2994
81 2995
6 2996
32 2996
115 2996
138 2996
448 2996
1308 2997
1920 2997
1715 2998
2687 2998
49 2999
1261 3000
2814 3000
