1 5
2 6
3 6
2 8
7 9
2 10
6 11
16 21
4 23
2 42
2 48
17 52
2 53
13 54
56 66
2 69
33 73
47 73
2 77
68 79
36 81
43 81
58 82
49 85
10 86
81 101
2 102
11 105
74 106
2 109
2 110
85 110
17 113
96 113
3 115
46 121
58 121
95 121
6 123
11 123
13 123
21 123
33 123
81 123
88 123
93 123
2 125
94 126
6 133
30 136
123 136
3 138
123 140
11 143
142 143
114 145
15 151
80 160
50 161
2 163
86 164
94 164
62 166
15 169
34 169
14 170
2 178
144 178
171 178
13 179
143 180
97 183
171 190
86 192
11 194
15 194
17 194
44 194
2 195
58 198
79 201
3 202
50 202
10 206
164 206
145 207
105 211
16 212
35 212
6 213
126 220
2 225
15 230
62 232
33 234
157 238
70 239
113 242
113 245
2 248
47 249
202 251
58 252
79 253
75 254
194 255
2 257
6 257
9 257
121 257
130 257
202 257
252 257
13 258
234 260
2 262
8 267
11 268
2 269
3 275
85 276
121 277
2 278
218 278
9 279
16 280
109 281
145 282
2 286
41 286
50 286
64 286
65 286
79 286
103 286
145 286
153 286
210 286
250 286
257 286
113 287
2 288
6 291
57 291
115 291
286 291
2 296
149 296
264 296
2 300
27 301
84 301
122 301
194 301
224 301
1 307
123 307
169 307
176 307
123 308
296 308
286 309
123 314
180 314
258 316
314 316
6 318
95 318
21 319
214 319
143 320
15 321
2 322
137 323
252 323
80 326
2 328
112 329
138 329
213 329
194 333
202 335
286 335
286 336
252 339
194 342
67 345
342 346
187 347
2 349
70 353
257 353
178 354
145 356
17 357
314 357
79 361
114 361
138 361
262 361
123 365
49 366
2 368
90 368
13 371
123 371
179 371
184 371
123 373
15 374
123 374
281 376
16 377
33 377
172 377
249 377
280 377
298 377
306 377
308 377
345 377
2 379
64 379
94 381
187 381
208 381
167 385
264 385
338 386
8 389
145 390
81 393
289 395
58 396
82 396
115 396
213 396
2 398
2 399
95 399
77 402
325 402
70 403
381 405
85 406
81 407
238 415
2 416
371 417
79 418
3 420
2 421
80 423
94 424
404 424
80 425
367 426
417 428
202 429
381 431
20 433
136 433
162 433
221 433
265 433
301 433
379 434
2 438
58 438
362 438
161 440
15 442
62 442
123 442
378 443
1 446
29 446
123 446
283 446
87 447
185 447
359 447
3 448
257 448
396 448
9 450
301 450
169 451
182 453
145 455
81 456
399 457
4 458
352 459
123 462
2 463
113 465
58 466
233 466
85 467
361 469
433 470
286 471
49 473
145 474
79 475
45 476
79 476
145 476
364 476
329 477
2 479
291 480
149 481
299 481
308 481
301 482
8 483
291 483
286 484
6 487
6 492
91 492
2 493
229 495
337 495
396 496
249 497
381 498
53 499
440 504
131 505
329 506
94 507
442 508
70 510
67 511
123 511
136 511
170 511
384 512
11 516
15 516
274 516
161 517
81 520
149 521
308 521
58 522
2 523
79 525
226 527
245 527
352 528
8 530
447 530
6 531
70 532
79 533
329 535
430 538
81 539
64 540
95 540
381 544
369 545
62 549
516 549
56 550
66 550
301 552
46 553
79 555
81 556
301 558
81 560
2 561
2 562
218 563
368 563
85 564
123 565
308 570
344 571
450 572
286 575
194 576
291 577
49 578
2 580
79 581
329 582
70 583
2 585
308 585
361 588
2 590
121 592
246 592
275 592
301 592
312 592
386 592
399 592
530 592
81 595
123 598
234 598
121 600
175 601
86 603
94 603
152 603
261 603
518 603
9 607
563 608
123 610
301 611
355 611
386 611
549 611
37 613
86 613
206 613
527 615
307 617
442 617
352 620
85 621
98 621
291 621
13 627
194 627
516 627
291 629
13 630
169 630
176 630
161 631
172 632
267 632
123 633
286 634
94 636
126 636
507 636
603 636
77 638
504 639
113 641
409 643
123 644
123 645
62 647
227 647
286 648
450 649
58 650
554 650
649 650
280 652
585 652
8 653
64 653
58 654
603 658
2 659
110 660
173 660
450 660
592 660
612 660
621 660
624 660
650 660
95 661
540 661
2 664
97 664
314 668
323 668
10 672
603 672
121 673
361 674
9 675
73 675
93 675
136 675
81 679
2 680
80 682
95 686
153 686
415 686
79 687
123 689
501 690
307 692
11 693
13 693
301 696
230 699
74 701
301 702
254 704
16 705
433 705
442 705
675 705
57 706
121 706
266 706
286 706
480 706
588 706
625 707
9 708
257 709
79 711
143 712
2 713
6 713
172 713
246 713
286 713
335 713
480 713
483 713
530 713
123 714
169 714
220 715
452 715
636 715
249 717
308 717
5 718
339 718
169 720
615 720
79 723
145 725
199 725
203 725
2 726
381 727
12 729
29 729
62 729
136 729
169 729
170 729
321 729
508 729
202 730
637 730
655 730
346 731
9 733
385 734
2 736
286 738
592 738
194 740
123 741
234 741
677 742
65 744
138 744
252 744
392 744
2 745
175 745
2 746
472 746
257 747
158 751
546 751
592 751
65 752
58 753
281 756
191 758
481 758
53 760
257 761
329 761
85 762
433 764
630 764
229 767
400 767
332 772
392 772
150 774
128 775
145 776
77 777
511 778
714 778
381 779
697 779
751 781
301 782
136 786
77 787
125 788
145 790
2 791
2 792
123 793
15 794
744 795
85 796
145 797
301 798
6 799
266 799
267 799
447 799
609 799
731 800
78 802
257 802
688 802
744 802
173 803
123 804
374 804
113 806
6 808
31 808
169 808
301 808
446 808
769 808
2 809
799 810
80 811
2 814
574 815
301 816
731 819
346 820
194 821
442 821
2 824
254 825
14 829
433 829
252 830
329 830
381 831
135 832
252 832
182 833
485 833
81 834
391 835
739 835
286 837
739 838
79 839
138 839
330 839
543 839
657 839
661 839
713 839
63 840
257 840
688 840
266 841
706 841
212 842
2 844
95 845
233 845
292 845
651 845
770 847
286 849
563 850
6 851
114 851
389 851
504 851
661 851
671 851
674 851
9 852
37 852
63 852
246 852
360 852
386 852
399 852
488 852
530 852
532 852
553 852
589 852
660 852
184 853
258 853
78 857
392 858
301 860
164 861
779 864
143 865
16 866
286 869
212 872
323 872
839 873
352 874
81 875
194 876
132 878
194 878
2 879
680 879
785 880
70 881
31 883
169 883
307 883
872 883
58 884
184 885
855 885
114 886
228 886
389 886
440 886
517 886
671 886
805 890
167 891
260 891
79 893
203 893
364 893
514 893
602 893
619 893
161 894
161 896
851 896
52 899
123 900
419 901
165 902
450 902
675 902
25 903
145 903
530 904
194 906
243 907
839 907
121 910
399 910
438 910
439 910
138 912
415 912
125 913
123 915
86 916
329 916
218 917
368 917
608 917
850 917
143 918
54 919
184 919
808 919
307 920
446 920
684 920
121 921
2 923
385 924
568 926
764 926
157 927
415 927
767 929
134 931
113 934
2 936
9 936
58 936
259 936
335 936
603 936
908 936
830 938
832 938
386 939
145 940
191 941
301 942
15 944
268 944
828 945
11 947
268 947
123 948
323 948
417 948
291 950
713 950
553 951
194 952
592 952
720 952
852 952
939 952
11 953
76 954
907 954
912 954
713 955
833 956
105 957
268 957
269 958
402 959
472 959
667 959
783 959
113 961
883 961
171 962
636 962
80 964
174 965
4 966
123 968
6 970
624 973
2 975
751 976
13 977
170 977
358 977
630 980
58 981
744 981
31 982
169 982
307 982
386 982
684 982
751 982
919 982
947 982
2 983
194 987
169 988
301 988
428 988
684 988
611 989
2 990
51 991
123 991
123 992
230 993
973 994
49 995
744 996
2 999
81 1001
822 1001
16 1002
805 1002
69 1003
15 1005
943 1005
625 1006
2 1007
48 1007
774 1009
301 1010
798 1010
6 1016
16 1016
81 1016
237 1016
272 1016
321 1016
413 1016
441 1016
604 1016
695 1016
714 1016
737 1016
794 1016
920 1016
948 1016
984 1016
1005 1016
729 1017
286 1018
185 1019
530 1019
433 1020
2 1021
31 1022
81 1022
169 1022
428 1022
684 1022
872 1022
343 1024
617 1024
81 1025
206 1026
29 1028
62 1028
821 1028
928 1029
61 1031
352 1032
85 1034
85 1036
80 1037
851 1039
779 1040
17 1042
314 1042
615 1042
202 1044
476 1044
540 1044
2 1046
2 1047
185 1048
447 1048
123 1049
577 1050
917 1052
314 1054
466 1054
105 1055
211 1055
954 1056
835 1058
414 1061
301 1062
833 1063
123 1064
70 1066
130 1067
286 1067
1030 1067
2 1068
296 1069
757 1069
81 1070
839 1071
409 1072
301 1073
54 1077
982 1077
80 1078
779 1078
254 1079
2 1081
327 1082
2 1084
450 1085
78 1086
872 1086
652 1087
121 1088
246 1088
615 1088
621 1088
121 1091
1012 1094
4 1095
232 1096
669 1096
909 1096
971 1096
820 1097
878 1097
721 1098
953 1098
954 1099
2 1100
851 1101
2 1102
138 1103
469 1103
504 1103
662 1103
851 1103
1039 1103
476 1104
301 1105
2 1106
133 1107
335 1107
660 1107
281 1108
381 1111
59 1114
415 1114
845 1114
1092 1114
123 1115
9 1116
624 1116
700 1116
79 1117
86 1118
861 1118
118 1119
570 1119
519 1120
664 1120
905 1120
11 1121
751 1121
39 1122
81 1122
119 1122
122 1122
133 1122
158 1122
196 1122
351 1122
357 1122
383 1122
408 1122
433 1122
482 1122
592 1122
611 1122
665 1122
696 1122
748 1122
798 1122
808 1122
860 1122
882 1122
898 1122
899 1122
977 1122
988 1122
1010 1122
1016 1122
1062 1122
1073 1122
1089 1122
291 1123
663 1124
774 1125
812 1125
125 1126
176 1127
904 1128
767 1130
1120 1131
6 1132
107 1132
124 1132
177 1132
189 1132
431 1132
551 1132
1014 1132
81 1133
8 1135
61 1135
82 1135
100 1135
121 1135
165 1135
169 1135
212 1135
353 1135
396 1135
439 1135
448 1135
553 1135
884 1135
904 1135
936 1135
949 1135
981 1135
301 1136
6 1137
674 1137
2 1139
113 1140
301 1140
385 1141
2 1142
941 1144
7 1145
70 1145
380 1145
615 1147
617 1147
868 1147
6 1148
1122 1149
67 1150
123 1150
136 1150
170 1150
719 1150
293 1151
686 1151
65 1153
98 1153
802 1153
840 1153
949 1153
1051 1153
961 1154
123 1155
839 1156
927 1156
85 1157
592 1159
904 1159
1048 1159
169 1160
1122 1160
70 1162
1067 1162
1135 1162
123 1164
170 1164
212 1167
453 1168
833 1168
74 1172
502 1172
384 1174
136 1176
52 1177
1016 1177
845 1178
95 1179
161 1179
492 1179
744 1179
851 1179
910 1179
281 1180
878 1181
143 1182
257 1184
447 1185
1080 1186
2 1187
532 1188
597 1189
2 1190
765 1191
6 1192
553 1192
9 1193
380 1193
1145 1193
933 1194
191 1195
1087 1195
6 1196
212 1197
338 1198
153 1199
492 1199
851 1199
1104 1199
361 1200
266 1201
461 1201
1135 1202
79 1204
123 1205
123 1206
113 1207
839 1208
696 1209
516 1212
886 1213
79 1214
79 1215
70 1216
257 1216
2 1218
785 1219
1063 1219
194 1220
954 1221
903 1222
153 1223
199 1223
970 1223
1104 1223
1151 1223
1135 1224
970 1226
713 1227
799 1227
13 1228
316 1228
428 1228
885 1228
615 1229
1177 1229
170 1230
212 1230
729 1230
980 1230
180 1231
232 1231
887 1231
15 1232
16 1233
301 1234
615 1234
53 1235
499 1235
2 1237
986 1238
570 1240
1087 1240
6 1242
32 1242
138 1242
275 1242
448 1242
761 1242
391 1244
739 1244
175 1245
286 1246
202 1247
686 1247
145 1248
591 1249
281 1250
47 1251
377 1251
854 1251
832 1252
81 1253
121 1254
623 1255
832 1255
1242 1255
179 1257
184 1257
666 1258
105 1260
1055 1260
169 1261
254 1261
361 1261
476 1261
651 1261
1114 1261
1248 1261
53 1262
1013 1262
2 1263
399 1263
1122 1264
79 1265
603 1266
212 1267
77 1269
409 1270
566 1270
516 1271
1067 1271
185 1275
886 1276
15 1278
194 1280
194 1281
61 1284
2 1285
252 1287
516 1287
938 1287
779 1288
1048 1289
1135 1289
603 1290
485 1291
2 1292
128 1293
2 1295
630 1297
696 1298
133 1299
180 1299
721 1299
953 1299
123 1300
537 1301
1211 1302
19 1303
58 1303
65 1303
80 1303
178 1303
381 1303
448 1303
466 1303
557 1303
603 1303
761 1303
773 1303
908 1303
1083 1303
1135 1303
757 1304
254 1305
70 1306
380 1307
1145 1307
1 1308
70 1308
89 1308
123 1308
216 1308
284 1308
386 1308
481 1308
678 1308
842 1308
1016 1308
1122 1308
1197 1308
1230 1308
254 1309
145 1310
554 1312
767 1312
660 1313
708 1313
566 1314
361 1315
2 1316
254 1317
1261 1318
100 1319
173 1319
447 1319
592 1319
852 1319
323 1320
466 1320
1122 1321
149 1322
299 1322
1251 1322
1016 1323
131 1324
409 1324
1279 1324
286 1325
1308 1326
369 1327
12 1328
123 1329
362 1330
706 1330
49 1331
649 1332
902 1332
85 1333
395 1334
1122 1335
2 1336
352 1339
301 1340
1122 1340
145 1341
415 1341
862 1341
1020 1344
737 1345
729 1346
563 1347
185 1348
713 1349
799 1349
1192 1349
254 1350
839 1350
198 1351
145 1354
587 1355
307 1356
410 1356
482 1356
977 1356
338 1357
79 1358
475 1358
584 1359
945 1359
1211 1359
980 1360
3 1361
291 1361
1242 1361
312 1362
718 1362
37 1363
72 1363
107 1363
141 1363
193 1363
257 1363
326 1363
347 1363
363 1363
401 1363
404 1363
423 1363
425 1363
579 1363
642 1363
722 1363
732 1363
870 1363
897 1363
914 1363
964 1363
967 1363
972 1363
1033 1363
1060 1363
1109 1363
1166 1363
1236 1363
1244 1363
1337 1363
920 1366
1022 1366
2 1367
286 1371
285 1373
1235 1373
113 1374
852 1375
936 1375
1088 1375
58 1376
1135 1376
877 1377
81 1378
286 1380
954 1381
603 1383
1303 1385
184 1386
675 1386
729 1386
291 1387
713 1387
950 1387
1061 1388
378 1390
133 1392
1241 1392
8 1393
6 1394
82 1394
138 1394
275 1394
448 1394
80 1395
123 1396
1215 1397
1351 1398
113 1399
123 1400
81 1401
1001 1401
1093 1401
833 1402
301 1403
303 1405
338 1405
169 1406
49 1407
2 1409
965 1409
1368 1409
1122 1410
8 1412
335 1412
540 1412
904 1412
936 1412
1223 1412
1303 1412
812 1413
1132 1414
2 1415
646 1417
62 1418
516 1418
611 1418
876 1418
1096 1418
1308 1418
516 1419
615 1419
635 1419
737 1419
804 1419
943 1419
953 1419
984 1419
1122 1419
1268 1419
1287 1419
1342 1419
240 1420
1302 1421
799 1423
194 1424
314 1424
611 1424
1016 1424
153 1426
415 1426
1044 1426
835 1427
437 1428
281 1429
113 1430
94 1432
354 1432
404 1432
2 1434
6 1434
8 1434
58 1434
82 1434
100 1434
169 1434
198 1434
252 1434
396 1434
438 1434
466 1434
487 1434
698 1434
742 1434
753 1434
884 1434
936 1434
949 1434
1289 1434
1332 1434
1351 1434
1376 1434
286 1435
961 1436
6 1439
138 1439
448 1439
531 1439
802 1439
981 1439
1179 1439
397 1440
729 1440
926 1440
986 1441
1359 1442
751 1444
919 1444
314 1446
62 1447
1086 1448
954 1449
1122 1450
1223 1451
58 1453
85 1454
1258 1454
2 1455
592 1456
1319 1456
1332 1456
660 1457
1116 1457
1313 1457
145 1458
2 1459
1210 1461
1401 1461
32 1464
1134 1464
1172 1465
11 1466
13 1466
123 1466
179 1466
184 1466
1132 1467
1274 1467
95 1469
818 1469
58 1470
286 1470
466 1470
872 1470
1067 1470
1303 1470
1392 1470
1434 1470
1319 1471
799 1473
851 1474
886 1474
180 1475
232 1475
669 1475
989 1475
1424 1475
1460 1475
169 1476
1223 1477
143 1478
307 1479
630 1480
869 1480
85 1482
65 1483
1341 1484
85 1485
81 1486
60 1487
80 1487
121 1487
178 1487
252 1487
286 1487
802 1487
1363 1487
70 1489
161 1489
588 1489
706 1489
527 1490
123 1491
530 1492
1048 1492
1362 1492
2 1493
238 1495
686 1495
907 1495
1056 1495
1341 1495
1381 1495
291 1496
123 1497
1115 1497
2 1498
123 1499
2 1500
65 1500
646 1500
1088 1500
1273 1500
1412 1500
1434 1500
58 1501
252 1501
257 1501
744 1501
832 1501
1067 1501
1434 1501
1487 1501
851 1503
886 1503
1103 1503
705 1505
111 1506
202 1506
286 1506
379 1506
637 1506
81 1507
327 1507
476 1509
329 1510
13 1512
123 1512
128 1512
169 1512
180 1512
371 1512
516 1512
721 1512
953 1512
1096 1512
1424 1512
54 1513
81 1514
19 1515
936 1515
1303 1515
1500 1515
123 1516
570 1516
675 1516
839 1517
959 1518
774 1519
344 1520
1363 1520
13 1521
4 1522
1139 1526
329 1527
635 1528
1016 1528
839 1529
95 1530
886 1530
1137 1530
2 1531
1131 1531
1158 1531
1028 1533
732 1536
316 1539
1042 1539
1054 1539
1424 1539
2 1540
577 1541
1050 1541
80 1542
1363 1542
651 1544
832 1546
377 1547
1226 1548
1308 1549
257 1550
649 1550
830 1550
832 1550
1478 1550
624 1552
749 1552
1313 1552
1457 1552
294 1553
311 1553
395 1553
833 1553
892 1553
1008 1553
1126 1553
1259 1553
59 1554
145 1554
1495 1554
105 1555
301 1555
307 1555
1177 1555
77 1556
936 1557
1303 1557
846 1558
2 1559
785 1560
986 1560
1363 1561
603 1562
128 1563
542 1563
938 1563
1419 1563
329 1564
52 1565
113 1565
133 1565
6 1567
121 1567
447 1567
483 1567
588 1567
621 1567
629 1567
706 1567
841 1567
1485 1567
1489 1567
1150 1569
1059 1571
301 1572
81 1575
852 1576
2 1577
603 1579
257 1580
445 1582
587 1583
79 1584
1184 1585
113 1586
212 1586
982 1586
1436 1586
85 1588
499 1590
713 1591
753 1592
1434 1592
161 1594
954 1595
145 1596
123 1599
495 1600
1122 1601
63 1602
1153 1602
307 1604
524 1604
568 1604
81 1605
770 1606
73 1607
377 1607
652 1607
1087 1607
1195 1607
14 1608
482 1608
1360 1608
690 1609
2 1610
785 1611
312 1613
713 1613
799 1613
955 1613
1324 1614
1132 1615
90 1616
218 1616
917 1616
1347 1616
172 1617
630 1617
11 1618
647 1618
1512 1618
603 1619
1420 1621
1553 1621
238 1622
927 1622
1099 1622
1221 1622
1449 1622
851 1623
886 1623
739 1624
1339 1624
1365 1624
258 1625
286 1626
301 1627
1363 1628
371 1629
428 1629
948 1629
945 1630
1624 1631
123 1632
365 1632
476 1633
893 1633
1223 1633
2 1634
6 1635
577 1635
841 1635
1227 1635
1349 1635
85 1637
447 1638
232 1639
1571 1640
338 1642
1405 1642
1122 1643
1067 1644
1135 1644
732 1646
1363 1646
758 1647
813 1647
1251 1647
1607 1647
603 1648
625 1649
79 1650
886 1651
1137 1651
1363 1652
286 1653
61 1654
6 1655
151 1655
215 1655
302 1655
374 1655
615 1655
635 1655
804 1655
953 1655
984 1655
1005 1655
1028 1655
1094 1655
1122 1655
1278 1655
1287 1655
1563 1655
254 1656
412 1656
512 1656
597 1656
954 1656
1057 1656
1581 1656
81 1657
301 1659
1443 1661
212 1662
2 1663
521 1664
257 1665
1184 1665
113 1666
1101 1667
2 1668
969 1668
13 1669
516 1669
125 1670
1001 1671
212 1672
939 1672
982 1672
202 1673
686 1673
1520 1674
125 1675
1456 1677
1363 1678
169 1679
386 1679
1444 1679
1604 1680
496 1682
1135 1682
1670 1683
70 1684
286 1686
592 1686
852 1686
1242 1686
1394 1686
772 1687
1122 1688
62 1689
194 1689
516 1689
1172 1690
105 1691
720 1691
919 1691
982 1691
1320 1691
1555 1691
316 1692
827 1692
1446 1692
1122 1693
1255 1694
912 1695
170 1696
143 1697
301 1698
63 1699
148 1699
312 1699
1153 1699
1188 1699
1375 1699
1456 1699
1485 1699
805 1700
1261 1701
1122 1702
1410 1702
630 1703
1360 1703
2 1704
1303 1705
1568 1706
377 1707
352 1708
1032 1708
1258 1710
823 1712
220 1714
404 1714
452 1714
636 1714
1683 1715
352 1716
774 1717
433 1718
1356 1718
80 1719
164 1719
192 1719
613 1719
1363 1719
286 1720
893 1721
1308 1722
1255 1724
1531 1725
1122 1726
433 1727
751 1728
961 1728
308 1729
496 1730
312 1731
530 1731
951 1731
1313 1731
1332 1731
1438 1731
1699 1731
291 1732
1114 1733
1 1735
29 1735
123 1735
808 1735
301 1736
1587 1736
110 1737
138 1737
159 1737
163 1737
181 1737
186 1737
200 1737
235 1737
247 1737
269 1737
295 1737
296 1737
379 1737
388 1737
394 1737
398 1737
402 1737
450 1737
468 1737
491 1737
502 1737
526 1737
573 1737
585 1737
586 1737
590 1737
664 1737
681 1737
713 1737
736 1737
745 1737
763 1737
814 1737
824 1737
848 1737
911 1737
930 1737
936 1737
949 1737
983 1737
990 1737
1026 1737
1027 1737
1084 1737
1152 1737
1203 1737
1225 1737
1237 1737
1277 1737
1295 1737
1303 1737
1415 1737
1481 1737
1508 1737
1511 1737
1543 1737
1545 1737
1559 1737
1593 1737
1636 1737
1663 1737
79 1738
121 1739
123 1740
1737 1741
145 1742
845 1742
1261 1742
145 1743
1151 1743
327 1744
501 1745
257 1746
1132 1747
1414 1747
1363 1748
1617 1749
123 1750
194 1751
1067 1753
1487 1753
485 1754
6 1756
577 1756
1192 1756
540 1757
1132 1758
79 1759
113 1760
169 1761
307 1761
1122 1761
1132 1763
123 1764
1373 1767
123 1768
1341 1769
1742 1769
145 1770
1001 1771
852 1773
1096 1773
1668 1774
731 1775
819 1775
2 1776
746 1776
928 1776
1029 1776
65 1777
554 1778
1128 1778
1544 1778
1001 1779
133 1780
466 1780
845 1780
888 1780
1470 1780
1332 1781
194 1782
81 1783
3 1784
592 1784
1170 1784
1242 1784
1394 1784
2 1786
457 1787
202 1788
817 1790
308 1791
1420 1792
81 1793
377 1796
1505 1797
774 1798
746 1799
928 1799
1029 1799
1737 1800
284 1801
1308 1801
81 1802
407 1803
121 1804
143 1805
286 1806
169 1807
307 1807
1122 1807
47 1808
249 1808
308 1808
598 1808
652 1808
675 1808
1195 1808
1251 1808
971 1809
1096 1809
1655 1810
2 1812
965 1812
185 1814
839 1816
476 1817
286 1818
1720 1818
1294 1819
1418 1819
944 1820
296 1821
298 1821
481 1821
257 1822
1487 1822
1500 1822
301 1823
1122 1823
713 1824
799 1824
845 1826
1261 1826
6 1827
427 1827
432 1827
498 1827
540 1827
651 1827
727 1827
779 1827
972 1827
1038 1827
1043 1827
1111 1827
1537 1827
1734 1827
1737 1828
1737 1829
1518 1830
566 1831
194 1832
301 1833
338 1834
12 1835
729 1835
839 1836
1122 1837
6 1838
266 1838
1349 1838
1423 1838
933 1839
1434 1840
1122 1841
1363 1843
281 1844
81 1847
144 1848
354 1848
1303 1848
1487 1848
893 1850
1578 1851
486 1852
1016 1852
1124 1853
8 1854
161 1854
713 1854
886 1854
647 1855
1512 1855
823 1856
1731 1856
450 1857
1332 1857
123 1858
145 1859
191 1861
6 1862
17 1862
100 1862
233 1862
650 1862
961 1862
1735 1862
1780 1862
165 1863
1135 1863
329 1864
1737 1865
344 1866
79 1867
53 1868
1720 1870
603 1872
146 1874
1261 1874
839 1876
1016 1880
268 1881
947 1881
1299 1881
81 1882
540 1883
1737 1884
2 1885
2 1886
2 1887
58 1888
233 1888
286 1888
1320 1888
1392 1888
1500 1888
1780 1888
973 1889
883 1890
3 1891
592 1891
1170 1891
1394 1891
16 1892
805 1892
81 1893
563 1894
917 1894
1616 1894
2 1895
1737 1895
2 1896
1132 1897
1827 1897
1790 1898
145 1900
959 1901
1776 1901
1067 1903
1303 1903
94 1904
636 1904
1645 1906
783 1907
928 1907
1737 1907
1776 1907
1799 1907
772 1908
1122 1909
342 1910
15 1911
1016 1911
307 1913
446 1913
1890 1913
85 1915
212 1916
257 1917
709 1917
404 1918
424 1918
1432 1918
2 1919
1 1920
216 1920
284 1920
464 1920
481 1920
549 1920
743 1920
842 1920
1122 1920
1135 1920
1230 1920
1326 1920
1418 1920
1549 1920
1801 1920
609 1922
1405 1923
492 1924
1104 1924
257 1925
830 1925
1563 1925
49 1926
501 1927
212 1928
123 1929
301 1931
603 1932
286 1934
301 1936
335 1937
67 1938
1194 1938
1617 1938
1749 1938
1808 1938
713 1939
80 1941
391 1941
739 1941
70 1942
1737 1943
327 1944
354 1946
424 1946
1432 1946
1848 1946
1737 1947
77 1948
1553 1949
158 1950
1308 1950
1436 1950
1586 1950
553 1951
660 1951
1456 1951
430 1952
118 1953
165 1953
656 1953
805 1953
866 1953
1233 1953
1386 1953
1516 1953
377 1954
1132 1955
1615 1955
1132 1956
713 1958
1472 1960
58 1961
334 1961
1362 1961
1563 1961
427 1962
503 1962
540 1962
544 1962
831 1962
972 1962
1038 1962
1437 1962
959 1963
1776 1963
1421 1964
1506 1965
1695 1965
90 1966
563 1966
788 1966
913 1966
1000 1966
1008 1966
1126 1966
1259 1966
1420 1966
1670 1966
785 1967
9 1968
839 1969
8 1970
64 1970
1506 1970
720 1972
1320 1972
1679 1972
1950 1972
212 1973
1428 1974
613 1975
2 1976
58 1977
1351 1977
592 1978
918 1979
938 1979
1925 1979
97 1980
15 1981
1122 1982
883 1984
1913 1984
1124 1985
2 1986
1737 1986
121 1987
980 1988
1356 1988
95 1989
145 1989
1506 1989
616 1990
377 1991
1053 1991
1322 1991
1647 1991
1827 1992
385 1993
8 1994
713 1994
316 1995
1446 1995
1692 1995
632 1996
1088 1996
1567 1996
1699 1996
1303 1997
1553 2000
1359 2001
194 2002
346 2002
1122 2003
81 2004
1301 2005
1056 2006
1495 2006
1016 2007
1248 2008
1341 2008
1874 2008
1737 2009
660 2010
1457 2010
1731 2010
266 2011
447 2011
588 2011
883 2012
920 2012
11 2013
1122 2013
1950 2013
1231 2014
98 2015
1122 2016
603 2017
1266 2017
50 2018
256 2018
266 2018
440 2018
461 2018
469 2018
517 2018
674 2018
710 2018
1065 2018
1179 2018
1272 2018
1651 2018
1854 2018
1964 2018
16 2019
1953 2019
79 2020
254 2021
2 2022
1737 2022
729 2023
1356 2023
1713 2023
554 2024
839 2026
2 2027
914 2028
851 2029
1201 2029
2018 2029
2 2030
137 2031
252 2031
357 2031
872 2031
948 2031
1042 2031
1320 2031
1446 2031
1550 2031
123 2033
125 2034
2 2035
385 2036
1404 2037
1862 2037
2031 2037
1737 2038
779 2039
1078 2039
1288 2039
79 2040
2 2041
49 2042
132 2043
611 2043
1294 2043
1303 2043
1487 2043
1910 2043
123 2044
412 2045
1656 2045
852 2046
1439 2046
1428 2047
371 2048
885 2048
919 2048
1257 2048
1386 2048
81 2049
85 2050
1417 2051
1838 2052
85 2053
172 2054
696 2054
301 2055
70 2056
70 2057
1122 2058
70 2062
588 2062
706 2062
367 2063
505 2063
1324 2063
851 2064
1103 2064
2 2065
269 2065
1737 2065
178 2066
123 2067
33 2068
249 2068
675 2068
1195 2068
1607 2068
1991 2068
286 2069
1113 2069
80 2070
615 2071
827 2071
1077 2071
202 2072
903 2072
1737 2073
21 2075
319 2075
1868 2076
121 2077
2 2078
751 2079
1586 2079
111 2080
15 2081
1016 2081
1930 2081
2068 2081
446 2082
1737 2083
301 2084
1950 2084
1319 2085
922 2086
1874 2087
49 2088
70 2089
1135 2089
1487 2089
424 2090
603 2091
859 2091
630 2092
729 2092
1016 2092
1194 2092
1938 2092
718 2093
1122 2095
97 2097
1096 2098
2 2099
202 2100
63 2102
1135 2102
1153 2102
1434 2102
1737 2102
56 2104
66 2104
2 2105
1887 2105
1303 2107
301 2108
1158 2109
2097 2109
14 2111
511 2111
1229 2111
2 2114
1737 2115
832 2116
1096 2117
1011 2118
1373 2119
113 2120
158 2120
593 2120
781 2120
998 2120
1022 2120
1950 2120
2079 2120
361 2121
851 2121
2 2122
340 2122
70 2123
770 2124
13 2126
785 2127
145 2128
81 2130
603 2131
1487 2132
180 2133
232 2133
1028 2133
2014 2133
8 2134
202 2134
650 2134
713 2134
1303 2134
361 2135
1322 2136
9 2137
422 2138
79 2139
143 2140
26 2141
510 2141
553 2141
583 2141
605 2141
606 2141
937 2141
1066 2141
1129 2141
1143 2141
1145 2141
1162 2141
1425 2141
1676 2141
1772 2141
1815 2141
1942 2141
2062 2141
1553 2142
123 2143
705 2144
1505 2144
6 2145
1122 2146
133 2147
211 2147
982 2147
1862 2147
1881 2147
499 2149
1573 2149
973 2150
1405 2151
85 2152
33 2153
123 2153
741 2153
2 2154
2110 2155
1604 2156
1555 2157
839 2158
1135 2159
1434 2159
85 2161
81 2162
67 2163
1122 2164
6 2165
577 2165
841 2165
1192 2165
1423 2165
566 2166
14 2168
216 2168
511 2168
729 2168
1164 2168
1229 2168
1604 2169
1553 2170
145 2171
212 2172
1703 2172
1363 2173
1563 2174
2031 2174
143 2175
845 2176
1261 2176
386 2177
1444 2177
2018 2178
901 2180
194 2181
885 2182
973 2183
486 2184
1016 2184
1419 2184
795 2185
91 2186
256 2186
896 2186
1474 2186
1651 2186
2029 2186
6 2187
243 2187
263 2187
330 2187
543 2187
661 2187
713 2187
825 2187
1071 2187
1156 2187
1221 2187
1350 2187
1352 2187
1529 2187
1530 2187
1785 2187
1816 2187
1737 2188
123 2189
622 2189
2 2190
377 2191
652 2191
1195 2191
1610 2191
718 2193
1550 2193
1589 2193
1925 2193
959 2195
1799 2195
1907 2195
113 2196
286 2197
1303 2198
1390 2199
1363 2200
2141 2201
81 2202
917 2203
121 2204
266 2204
454 2204
480 2204
629 2204
841 2204
1308 2205
2134 2206
161 2207
2018 2207
1363 2208
297 2209
851 2209
886 2209
58 2210
603 2211
13 2212
123 2212
2 2213
329 2214
1510 2214
1315 2215
123 2216
265 2217
1569 2217
8 2218
1303 2221
128 2222
180 2223
314 2223
478 2223
490 2223
712 2223
974 2223
978 2223
1076 2223
1424 2223
1452 2223
1512 2223
1563 2223
1589 2223
1805 2223
1842 2223
1999 2223
1363 2225
1303 2226
81 2227
128 2227
1989 2228
352 2229
1624 2229
447 2231
530 2231
1362 2231
79 2232
23 2233
145 2233
153 2233
889 2233
970 2233
1477 2233
1899 2233
128 2234
49 2235
2 2236
1173 2237
143 2239
499 2240
1373 2240
61 2241
660 2241
1319 2241
1645 2241
1737 2242
1737 2243
1497 2244
97 2245
1655 2246
286 2247
1467 2248
1828 2249
234 2251
120 2252
254 2252
1377 2253
13 2254
105 2254
615 2254
714 2254
827 2254
1107 2254
1299 2254
1597 2254
2071 2254
2141 2255
212 2257
980 2257
1308 2257
1608 2257
2168 2257
721 2258
2 2260
1737 2260
161 2261
137 2262
252 2262
357 2262
668 2262
827 2262
1016 2262
1372 2262
1550 2262
185 2263
592 2263
904 2263
1553 2264
839 2266
396 2267
496 2267
1242 2267
1439 2267
1730 2267
194 2268
257 2268
252 2269
718 2269
827 2269
1255 2269
75 2270
79 2270
91 2270
120 2270
594 2270
625 2270
771 2270
963 2270
1261 2270
1309 2270
1317 2270
1960 2270
2021 2270
2252 2270
631 2271
608 2272
917 2272
1488 2272
2203 2272
989 2273
447 2274
530 2274
1362 2274
1737 2275
833 2278
2 2279
1731 2280
1363 2281
301 2284
946 2284
1122 2284
1789 2284
2054 2284
48 2285
1223 2286
626 2287
1737 2287
194 2288
2 2290
1737 2290
2 2291
1097 2292
492 2293
851 2293
1104 2293
2270 2293
3 2294
396 2294
799 2294
836 2294
8 2295
16 2295
24 2295
74 2295
83 2295
92 2295
109 2295
110 2295
116 2295
127 2295
138 2295
154 2295
159 2295
168 2295
178 2295
186 2295
205 2295
209 2295
247 2295
269 2295
291 2295
310 2295
317 2295
341 2295
368 2295
370 2295
382 2295
399 2295
438 2295
450 2295
489 2295
526 2295
534 2295
548 2295
567 2295
585 2295
614 2295
621 2295
664 2295
717 2295
736 2295
745 2295
759 2295
763 2295
814 2295
824 2295
826 2295
844 2295
867 2295
879 2295
911 2295
936 2295
955 2295
958 2295
990 2295
997 2295
1003 2295
1035 2295
1075 2295
1080 2295
1081 2295
1084 2295
1123 2295
1139 2295
1152 2295
1186 2295
1187 2295
1286 2295
1292 2295
1295 2295
1336 2295
1377 2295
1409 2295
1411 2295
1434 2295
1481 2295
1485 2295
1487 2295
1498 2295
1508 2295
1534 2295
1543 2295
1559 2295
1574 2295
1578 2295
1598 2295
1610 2295
1620 2295
1663 2295
1685 2295
1741 2295
1774 2295
1795 2295
1800 2295
1812 2295
1813 2295
1875 2295
1878 2295
1884 2295
1895 2295
1905 2295
1914 2295
1943 2295
1947 2295
1986 2295
2009 2295
2022 2295
2065 2295
2073 2295
2122 2295
2125 2295
2141 2295
2154 2295
2188 2295
2242 2295
2245 2295
2249 2295
2260 2295
2275 2295
2282 2295
2290 2295
1737 2296
1464 2297
851 2298
2018 2298
2186 2298
1255 2299
381 2301
864 2301
180 2304
1122 2304
1271 2304
2273 2304
1568 2305
1977 2305
145 2306
143 2307
80 2308
126 2308
1432 2308
789 2309
289 2311
833 2312
169 2313
86 2314
697 2314
113 2315
2138 2316
114 2317
293 2317
655 2317
1525 2317
2272 2318
886 2319
2029 2319
2271 2319
48 2321
109 2321
159 2321
181 2321
244 2321
247 2321
300 2321
331 2321
388 2321
394 2321
402 2321
468 2321
491 2321
493 2321
523 2321
585 2321
621 2321
626 2321
681 2321
683 2321
703 2321
726 2321
746 2321
867 2321
949 2321
955 2321
985 2321
990 2321
997 2321
1047 2321
1203 2321
1237 2321
1377 2321
1415 2321
1423 2321
1481 2321
1508 2321
1538 2321
1545 2321
1593 2321
1610 2321
1685 2321
1786 2321
1813 2321
1829 2321
1884 2321
1886 2321
1895 2321
1947 2321
1986 2321
2009 2321
2022 2321
2073 2321
2102 2321
2125 2321
2243 2321
2290 2321
2296 2321
2302 2321
70 2322
6 2323
6 2324
1996 2324
81 2325
81 2326
1605 2326
521 2327
1322 2327
291 2328
1567 2328
67 2329
345 2329
377 2329
869 2329
1363 2330
965 2331
682 2332
3 2333
770 2333
1242 2333
1464 2333
133 2334
169 2334
2111 2334
2254 2334
1097 2335
660 2336
1862 2336
5 2337
530 2337
554 2337
1135 2337
1159 2337
1412 2337
2134 2337
2263 2337
2295 2338
2321 2338
113 2339
457 2340
67 2341
563 2342
917 2342
1616 2342
516 2343
2294 2344
316 2345
827 2345
22 2346
1169 2346
2118 2346
18 2347
1372 2347
1571 2347
2031 2347
2167 2347
1500 2348
2 2349
749 2350
1552 2350
143 2351
554 2351
123 2352
2111 2352
1322 2353
2101 2353
936 2354
1067 2354
1135 2354
4 2355
165 2356
450 2356
1332 2356
1863 2356
845 2357
1609 2358
71 2359
286 2359
1135 2359
1153 2359
1303 2359
1439 2359
1777 2359
385 2360
1699 2361
301 2362
2 2363
2295 2364
1612 2366
893 2367
2321 2368
161 2369
2018 2369
11 2370
133 2370
883 2370
1260 2370
1512 2370
1881 2370
2254 2370
746 2371
959 2371
603 2372
157 2373
1622 2373
85 2374
433 2375
1655 2376
954 2377
1156 2377
1622 2377
2373 2377
893 2378
1 2379
100 2379
447 2379
718 2379
904 2379
1193 2379
1255 2379
1289 2379
1332 2379
1737 2379
81 2380
2 2381
1737 2381
2295 2381
354 2382
1388 2382
2 2383
883 2385
1913 2385
1324 2386
1737 2387
1363 2388
113 2389
95 2390
1135 2390
1506 2390
1695 2390
447 2392
603 2393
2017 2393
136 2394
169 2394
1862 2394
554 2395
2317 2396
1737 2397
2 2398
1186 2398
1737 2398
2295 2398
131 2400
725 2401
17 2402
301 2402
899 2402
1122 2402
2303 2402
1868 2404
839 2405
529 2406
2394 2406
311 2407
348 2407
833 2407
1008 2407
1126 2407
1259 2407
1334 2407
1420 2407
1621 2407
1670 2407
2170 2407
2264 2407
54 2409
982 2409
1444 2409
2254 2409
1048 2410
1434 2410
148 2411
532 2411
1699 2411
123 2414
8 2415
1731 2415
1737 2415
2295 2415
2321 2415
554 2416
1419 2416
58 2417
592 2417
852 2417
1122 2418
1132 2419
81 2421
1016 2422
100 2423
173 2423
592 2423
1456 2423
1471 2423
1731 2423
2241 2423
737 2424
15 2425
1655 2425
2407 2426
137 2427
252 2427
827 2427
872 2427
1320 2427
1372 2427
80 2429
404 2429
1363 2429
2382 2429
123 2430
682 2431
1132 2431
286 2432
144 2433
354 2433
411 2433
1303 2433
1946 2433
286 2434
1332 2435
1781 2435
138 2437
1132 2437
1695 2437
123 2438
1555 2438
2 2439
867 2439
2295 2440
1114 2441
885 2442
1363 2443
1465 2444
123 2445
286 2446
655 2446
686 2446
725 2446
851 2446
893 2446
863 2448
2270 2449
1173 2450
121 2451
70 2452
779 2453
1363 2453
79 2454
1363 2457
301 2458
946 2458
1209 2458
1298 2458
1737 2459
2321 2459
1287 2460
1512 2460
2031 2460
1303 2461
70 2463
2317 2464
2446 2464
765 2465
502 2466
1172 2466
1737 2466
2321 2466
2 2468
1699 2468
835 2469
1244 2469
1941 2469
13 2470
301 2470
286 2471
80 2472
2 2473
1896 2473
2295 2473
2141 2474
954 2475
286 2476
1018 2476
713 2477
799 2477
955 2477
1456 2477
2 2478
286 2479
2476 2479
281 2481
1359 2482
1405 2483
130 2484
286 2484
460 2484
487 2484
603 2484
691 2484
908 2484
1162 2484
1224 2484
1271 2484
1544 2484
1644 2484
1753 2484
2354 2484
2359 2484
2417 2484
123 2485
212 2486
15 2487
169 2487
307 2487
428 2487
872 2487
1122 2487
1890 2487
2370 2487
2385 2487
1654 2488
2085 2488
79 2489
1239 2489
286 2490
852 2490
1978 2490
271 2492
1363 2493
58 2495
375 2495
1568 2495
1706 2495
6 2497
138 2497
228 2497
504 2497
517 2497
1179 2497
1315 2497
1503 2497
1530 2497
1651 2497
1854 2497
2215 2497
333 2499
935 2500
1935 2500
2180 2500
329 2501
496 2501
2267 2501
1041 2502
1838 2502
835 2503
1244 2503
1941 2503
2018 2505
587 2507
194 2508
1101 2509
169 2510
1177 2510
1691 2510
1972 2510
530 2511
1456 2511
1313 2512
123 2513
1016 2513
2254 2513
1258 2514
1397 2515
298 2516
481 2516
521 2516
1322 2516
271 2517
615 2518
952 2518
1972 2518
2295 2519
447 2520
13 2521
1135 2522
2089 2522
751 2523
1586 2523
1122 2524
249 2525
264 2525
2295 2525
1359 2526
90 2527
608 2527
917 2527
23 2528
55 2528
145 2528
153 2528
1412 2528
1477 2528
1721 2528
2 2530
630 2531
409 2532
426 2532
566 2532
1279 2532
2063 2532
2400 2532
37 2534
121 2534
246 2534
621 2534
1303 2534
1375 2534
1485 2534
1719 2534
2354 2534
2361 2534
2484 2534
2272 2535
973 2536
1273 2537
1375 2537
1417 2537
2348 2537
1726 2538
307 2539
630 2539
1016 2539
1938 2539
266 2540
447 2540
621 2540
1489 2540
307 2541
808 2542
2254 2542
2 2543
117 2544
541 2544
616 2544
1445 2544
1856 2544
1860 2544
2080 2544
2384 2544
262 2545
381 2545
1261 2545
1522 2545
1544 2545
1827 2545
718 2546
1356 2548
61 2549
1116 2549
281 2550
1428 2551
1670 2552
2311 2552
81 2553
2069 2555
121 2556
1917 2557
2356 2558
1512 2559
95 2560
153 2560
910 2560
1179 2560
1827 2562
123 2563
2 2564
1737 2564
1255 2565
603 2566
2091 2566
286 2567
8 2568
381 2569
779 2569
864 2569
1078 2569
1443 2569
808 2570
982 2570
988 2570
2510 2570
568 2571
672 2572
399 2573
839 2575
1338 2576
2404 2576
823 2577
1456 2577
2231 2577
2213 2578
973 2579
2223 2580
143 2582
886 2583
1516 2584
1930 2584
55 2585
889 2585
2233 2585
1122 2586
238 2587
160 2588
270 2588
315 2588
423 2588
682 2588
732 2588
754 2588
768 2588
960 2588
964 2588
1037 2588
1243 2588
1523 2588
1603 2588
1719 2588
2070 2588
2472 2588
2498 2588
1303 2589
1539 2590
301 2592
70 2593
2187 2594
2588 2595
901 2597
286 2598
2329 2598
2295 2599
883 2600
1022 2600
1913 2600
1737 2601
256 2602
461 2602
631 2602
1283 2602
1489 2602
2456 2602
2505 2602
123 2603
129 2603
2254 2603
839 2604
79 2605
1358 2605
257 2606
1665 2606
329 2607
352 2608
528 2608
2295 2609
194 2610
230 2610
301 2610
339 2610
374 2610
596 2610
721 2610
767 2610
794 2610
944 2610
948 2610
1094 2610
1122 2610
1232 2610
1563 2610
2148 2610
2246 2610
2487 2610
2529 2610
2539 2610
2561 2610
316 2611
2499 2611
301 2612
805 2613
301 2614
785 2615
79 2616
661 2617
2497 2617
98 2618
852 2618
1699 2618
80 2619
1161 2619
254 2620
70 2621
1306 2621
105 2622
2370 2622
1520 2623
1645 2624
2488 2624
171 2625
705 2626
1505 2626
2321 2628
751 2629
1122 2629
1950 2629
2 2630
2295 2630
1737 2631
851 2632
886 2632
563 2633
788 2633
913 2633
1259 2633
1675 2633
1957 2633
329 2634
554 2635
2351 2635
17 2636
307 2636
755 2636
1107 2636
1122 2636
1565 2636
2147 2636
2334 2636
2370 2636
2603 2636
2423 2637
1363 2638
123 2639
78 2640
872 2640
895 2640
1448 2640
2494 2640
1512 2641
4 2642
2183 2643
125 2644
1966 2644
1784 2645
1891 2645
2120 2646
851 2647
893 2647
1488 2649
2272 2649
2588 2650
113 2651
530 2652
713 2653
973 2654
1116 2654
1332 2655
2435 2655
191 2656
8 2657
37 2658
1719 2658
1341 2659
785 2660
114 2661
2396 2661
2402 2663
70 2664
95 2664
1135 2664
2484 2664
113 2665
885 2666
79 2667
948 2669
312 2670
530 2670
1319 2670
381 2671
1132 2671
1827 2671
1363 2673
286 2674
2 2675
1131 2676
145 2677
271 2678
2223 2678
732 2679
194 2680
845 2681
951 2682
1544 2682
1778 2682
2537 2682
1645 2683
2423 2683
338 2685
1394 2686
2333 2686
2331 2687
301 2688
2270 2689
81 2692
143 2693
611 2693
1016 2693
1231 2693
1512 2693
2133 2693
2258 2693
2304 2693
2 2694
774 2695
1189 2696
388 2697
1737 2697
202 2699
1303 2699
1937 2699
1404 2700
2071 2700
1173 2701
212 2702
2 2703
2295 2703
2 2704
1737 2704
80 2705
1363 2705
1363 2706
202 2707
713 2707
852 2707
1937 2707
1737 2708
2321 2708
1624 2709
169 2710
630 2711
933 2711
1617 2711
1749 2711
751 2713
212 2714
1308 2714
982 2716
1881 2716
2071 2716
2636 2716
105 2717
268 2717
2141 2718
1362 2719
286 2720
933 2720
121 2721
713 2722
799 2722
1349 2722
1635 2722
1838 2722
713 2723
799 2723
1349 2723
1838 2723
2324 2723
891 2724
1363 2725
2532 2726
67 2728
2402 2729
70 2730
119 2730
377 2730
799 2730
1298 2730
1617 2730
2011 2730
2016 2730
2092 2730
2539 2730
149 2731
758 2731
2101 2731
2136 2731
823 2732
2544 2732
1341 2733
1874 2733
773 2734
936 2734
799 2735
865 2736
1182 2736
1478 2736
2074 2736
2113 2736
2140 2736
2175 2736
2239 2736
2259 2736
2351 2736
2635 2736
2678 2736
446 2737
268 2739
1512 2739
2258 2739
1363 2740
286 2741
2028 2742
2588 2742
1359 2743
774 2744
17 2746
615 2746
1539 2746
785 2747
85 2748
276 2748
1737 2749
1016 2750
1930 2750
2081 2750
2584 2750
123 2751
2043 2752
1553 2753
851 2754
1103 2754
1201 2754
301 2755
23 2756
95 2756
500 2756
619 2756
1522 2756
1624 2757
6 2758
21 2758
308 2758
705 2758
1002 2758
1016 2758
1386 2758
1892 2758
2019 2758
2075 2758
2295 2758
128 2759
175 2760
1989 2761
492 2762
121 2763
447 2763
629 2763
841 2763
955 2763
1330 2763
1996 2763
194 2764
70 2765
2744 2766
486 2767
1419 2767
2544 2768
67 2769
70 2770
2141 2770
123 2771
145 2773
959 2774
770 2775
847 2775
591 2776
357 2778
1016 2778
1147 2778
1229 2778
173 2779
570 2780
1087 2780
1610 2780
2584 2780
2750 2780
161 2782
476 2782
2 2783
387 2783
1737 2783
2321 2783
1391 2784
751 2785
49 2786
8 2787
1103 2787
128 2788
98 2789
2015 2789
48 2791
70 2792
1132 2793
1016 2794
1512 2795
1359 2796
1442 2796
194 2798
123 2799
774 2800
2179 2800
113 2801
587 2801
194 2803
2295 2804
128 2805
1256 2805
169 2806
1356 2807
2018 2808
1433 2809
1587 2810
2614 2810
450 2811
1478 2812
1979 2812
928 2813
1737 2813
1799 2813
2321 2813
13 2814
184 2814
971 2815
50 2816
138 2816
256 2816
266 2816
461 2816
1283 2816
1489 2816
1651 2816
2369 2816
2505 2816
767 2817
2 2818
2295 2818
2043 2819
2292 2819
113 2820
2315 2820
2525 2821
2731 2821
113 2822
547 2823
1516 2823
574 2824
767 2824
482 2825
511 2825
714 2825
729 2825
1147 2825
1164 2825
1230 2825
2112 2825
616 2826
1677 2826
1712 2826
1921 2826
2080 2826
379 2827
2 2828
6 2828
10 2828
24 2828
42 2828
53 2828
69 2828
70 2828
109 2828
110 2828
163 2828
168 2828
169 2828
178 2828
186 2828
195 2828
200 2828
205 2828
209 2828
223 2828
225 2828
231 2828
235 2828
247 2828
262 2828
269 2828
279 2828
281 2828
286 2828
288 2828
295 2828
296 2828
300 2828
322 2828
328 2828
331 2828
349 2828
368 2828
379 2828
387 2828
398 2828
402 2828
421 2828
438 2828
449 2828
463 2828
536 2828
585 2828
590 2828
599 2828
621 2828
659 2828
664 2828
670 2828
680 2828
726 2828
746 2828
750 2828
757 2828
763 2828
780 2828
791 2828
792 2828
807 2828
809 2828
814 2828
824 2828
867 2828
877 2828
930 2828
949 2828
958 2828
990 2828
1021 2828
1047 2828
1068 2828
1123 2828
1142 2828
1146 2828
1152 2828
1171 2828
1183 2828
1186 2828
1217 2828
1263 2828
1277 2828
1292 2828
1295 2828
1303 2828
1422 2828
1434 2828
1455 2828
1462 2828
1481 2828
1493 2828
1511 2828
1532 2828
1538 2828
1551 2828
1559 2828
1574 2828
1593 2828
1620 2828
1634 2828
1681 2828
1723 2828
1755 2828
1765 2828
1786 2828
1812 2828
1813 2828
1846 2828
1879 2828
1885 2828
1887 2828
1895 2828
1905 2828
1933 2828
1947 2828
1986 2828
2022 2828
2030 2828
2065 2828
2078 2828
2099 2828
2122 2828
2129 2828
2154 2828
2190 2828
2213 2828
2219 2828
2236 2828
2265 2828
2285 2828
2291 2828
2363 2828
2368 2828
2379 2828
2381 2828
2383 2828
2391 2828
2439 2828
2447 2828
2459 2828
2467 2828
2468 2828
2473 2828
2478 2828
2484 2828
2506 2828
2530 2828
2543 2828
2581 2828
2627 2828
2630 2828
2631 2828
2703 2828
2704 2828
2777 2828
2791 2828
2804 2828
2818 2828
1096 2829
1809 2829
2815 2829
2737 2830
77 2831
2141 2832
1122 2833
121 2834
1739 2834
121 2835
399 2835
903 2835
1434 2835
133 2836
721 2836
953 2836
1881 2836
2254 2836
2636 2836
2693 2836
202 2837
254 2837
827 2838
2345 2838
1469 2839
2 2840
65 2840
1273 2840
1434 2840
1822 2840
2051 2840
2134 2840
2699 2840
145 2841
945 2842
1248 2843
1341 2843
290 2844
1112 2844
1379 2844
1441 2844
1535 2844
1560 2844
2094 2844
257 2845
2828 2846
2469 2847
113 2848
1374 2848
176 2849
617 2849
808 2849
1122 2849
1862 2849
1812 2850
2321 2850
2828 2850
447 2851
901 2852
1048 2853
2 2854
113 2855
1737 2856
2295 2856
840 2857
47 2858
73 2858
249 2858
377 2858
2071 2859
2254 2859
2636 2859
835 2860
1941 2860
194 2861
361 2862
851 2862
1137 2862
105 2863
301 2863
307 2863
952 2863
1444 2863
2157 2863
2778 2863
2141 2864
1308 2865
926 2866
1604 2866
1680 2866
2548 2866
631 2867
2018 2867
2319 2867
2505 2867
2602 2867
1531 2868
281 2869
603 2870
1255 2871
123 2872
1401 2873
1103 2874
729 2875
1004 2876
146 2877
845 2877
862 2877
1261 2877
1484 2877
1495 2877
1522 2877
1673 2877
1769 2877
2491 2877
2733 2877
2843 2877
332 2878
1687 2878
2110 2878
172 2880
212 2880
444 2880
649 2880
660 2880
937 2880
1090 2880
1165 2880
1216 2880
1306 2880
1425 2880
1489 2880
1524 2880
1737 2880
1942 2880
2062 2880
2123 2880
2141 2880
2201 2880
2295 2880
2321 2880
2672 2880
2691 2880
2864 2880
1428 2881
352 2882
1624 2882
430 2884
123 2885
1363 2886
2877 2887
153 2888
492 2888
1530 2888
1924 2888
2835 2888
1020 2889
2141 2890
2 2891
212 2892
888 2892
1241 2892
1470 2892
1522 2892
1888 2892
249 2893
81 2894
32 2895
1134 2895
2297 2895
2399 2895
2686 2895
1324 2897
2386 2897
2085 2898
2624 2898
62 2899
123 2899
821 2899
2133 2899
2168 2899
2798 2899
8 2900
85 2900
1731 2900
94 2901
220 2901
414 2901
1061 2901
1388 2901
1762 2901
928 2902
1776 2902
1799 2902
1122 2903
1553 2904
718 2905
450 2906
1332 2906
1863 2906
2558 2906
476 2907
832 2908
2116 2908
716 2909
2366 2909
2496 2909
98 2910
530 2910
592 2910
951 2910
1332 2910
1438 2910
1699 2910
1856 2910
2423 2910
113 2911
617 2912
868 2912
1370 2912
2778 2912
2825 2912
1920 2913
175 2914
194 2915
121 2916
1497 2917
81 2918
2828 2919
123 2920
1714 2921
175 2923
2295 2923
446 2924
98 2925
1203 2925
2015 2925
85 2926
147 2926
241 2926
366 2926
685 2926
1023 2926
1110 2926
1407 2926
1873 2926
2088 2926
2879 2926
2922 2926
113 2927
2 2928
523 2928
2119 2929
291 2930
312 2930
1123 2930
2295 2930
2321 2930
2828 2930
108 2931
355 2931
386 2931
669 2931
989 2931
1122 2931
2693 2931
1647 2932
197 2934
794 2934
1852 2934
2184 2934
2767 2934
808 2935
982 2935
988 2935
1913 2935
85 2936
1624 2937
392 2938
1163 2938
2110 2938
2155 2938
138 2939
153 2939
1044 2939
1247 2939
1428 2939
1622 2939
2922 2940
2926 2940
649 2941
830 2941
832 2941
1478 2941
1979 2941
2010 2941
2262 2941
2427 2941
530 2942
660 2942
78 2943
9 2944
169 2944
2828 2944
592 2945
1348 2945
1362 2945
2022 2945
2670 2945
2930 2945
8 2946
2 2947
910 2947
1235 2947
1262 2947
2295 2947
2576 2947
2828 2947
2223 2948
1303 2949
85 2950
1258 2950
1714 2951
509 2952
1219 2952
1611 2952
2127 2952
97 2953
2097 2953
1114 2954
1733 2954
64 2955
1363 2956
2407 2957
377 2958
2516 2958
2550 2959
1937 2960
2134 2960
1122 2961
1363 2962
113 2963
391 2964
739 2964
1363 2964
2469 2964
2503 2964
2847 2964
2860 2964
1913 2965
2081 2966
2584 2966
2750 2966
151 2967
559 2967
794 2967
948 2967
953 2967
1005 2967
1287 2967
1342 2967
1810 2967
2024 2967
2148 2967
2425 2967
2899 2967
621 2968
955 2968
1489 2968
1567 2968
381 2969
1443 2969
6 2970
79 2970
95 2970
492 2970
1363 2971
885 2972
2182 2972
2666 2972
2938 2973
450 2974
80 2975
257 2976
936 2976
1303 2976
80 2977
504 2978
674 2978
1530 2978
1651 2978
1854 2978
2135 2978
2583 2978
2617 2978
2862 2978
52 2979
113 2979
899 2979
16 2980
805 2980
1953 2980
70 2981
2295 2983
313 2984
1516 2984
1930 2984
2750 2984
2780 2984
904 2985
1778 2985
2295 2986
80 2987
2 2988
965 2988
1737 2988
2295 2988
2272 2989
80 2990
568 2991
1520 2992
28 2994
48 2994
109 2994
168 2994
175 2994
341 2994
394 2994
402 2994
493 2994
534 2994
548 2994
569 2994
573 2994
614 2994
621 2994
703 2994
726 2994
728 2994
750 2994
879 2994
930 2994
990 2994
1047 2994
1237 2994
1367 2994
1377 2994
1487 2994
1508 2994
1538 2994
1551 2994
1559 2994
1593 2994
1598 2994
1610 2994
1786 2994
1800 2994
1829 2994
1895 2994
1914 2994
1947 2994
1996 2994
2038 2994
2073 2994
2083 2994
2102 2994
2188 2994
2279 2994
2290 2994
2296 2994
2302 2994
2420 2994
2466 2994
2572 2994
2628 2994
2749 2994
2777 2994
113 2995
1583 2995
2507 2995
2651 2995
2801 2995
113 2996
2223 2997
123 2998
145 2999
1989 3000
175 3001
80 3002
682 3002
123 3003
2885 3003
53 3004
1235 3004
2402 3005
1497 3007
2295 3008
291 3009
713 3009
2204 3009
2 3010
1737 3010
2828 3010
1122 3011
492 3012
2888 3012
2970 3012
157 3013
927 3013
2377 3013
2 3014
2295 3014
2321 3014
2500 3015
447 3016
172 3017
2284 3017
2458 3017
2730 3017
2828 3018
254 3019
512 3019
1057 3019
1174 3019
1449 3019
1622 3019
145 3020
2295 3021
8 3022
1103 3022
2402 3023
1303 3024
2221 3024
2 3025
2994 3026
554 3027
1419 3027
774 3028
774 3029
50 3030
139 3030
236 3030
256 3030
266 3030
517 3030
588 3030
631 3030
1179 3030
1272 3030
1283 3030
1364 3030
1594 3030
1854 3030
1964 3030
1983 3030
2032 3030
381 3031
123 3032
1308 3033
1920 3033
903 3034
145 3035
1328 3036
135 3037
329 3038
76 3039
437 3039
954 3039
1622 3039
1974 3039
2276 3039
2551 3039
113 3040
1374 3040
1132 3041
1827 3041
369 3042
1303 3043
123 3044
169 3044
2825 3044
1456 3045
1990 3045
2544 3045
2826 3045
58 3046
553 3046
649 3046
650 3046
1135 3046
1862 3046
2134 3046
2254 3046
1255 3047
603 3048
80 3049
176 3051
568 3051
113 3052
893 3053
2975 3054
6 3055
427 3055
431 3055
432 3055
727 3055
779 3055
784 3055
831 3055
972 3055
1014 3055
1038 3055
1537 3055
1734 3055
1897 3055
3041 3055
123 3056
751 3056
1016 3056
1122 3056
1586 3056
1950 3056
2321 3057
2 3058
2828 3058
232 3059
647 3059
1424 3059
2014 3059
2693 3059
305 3060
513 3060
1365 3060
1631 3060
2757 3060
2882 3060
1122 3061
2730 3061
2585 3062
249 3063
377 3063
1322 3063
2516 3063
2821 3063
1258 3064
805 3065
3036 3066
812 3067
1125 3067
36 3068
123 3068
156 3068
324 3068
393 3068
407 3068
520 3068
640 3068
834 3068
932 3068
1001 3068
1025 3068
1093 3068
1133 3068
1253 3068
1369 3068
1389 3068
1401 3068
1433 3068
1486 3068
1658 3068
1709 3068
1771 3068
1783 3068
1793 3068
1803 3068
1847 3068
2004 3068
2061 3068
2202 3068
2227 3068
2277 3068
2325 3068
2326 3068
2380 3068
2554 3068
2809 3068
2883 3068
316 3070
1446 3070
2838 3070
1116 3071
2187 3072
1715 3073
1966 3073
2311 3073
2407 3073
105 3074
37 3075
672 3075
1737 3075
2994 3075
266 3076
447 3076
588 3076
621 3076
2361 3076
81 3077
595 3077
281 3079
2550 3079
78 3080
47 3081
675 3081
1920 3081
1991 3081
204 3082
1745 3082
1927 3082
2295 3083
2828 3083
1439 3084
1132 3085
1363 3085
1827 3085
1363 3086
2740 3086
81 3088
799 3089
1838 3089
2502 3089
8 3090
180 3091
188 3091
2499 3091
2693 3091
652 3092
758 3092
941 3092
959 3093
1103 3094
3030 3094
2880 3095
79 3096
554 3097
574 3097
1094 3097
2141 3098
2880 3098
603 3099
2091 3099
851 3100
344 3101
6 3102
2145 3102
56 3103
550 3103
802 3104
2 3105
1737 3105
286 3106
1737 3107
1417 3108
1500 3108
2840 3108
125 3109
1074 3109
1126 3109
1670 3109
2828 3109
79 3110
639 3111
1201 3111
1667 3111
2684 3111
79 3113
1966 3114
885 3115
2730 3117
15 3118
36 3118
156 3118
324 3118
393 3118
515 3118
520 3118
556 3118
595 3118
988 3118
1001 3118
1093 3118
1133 3118
1210 3118
1253 3118
1311 3118
1369 3118
1389 3118
1401 3118
1433 3118
1486 3118
1507 3118
1658 3118
1783 3118
1802 3118
1882 3118
2004 3118
2025 3118
2202 3118
2227 3118
2277 3118
2325 3118
2480 3118
2554 3118
2883 3118
8 3119
713 3119
601 3120
1416 3120
2994 3120
3001 3120
9 3121
80 3121
130 3121
178 3121
257 3121
259 3121
286 3121
618 3121
691 3121
709 3121
840 3121
1030 3121
1135 3121
1363 3121
1501 3121
1711 3121
1753 3121
1822 3121
1848 3121
1903 3121
2089 3121
2132 3121
2295 3121
2320 3121
1277 3122
1953 3123
893 3124
742 3125
799 3126
2502 3126
2141 3127
2880 3127
774 3128
1363 3129
1266 3130
2393 3130
16 3131
377 3131
652 3131
2191 3131
281 3132
1728 3134
381 3135
1363 3135
2588 3135
2763 3136
1124 3137
1172 3137
1737 3137
1200 3138
2029 3138
2271 3138
2298 3138
2754 3138
3111 3138
11 3139
1228 3139
603 3140
1290 3140
1016 3141
597 3142
1189 3142
252 3143
2525 3144
257 3145
630 3146
729 3146
1127 3146
2715 3146
53 3147
2947 3147
846 3148
1016 3148
433 3149
630 3149
132 3150
549 3150
2752 3150
372 3152
1656 3153
1067 3154
1487 3154
808 3155
883 3155
982 3155
1679 3155
1258 3156
1122 3157
1016 3158
81 3159
932 3159
3068 3159
682 3160
1132 3160
1161 3161
833 3162
2 3163
163 3163
2295 3163
2828 3164
6 3165
1223 3165
1226 3165
1548 3165
2233 3165
2690 3165
3133 3165
1122 3166
1737 3167
2295 3167
1122 3168
1356 3169
2120 3170
113 3171
194 3171
982 3171
1436 3171
1586 3171
2629 3171
3056 3171
1913 3172
851 3173
765 3174
121 3175
16 3176
67 3176
158 3176
169 3176
180 3176
321 3176
441 3176
695 3176
737 3176
794 3176
808 3176
948 3176
984 3176
1094 3176
1278 3176
1345 3176
1424 3176
1558 3176
1810 3176
2184 3176
2539 3176
2693 3176
2750 3176
2778 3176
3056 3176
3141 3176
3158 3176
774 3177
1624 3179
3055 3180
1487 3181
3121 3181
1512 3183
1960 3185
2270 3185
301 3186
113 3187
104 3188
160 3188
270 3188
315 3188
423 3188
436 3188
682 3188
732 3188
754 3188
766 3188
964 3188
972 3188
1037 3188
1468 3188
2070 3188
2208 3188
2429 3188
2498 3188
2596 3188
2650 3188
2668 3188
2706 3188
2977 3188
3121 3188
3135 3188
1552 3189
377 3190
278 3191
1966 3191
2527 3191
323 3192
1287 3192
1563 3192
2031 3192
2427 3192
114 3193
153 3193
492 3193
329 3194
16 3195
805 3195
2758 3195
381 3196
123 3197
2 3198
2828 3198
113 3199
1303 3200
329 3201
582 3201
3 3202
6 3202
257 3202
291 3202
329 3202
2537 3202
1322 3204
1821 3204
1799 3205
1907 3205
2371 3205
2828 3205
823 3206
2544 3206
4 3207
2355 3207
1604 3208
1680 3208
108 3209
180 3209
355 3209
669 3209
952 3209
989 3209
2295 3210
616 3211
995 3213
2926 3213
795 3214
2878 3215
2938 3215
3214 3215
76 3216
238 3216
907 3216
1056 3216
1114 3216
1341 3216
1381 3216
1554 3216
1641 3216
2877 3216
1363 3218
2610 3219
719 3220
132 3221
194 3221
549 3221
843 3221
2752 3221
3150 3221
774 3222
202 3223
70 3224
2322 3224
971 3225
1736 3226
2614 3226
13 3227
827 3227
1077 3227
1597 3227
2147 3227
2409 3227
2700 3227
2716 3227
2859 3227
377 3228
757 3228
2627 3228
839 3229
79 3230
779 3231
864 3231
1078 3231
2636 3232
2699 3232
446 3233
2187 3234
2270 3234
1363 3235
2863 3236
4 3237
2756 3237
625 3238
1147 3239
1363 3240
574 3241
492 3242
737 3243
3176 3243
835 3244
2 3245
2828 3245
2294 3246
2588 3247
3188 3247
1440 3248
301 3249
212 3250
1069 3251
2828 3251
3030 3252
624 3253
994 3253
1971 3253
2150 3253
2183 3253
2316 3253
2654 3253
340 3254
2122 3254
2828 3254
2295 3255
329 3256
1303 3257
2270 3258
603 3259
2736 3260
959 3261
113 3262
70 3263
2141 3263
2880 3263
202 3264
1912 3265
1303 3266
2828 3267
609 3268
1838 3269
1609 3270
1851 3271
2295 3271
301 3272
1931 3272
988 3273
1022 3273
2510 3273
1737 3274
2295 3274
832 3275
2736 3275
2812 3275
2 3276
613 3277
1975 3277
2031 3278
19 3279
936 3279
1303 3279
568 3280
965 3281
1737 3281
2828 3281
111 3282
637 3282
653 3282
1965 3282
1989 3282
2390 3282
450 3283
1827 3284
3055 3284
2828 3285
532 3286
1699 3286
2411 3286
1737 3287
381 3288
1363 3288
2878 3289
2544 3290
257 3291
1500 3291
2840 3291
2 3292
395 3293
1553 3293
417 3294
212 3295
123 3296
2111 3296
1223 3297
3 3298
6 3298
396 3298
1394 3298
486 3299
1374 3300
3040 3300
624 3301
1889 3301
1971 3301
2150 3301
2183 3301
2536 3301
2579 3301
2654 3301
157 3303
839 3303
2187 3303
1937 3304
123 3305
2272 3306
2114 3307
2828 3307
73 3308
1087 3308
1647 3308
3081 3308
3092 3308
6 3309
852 3309
1439 3309
713 3310
799 3310
249 3311
1552 3312
2448 3312
919 3313
982 3313
1320 3313
1679 3313
2177 3313
2510 3313
2518 3313
2863 3313
3171 3313
1356 3314
91 3315
896 3315
1283 3315
2029 3315
2505 3315
123 3316
808 3316
1827 3317
3055 3317
37 3318
86 3318
861 3318
683 3319
2321 3319
2994 3319
123 3320
212 3320
948 3320
2262 3320
2427 3320
2610 3320
2669 3320
2967 3320
3176 3320
1963 3321
1124 3322
2 3323
476 3324
839 3324
1497 3326
15 3327
143 3327
229 3327
574 3327
929 3327
1012 3327
1419 3327
2610 3327
2635 3327
2824 3327
94 3328
273 3328
427 3328
431 3328
503 3328
544 3328
2671 3328
3288 3328
338 3330
65 3331
121 3331
169 3331
396 3331
439 3331
553 3331
884 3331
936 3331
981 3331
1162 3331
1216 3331
1224 3331
1289 3331
1332 3331
1376 3331
1487 3331
1500 3331
1644 3331
1682 3331
1840 3331
2102 3331
2337 3331
2522 3331
3046 3331
779 3332
1288 3332
554 3333
3327 3333
58 3334
1122 3335
2295 3336
1443 3337
70 3338
1737 3339
2828 3339
751 3340
1728 3340
9 3341
1515 3342
2484 3342
2537 3342
3279 3342
847 3343
1606 3343
1902 3343
2106 3343
2124 3343
2333 3343
2745 3343
254 3344
415 3344
512 3344
1057 3344
1174 3344
1449 3344
3142 3344
2484 3345
3121 3345
497 3346
1808 3346
2101 3346
2525 3346
2858 3346
2893 3346
3078 3346
3311 3346
1989 3347
839 3348
1969 3348
1122 3349
885 3350
3115 3350
1158 3351
2097 3351
2588 3352
3188 3352
76 3353
954 3353
973 3354
97 3355
2109 3355
3351 3355
202 3356
959 3357
2223 3358
1001 3359
1122 3360
486 3361
2934 3361
265 3362
774 3363
1774 3364
2295 3364
1737 3365
180 3366
316 3366
1054 3366
1424 3366
2499 3366
2590 3366
2693 3366
2 3367
9 3367
487 3367
603 3367
691 3367
761 3367
1030 3367
1132 3367
1224 3367
1470 3367
1644 3367
1753 3367
1822 3367
2354 3367
2359 3367
2534 3367
3202 3367
3345 3367
1682 3368
1730 3368
2267 3368
122 3369
1356 3370
1713 3370
591 3371
2776 3371
1158 3372
3355 3372
2192 3373
2504 3373
2876 3373
3184 3373
959 3374
1504 3374
1518 3374
81 3375
3068 3375
3118 3375
385 3376
2141 3377
6 3378
1503 3378
1530 3378
1651 3378
2862 3378
615 3379
829 3379
2111 3379
2168 3379
2778 3379
68 3380
253 3380
361 3380
475 3380
476 3380
492 3380
533 3380
555 3380
581 3380
687 3380
711 3380
723 3380
839 3380
856 3380
893 3380
1117 3380
1214 3380
1215 3380
1223 3380
1239 3380
1282 3380
1343 3380
1353 3380
1358 3380
1397 3380
1525 3380
1584 3380
1650 3380
1660 3380
1766 3380
2020 3380
2040 3380
2059 3380
2060 3380
2139 3380
2160 3380
2230 3380
2232 3380
2233 3380
2270 3380
2300 3380
2412 3380
2454 3380
2605 3380
2648 3380
2667 3380
2772 3380
2888 3380
2970 3380
3113 3380
3151 3380
49 3381
301 3382
540 3383
2880 3384
286 3385
20 3386
67 3386
123 3386
136 3386
169 3386
176 3386
265 3386
350 3386
435 3386
628 3386
705 3386
764 3386
789 3386
829 3386
868 3386
1122 3386
1370 3386
1494 3386
1718 3386
1727 3386
2096 3386
2141 3386
2375 3386
2403 3386
2547 3386
2880 3386
3149 3386
9 3387
1145 3387
886 3388
2018 3388
2186 3388
2602 3388
3315 3388
1122 3389
2833 3389
1120 3390
735 3391
961 3391
1357 3391
1405 3391
1463 3391
1642 3391
1834 3391
1845 3391
1923 3391
2120 3391
2698 3391
3330 3391
301 3392
1122 3392
381 3393
1363 3393
1827 3393
3328 3393
547 3394
49 3395
78 3396
466 3396
857 3396
1470 3396
1811 3396
2640 3396
3080 3396
3217 3396
80 3397
2588 3397
3188 3397
3386 3398
3380 3400
3068 3401
1001 3402
1125 3403
1413 3403
95 3404
1132 3404
1135 3404
1506 3404
1695 3404
194 3405
542 3406
1563 3406
1 3407
16 3407
35 3407
70 3407
191 3407
301 3407
316 3407
678 3407
743 3407
842 3407
1135 3407
1167 3407
1197 3407
1267 3407
1308 3407
1392 3407
1586 3407
1618 3407
1647 3407
1662 3407
1672 3407
1780 3407
1916 3407
1920 3407
1953 3407
2257 3407
2283 3407
2408 3407
2702 3407
2714 3407
2880 3407
2892 3407
3006 3407
3033 3407
3250 3407
1362 3408
2719 3408
615 3409
2663 3409
3366 3409
1356 3410
79 3411
286 3412
1005 3413
1419 3413
1655 3413
2246 3413
2610 3413
2967 3413
1500 3414
2840 3414
153 3415
199 3415
889 3415
970 3415
1412 3415
1477 3415
1633 3415
2317 3415
3062 3415
3165 3415
3297 3415
3373 3415
3380 3415
446 3416
3380 3417
2204 3418
2223 3420
70 3421
145 3422
364 3422
1412 3422
1721 3422
2238 3422
2647 3422
3182 3422
2895 3423
566 3424
70 3425
2880 3425
254 3426
2270 3426
1737 3427
2321 3427
2994 3427
49 3428
1363 3429
713 3430
799 3430
1 3431
202 3431
219 3431
379 3431
439 3431
540 3431
912 3431
1408 3431
1970 3431
2827 3431
2955 3431
3050 3431
62 3432
194 3432
516 3432
516 3433
1067 3433
1096 3433
1475 3433
2304 3433
3142 3434
257 3435
17 3436
1303 3437
2602 3438
2816 3438
323 3439
1470 3439
2031 3439
2262 3439
2427 3439
751 3440
1728 3440
2271 3441
2505 3441
2816 3441
3315 3441
3039 3442
145 3443
361 3443
2661 3443
3193 3443
3380 3443
2295 3444
485 3445
2926 3446
286 3447
965 3448
1409 3448
2321 3448
2687 3448
329 3449
2 3450
879 3450
2295 3450
1555 3451
1061 3452
2901 3452
2295 3453
40 3454
694 3454
1015 3454
1122 3454
1256 3454
1287 3454
1296 3454
1563 3454
1849 3454
2222 3454
2256 3454
2455 3454
2759 3454
2788 3454
2805 3454
431 3455
503 3455
540 3455
784 3455
1038 3455
138 3456
155 3456
661 3456
910 3456
1412 3456
1757 3456
1827 3456
1998 3456
2835 3456
3328 3456
3383 3456
3431 3456
3455 3456
169 3457
428 3457
1122 3457
1890 3457
2610 3457
1244 3458
2321 3459
753 3460
1434 3460
286 3461
79 3462
500 3462
845 3462
2436 3462
2574 3462
3182 3462
64 3463
146 3463
910 3463
1135 3463
2835 3463
2843 3463
3331 3463
3431 3463
732 3464
204 3465
3082 3465
8 3466
1124 3467
574 3468
95 3469
361 3469
651 3469
893 3469
2839 3469
457 3470
8 3471
202 3471
651 3471
698 3471
951 3471
1067 3471
2545 3471
28 3472
175 3472
181 3472
186 3472
296 3472
394 3472
402 3472
489 3472
548 3472
569 3472
585 3472
626 3472
703 3472
728 3472
750 3472
763 3472
879 3472
985 3472
990 3472
1415 3472
1485 3472
1538 3472
1545 3472
1593 3472
1598 3472
1610 3472
1786 3472
1813 3472
1914 3472
2009 3472
2188 3472
2242 3472
2250 3472
2279 3472
2290 3472
2296 3472
2302 3472
2368 3472
2420 3472
2439 3472
2459 3472
2628 3472
2777 3472
2880 3472
2900 3472
3010 3472
3014 3472
3026 3472
3075 3472
3120 3472
3302 3472
3427 3472
1113 3473
2247 3473
2555 3473
123 3474
2295 3475
481 3476
675 3476
1647 3476
1791 3476
1808 3476
2 3477
158 3478
169 3478
180 3478
413 3478
441 3478
695 3478
714 3478
737 3478
808 3478
948 3478
984 3478
1122 3478
1278 3478
1345 3478
1424 3478
1810 3478
1911 3478
1953 3478
2007 3478
2031 3478
2081 3478
2184 3478
2194 3478
2289 3478
2422 3478
2513 3478
2539 3478
2750 3478
2758 3478
2778 3478
2934 3478
3056 3478
3243 3478
2 3479
2295 3479
2828 3479
2 3480
529 3481
624 3483
1135 3483
3071 3483
1122 3484
1737 3485
3472 3485
9 3486
530 3487
1128 3487
1135 3487
1544 3487
2263 3487
1022 3488
13 3489
3146 3489
1135 3490
3121 3490
58 3491
1434 3491
886 3492
682 3493
880 3494
1291 3494
1611 3494
1967 3494
99 3495
130 3495
335 3495
487 3495
908 3495
1135 3495
1273 3495
1375 3495
1822 3495
1888 3495
2051 3495
2134 3495
3202 3495
3342 3495
3414 3495
529 3496
2406 3496
286 3497
1582 3497
1790 3497
1959 3497
2434 3497
2700 3498
486 3499
1303 3500
2484 3500
1737 3501
2321 3501
2828 3501
2994 3501
1699 3502
1732 3502
2 3503
2295 3503
123 3505
1124 3506
959 3507
3301 3508
3060 3509
1324 3510
2386 3510
206 3511
1026 3511
1737 3511
2321 3512
2994 3512
3472 3512
212 3513
258 3513
1539 3513
2 3514
2295 3515
2828 3515
37 3516
86 3516
94 3516
672 3516
97 3517
2295 3517
2321 3517
81 3518
933 3519
2120 3520
1443 3521
2569 3521
554 3522
1419 3522
568 3523
3146 3523
301 3524
49 3525
570 3527
2823 3527
3454 3528
3030 3529
505 3530
95 3531
661 3531
2187 3531
2497 3531
2978 3531
686 3532
912 3532
1114 3532
2390 3532
2877 3532
3019 3532
1244 3533
2828 3534
307 3535
1024 3535
1735 3535
2849 3535
2912 3535
329 3536
194 3537
1124 3538
2544 3539
3290 3539
113 3540
1363 3541
316 3542
827 3542
1446 3542
2838 3542
1303 3543
3495 3543
3380 3544
1120 3545
1131 3545
52 3546
113 3546
899 3546
2746 3546
839 3547
3142 3548
15 3549
2610 3549
2967 3549
2 3551
3503 3551
338 3552
1198 3552
845 3553
592 3554
886 3555
2978 3555
696 3556
1061 3557
1630 3558
2842 3558
1359 3559
767 3560
65 3561
1553 3562
2407 3562
2 3563
1731 3563
2295 3563
2321 3563
2828 3563
2910 3563
1114 3564
1541 3565
1504 3566
1830 3566
2738 3566
3374 3566
77 3567
1736 3568
2810 3568
226 3569
386 3569
615 3569
3346 3570
402 3571
2912 3572
487 3573
908 3573
1135 3573
1375 3573
1412 3573
1822 3573
2051 3573
2348 3573
3500 3573
588 3574
1349 3574
2730 3574
1553 3575
161 3576
494 3576
1211 3576
2295 3577
2994 3577
3472 3577
839 3578
2204 3579
90 3580
218 3580
608 3580
917 3580
3191 3580
832 3581
1028 3582
136 3583
301 3583
470 3583
628 3583
764 3583
1020 3583
1122 3583
1344 3583
1494 3583
2141 3583
3149 3583
6 3584
219 3584
267 3584
286 3584
361 3584
389 3584
653 3584
1048 3584
1135 3584
1138 3584
1393 3584
1408 3584
1412 3584
1544 3584
1566 3584
1970 3584
1994 3584
2218 3584
2295 3584
2568 3584
2591 3584
2657 3584
2787 3584
2828 3584
2900 3584
3119 3584
3329 3584
3471 3584
1363 3585
1362 3586
839 3587
1305 3587
2187 3587
123 3588
1400 3588
2321 3589
2687 3589
852 3590
3386 3591
79 3592
3380 3592
563 3593
850 3593
917 3593
772 3594
1874 3595
770 3596
492 3597
2186 3597
2270 3597
799 3598
1838 3598
2502 3598
851 3599
893 3599
3100 3599
3118 3600
79 3601
1204 3601
126 3602
715 3602
1432 3602
2382 3602
2901 3602
6 3603
105 3603
143 3603
194 3603
268 3603
516 3603
693 3603
721 3603
947 3603
953 3603
1096 3603
1466 3603
1512 3603
1618 3603
1639 3603
2212 3603
2223 3603
2370 3603
2499 3603
2629 3603
751 3604
1077 3604
1320 3604
2510 3604
2863 3604
1122 3605
852 3606
123 3607
123 3608
1940 3608
2797 3608
1308 3609
222 3610
1194 3610
1749 3610
2711 3610
2720 3610
3519 3610
1225 3611
1737 3611
1067 3612
1500 3612
2537 3612
3573 3612
1235 3613
2119 3613
113 3614
94 3615
171 3615
973 3616
2544 3617
2826 3617
538 3618
2884 3618
2080 3619
3045 3619
516 3620
1308 3620
1819 3620
3209 3620
3221 3620
329 3621
3118 3622
81 3623
3068 3623
329 3624
698 3625
2840 3625
2960 3625
3487 3625
3495 3625
3584 3625
114 3626
217 3626
1525 3626
3415 3626
1553 3627
2633 3627
847 3628
3069 3628
257 3629
1917 3629
3121 3629
1056 3630
3532 3630
713 3632
214 3633
2075 3633
212 3634
3407 3634
2500 3635
718 3636
1303 3637
172 3638
2723 3638
770 3639
1242 3639
1394 3639
2333 3639
182 3640
2141 3641
2458 3642
185 3643
530 3643
2652 3643
3584 3644
266 3645
461 3645
1201 3645
3111 3645
1363 3646
1624 3647
2828 3648
725 3649
851 3649
15 3650
1342 3650
1419 3650
2610 3650
72 3651
160 3651
425 3651
436 3651
682 3651
732 3651
964 3651
972 3651
1037 3651
1078 3651
1161 3651
1384 3651
1468 3651
1487 3651
1719 3651
1752 3651
1912 3651
1918 3651
2028 3651
2070 3651
2308 3651
2453 3651
2619 3651
2956 3651
2977 3651
2987 3651
2990 3651
3049 3651
3054 3651
3161 3651
3265 3651
3397 3651
3526 3651
2295 3652
136 3653
1797 3653
2626 3653
3068 3654
3118 3654
2610 3655
954 3656
1622 3656
2187 3656
230 3657
2223 3657
1303 3658
1122 3659
1726 3659
1122 3660
785 3661
2952 3661
3494 3661
153 3662
318 3662
492 3662
153 3663
492 3663
1104 3663
3193 3663
80 3664
1363 3664
1390 3664
2790 3664
132 3665
194 3665
1294 3665
1303 3665
113 3666
121 3667
1987 3667
615 3668
1444 3668
1972 3668
3313 3668
2295 3669
257 3670
830 3670
1478 3670
9 3671
380 3671
1145 3671
1193 3671
2379 3671
553 3672
1412 3672
1731 3672
145 3673
361 3673
851 3673
2560 3673
3380 3673
111 3674
2080 3674
2544 3674
3211 3674
3619 3674
540 3675
698 3675
904 3675
1544 3675
1778 3675
2537 3675
3456 3675
3487 3675
37 3676
246 3676
1485 3676
1500 3676
2354 3676
2361 3676
312 3677
1313 3677
2423 3677
2880 3677
202 3678
650 3678
2336 3678
2960 3678
3495 3678
3573 3678
238 3679
512 3679
927 3679
1221 3679
1428 3679
1449 3679
2373 3679
2939 3679
3019 3679
3039 3679
3656 3679
2321 3680
2994 3680
3472 3680
385 3681
891 3681
281 3682
1405 3683
2483 3683
2187 3684
869 3685
3203 3685
238 3686
1426 3686
2877 3686
3630 3686
145 3687
1655 3688
1641 3689
3216 3689
1377 3690
2828 3690
1273 3691
1412 3691
1417 3691
2051 3691
3342 3691
3500 3691
3675 3691
1488 3692
121 3693
574 3694
3327 3694
77 3695
130 3696
691 3696
1162 3696
1224 3696
1271 3696
1418 3696
1644 3696
2348 3696
2682 3696
3154 3696
3612 3696
2994 3697
2926 3698
2940 3698
1654 3699
111 3700
202 3700
653 3700
1970 3700
2390 3700
123 3701
1599 3701
1308 3702
1920 3702
1061 3703
2901 3703
2896 3704
3000 3704
3347 3704
2828 3705
3285 3705
1048 3706
1362 3706
3068 3707
3118 3707
371 3708
428 3708
948 3708
3320 3708
751 3709
3171 3709
296 3710
2627 3710
3228 3710
3118 3711
1223 3712
1871 3712
2876 3712
3415 3712
799 3713
85 3714
301 3715
38 3716
113 3716
194 3716
593 3716
611 3716
883 3716
1436 3716
1502 3716
1728 3716
1862 3716
2224 3716
3209 3716
3436 3716
2711 3717
67 3718
286 3718
4 3719
3422 3719
3462 3719
3583 3720
1512 3721
2427 3721
2828 3722
13 3723
1122 3723
2521 3723
1268 3724
1419 3724
6 3725
107 3725
177 3725
187 3725
189 3725
304 3725
427 3725
432 3725
724 3725
784 3725
801 3725
1014 3725
1111 3725
1615 3725
1747 3725
1897 3725
1945 3725
1956 3725
2248 3725
2431 3725
2437 3725
2533 3725
2569 3725
2671 3725
2793 3725
3041 3725
3085 3725
3116 3725
3135 3725
3180 3725
3367 3725
3404 3725
77 3726
121 3727
70 3728
81 3729
603 3730
2 3731
847 3732
1902 3732
2106 3732
2333 3732
936 3733
3232 3733
145 3734
729 3735
869 3735
2715 3735
3685 3735
1291 3736
1570 3736
1754 3736
2982 3736
3445 3736
568 3737
2863 3738
342 3739
2043 3739
385 3740
3691 3741
2 3742
2828 3742
113 3743
496 3744
1135 3744
1730 3744
2267 3744
1122 3745
1261 3746
1826 3746
2736 3747
832 3748
3380 3749
3544 3749
660 3750
1654 3750
1906 3750
2085 3750
2241 3750
2624 3750
2683 3750
3469 3751
175 3752
601 3752
3120 3752
49 3753
2327 3754
2516 3754
2656 3754
823 3755
2544 3755
3206 3755
805 3756
2613 3756
1122 3757
2141 3758
113 3759
79 3760
1303 3761
3691 3761
457 3762
143 3763
2736 3763
94 3764
424 3764
1383 3764
1391 3764
1918 3764
2090 3764
2308 3764
2429 3764
1925 3765
1961 3765
2193 3765
2812 3765
2941 3765
14 3766
357 3766
527 3766
720 3766
899 3766
1042 3766
1088 3766
1419 3766
1679 3766
1833 3766
1869 3766
1877 3766
2177 3766
2254 3766
2518 3766
2534 3766
2746 3766
2863 3766
2912 3766
3379 3766
3569 3766
3668 3766
381 3767
1962 3767
3328 3767
3455 3767
774 3768
2 3769
2213 3769
2828 3769
3198 3769
945 3770
2975 3771
3651 3771
1456 3772
1016 3773
888 3774
1470 3774
2254 3774
254 3775
58 3776
1088 3776
1699 3776
2835 3776
3076 3776
2097 3777
3355 3777
2187 3778
2295 3779
1097 3780
343 3781
435 3781
321 3782
713 3782
1298 3782
2054 3782
2324 3782
3076 3782
3638 3782
1776 3783
3321 3783
65 3784
82 3784
121 3784
169 3784
396 3784
742 3784
884 3784
904 3784
936 3784
981 3784
1224 3784
1255 3784
1289 3784
1303 3784
1376 3784
1682 3784
1840 3784
2354 3784
3046 3784
3121 3784
3463 3784
79 3785
3380 3785
145 3786
61 3787
1116 3787
3483 3787
1827 3788
3055 3788
2736 3789
3685 3790
232 3791
1028 3791
2014 3791
2693 3791
2899 3791
846 3792
1558 3792
592 3793
212 3794
1539 3794
399 3795
145 3796
608 3797
3191 3797
1504 3798
1518 3798
1830 3798
1024 3799
70 3800
718 3800
2295 3800
2410 3800
3491 3800
15 3801
2828 3802
1122 3803
1601 3803
202 3804
2877 3804
123 3805
1016 3805
1122 3805
1586 3805
1950 3805
2120 3805
3176 3805
3478 3805
252 3806
938 3806
1419 3806
1655 3806
2223 3806
2967 3806
3192 3806
772 3807
2878 3807
6 3808
1135 3808
1434 3808
3367 3808
3573 3808
3696 3808
828 3809
3558 3809
49 3810
76 3811
415 3811
954 3811
3039 3811
3216 3811
3353 3811
3686 3811
2588 3812
922 3813
832 3814
110 3815
406 3815
564 3815
621 3815
676 3815
762 3815
765 3815
871 3815
925 3815
979 3815
1034 3815
1157 3815
1258 3815
1454 3815
1482 3815
1588 3815
1637 3815
2053 3815
2152 3815
2374 3815
2413 3815
2428 3815
2662 3815
2712 3815
2781 3815
2802 3815
2900 3815
2926 3815
3112 3815
3212 3815
3399 3815
3631 3815
318 3816
1104 3816
2888 3816
2970 3816
3193 3816
6 3817
151 3817
215 3817
516 3817
635 3817
794 3817
804 3817
944 3817
948 3817
953 3817
1005 3817
1278 3817
1287 3817
1342 3817
2425 3817
2561 3817
2899 3817
3320 3817
3413 3817
3549 3817
3801 3817
3806 3817
114 3818
217 3818
686 3818
1525 3818
1122 3819
839 3820
878 3821
70 3822
1356 3823
718 3824
1961 3824
2295 3825
554 3826
1012 3826
1016 3826
1419 3826
1655 3826
1794 3826
2024 3826
2967 3826
3097 3826
3178 3826
3478 3826
91 3827
440 3827
461 3827
1474 3827
1651 3827
3441 3827
2 3828
3188 3829
779 3830
2039 3830
2301 3830
2569 3830
2588 3830
3231 3830
3651 3830
1999 3831
2223 3831
539 3832
1249 3832
1382 3832
2220 3832
2776 3832
257 3833
202 3834
713 3834
852 3834
1303 3834
735 3835
1175 3835
1198 3835
1357 3835
1586 3835
1845 3835
2685 3835
2698 3835
3552 3835
872 3836
2 3837
2295 3837
2994 3837
145 3838
1350 3838
1506 3838
2727 3838
2896 3838
3000 3838
3282 3838
2544 3839
1737 3840
2321 3840
2828 3840
2994 3840
614 3841
2828 3841
2321 3842
2828 3842
2945 3842
6 3843
266 3843
577 3843
841 3843
1227 3843
1349 3843
1635 3843
1838 3843
121 3844
399 3844
912 3844
2361 3844
2888 3844
2939 3844
3776 3844
1428 3845
89 3846
212 3846
435 3846
617 3846
743 3846
1016 3846
1122 3846
1197 3846
1230 3846
1326 3846
1418 3846
1549 3846
1722 3846
2103 3846
2714 3846
2865 3846
2880 3846
2913 3846
3033 3846
3081 3846
3331 3846
3407 3846
3784 3846
1056 3847
1495 3847
172 3848
267 3848
2120 3849
832 3850
2193 3850
2118 3851
2346 3851
128 3852
1790 3853
1898 3853
3497 3853
1045 3854
2365 3854
2828 3854
1827 3855
1611 3856
2952 3856
3494 3856
381 3857
1962 3857
3328 3857
3584 3858
73 3859
1087 3859
1647 3859
1808 3859
3092 3859
718 3860
178 3861
2 3862
1737 3862
912 3863
1381 3863
2390 3863
2877 3863
3344 3863
3630 3863
3811 3863
8 3864
3584 3864
1871 3865
2876 3865
3297 3865
663 3866
1124 3866
1475 3867
1539 3867
2223 3867
2258 3867
2836 3867
3176 3867
603 3868
70 3869
329 3870
70 3871
359 3872
1185 3872
3 3873
1242 3873
1394 3873
1730 3873
3368 3873
79 3874
203 3874
364 3874
500 3874
514 3874
845 3874
1261 3874
1412 3874
1431 3874
1633 3874
1721 3874
1850 3874
2367 3874
3100 3874
3182 3874
3380 3874
3599 3874
2075 3875
3482 3875
1363 3876
3188 3876
3651 3876
2031 3877
1799 3878
1907 3878
2371 3878
2828 3878
2116 3879
700 3880
3071 3880
123 3881
2085 3882
2241 3882
1016 3883
307 3884
145 3885
194 3886
2828 3887
2828 3888
1363 3889
4 3890
1363 3891
3137 3892
291 3893
1242 3893
378 3894
1390 3894
63 3895
78 3895
857 3895
314 3896
712 3896
865 3896
993 3896
1182 3896
1478 3896
2140 3896
2307 3896
2351 3896
2582 3896
2635 3896
2678 3896
3260 3896
3333 3896
3419 3896
3550 3896
3747 3896
3763 3896
3789 3896
123 3897
893 3898
2378 3898
2602 3899
851 3900
1103 3900
2018 3900
2186 3900
3827 3900
342 3901
878 3901
2043 3901
3665 3901
2763 3902
1024 3903
3781 3903
885 3904
839 3905
2187 3905
1362 3906
603 3907
2610 3908
839 3909
149 3910
249 3910
298 3910
299 3910
1251 3910
2136 3910
2353 3910
2516 3910
2731 3910
2958 3910
3346 3910
1737 3911
2321 3911
2032 3912
3030 3912
1122 3913
258 3914
1001 3915
1779 3915
1428 3916
2881 3916
832 3917
3275 3917
70 3918
2295 3919
1302 3920
1359 3920
2295 3921
2321 3921
2994 3921
2018 3922
611 3923
1475 3923
3209 3923
123 3924
2067 3924
1504 3925
1518 3925
1830 3925
1303 3926
717 3928
757 3928
2627 3928
2993 3928
131 3929
2 3930
2828 3930
114 3931
655 3931
686 3931
352 3932
846 3933
1016 3933
799 3934
3089 3934
3704 3935
3838 3935
3630 3936
3686 3936
385 3937
1409 3938
2295 3938
2687 3938
2370 3939
3074 3939
742 3940
2500 3941
3066 3942
3325 3942
123 3943
1008 3944
1966 3944
2407 3944
238 3945
1341 3945
1426 3945
1656 3945
2390 3945
2877 3945
3344 3945
3811 3945
2756 3946
1616 3947
2272 3947
3692 3947
886 3948
2978 3948
1122 3949
2730 3949
70 3950
52 3951
357 3951
1016 3951
1555 3951
2510 3951
3409 3951
1363 3952
2225 3952
1303 3953
1997 3953
1950 3954
123 3955
123 3956
169 3956
2825 3956
85 3957
3583 3958
3068 3959
3118 3959
2 3960
975 3960
2828 3961
2993 3961
3251 3961
2954 3962
603 3963
1290 3963
301 3964
1825 3964
2933 3964
1016 3965
1122 3966
779 3967
3087 3967
808 3968
982 3968
1913 3968
2510 3968
2 3969
65 3969
646 3969
1434 3969
1515 3969
1822 3969
2051 3969
2699 3969
3291 3969
3414 3969
3504 3969
3676 3969
3834 3969
805 3970
307 3971
1001 3972
136 3973
162 3973
221 3973
265 3973
301 3973
470 3973
628 3973
764 3973
1122 3973
1494 3973
2141 3973
2375 3973
2462 3973
3583 3973
3927 3973
3958 3973
169 3974
215 3974
516 3974
737 3974
804 3974
943 3974
953 3974
1122 3974
1268 3974
1563 3974
1810 3974
2024 3974
2184 3974
2310 3974
2416 3974
2767 3974
3027 3974
3413 3974
3522 3974
3650 3974
3766 3974
3801 3974
3826 3974
202 3975
852 3975
1303 3975
1457 3976
1731 3976
2941 3976
3253 3976
2402 3977
1122 3978
1841 3978
2407 3979
15 3980
554 3980
1016 3980
1655 3980
1794 3980
2610 3980
3176 3980
3178 3980
1131 3981
3608 3982
123 3983
281 3984
839 3985
1876 3985
378 3986
2790 3986
839 3987
3407 3988
254 3989
954 3989
1057 3989
1646 3990
2588 3990
2679 3990
2828 3991
286 3992
276 3993
2661 3994
3626 3994
3818 3994
76 3995
3216 3995
2223 3996
1363 3997
1512 3998
1181 3999
2508 3999
2295 4000
