1 4
5 6
2 7
3 7
4 8
6 8
4 9
12 15
15 17
15 19
15 21
15 24
6 26
17 30
12 31
17 33
17 39
15 49
15 54
6 56
6 58
6 59
8 60
5 66
51 68
12 72
14 72
15 74
8 75
73 75
14 77
3 78
6 78
8 78
4 79
6 79
23 79
59 82
71 83
14 84
15 86
17 87
2 89
8 89
29 89
75 89
78 89
15 90
33 91
15 94
1 95
2 95
12 96
9 97
71 97
78 97
14 100
74 100
4 101
78 101
5 102
4 103
78 103
17 104
1 108
6 108
51 108
81 108
10 110
13 113
15 113
15 116
6 120
15 126
36 128
71 129
108 130
17 131
126 132
17 133
5 141
5 142
114 142
125 142
138 143
12 144
111 144
17 145
142 147
100 148
4 149
16 150
17 150
142 152
12 153
37 153
13 154
34 154
154 162
31 163
144 163
160 163
6 164
15 165
33 165
65 165
100 165
12 169
15 169
59 171
125 171
94 172
13 174
64 174
13 175
15 175
163 175
138 179
175 179
1 185
68 185
17 186
135 186
5 187
79 187
15 191
4 195
71 196
12 197
6 201
43 205
1 206
2 206
110 206
125 206
154 208
15 209
15 212
100 214
8 215
152 216
132 217
126 219
143 219
154 221
14 222
94 222
184 223
163 224
124 225
143 227
28 229
33 229
126 230
8 232
59 232
99 233
120 233
5 234
15 236
36 238
89 238
217 238
14 239
15 240
154 241
8 242
59 242
12 245
33 246
13 247
105 247
225 249
248 250
15 251
224 251
14 252
17 255
2 259
15 269
140 270
100 272
15 274
126 276
135 276
165 276
179 276
163 278
80 280
108 281
150 283
154 283
223 283
126 285
165 285
5 287
29 287
5 288
17 292
154 293
94 295
13 296
15 296
57 296
175 296
211 296
2 297
8 299
12 300
6 301
6 303
7 304
95 304
109 305
6 306
15 307
260 308
74 309
219 310
258 311
91 312
310 312
12 314
194 314
208 314
17 315
163 316
208 317
38 318
156 318
75 324
296 328
169 329
179 329
108 330
78 332
210 332
17 333
29 335
142 335
12 337
208 337
319 337
48 342
208 342
14 346
260 346
15 350
223 350
48 351
208 351
1 353
103 353
125 353
304 353
270 355
277 355
14 357
353 358
15 359
28 360
14 362
158 363
152 364
17 365
163 366
108 367
12 372
51 373
100 374
95 375
75 376
100 378
131 378
59 382
15 383
50 385
291 386
15 387
225 389
233 390
162 391
27 395
2 396
154 397
15 398
59 399
68 399
83 399
97 399
289 399
390 399
154 401
14 403
150 404
384 407
12 409
225 409
280 409
29 410
75 412
95 412
79 413
339 413
45 414
83 414
196 414
277 414
294 414
356 414
233 415
5 416
4 417
89 417
332 417
5 420
118 421
349 421
408 421
165 422
138 427
6 428
15 429
169 429
175 429
235 429
262 429
279 429
337 429
223 430
165 433
123 435
395 439
8 440
110 440
156 440
263 440
319 440
354 440
325 442
46 445
91 446
143 447
143 450
112 452
136 452
171 452
226 452
343 452
380 452
394 452
431 452
432 452
5 453
12 454
163 454
97 457
165 458
41 459
67 459
71 460
414 460
71 461
71 462
399 462
414 462
360 463
12 466
152 467
5 468
140 469
75 470
440 470
15 471
192 471
262 471
316 471
329 471
352 471
163 474
33 476
15 479
386 480
421 481
62 482
170 483
310 484
446 484
311 485
6 486
1 487
92 487
237 487
64 490
210 492
75 493
15 494
132 496
193 496
15 497
225 498
64 500
72 500
447 500
79 501
129 501
452 503
6 504
8 504
152 504
13 506
15 506
28 506
33 509
261 509
360 509
451 509
62 510
59 512
506 513
304 514
154 515
487 516
28 517
33 517
309 518
6 519
55 519
75 519
97 519
284 519
452 519
457 519
170 521
223 521
342 521
219 522
223 523
93 525
22 527
31 527
75 527
105 527
106 527
224 527
232 527
409 527
429 527
471 527
154 528
163 529
14 530
64 530
115 530
148 530
175 530
483 530
499 530
163 532
94 533
452 534
154 536
108 538
223 541
223 543
28 544
33 544
13 545
15 545
175 545
276 545
17 546
8 547
13 548
449 548
526 548
74 549
148 549
344 549
163 550
17 553
142 554
33 556
261 556
509 556
13 557
15 557
449 557
5 558
381 559
519 561
381 563
11 566
17 566
63 566
500 566
540 566
152 567
6 569
452 571
152 572
75 574
556 575
5 578
12 581
179 583
154 584
549 586
176 587
549 588
7 589
29 589
78 589
585 590
370 591
15 593
105 593
471 593
381 596
172 601
592 601
179 602
135 603
95 604
33 605
221 606
202 608
100 609
530 609
350 610
64 611
100 612
231 612
261 612
429 612
607 612
74 613
148 613
257 613
344 613
586 613
609 613
233 614
399 614
59 616
484 617
3 618
4 618
237 618
487 618
551 618
15 619
6 620
471 621
615 622
280 624
348 626
181 627
12 628
14 632
351 632
565 632
613 632
15 635
28 636
138 636
186 636
422 636
553 636
251 637
393 637
590 637
233 639
75 640
347 641
51 643
71 643
108 643
125 644
142 644
206 644
266 644
618 644
6 645
461 649
462 649
351 650
406 650
11 651
13 651
75 651
78 651
89 651
101 651
142 651
199 651
216 651
329 651
429 651
452 651
467 651
564 651
567 651
589 651
309 653
180 654
198 654
208 654
351 654
404 654
430 654
6 655
9 655
264 655
399 655
487 655
618 655
465 657
33 658
651 660
506 661
6 665
7 665
440 665
15 668
154 669
6 670
31 671
85 671
94 671
150 671
207 671
379 671
393 671
488 671
590 671
624 671
637 671
94 672
651 673
296 674
15 677
363 678
79 679
81 679
130 679
182 679
281 679
367 679
377 679
434 679
444 679
481 679
655 679
659 679
163 680
15 681
36 682
79 682
119 682
126 682
149 682
215 682
321 682
651 682
17 683
194 684
208 684
419 685
452 687
15 689
105 689
452 690
8 692
8 694
238 694
17 697
29 698
613 699
7 700
22 701
31 701
61 701
74 701
94 701
224 701
354 701
409 701
369 702
94 703
142 704
154 705
651 706
527 708
701 708
100 710
546 710
163 712
671 712
79 713
89 714
304 714
5 716
363 718
62 719
51 720
196 720
277 720
525 720
651 720
665 720
51 722
210 722
509 723
517 723
544 723
29 724
7 725
12 726
223 726
500 726
110 728
329 728
332 728
429 728
665 728
154 729
15 730
94 731
622 732
154 733
536 733
3 734
67 734
78 734
103 734
203 734
524 734
14 735
527 735
153 736
36 737
215 737
232 737
651 737
519 738
227 740
144 742
651 743
15 744
448 745
33 746
701 747
17 748
473 749
651 749
519 750
651 750
6 751
323 751
33 753
17 754
363 755
505 755
154 756
15 759
39 759
53 759
243 759
455 759
594 759
656 759
671 759
6 760
229 761
360 761
370 761
544 761
612 761
465 762
232 763
7 764
78 764
94 765
252 765
12 767
500 767
100 769
145 769
458 769
656 769
671 769
6 771
89 772
469 772
491 772
163 773
511 773
223 774
717 774
651 775
17 776
165 776
509 776
557 776
577 776
746 776
229 781
138 782
484 782
617 782
150 783
223 783
314 783
337 783
651 784
163 785
566 785
47 786
67 786
152 786
264 786
508 786
531 786
555 786
94 789
15 792
163 793
319 794
717 794
270 797
277 797
469 797
573 797
643 797
715 797
62 798
325 798
424 798
562 798
471 799
222 800
354 800
566 801
471 802
71 803
414 803
649 803
60 805
627 807
10 808
235 809
446 811
617 811
758 811
212 812
17 813
759 813
97 815
137 815
642 815
378 816
353 817
349 818
597 819
208 821
138 822
484 822
31 823
169 823
224 823
278 823
316 823
379 823
393 823
488 823
566 823
570 823
624 823
637 823
712 823
769 823
780 823
304 824
500 825
4 826
324 826
655 826
764 826
51 827
83 827
152 827
196 827
692 827
413 830
679 831
587 832
613 833
126 834
2 835
134 837
144 837
190 837
222 837
253 837
290 837
334 837
340 837
366 837
454 837
490 837
532 837
582 837
712 837
785 837
810 837
15 839
8 840
9 840
78 840
79 840
101 840
264 840
318 840
353 840
564 840
679 840
808 840
826 840
94 841
106 841
223 841
337 841
354 841
368 841
372 841
440 841
527 841
794 841
802 841
179 842
78 844
95 844
193 845
219 845
2 846
8 846
89 846
266 846
304 846
665 846
17 847
31 847
52 847
126 847
153 847
222 847
372 847
466 847
498 847
794 847
471 848
17 849
710 849
14 850
15 852
501 854
260 856
651 856
223 857
710 858
759 858
14 859
344 859
33 861
231 861
261 861
776 861
12 862
163 862
701 862
76 863
100 864
527 865
14 866
679 869
6 871
500 872
207 873
251 873
17 875
6 877
776 878
798 879
814 879
447 880
450 880
647 880
452 881
8 882
100 882
145 882
193 882
682 882
859 882
154 883
459 884
840 884
448 886
566 886
651 886
64 887
573 890
643 890
15 891
12 892
251 892
15 893
77 894
150 894
260 894
308 894
326 894
856 894
506 895
207 896
739 896
769 897
170 899
654 899
734 900
15 901
710 902
414 903
720 903
13 904
165 904
612 904
632 904
882 904
798 905
440 906
342 907
679 908
31 909
105 909
224 909
316 909
511 909
560 909
773 909
804 909
862 909
174 910
175 910
527 910
761 911
776 911
710 912
43 913
139 913
166 913
206 914
304 914
604 914
17 915
626 915
759 915
12 919
46 920
264 920
358 920
514 920
695 920
163 921
680 921
386 922
267 923
426 923
863 923
104 924
138 924
150 924
186 924
458 924
519 924
546 924
553 924
142 925
786 925
414 927
87 928
100 928
336 928
594 928
671 928
13 929
223 930
15 931
828 932
335 933
664 933
855 933
268 934
62 935
250 935
798 935
440 937
153 938
233 939
5 940
407 941
108 942
679 942
557 943
15 945
13 946
471 946
841 946
429 947
94 948
8 949
737 949
6 950
59 951
6 953
51 953
79 953
81 953
659 953
869 953
885 953
942 953
452 956
414 957
828 958
651 960
13 963
632 963
770 963
910 963
557 964
202 965
79 966
713 966
1 967
59 967
68 967
83 967
390 967
462 967
614 967
1 970
4 970
69 970
126 970
171 970
324 970
399 970
414 970
506 970
631 970
651 970
840 970
853 970
951 970
967 970
422 971
429 971
591 971
723 971
761 971
59 972
383 973
233 974
17 977
636 977
924 977
378 978
79 979
83 979
196 979
629 979
452 980
4 981
78 981
95 981
353 981
651 981
734 981
953 981
125 982
206 982
266 982
353 982
618 982
826 982
920 982
313 983
447 983
527 983
701 983
238 985
5 986
166 987
31 989
153 989
334 989
570 989
909 990
449 993
4 994
840 994
6 996
374 998
786 1000
471 1001
12 1002
14 1002
19 1002
54 1002
88 1002
90 1002
100 1002
113 1002
116 1002
126 1002
127 1002
161 1002
191 1002
200 1002
236 1002
240 1002
247 1002
251 1002
254 1002
338 1002
387 1002
429 1002
441 1002
472 1002
478 1002
479 1002
494 1002
497 1002
502 1002
557 1002
595 1002
622 1002
635 1002
652 1002
668 1002
671 1002
689 1002
709 1002
730 1002
744 1002
755 1002
757 1002
787 1002
795 1002
812 1002
839 1002
891 1002
893 1002
909 1002
945 1002
15 1003
163 1003
222 1003
295 1003
592 1003
685 1003
909 1003
910 1003
1001 1003
1002 1003
59 1005
970 1005
679 1006
33 1007
4 1008
264 1008
443 1008
514 1008
982 1008
8 1009
30 1009
100 1009
238 1009
11 1010
15 1010
17 1010
275 1010
308 1010
500 1010
785 1010
790 1010
801 1010
823 1010
847 1010
886 1010
926 1010
1002 1010
501 1011
163 1012
837 1012
548 1013
452 1014
504 1015
933 1016
304 1017
15 1018
951 1019
8 1020
15 1021
29 1022
59 1023
970 1023
269 1024
955 1024
407 1026
452 1027
350 1028
1002 1029
17 1030
847 1031
603 1032
1002 1032
786 1033
863 1033
495 1034
146 1035
649 1036
1002 1037
837 1038
884 1039
1002 1040
679 1042
51 1043
79 1043
525 1043
539 1043
651 1043
33 1044
261 1044
449 1044
6 1045
39 1047
53 1047
458 1047
656 1047
897 1047
383 1048
105 1049
144 1049
151 1049
160 1049
190 1049
192 1049
296 1049
300 1049
316 1049
340 1049
357 1049
490 1049
545 1049
785 1049
836 1049
1038 1049
16 1050
17 1050
34 1050
169 1050
180 1050
228 1050
320 1050
438 1050
671 1050
18 1051
67 1051
750 1051
139 1052
138 1053
776 1053
811 1053
786 1054
837 1055
651 1057
863 1058
233 1059
154 1060
143 1063
165 1064
476 1064
509 1064
517 1064
556 1064
557 1064
658 1064
861 1064
878 1064
270 1066
501 1066
142 1067
734 1067
6 1068
452 1069
651 1070
51 1071
83 1071
643 1071
979 1071
94 1072
734 1073
759 1075
138 1076
138 1077
46 1078
353 1078
843 1078
920 1078
1008 1078
324 1080
970 1080
68 1081
79 1081
210 1081
614 1081
12 1082
157 1082
841 1082
847 1082
59 1083
338 1084
12 1085
198 1085
208 1085
314 1085
783 1085
6 1086
651 1086
655 1086
79 1087
701 1088
95 1089
78 1090
519 1090
269 1091
97 1092
196 1092
519 1092
903 1092
557 1093
225 1094
6 1095
8 1095
651 1095
772 1095
827 1095
452 1096
955 1097
459 1098
651 1098
856 1099
62 1100
309 1101
570 1101
6 1102
11 1103
12 1103
17 1103
63 1103
308 1103
500 1103
707 1103
785 1103
790 1103
886 1103
916 1103
6 1104
786 1105
71 1106
414 1106
258 1109
207 1111
250 1112
542 1112
587 1112
814 1112
500 1113
837 1113
909 1113
983 1113
838 1114
60 1115
471 1117
679 1118
59 1119
73 1119
110 1119
309 1119
840 1119
1025 1119
5 1120
153 1121
249 1121
389 1121
498 1121
624 1121
251 1124
344 1124
483 1124
899 1124
614 1125
970 1125
933 1126
15 1127
168 1127
307 1127
5 1128
837 1129
17 1130
15 1131
98 1131
121 1131
194 1131
241 1131
244 1131
271 1131
397 1131
669 1131
756 1131
870 1131
795 1133
1002 1133
220 1134
14 1135
257 1135
344 1135
882 1135
51 1136
81 1136
434 1136
908 1136
942 1136
981 1136
163 1138
837 1138
1049 1138
412 1139
970 1139
1089 1139
171 1141
459 1141
651 1141
851 1141
76 1143
923 1143
167 1144
402 1144
568 1144
923 1144
1052 1144
260 1146
403 1146
752 1146
944 1146
8 1147
36 1147
75 1149
15 1150
154 1151
910 1152
33 1153
261 1153
761 1153
1064 1153
452 1154
363 1155
17 1156
882 1156
1140 1158
500 1160
2 1161
6 1161
7 1161
75 1161
856 1162
223 1164
429 1166
407 1168
1002 1169
140 1170
217 1171
238 1171
682 1171
985 1171
31 1172
96 1172
105 1172
169 1172
278 1172
488 1172
590 1172
624 1172
780 1172
873 1172
892 1172
1002 1172
1010 1172
1111 1172
1124 1172
89 1173
324 1173
504 1173
5 1174
156 1175
309 1175
405 1175
411 1175
548 1178
1002 1179
381 1180
800 1182
786 1183
499 1184
105 1185
440 1185
1 1187
178 1187
514 1187
750 1187
153 1188
3 1189
9 1189
487 1189
618 1189
826 1189
1086 1189
363 1190
809 1191
351 1192
311 1193
952 1193
495 1194
982 1195
896 1196
414 1197
5 1199
186 1200
365 1200
455 1200
579 1200
671 1200
766 1200
977 1200
773 1202
1049 1202
1140 1203
429 1204
723 1204
761 1204
291 1205
480 1205
922 1205
202 1206
1200 1206
501 1209
347 1210
369 1210
371 1210
491 1210
519 1210
692 1210
715 1210
1161 1210
15 1211
5 1212
679 1213
6 1215
684 1216
739 1217
1131 1218
79 1219
815 1219
1083 1219
206 1221
413 1221
94 1224
597 1227
12 1228
22 1230
96 1230
106 1230
223 1230
232 1230
265 1230
802 1230
841 1230
888 1230
1082 1230
94 1231
682 1232
823 1233
837 1233
847 1234
179 1235
59 1236
421 1237
16 1238
84 1238
177 1238
222 1238
252 1238
290 1238
632 1238
638 1238
676 1238
735 1238
850 1238
866 1238
992 1238
1062 1238
1079 1238
1135 1238
525 1239
6 1240
682 1241
737 1241
923 1242
17 1243
35 1244
66 1244
155 1244
187 1244
282 1244
380 1244
420 1244
453 1244
558 1244
623 1244
791 1244
867 1244
936 1244
940 1244
984 1244
991 1244
995 1244
1108 1244
1137 1244
1174 1244
1220 1244
59 1245
214 1246
612 1246
710 1246
6 1247
782 1248
845 1248
928 1248
1200 1248
652 1250
880 1251
154 1252
702 1253
501 1254
94 1255
12 1256
548 1257
967 1258
87 1260
145 1260
186 1260
1030 1260
1225 1260
1248 1260
6 1261
884 1262
506 1263
856 1264
5 1265
79 1266
97 1266
196 1266
302 1266
643 1266
651 1266
803 1266
1106 1266
89 1267
97 1267
371 1267
469 1267
491 1267
519 1267
662 1267
843 1268
17 1269
748 1269
772 1270
797 1270
890 1270
1267 1270
94 1271
1136 1272
1041 1273
414 1274
762 1275
38 1276
59 1276
73 1276
156 1276
418 1276
576 1276
820 1276
840 1276
1025 1276
1140 1276
430 1277
495 1277
684 1277
774 1277
1002 1278
421 1279
722 1279
519 1280
1273 1281
18 1282
67 1282
934 1282
94 1283
337 1284
654 1284
94 1285
96 1285
946 1285
1082 1285
1230 1285
179 1286
755 1287
171 1288
734 1288
331 1289
952 1289
15 1290
1002 1290
15 1291
1002 1291
33 1292
446 1292
811 1292
1181 1292
798 1293
801 1294
556 1295
675 1295
2 1296
632 1297
8 1298
682 1298
18 1299
934 1299
414 1300
62 1301
250 1301
6 1302
163 1303
983 1304
837 1305
143 1306
671 1306
837 1306
983 1306
79 1307
185 1307
815 1307
501 1308
1175 1309
95 1310
530 1311
6 1312
309 1313
570 1313
18 1314
78 1314
264 1314
335 1314
554 1314
644 1314
651 1314
982 1314
1141 1314
452 1315
71 1316
414 1316
1266 1316
238 1317
363 1318
711 1321
786 1322
863 1322
5 1323
79 1323
89 1323
117 1323
139 1323
339 1323
664 1323
665 1323
698 1323
970 1323
1095 1323
1105 1323
1110 1323
1244 1323
1288 1323
625 1324
837 1325
734 1326
1238 1328
34 1330
208 1330
241 1330
244 1330
397 1330
606 1330
669 1330
721 1330
741 1330
756 1330
917 1330
1060 1330
1229 1330
251 1332
1172 1332
1230 1332
100 1333
163 1333
169 1333
319 1333
530 1333
549 1333
613 1333
749 1333
1246 1333
1297 1333
847 1334
8 1335
59 1335
89 1335
173 1335
238 1335
264 1335
266 1335
665 1335
764 1335
923 1335
976 1335
1095 1335
9 1338
551 1338
618 1338
755 1339
970 1340
651 1341
886 1341
1002 1342
87 1343
131 1343
145 1343
656 1343
671 1343
1122 1343
381 1344
557 1345
549 1346
29 1347
999 1347
488 1348
570 1348
624 1348
633 1348
637 1348
739 1348
759 1348
1047 1348
1082 1348
1343 1348
684 1349
381 1350
363 1351
1190 1351
1314 1352
4 1353
1141 1353
923 1354
1065 1355
530 1356
16 1359
17 1359
169 1359
180 1359
198 1359
260 1359
283 1359
749 1359
783 1359
894 1359
759 1361
525 1362
67 1363
103 1363
203 1363
524 1363
1141 1363
1244 1363
5 1364
924 1365
75 1366
68 1367
110 1367
1307 1367
51 1368
1011 1368
1036 1368
1107 1368
1327 1368
1357 1368
351 1369
963 1369
1330 1369
142 1370
135 1371
360 1371
62 1373
250 1373
186 1374
276 1374
341 1374
451 1374
603 1374
1371 1374
154 1375
15 1376
17 1377
748 1377
429 1378
60 1379
400 1379
8 1380
439 1381
610 1382
89 1384
504 1384
13 1385
64 1385
95 1386
1002 1387
1200 1388
15 1389
264 1391
504 1391
728 1391
4 1392
59 1392
73 1392
820 1392
840 1392
918 1392
1025 1392
1119 1392
856 1393
1146 1393
1238 1393
755 1394
143 1395
671 1395
1172 1395
163 1396
671 1396
837 1396
1348 1396
15 1397
34 1397
98 1397
172 1397
194 1397
241 1397
283 1397
325 1397
361 1397
397 1397
510 1397
606 1397
669 1397
733 1397
968 1397
1229 1397
100 1398
613 1398
154 1399
5 1401
1348 1402
8 1403
30 1403
1297 1403
452 1404
179 1405
1061 1406
967 1408
1125 1408
1244 1410
9 1411
78 1411
232 1411
284 1411
399 1411
414 1411
457 1411
649 1411
722 1411
1086 1411
1266 1411
1267 1411
12 1413
815 1414
856 1415
98 1416
121 1416
194 1416
241 1416
271 1416
397 1416
523 1416
606 1416
669 1416
733 1416
741 1416
756 1416
968 1416
1060 1416
1214 1416
1229 1416
1373 1416
509 1417
723 1418
761 1418
1064 1418
755 1419
500 1420
586 1421
59 1422
73 1422
411 1422
1158 1422
1165 1422
1309 1422
279 1423
527 1423
651 1423
1330 1423
1397 1423
430 1424
13 1425
185 1426
1323 1426
823 1427
154 1428
1397 1428
1416 1428
6 1429
31 1430
153 1430
796 1430
1082 1430
1101 1430
1119 1430
1175 1430
403 1431
651 1431
28 1432
186 1432
392 1432
458 1432
553 1432
646 1432
813 1432
849 1432
904 1432
915 1432
978 1432
1050 1432
140 1433
755 1434
1136 1435
1201 1435
5 1436
1061 1438
979 1439
421 1441
625 1441
953 1441
145 1442
233 1443
535 1444
568 1444
1052 1444
94 1445
1175 1446
1422 1446
530 1447
613 1447
1184 1447
18 1449
125 1449
1288 1449
1219 1450
1348 1451
208 1452
342 1452
684 1452
17 1453
44 1453
64 1453
148 1453
175 1453
229 1453
499 1453
882 1453
1184 1453
1311 1453
1333 1453
81 1454
118 1454
188 1454
349 1454
377 1454
520 1454
655 1454
981 1454
1189 1454
1409 1454
165 1455
29 1456
78 1456
933 1456
509 1457
682 1458
1406 1458
154 1459
548 1460
304 1461
598 1461
655 1461
1411 1461
1121 1462
95 1463
1187 1463
1397 1464
61 1465
94 1465
224 1465
630 1465
865 1465
1088 1465
1333 1465
1372 1465
837 1466
437 1467
1244 1467
530 1468
64 1469
374 1469
483 1469
632 1469
882 1469
1311 1469
17 1470
1047 1470
1371 1471
966 1472
33 1473
449 1473
233 1474
651 1475
258 1476
1289 1476
1200 1477
1187 1478
150 1480
223 1480
1359 1480
1146 1481
1431 1481
43 1482
386 1482
923 1482
1205 1482
1390 1483
97 1484
1411 1484
6 1487
440 1487
17 1488
806 1488
924 1488
1208 1488
385 1489
755 1489
471 1490
728 1490
6 1491
440 1491
1487 1491
7 1492
167 1492
402 1492
568 1492
923 1492
1052 1492
3 1493
6 1493
655 1493
826 1493
152 1495
126 1496
654 1497
963 1497
193 1499
682 1499
1219 1500
115 1502
175 1502
374 1502
483 1502
499 1502
882 1502
1311 1502
1081 1503
1002 1504
679 1505
56 1506
737 1507
954 1508
1136 1508
33 1509
446 1509
484 1509
152 1510
797 1511
695 1512
4 1513
8 1513
52 1514
72 1514
96 1514
153 1514
222 1514
334 1514
409 1514
581 1514
726 1514
794 1514
1031 1514
1440 1514
1139 1515
15 1516
1043 1517
174 1518
527 1518
651 1518
963 1518
1330 1518
1385 1518
1397 1518
1289 1519
6 1520
6 1521
1247 1521
75 1522
684 1523
774 1523
794 1523
1131 1524
1397 1524
1416 1524
1422 1525
772 1526
1267 1526
856 1527
107 1528
1253 1528
1267 1528
15 1529
696 1529
1002 1529
1084 1529
388 1531
597 1532
59 1533
15 1534
1002 1534
6 1535
1116 1536
837 1537
414 1538
154 1539
542 1540
8 1541
223 1542
430 1542
774 1542
786 1543
934 1543
1335 1543
165 1544
651 1545
1050 1545
1393 1545
142 1547
734 1547
1187 1548
1002 1549
241 1550
429 1550
841 1550
22 1551
143 1551
265 1551
319 1551
334 1551
841 1551
1550 1551
7 1552
36 1552
119 1552
126 1552
694 1552
1171 1552
1232 1552
1236 1552
1458 1552
1 1554
118 1554
520 1554
648 1554
655 1554
788 1554
818 1554
885 1554
1279 1554
1409 1554
1441 1554
6 1555
233 1555
487 1555
353 1556
920 1556
185 1557
1008 1557
651 1558
5 1559
1469 1560
163 1561
823 1561
923 1562
17 1563
87 1563
1200 1563
1343 1563
1359 1565
622 1566
6 1567
1416 1568
165 1569
1544 1569
452 1570
1143 1571
62 1572
17 1573
636 1573
924 1573
459 1574
651 1574
734 1574
786 1574
1051 1574
1282 1574
1314 1574
1353 1574
1363 1574
625 1575
51 1576
722 1576
970 1576
1279 1576
1408 1576
449 1577
1125 1578
923 1579
1545 1580
637 1581
671 1581
1348 1581
6 1582
8 1583
8 1584
1415 1585
1002 1586
701 1587
1465 1587
165 1588
15 1589
1368 1590
2 1591
759 1592
1206 1592
193 1593
94 1594
325 1594
800 1594
1112 1594
1301 1594
1373 1594
9 1595
516 1595
519 1595
1189 1595
17 1596
759 1596
882 1596
1159 1596
1200 1596
1260 1596
1343 1596
1442 1596
1002 1597
1125 1598
970 1599
1103 1600
233 1602
840 1602
233 1603
1443 1603
325 1604
424 1604
537 1604
542 1604
879 1604
905 1604
556 1605
145 1606
186 1606
816 1606
1248 1606
1596 1606
1606 1607
71 1608
277 1608
414 1608
1368 1608
1244 1610
1125 1611
1172 1612
1230 1612
232 1613
1411 1613
95 1614
83 1615
196 1615
903 1615
1415 1616
430 1618
1050 1619
95 1621
815 1621
651 1622
837 1624
1189 1625
471 1626
823 1626
837 1626
989 1626
1049 1626
2 1627
1330 1628
1416 1628
95 1629
414 1630
1010 1631
75 1632
78 1632
399 1632
429 1632
564 1632
663 1632
777 1632
827 1632
960 1632
1057 1632
1163 1632
1319 1632
1475 1632
1510 1632
1131 1633
126 1634
1267 1635
165 1636
229 1636
710 1636
17 1637
292 1637
33 1638
905 1639
847 1640
1465 1641
62 1642
1540 1642
6 1643
452 1644
430 1645
56 1646
206 1647
1323 1647
17 1648
1200 1648
1260 1648
1343 1648
1442 1648
1596 1648
154 1649
963 1649
1397 1649
94 1650
1271 1650
452 1651
1592 1652
854 1653
1412 1653
1540 1654
74 1655
566 1655
651 1655
749 1655
79 1656
277 1656
1360 1656
1590 1656
71 1657
649 1657
1266 1657
174 1658
527 1658
1330 1658
881 1659
734 1660
6 1662
501 1663
353 1664
445 1664
920 1664
1268 1664
6 1666
786 1667
487 1668
527 1669
701 1669
1397 1671
202 1672
414 1673
18 1674
125 1674
402 1674
900 1674
1141 1674
1426 1674
176 1675
814 1675
832 1675
1112 1675
38 1676
73 1676
156 1676
1430 1676
1446 1676
363 1677
452 1678
6 1680
301 1680
798 1681
223 1683
52 1684
72 1684
96 1684
153 1684
334 1684
372 1684
581 1684
654 1684
726 1684
1010 1684
1031 1684
1082 1684
1440 1684
1466 1685
452 1687
1422 1688
309 1689
452 1691
471 1692
1002 1692
295 1693
549 1694
586 1694
6 1695
1210 1696
8 1697
67 1698
78 1698
103 1698
149 1698
203 1698
264 1698
375 1698
524 1698
651 1698
844 1698
1073 1698
1141 1698
1352 1698
91 1699
617 1699
758 1699
782 1699
822 1699
1077 1699
1 1700
2 1700
266 1700
273 1700
304 1700
750 1700
1089 1700
1310 1700
1386 1700
1463 1700
1629 1700
601 1701
786 1703
1323 1703
43 1704
437 1705
248 1707
935 1707
1112 1707
1301 1707
1244 1708
517 1709
861 1709
1153 1709
1204 1709
15 1710
1002 1710
41 1711
78 1711
429 1711
440 1711
452 1711
1391 1711
17 1712
710 1712
6 1713
143 1714
500 1714
880 1714
12 1715
837 1715
1049 1715
1514 1715
1684 1715
210 1716
519 1716
614 1716
970 1716
1279 1716
701 1717
1230 1717
1244 1718
452 1719
15 1720
812 1720
1179 1720
710 1721
1432 1721
28 1722
261 1722
345 1722
422 1722
575 1722
661 1722
723 1722
761 1722
781 1722
959 1722
1709 1722
1002 1723
471 1724
1117 1724
440 1725
1528 1726
1348 1727
1187 1728
1502 1729
229 1730
350 1731
610 1731
71 1732
1266 1732
1656 1732
823 1733
909 1733
1172 1733
419 1734
1693 1734
1136 1735
1238 1736
309 1737
261 1738
435 1739
6 1740
6 1741
323 1741
1520 1741
1521 1741
89 1742
335 1742
724 1742
884 1742
1000 1742
1016 1742
930 1745
1050 1745
1124 1745
1222 1745
1172 1746
349 1747
520 1747
818 1747
1695 1748
5 1749
1244 1750
421 1751
1454 1751
1554 1751
126 1752
227 1753
786 1754
934 1754
133 1755
1442 1755
5 1756
50 1757
363 1757
423 1757
1002 1757
1407 1757
8 1758
407 1760
1741 1761
106 1762
653 1762
1101 1762
1676 1762
1689 1762
1416 1763
1043 1764
1239 1764
1238 1765
840 1766
1039 1766
1353 1766
16 1767
148 1767
165 1767
175 1767
286 1767
374 1767
483 1767
666 1767
672 1767
882 1767
1184 1767
1356 1767
1447 1767
1468 1767
1485 1767
64 1768
186 1769
276 1769
341 1769
451 1769
1371 1769
251 1770
1230 1770
1276 1771
970 1772
59 1773
78 1773
216 1773
440 1774
523 1775
1330 1775
1397 1775
1416 1775
14 1776
1075 1777
1200 1777
53 1778
336 1778
656 1778
1225 1778
1365 1778
1477 1778
1648 1778
15 1779
31 1779
106 1779
378 1779
488 1779
873 1779
892 1779
1074 1779
1082 1779
1332 1779
15 1780
95 1781
1139 1781
1002 1782
920 1783
1556 1783
702 1784
1359 1785
7 1786
185 1786
519 1786
851 1786
890 1787
1266 1787
25 1788
1002 1788
798 1789
1604 1789
1002 1790
1117 1791
1757 1792
618 1793
1103 1794
1238 1795
452 1796
165 1797
179 1797
329 1797
471 1797
651 1797
728 1797
1711 1797
51 1798
525 1798
629 1798
651 1798
1531 1799
33 1800
484 1800
1064 1800
1487 1801
477 1802
568 1802
1052 1802
1143 1802
1571 1802
233 1803
610 1804
142 1805
9 1806
551 1806
734 1807
1337 1808
1708 1808
381 1809
622 1809
548 1810
1769 1810
163 1811
169 1811
319 1811
346 1811
471 1811
527 1811
613 1811
749 1811
1246 1811
1465 1811
1767 1811
154 1813
606 1813
711 1814
1321 1814
7 1815
95 1816
1015 1816
1384 1816
388 1817
1799 1817
1330 1818
1145 1819
1244 1819
15 1821
1002 1821
122 1823
149 1823
440 1823
694 1823
1009 1823
1323 1823
1336 1823
837 1825
601 1826
194 1827
208 1827
1123 1827
1216 1827
1452 1827
1523 1827
1601 1827
651 1828
452 1829
1632 1830
779 1832
386 1834
828 1834
153 1835
233 1836
447 1837
686 1837
1306 1837
5 1838
632 1839
710 1839
1009 1839
1333 1839
1811 1839
407 1840
759 1841
1200 1841
1606 1841
1454 1842
15 1843
668 1843
651 1844
1080 1844
95 1845
143 1845
206 1845
353 1845
714 1845
970 1845
1461 1845
1700 1845
439 1846
51 1847
651 1847
126 1848
94 1849
530 1849
1453 1849
679 1850
509 1851
612 1851
861 1851
971 1851
1153 1851
1738 1851
1742 1852
142 1853
840 1854
918 1854
1309 1854
1446 1854
1676 1854
6 1855
910 1856
323 1857
1002 1858
1720 1858
471 1859
1244 1860
452 1861
6 1862
152 1864
651 1864
1632 1865
1121 1866
381 1867
400 1868
693 1868
805 1868
233 1869
859 1870
1135 1870
1172 1871
684 1872
679 1873
465 1874
1041 1874
979 1875
1043 1875
1114 1876
1043 1877
1604 1878
296 1879
671 1880
1348 1880
1617 1880
34 1881
184 1881
350 1881
404 1881
438 1881
543 1881
606 1881
691 1881
783 1881
857 1881
1230 1881
1284 1881
1428 1881
1480 1881
1542 1881
11 1882
12 1882
15 1882
251 1882
275 1882
500 1882
823 1882
886 1882
916 1882
1259 1882
1779 1882
1131 1883
1416 1883
1200 1884
209 1885
29 1886
2 1887
89 1887
117 1887
173 1887
268 1887
452 1887
589 1887
665 1887
874 1887
925 1887
962 1887
976 1887
1016 1887
1110 1887
1161 1887
1186 1887
1543 1887
94 1888
1551 1888
6 1889
1312 1890
1863 1890
59 1891
493 1892
14 1894
1238 1894
786 1895
1144 1895
500 1896
840 1897
1430 1897
14 1898
163 1898
823 1898
837 1898
1002 1898
1238 1898
9 1899
206 1899
353 1899
492 1899
618 1899
714 1899
826 1899
920 1899
1008 1899
1173 1899
1391 1899
1461 1899
29 1900
17 1901
53 1901
759 1901
1778 1901
884 1902
682 1903
737 1903
336 1904
594 1904
1075 1904
43 1905
1046 1905
1323 1905
1335 1905
1562 1905
1704 1905
651 1906
440 1907
96 1908
337 1908
527 1908
983 1908
1285 1908
1550 1908
823 1909
1172 1909
1230 1909
1779 1909
194 1910
295 1910
685 1910
847 1910
1490 1910
1518 1910
5 1911
12 1912
1082 1912
786 1913
630 1914
701 1914
1604 1915
1158 1916
1207 1916
1276 1916
1309 1916
1706 1916
165 1917
759 1917
1200 1917
1606 1917
7 1918
40 1918
66 1918
78 1918
112 1918
136 1918
171 1918
183 1918
218 1918
226 1918
234 1918
343 1918
394 1918
432 1918
456 1918
503 1918
507 1918
519 1918
651 1918
687 1918
868 1918
898 1918
980 1918
1014 1918
1027 1918
1154 1918
1223 1918
1314 1918
1320 1918
1323 1918
1329 1918
1331 1918
1404 1918
1411 1918
1623 1918
1632 1918
1651 1918
1659 1918
1665 1918
1678 1918
1679 1918
1698 1918
1711 1918
1749 1918
1796 1918
1820 1918
1887 1918
29 1919
78 1919
417 1919
1773 1919
679 1920
885 1920
1441 1920
5 1921
729 1922
963 1922
508 1923
786 1923
430 1924
2 1925
59 1926
73 1926
137 1926
156 1926
737 1926
1219 1926
1307 1926
1310 1926
1414 1926
1465 1926
1621 1926
223 1927
1483 1927
1604 1928
1639 1928
702 1929
1061 1930
1171 1931
714 1932
1545 1933
42 1934
297 1934
396 1934
425 1934
667 1934
1095 1934
1157 1934
1177 1934
1323 1934
1591 1934
1700 1934
1887 1934
1078 1935
1731 1936
679 1937
1745 1938
428 1939
671 1940
977 1940
1596 1940
165 1941
517 1941
556 1941
612 1941
861 1941
971 1941
1044 1941
1204 1941
1722 1941
1802 1942
452 1943
14 1944
5 1945
47 1945
264 1945
651 1945
664 1945
860 1945
925 1945
1054 1945
1183 1945
1574 1945
1822 1945
1893 1945
1913 1945
1330 1946
9 1947
618 1947
12 1948
157 1948
1074 1948
1230 1948
1285 1948
1348 1948
1684 1948
1912 1948
484 1949
811 1949
1824 1949
381 1950
710 1951
924 1951
1606 1952
421 1953
1554 1953
29 1954
142 1954
734 1954
933 1954
1363 1954
1742 1954
828 1955
568 1956
923 1956
1052 1956
103 1957
203 1957
335 1957
402 1957
524 1957
900 1957
1141 1957
1954 1957
1050 1958
1359 1958
776 1959
1032 1960
31 1961
653 1961
1082 1961
1689 1961
1854 1961
1909 1961
1330 1962
671 1963
6 1964
119 1964
215 1964
651 1964
694 1964
1171 1964
1336 1964
1499 1964
1887 1964
313 1965
686 1965
765 1965
1271 1965
1837 1965
1002 1966
4 1967
399 1967
492 1967
728 1967
202 1969
965 1969
71 1970
649 1970
1266 1970
11 1971
12 1971
275 1971
785 1971
801 1971
823 1971
1779 1971
250 1972
1707 1972
1323 1973
51 1974
68 1974
108 1974
720 1974
979 1974
1136 1974
1267 1974
59 1975
193 1975
970 1975
459 1976
381 1977
15 1978
696 1978
1002 1978
1084 1978
909 1979
1142 1979
59 1980
679 1981
71 1982
414 1982
798 1983
1632 1985
62 1986
414 1987
827 1987
979 1987
1615 1987
26 1988
762 1989
759 1990
1200 1990
1392 1991
1854 1991
1778 1992
1594 1993
1002 1994
1720 1994
1135 1995
165 1996
1200 1996
1606 1996
1917 1996
653 1997
1101 1997
1313 1997
1676 1997
2 1998
1925 1998
309 1999
701 1999
622 2000
1002 2001
28 2002
575 2002
591 2002
761 2002
1709 2002
920 2003
1008 2003
179 2004
435 2005
12 2006
311 2007
1476 2007
1212 2008
407 2009
452 2010
6 2011
15 2012
414 2013
125 2014
970 2014
1288 2014
407 2015
1514 2016
296 2017
983 2018
46 2019
920 2019
1008 2019
1512 2019
100 2020
6 2021
675 2022
971 2022
2002 2022
140 2023
797 2023
890 2023
1267 2023
15 2024
780 2024
873 2024
1002 2024
1010 2024
1882 2024
1948 2024
70 2025
94 2025
224 2025
379 2025
393 2025
581 2025
633 2025
712 2025
1002 2025
1050 2025
1082 2025
1113 2025
1200 2025
1306 2025
1343 2025
1451 2025
1581 2025
1606 2025
1727 2025
1880 2025
1945 2026
924 2027
1720 2028
1244 2030
1043 2031
1198 2031
1244 2032
1015 2033
28 2034
261 2034
1709 2034
2022 2034
1127 2036
440 2037
4 2038
1919 2038
417 2039
692 2039
1330 2041
1008 2042
327 2043
1134 2043
8 2045
846 2045
1510 2045
163 2046
701 2046
100 2047
1469 2047
489 2048
71 2049
277 2049
414 2049
649 2049
7 2050
1263 2051
548 2052
1656 2053
33 2054
446 2054
484 2054
1509 2054
1779 2055
720 2056
1043 2056
1198 2056
1798 2056
622 2057
8 2058
238 2058
642 2058
763 2058
1823 2058
153 2059
1002 2060
143 2061
440 2061
841 2061
1082 2061
1465 2061
856 2062
12 2063
1659 2064
933 2065
6 2066
17 2067
1487 2068
388 2069
1817 2069
1757 2070
449 2071
105 2072
190 2072
192 2072
296 2072
300 2072
316 2072
340 2072
346 2072
357 2072
454 2072
490 2072
529 2072
560 2072
785 2072
1038 2072
1202 2072
1693 2072
1715 2072
999 2073
1022 2073
1347 2073
206 2074
800 2075
880 2075
6 2076
105 2078
290 2078
366 2078
464 2078
490 2078
545 2078
712 2078
773 2078
804 2078
862 2078
1142 2078
1979 2078
1 2079
6 2079
59 2079
69 2079
126 2079
229 2079
242 2079
399 2079
599 2079
853 2079
951 2079
1005 2079
1119 2079
1139 2079
1175 2079
1236 2079
1245 2079
1276 2079
1335 2079
1340 2079
1448 2079
1613 2079
1773 2079
1926 2079
1975 2079
407 2080
1081 2081
363 2082
59 2083
2079 2083
1139 2084
1891 2084
471 2085
14 2086
894 2086
225 2087
542 2088
1642 2088
1654 2088
519 2089
6 2090
399 2091
679 2091
258 2092
485 2092
1437 2092
1476 2092
837 2093
186 2094
422 2094
458 2094
519 2094
646 2094
671 2094
849 2094
902 2094
912 2094
1564 2094
1636 2094
1712 2094
1839 2094
1951 2094
336 2095
1477 2095
1648 2095
679 2097
143 2098
163 2098
1312 2099
1741 2099
734 2101
414 2102
823 2103
837 2103
353 2104
920 2104
1783 2104
91 2105
476 2105
506 2105
509 2105
548 2105
658 2105
746 2105
861 2105
1153 2105
1959 2105
1918 2106
500 2107
592 2108
910 2108
1551 2108
1849 2108
679 2109
840 2109
372 2110
527 2110
1230 2110
622 2111
27 2112
1132 2113
1809 2113
2000 2113
2057 2113
1266 2114
702 2116
837 2117
75 2118
100 2118
101 2118
216 2118
324 2118
399 2118
501 2118
504 2118
567 2118
589 2118
827 2118
960 2118
1057 2118
1141 2118
1163 2118
1475 2118
1494 2118
1510 2118
1830 2118
1865 2118
1594 2119
1604 2119
1508 2120
1002 2121
185 2122
206 2122
1119 2122
1367 2122
94 2123
1330 2124
6 2125
119 2125
215 2125
217 2125
694 2125
1171 2125
1236 2125
15 2126
1002 2126
1291 2126
679 2127
1435 2127
597 2128
1415 2129
1802 2130
734 2131
465 2132
657 2132
8 2133
1918 2134
14 2136
94 2136
765 2136
465 2137
2035 2137
327 2138
94 2139
337 2139
527 2139
1082 2139
1285 2139
2118 2140
1238 2141
332 2142
679 2142
126 2143
33 2144
312 2144
446 2144
811 2144
1181 2144
556 2145
64 2146
74 2147
1737 2147
1909 2147
2019 2148
1905 2149
1002 2150
1133 2150
1210 2151
863 2152
1143 2152
1144 2152
837 2153
1049 2153
2078 2153
163 2154
823 2154
501 2155
1656 2155
51 2156
210 2156
519 2156
970 2156
1576 2156
1716 2156
31 2157
72 2157
126 2157
153 2157
222 2157
498 2157
726 2157
794 2157
1010 2157
1031 2157
1082 2157
1234 2157
1334 2157
1640 2157
1898 2157
1910 2157
119 2158
122 2158
149 2158
215 2158
1232 2158
1241 2158
1438 2158
421 2159
1358 2159
6 2160
501 2161
484 2162
811 2162
1248 2162
1699 2162
1238 2164
186 2165
341 2165
1371 2165
386 2166
828 2166
223 2167
430 2167
452 2168
89 2170
287 2170
410 2170
724 2170
884 2170
1016 2170
1022 2170
1456 2170
1510 2170
1900 2170
1919 2170
896 2171
1486 2172
27 2173
1002 2174
28 2175
322 2175
553 2175
977 2175
1244 2176
14 2177
64 2177
1238 2177
1412 2178
651 2179
1003 2179
1693 2179
100 2180
186 2180
243 2180
392 2180
458 2180
646 2180
813 2180
904 2180
915 2180
1050 2180
360 2181
506 2181
556 2181
629 2182
649 2182
8 2183
6 2184
1882 2185
381 2186
552 2186
2000 2186
1502 2187
6 2188
1454 2189
483 2190
899 2190
1497 2190
59 2191
232 2191
737 2191
763 2191
2079 2191
651 2192
1200 2194
1968 2195
2094 2196
755 2197
727 2199
233 2200
489 2201
923 2201
1486 2201
1562 2201
2115 2201
2149 2201
2172 2201
61 2202
153 2202
334 2202
796 2202
1101 2202
1276 2202
1396 2202
1715 2202
1737 2202
1926 2202
1065 2203
142 2204
786 2204
1913 2204
1945 2204
1075 2205
1477 2205
18 2207
67 2207
74 2208
653 2208
1689 2208
1737 2208
1854 2208
1948 2208
1961 2208
1397 2209
94 2210
1918 2211
6 2212
23 2212
79 2212
149 2212
187 2212
399 2212
501 2212
679 2212
682 2212
737 2212
889 2212
953 2212
979 2212
997 2212
1071 2212
1310 2212
1472 2212
1621 2212
1661 2212
336 2213
1075 2213
46 2214
920 2214
1935 2214
2148 2214
444 2215
679 2215
2118 2216
1455 2217
6 2218
53 2219
100 2219
131 2219
145 2219
251 2219
256 2219
458 2219
897 2219
1225 2219
1348 2219
1779 2219
1901 2219
2025 2219
734 2220
275 2221
566 2221
1294 2221
1631 2221
12 2222
500 2222
1002 2223
217 2225
440 2225
985 2225
1887 2225
2045 2225
78 2226
519 2226
651 2226
414 2227
421 2228
1367 2229
525 2230
651 2230
2056 2230
62 2231
5 2232
1918 2232
1 2233
4 2233
71 2233
149 2233
187 2233
713 2233
720 2233
737 2233
840 2233
953 2233
997 2233
1043 2233
1081 2233
1087 2233
1307 2233
1323 2233
1472 2233
1621 2233
1656 2233
1743 2233
975 2234
556 2235
575 2236
1941 2236
2022 2236
386 2237
96 2238
143 2238
265 2238
601 2238
841 2238
1465 2238
1550 2238
1715 2238
1888 2238
1908 2238
1910 2238
78 2239
210 2239
305 2240
778 2240
1834 2240
1955 2240
232 2241
238 2241
1613 2241
656 2242
1030 2242
1871 2242
2 2243
1498 2244
1918 2244
1238 2245
169 2246
245 2246
873 2246
1010 2246
1882 2246
1971 2246
647 2247
880 2247
1355 2247
100 2248
131 2248
145 2248
1596 2248
174 2249
1330 2249
46 2250
695 2250
843 2250
1935 2250
53 2251
145 2251
458 2251
656 2251
897 2251
1348 2251
1592 2251
1596 2251
1951 2251
2025 2251
2241 2252
41 2253
216 2253
399 2253
429 2253
564 2253
567 2253
589 2253
768 2253
1141 2253
1363 2253
1475 2253
1494 2253
1502 2253
1656 2253
1831 2253
1864 2253
1945 2253
2065 2253
2169 2253
79 2254
2212 2254
233 2255
172 2256
194 2256
295 2256
450 2256
592 2256
1518 2256
1849 2256
2157 2256
627 2258
651 2259
775 2259
1050 2260
100 2261
258 2262
1109 2262
2007 2262
1289 2263
2092 2263
909 2264
2094 2265
126 2266
152 2267
1632 2267
437 2268
654 2269
1050 2269
154 2270
1131 2270
1416 2270
651 2271
1711 2271
2253 2271
166 2272
923 2272
15 2273
734 2274
167 2275
568 2275
923 2275
1742 2276
1656 2277
79 2278
83 2278
97 2278
129 2278
196 2278
460 2278
643 2278
651 2278
803 2278
1095 2278
1106 2278
1316 2278
1411 2278
1657 2278
1732 2278
1787 2278
193 2279
1764 2280
6 2281
414 2282
797 2282
1210 2282
1267 2282
1050 2283
95 2284
618 2284
970 2284
1080 2284
1173 2284
1632 2284
508 2285
786 2285
100 2286
145 2286
1596 2286
64 2287
734 2288
983 2289
50 2290
423 2290
1489 2290
979 2291
154 2292
6 2294
1918 2295
223 2296
1881 2296
1637 2297
68 2298
97 2298
939 2298
1279 2298
1408 2298
1812 2298
2224 2298
154 2299
43 2300
204 2300
489 2300
1444 2300
1984 2300
1761 2301
1890 2301
500 2302
651 2303
1422 2304
1604 2306
1604 2307
15 2308
701 2309
1372 2309
1465 2309
1914 2309
1574 2310
144 2311
32 2312
79 2312
99 2312
120 2312
210 2312
284 2312
298 2312
330 2312
390 2312
415 2312
639 2312
939 2312
970 2312
1059 2312
1189 2312
1443 2312
1598 2312
1602 2312
1603 2312
1869 2312
2200 2312
2233 2312
710 2313
759 2313
1432 2313
2180 2313
2 2314
548 2315
1323 2316
1363 2316
1674 2316
1957 2316
448 2317
1244 2319
449 2320
12 2321
329 2321
592 2321
1701 2321
1702 2321
1826 2321
2193 2321
2238 2321
172 2322
208 2322
829 2322
1349 2322
1452 2322
1523 2322
1601 2322
2318 2322
342 2323
521 2323
2190 2323
934 2324
512 2325
845 2325
951 2325
1002 2325
1005 2325
2279 2325
17 2326
317 2327
829 2327
1523 2327
1827 2327
5 2328
47 2328
114 2328
264 2328
268 2328
508 2328
524 2328
651 2328
704 2328
925 2328
982 2328
1054 2328
1067 2328
1547 2328
1682 2328
1805 2328
1853 2328
1913 2328
1954 2328
2257 2328
837 2329
651 2330
525 2331
1043 2331
1131 2332
1416 2333
1193 2334
1289 2334
179 2335
979 2336
1043 2336
1092 2336
830 2337
1221 2337
1647 2337
2212 2337
2233 2337
20 2338
1238 2338
1881 2338
74 2339
894 2339
1811 2339
185 2340
6 2341
15 2342
1141 2343
1786 2343
1968 2344
2195 2344
152 2345
1632 2345
2142 2345
509 2346
1374 2346
1769 2346
126 2347
179 2347
217 2347
382 2347
496 2347
882 2347
951 2347
1400 2347
1499 2347
701 2348
823 2348
217 2349
440 2349
882 2349
1009 2349
174 2350
346 2350
500 2350
1385 2350
1453 2350
1546 2350
1768 2350
1799 2350
2146 2350
2177 2350
2287 2350
2339 2350
1043 2351
1198 2351
1798 2351
94 2352
233 2353
4 2354
549 2355
613 2355
699 2355
12 2356
847 2356
1074 2356
1348 2356
1430 2356
1912 2356
2024 2356
2055 2356
421 2357
818 2357
1747 2357
59 2358
105 2359
440 2359
1002 2359
141 2360
155 2360
187 2360
380 2360
437 2360
558 2360
580 2360
600 2360
623 2360
688 2360
734 2360
867 2360
936 2360
940 2360
986 2360
991 2360
1120 2360
1137 2360
1314 2360
1323 2360
1337 2360
1411 2360
1467 2360
1609 2360
1610 2360
1690 2360
1705 2360
1708 2360
1718 2360
1860 2360
2029 2360
2030 2360
2040 2360
2176 2360
2305 2360
933 2361
1742 2361
2253 2361
1741 2362
1761 2362
1857 2362
2092 2363
447 2364
686 2364
765 2364
841 2364
1113 2364
1306 2364
1965 2364
414 2365
14 2366
62 2367
51 2368
1144 2369
267 2370
961 2370
969 2370
1482 2370
1501 2370
1833 2370
407 2371
669 2372
826 2373
1189 2373
94 2374
142 2375
759 2376
12 2377
15 2377
63 2377
490 2377
707 2377
790 2377
823 2377
886 2377
916 2377
1600 2377
1794 2377
2100 2377
1131 2378
1416 2378
1802 2379
2130 2379
348 2380
759 2380
813 2380
2180 2380
163 2381
222 2381
2179 2381
104 2382
150 2382
186 2382
333 2382
336 2382
458 2382
519 2382
924 2382
977 2382
978 2382
1050 2382
1488 2382
1573 2382
1992 2382
671 2383
896 2383
1111 2383
1196 2383
51 2384
83 2384
210 2384
289 2384
390 2384
519 2384
614 2384
655 2384
970 2384
1411 2384
287 2385
566 2386
749 2386
1010 2386
1971 2386
414 2387
233 2388
967 2388
1125 2388
2298 2388
1002 2389
1415 2390
2092 2391
138 2392
811 2392
1699 2392
91 2393
476 2393
506 2393
509 2393
556 2393
658 2393
911 2393
1153 2393
1959 2393
1882 2394
1483 2395
386 2396
1189 2397
1335 2397
1682 2398
1945 2398
100 2399
613 2399
51 2400
83 2400
196 2400
665 2400
979 2400
2212 2400
414 2401
154 2402
95 2403
2078 2404
798 2405
1604 2405
679 2406
1042 2406
1383 2406
1508 2406
1778 2407
2242 2407
1632 2408
428 2409
179 2410
527 2410
1465 2410
1200 2411
336 2412
594 2412
1075 2412
1248 2412
509 2413
1244 2414
2360 2414
361 2415
1397 2415
1416 2415
826 2416
2373 2416
946 2417
1551 2417
2238 2417
1111 2418
1217 2418
837 2419
841 2420
1089 2421
2079 2421
2084 2421
1554 2422
3 2423
8 2423
452 2423
589 2423
846 2423
1110 2423
1510 2423
1823 2423
2225 2423
2300 2423
2349 2423
2397 2423
100 2424
163 2424
309 2424
346 2424
471 2424
527 2424
701 2424
749 2424
859 2424
1246 2424
1655 2424
1670 2424
1762 2424
2202 2424
7 2425
1887 2425
7 2426
714 2426
1002 2427
1552 2428
2125 2428
2158 2428
75 2429
142 2430
142 2431
1314 2431
1698 2431
2328 2431
1415 2432
154 2433
1330 2433
5 2434
452 2435
2244 2435
360 2436
1167 2437
1553 2437
2143 2437
2266 2437
126 2438
691 2439
1238 2439
353 2440
1078 2440
1268 2440
2214 2440
78 2441
440 2441
1064 2442
2105 2442
15 2443
77 2443
651 2443
1002 2443
14 2444
850 2444
894 2444
1010 2444
1238 2444
152 2445
572 2445
167 2446
1323 2446
1709 2447
651 2448
1010 2448
1971 2448
2424 2448
1377 2449
627 2450
1244 2451
1410 2451
723 2452
761 2452
154 2453
654 2453
15 2455
1979 2456
2078 2456
414 2457
1637 2458
1146 2459
1238 2459
1545 2459
2056 2460
14 2461
894 2461
305 2462
5 2463
1253 2464
1528 2464
1784 2464
1929 2464
2116 2464
14 2465
1238 2465
1502 2465
612 2466
1297 2466
1333 2466
1403 2466
209 2467
5 2468
1467 2468
1705 2468
1819 2468
2268 2468
1246 2469
1248 2469
17 2470
1043 2471
1239 2471
1798 2471
1945 2472
1131 2473
1330 2473
1397 2473
2312 2474
361 2475
1397 2475
1416 2475
15 2476
163 2477
680 2477
14 2478
140 2479
414 2480
152 2481
2253 2481
108 2482
15 2483
1002 2483
1250 2483
1397 2484
15 2485
786 2486
1002 2487
105 2488
223 2488
597 2488
712 2488
1142 2488
1306 2488
1881 2488
2456 2488
967 2489
12 2490
59 2491
970 2491
1881 2492
1927 2492
1832 2493
115 2494
165 2494
175 2494
374 2494
483 2494
882 2494
1226 2494
1447 2494
1502 2494
1729 2494
2187 2494
1811 2495
921 2496
575 2497
591 2497
126 2498
834 2498
238 2499
1171 2499
1823 2499
493 2501
1891 2501
2170 2502
1051 2503
1367 2503
1700 2503
6 2504
2218 2504
15 2505
1002 2505
8 2506
100 2506
1297 2506
2466 2506
87 2507
206 2508
1323 2508
2337 2508
841 2509
2420 2509
625 2510
1042 2510
1383 2510
1720 2511
837 2512
1537 2512
2094 2513
50 2514
423 2514
5 2515
414 2516
1397 2517
1827 2517
2108 2517
5 2518
76 2519
568 2519
1942 2519
442 2520
2199 2520
2161 2521
12 2522
1514 2522
1684 2522
423 2523
1757 2523
2290 2523
1918 2524
6 2525
378 2526
759 2526
1260 2526
1343 2526
1442 2526
1606 2526
1871 2526
2095 2526
2205 2526
2242 2526
679 2527
484 2528
1699 2528
163 2529
1049 2529
2072 2529
449 2530
7 2531
42 2531
95 2531
396 2531
667 2531
835 2531
846 2531
1095 2531
1157 2531
1177 2531
1323 2531
1591 2531
1700 2531
1887 2531
1238 2533
305 2534
487 2535
826 2535
2312 2535
2312 2536
5 2537
12 2538
429 2538
783 2538
841 2538
1284 2538
1285 2538
2139 2538
111 2539
163 2539
742 2539
837 2539
1056 2539
1479 2539
1530 2539
1684 2539
2078 2539
2135 2539
2311 2539
1482 2540
1704 2540
2240 2540
12 2541
628 2541
429 2542
896 2543
1402 2543
165 2544
80 2545
1554 2546
1881 2547
8 2548
1934 2549
2531 2549
452 2550
1223 2550
2241 2551
296 2552
2377 2553
517 2554
675 2554
971 2554
1722 2554
2002 2554
2497 2554
17 2555
223 2556
1379 2557
1868 2557
710 2558
1432 2558
2094 2558
17 2559
769 2559
928 2559
1200 2559
2219 2559
2242 2559
12 2560
89 2561
210 2561
264 2561
492 2561
1057 2561
1899 2561
6 2562
56 2562
2409 2562
142 2563
2328 2563
549 2564
613 2564
165 2565
1476 2566
2007 2566
734 2567
1916 2568
1049 2569
62 2570
591 2571
761 2571
2554 2571
1010 2572
2221 2572
36 2573
440 2573
694 2573
949 2573
1903 2573
1926 2573
2191 2573
2233 2573
1041 2574
1281 2574
15 2575
59 2576
347 2576
641 2576
1444 2577
1973 2577
15 2578
8 2579
1552 2579
1964 2579
2125 2579
2573 2579
107 2580
1267 2580
1744 2580
2116 2580
2464 2580
627 2581
1131 2582
1416 2582
152 2583
18 2584
125 2584
402 2584
1426 2584
2316 2584
154 2585
1416 2585
2175 2586
525 2587
651 2587
2031 2587
2056 2587
2351 2587
1219 2588
414 2589
62 2590
905 2590
1112 2590
1116 2590
1928 2590
2088 2590
6 2591
36 2591
119 2591
215 2591
651 2591
694 2591
1171 2591
1298 2591
1458 2591
530 2593
1767 2593
79 2594
2233 2594
400 2595
805 2595
1115 2595
13 2596
16 2596
430 2596
632 2596
654 2596
701 2596
770 2596
907 2596
1480 2596
1649 2596
1922 2596
2453 2596
2 2597
8 2597
18 2597
264 2597
1095 2597
1918 2597
2045 2597
2077 2597
33 2598
484 2598
1064 2598
105 2599
490 2599
511 2599
804 2599
862 2599
1002 2599
1113 2599
1733 2599
1881 2599
6 2600
909 2601
336 2602
594 2602
1248 2602
2412 2602
909 2603
77 2604
1431 2604
400 2605
805 2605
1114 2605
1876 2605
2539 2606
1112 2607
15 2608
471 2609
382 2610
496 2610
882 2610
951 2610
1403 2610
1499 2610
94 2611
946 2611
1230 2611
1888 2611
1948 2611
2139 2611
2350 2612
847 2613
1514 2613
1684 2613
2509 2614
6 2615
17 2616
1200 2616
2095 2616
2213 2616
126 2617
217 2617
310 2617
496 2617
882 2617
1009 2617
1340 2617
1400 2617
1931 2617
2610 2617
59 2618
347 2618
462 2618
12 2619
163 2619
471 2619
862 2619
2599 2619
15 2620
1002 2620
15 2621
59 2622
884 2623
17 2624
1269 2624
1377 2624
12 2625
2224 2626
2298 2626
5 2627
94 2628
1224 2628
6 2629
100 2630
1244 2631
2360 2631
913 2632
1323 2632
2293 2632
525 2633
15 2634
1002 2634
15 2635
165 2636
329 2636
2256 2636
772 2637
1267 2637
154 2638
449 2639
350 2640
1731 2640
372 2641
527 2641
823 2641
841 2641
1172 2641
1779 2641
310 2642
446 2642
822 2642
1148 2642
1800 2642
2054 2642
2144 2642
2162 2642
2598 2642
12 2643
1134 2644
548 2645
2346 2645
208 2647
495 2647
138 2648
484 2648
811 2648
1949 2648
4 2649
840 2649
884 2649
1545 2650
2539 2651
1827 2652
2327 2652
400 2653
805 2653
1114 2653
1876 2653
1119 2654
1276 2654
1392 2654
1854 2654
1897 2654
233 2655
967 2655
2312 2655
2384 2655
2056 2656
2460 2656
1193 2657
1289 2657
2334 2657
296 2658
2357 2659
1343 2660
140 2661
1170 2661
12 2662
2072 2662
6 2663
1659 2664
837 2665
152 2666
12 2667
172 2667
329 2667
592 2667
1702 2667
1826 2667
1849 2667
837 2668
138 2669
811 2669
2105 2669
2393 2669
714 2670
493 2671
1891 2671
73 2672
213 2672
376 2672
412 2672
470 2672
527 2672
640 2672
651 2672
1004 2672
1149 2672
1249 2672
1366 2672
1522 2672
1632 2672
2083 2672
2421 2672
2500 2672
2654 2672
17 2673
220 2674
2138 2674
701 2675
837 2676
1537 2676
1112 2677
2 2678
3 2678
7 2678
89 2678
304 2678
589 2678
700 2678
725 2678
925 2678
1161 2678
1186 2678
1492 2678
1552 2678
1786 2678
1887 2678
1918 2678
2050 2678
2275 2678
2425 2678
2426 2678
1415 2679
444 2680
679 2680
2215 2680
1010 2681
2221 2681
108 2682
1136 2682
2120 2682
1050 2683
1545 2684
12 2685
2643 2685
100 2686
651 2687
743 2687
4 2688
8 2688
79 2688
353 2688
682 2688
734 2688
1823 2688
2212 2688
305 2689
386 2689
6 2690
1988 2690
1131 2691
1330 2691
1397 2691
679 2692
1928 2693
78 2694
95 2694
353 2694
651 2694
734 2694
953 2694
59 2695
2358 2695
179 2696
800 2696
1693 2696
2253 2697
1172 2698
13 2699
15 2699
33 2699
463 2699
513 2699
895 2699
970 2699
1064 2699
837 2700
5 2701
233 2702
414 2703
94 2704
1244 2705
500 2706
1420 2706
1238 2707
1881 2707
2238 2708
557 2709
4 2710
41 2710
67 2710
1574 2710
1267 2711
876 2712
1321 2712
1814 2712
786 2713
934 2713
2328 2713
1707 2714
1918 2715
1403 2716
2469 2716
207 2717
1172 2717
414 2718
798 2720
7 2721
2678 2721
162 2722
440 2723
1 2724
125 2724
273 2724
514 2724
750 2724
1187 2724
1463 2724
1478 2724
1686 2724
1728 2724
1632 2725
500 2726
880 2726
2247 2726
154 2727
1416 2727
1827 2727
2667 2727
733 2728
489 2729
1832 2729
2115 2729
2493 2729
734 2730
2 2731
259 2731
896 2732
1217 2732
1832 2733
2115 2733
1551 2734
701 2735
138 2736
566 2737
1010 2737
1882 2737
1002 2738
75 2739
232 2739
728 2739
2058 2739
1222 2740
1745 2740
5 2741
47 2741
264 2741
531 2741
786 2741
860 2741
1000 2741
1054 2741
1183 2741
1322 2741
1574 2741
1632 2741
1682 2741
1754 2741
1822 2741
1893 2741
1913 2741
2026 2741
2044 2741
2118 2741
2198 2741
2206 2741
2253 2741
2360 2741
2398 2741
2472 2741
154 2742
1252 2742
1514 2743
1684 2743
6 2744
671 2745
1880 2745
649 2746
1266 2746
2278 2746
7 2747
1887 2747
2678 2747
684 2748
15 2749
59 2750
2079 2750
1502 2751
2494 2751
1002 2752
5 2753
1244 2753
2360 2753
9 2754
78 2754
188 2754
232 2754
284 2754
399 2754
634 2754
722 2754
1081 2754
1086 2754
1266 2754
1267 2754
1411 2754
1461 2754
1613 2754
2142 2754
2156 2754
2278 2754
2360 2754
1114 2755
18 2756
402 2756
1426 2756
6 2757
1988 2757
1061 2758
2158 2758
1918 2759
449 2760
12 2761
14 2761
823 2761
837 2761
1238 2761
2078 2761
2488 2761
837 2762
1722 2763
679 2764
12 2765
500 2765
1049 2766
527 2767
381 2768
313 2769
765 2769
1837 2769
1965 2769
2364 2769
2706 2770
1720 2771
1010 2772
1882 2772
2377 2772
2175 2773
530 2774
671 2775
970 2776
4 2777
304 2778
519 2778
598 2778
1189 2778
1338 2778
1793 2778
1845 2778
1899 2778
2163 2778
2532 2778
1783 2779
1935 2779
2250 2779
4 2780
1919 2780
1967 2780
1887 2781
17 2782
2079 2783
336 2784
594 2784
1075 2784
1648 2784
1561 2785
1422 2786
1125 2787
2298 2787
651 2788
94 2789
1965 2789
1002 2790
1554 2791
1415 2792
2432 2792
95 2793
815 2793
1926 2793
2212 2793
7 2794
319 2795
440 2795
841 2795
1465 2795
94 2796
337 2796
527 2796
946 2796
1285 2796
383 2797
1140 2798
381 2799
471 2800
924 2801
1432 2801
1606 2801
2175 2801
837 2802
1325 2802
1466 2802
14 2803
64 2803
115 2803
148 2803
152 2803
159 2803
175 2803
189 2803
1311 2803
1849 2803
2047 2803
2187 2803
2686 2803
837 2804
233 2805
14 2806
894 2806
1998 2807
837 2808
78 2809
417 2809
2239 2809
651 2810
89 2811
347 2811
371 2811
491 2811
519 2811
573 2811
692 2811
1161 2811
1696 2811
1784 2811
2096 2811
2151 2811
2592 2811
2719 2811
296 2812
328 2812
622 2813
1520 2814
1741 2814
260 2815
894 2815
1010 2815
1882 2815
465 2816
1041 2816
51 2817
68 2817
71 2817
890 2817
953 2817
1071 2817
1266 2817
1267 2817
2278 2817
95 2818
138 2819
811 2819
1554 2820
166 2821
923 2821
2811 2822
961 2823
2370 2823
679 2824
1720 2825
1656 2826
1002 2827
2079 2828
495 2829
1529 2830
1978 2830
28 2831
544 2831
761 2831
363 2832
12 2833
222 2833
450 2833
1182 2833
1594 2833
1701 2833
1707 2833
2075 2833
2696 2833
2215 2834
94 2835
1238 2836
1238 2837
440 2838
20 2839
350 2839
691 2839
1238 2840
310 2841
759 2842
1260 2842
934 2843
2328 2843
1064 2844
329 2845
341 2845
575 2845
603 2845
1176 2845
1960 2845
1244 2846
13 2847
755 2848
2421 2849
138 2850
2298 2852
2626 2852
714 2853
1335 2853
2423 2853
2483 2854
355 2855
573 2855
1732 2855
227 2856
759 2857
1652 2857
2251 2857
321 2858
682 2858
1823 2858
2591 2858
5 2859
29 2859
1773 2859
225 2860
1094 2860
2672 2861
383 2862
1656 2863
2212 2864
2233 2864
314 2865
1050 2865
1238 2865
1827 2865
76 2866
923 2866
1143 2866
1942 2866
2130 2866
2379 2866
2253 2867
435 2868
6 2869
492 2870
722 2870
1711 2870
2156 2870
2780 2870
2300 2871
381 2872
2768 2872
59 2873
233 2874
2312 2874
679 2875
1441 2875
2510 2875
8 2876
156 2876
354 2876
440 2876
470 2876
504 2876
841 2876
906 2876
1086 2876
1185 2876
1219 2876
1230 2876
1414 2876
1491 2876
1620 2876
1711 2876
1725 2876
1774 2876
2037 2876
2122 2876
2225 2876
2359 2876
2441 2876
2573 2876
2788 2876
679 2877
1454 2877
2189 2877
557 2878
909 2879
2264 2879
395 2880
1846 2880
2112 2880
2646 2880
1931 2881
2617 2881
2543 2882
5 2883
1244 2883
1338 2884
437 2885
1819 2885
471 2886
94 2887
15 2888
1002 2888
1819 2889
2778 2890
129 2891
519 2891
854 2891
1036 2891
1095 2891
1107 2891
1209 2891
1254 2891
1308 2891
1327 2891
1590 2891
1663 2891
2161 2891
2212 2891
2521 2891
169 2892
174 2892
175 2892
247 2892
296 2892
337 2892
436 2892
506 2892
545 2892
548 2892
654 2892
689 2892
800 2892
929 2892
946 2892
963 2892
975 2892
1003 2892
1425 2892
2234 2892
2596 2892
2699 2892
104 2893
549 2894
586 2894
1346 2894
671 2895
233 2896
179 2897
983 2898
679 2899
1454 2900
224 2901
488 2901
873 2901
892 2901
1082 2901
1332 2901
1779 2901
1909 2901
126 2902
1553 2902
2266 2902
2437 2902
2301 2903
2362 2903
202 2904
2043 2905
2138 2905
983 2906
734 2907
1660 2907
928 2908
1225 2908
1260 2908
2219 2908
2242 2908
2382 2908
1422 2909
1200 2910
169 2911
174 2911
175 2911
527 2911
963 2911
1003 2911
1152 2911
1385 2911
1856 2911
2108 2911
2596 2911
7 2912
826 2912
1335 2912
2423 2912
414 2913
760 2914
2113 2915
33 2916
475 2916
575 2916
661 2916
761 2916
1636 2916
2079 2916
2454 2916
12 2917
837 2917
2092 2918
1778 2919
1131 2920
755 2921
511 2922
909 2922
435 2923
1739 2923
2005 2923
2868 2923
414 2924
414 2925
827 2925
979 2925
1615 2925
15 2926
1238 2927
1795 2927
74 2928
894 2928
1811 2928
2350 2928
15 2929
1169 2929
1799 2930
2069 2930
126 2931
5 2932
1201 2933
1435 2933
16 2934
17 2934
64 2934
115 2934
148 2934
175 2934
229 2934
483 2934
499 2934
882 2934
1184 2934
1311 2934
1333 2934
1485 2934
1722 2934
2350 2934
78 2935
216 2935
364 2935
399 2935
467 2935
504 2935
567 2935
572 2935
665 2935
1363 2935
1368 2935
1495 2935
2169 2935
2267 2935
2328 2935
2345 2935
2445 2935
2481 2935
2583 2935
2803 2935
2851 2935
12 2936
131 2937
977 2937
988 2937
1596 2937
2326 2937
452 2938
679 2939
6 2940
383 2941
728 2942
840 2942
920 2942
1080 2942
1314 2942
1335 2942
1391 2942
1698 2942
1742 2942
1945 2942
2561 2942
2724 2943
1514 2944
742 2945
837 2945
1684 2945
2135 2945
2311 2945
381 2946
615 2946
2057 2946
15 2947
24 2947
2 2948
6 2949
759 2950
2180 2950
1422 2951
701 2952
1465 2952
1759 2952
1914 2952
15 2953
1881 2954
1761 2955
1890 2955
2903 2955
445 2956
1268 2956
1664 2956
2214 2956
5 2957
1244 2957
1238 2958
143 2959
179 2959
989 2959
1103 2960
2100 2960
2247 2960
856 2961
1891 2962
1892 2962
1335 2963
2423 2963
51 2964
79 2964
277 2964
1011 2964
1036 2964
1066 2964
1092 2964
1357 2964
1590 2964
1732 2964
2053 2964
2155 2964
2233 2964
2253 2964
2826 2964
2863 2964
761 2965
2554 2965
2488 2966
264 2967
335 2967
724 2967
884 2967
1456 2967
1893 2967
1954 2967
2361 2967
2942 2967
165 2968
517 2968
556 2968
971 2968
1044 2968
1153 2968
1738 2968
2002 2968
2236 2968
759 2969
1343 2969
1002 2970
511 2971
773 2971
909 2971
152 2972
2253 2972
2935 2972
8 2973
400 2973
805 2973
372 2974
1172 2974
1230 2974
1762 2974
79 2975
187 2975
348 2976
813 2976
2094 2976
2380 2976
153 2977
233 2978
399 2978
4 2979
78 2979
651 2979
734 2979
1136 2979
1700 2979
7 2980
2678 2980
256 2981
2219 2981
1127 2982
591 2983
761 2983
1047 2984
2251 2984
75 2985
2672 2985
154 2986
244 2986
1131 2986
2632 2987
1244 2988
2360 2988
59 2989
414 2990
223 2991
430 2991
684 2991
2322 2991
2327 2991
465 2992
256 2993
2219 2993
1131 2994
983 2995
625 2996
651 2997
8 2998
805 2998
1945 2999
15 3000
