1 4
5 6
2 7
12 15
15 17
15 19
15 21
15 24
17 30
5 35
17 39
15 49
15 54
6 58
1 59
8 60
5 66
12 72
15 74
8 75
73 75
14 77
6 78
8 78
23 79
71 79
59 82
71 83
14 84
15 86
17 87
2 89
7 89
8 89
29 89
75 89
78 89
15 90
33 91
1 95
2 95
78 97
74 100
78 101
5 102
78 103
17 104
6 108
51 108
81 108
10 110
15 113
15 116
15 126
59 126
15 127
36 128
71 129
108 130
17 131
126 132
5 141
5 142
47 142
114 142
125 142
138 143
111 144
17 145
142 147
100 148
4 149
8 149
17 150
41 152
78 152
142 152
12 153
37 153
34 154
31 163
74 163
144 163
160 163
6 164
15 165
33 165
15 169
59 171
13 174
64 174
15 175
163 175
132 179
138 179
1 185
110 185
17 186
135 186
5 187
15 191
12 197
6 201
43 205
204 205
2 206
125 206
154 208
75 213
8 214
100 214
8 215
152 216
132 217
126 219
143 219
154 221
14 222
184 223
163 224
124 225
143 227
28 229
33 229
126 230
8 232
32 233
79 233
99 233
120 233
210 233
5 234
15 236
36 238
89 238
15 240
154 241
8 242
59 242
33 246
13 247
105 247
225 249
15 251
169 251
245 251
14 252
17 255
2 259
142 264
166 267
15 269
140 270
154 271
100 272
15 274
163 278
108 281
150 283
154 283
233 284
165 285
5 287
29 287
5 288
14 290
17 292
15 296
57 296
175 296
211 296
2 297
8 299
6 301
7 304
109 305
291 305
6 306
15 307
74 309
132 310
12 314
16 314
194 314
208 314
17 315
38 318
156 318
14 326
296 328
169 329
179 329
108 330
78 332
188 332
17 333
142 335
12 337
208 337
319 337
135 341
48 342
208 342
15 350
20 350
223 350
48 351
208 351
1 353
304 353
143 354
270 355
14 357
353 358
15 359
28 360
152 364
188 364
17 365
163 366
108 367
51 373
100 374
6 375
78 375
95 375
100 378
131 378
59 382
132 382
15 383
50 385
291 386
15 387
225 389
162 391
27 395
2 396
15 398
59 399
68 399
79 399
83 399
97 399
152 399
289 399
390 399
60 400
154 401
14 403
150 404
154 404
384 407
12 409
225 409
280 409
95 412
79 413
339 413
45 414
83 414
196 414
277 414
294 414
347 414
356 414
233 415
5 416
89 417
163 419
5 420
118 421
349 421
165 422
385 423
138 427
56 428
152 429
169 429
175 429
262 429
279 429
337 429
223 430
123 435
13 436
5 437
395 439
156 440
375 440
46 445
143 447
143 450
112 452
136 452
171 452
343 452
380 452
394 452
431 452
432 452
5 453
12 454
163 454
97 457
4 459
71 460
414 460
71 462
399 462
414 462
27 465
12 466
152 467
5 468
140 469
15 471
74 471
192 471
329 471
163 474
229 475
15 479
421 481
62 482
170 483
310 484
446 484
6 486
92 487
237 487
205 489
64 490
89 492
210 492
75 493
15 494
132 496
193 496
15 497
225 498
64 500
72 500
129 501
452 503
6 504
8 504
152 504
15 506
142 508
33 509
261 509
360 509
451 509
62 510
193 512
506 513
304 514
154 515
487 516
309 518
55 519
75 519
284 519
452 519
457 519
501 519
170 521
223 521
342 521
138 522
219 522
93 525
22 527
31 527
74 527
105 527
106 527
224 527
409 527
429 527
154 528
163 529
14 530
64 530
115 530
148 530
152 530
159 530
189 530
499 530
163 532
452 534
108 538
223 541
13 545
15 545
276 545
8 547
13 548
449 548
526 548
163 550
17 553
142 554
261 556
509 556
13 557
15 557
449 557
5 558
381 559
381 563
152 564
11 566
17 566
63 566
500 566
540 566
152 567
452 571
152 572
5 578
12 581
154 584
549 586
176 587
100 588
549 588
7 589
29 589
78 589
152 589
585 590
370 591
517 591
15 593
105 593
471 593
77 595
381 596
59 599
592 601
179 602
135 603
95 604
33 605
221 606
202 608
100 609
530 609
429 612
74 613
148 613
344 613
586 613
609 613
233 614
399 614
59 616
484 617
3 618
4 618
237 618
324 618
487 618
551 618
15 619
381 622
552 622
615 622
348 626
181 627
12 628
565 632
15 635
138 636
422 636
553 636
251 637
233 639
462 641
51 643
71 643
108 643
142 644
206 644
266 644
461 649
462 649
351 650
406 650
13 651
101 651
199 651
329 651
567 651
15 652
309 653
13 654
180 654
208 654
351 654
404 654
6 655
9 655
264 655
399 655
487 655
618 655
465 657
33 658
651 660
506 661
6 665
7 665
152 665
15 668
154 669
31 671
150 671
207 671
379 671
393 671
488 671
590 671
624 671
637 671
28 675
261 675
591 675
15 677
363 678
79 679
81 679
130 679
182 679
188 679
281 679
367 679
377 679
434 679
444 679
655 679
659 679
163 680
15 681
36 682
79 682
119 682
122 682
126 682
149 682
215 682
321 682
17 683
317 684
419 685
452 687
15 689
105 689
452 690
8 692
417 692
445 695
17 697
29 698
549 699
613 699
7 700
31 701
74 701
354 701
409 701
630 701
369 702
142 704
527 708
701 708
15 709
100 710
186 710
243 710
422 710
519 710
163 712
671 712
79 713
89 714
304 714
5 716
363 718
62 719
51 720
79 720
196 720
277 720
665 720
51 722
210 722
519 722
509 723
517 723
29 724
7 725
500 726
442 727
110 728
264 728
329 728
332 728
154 729
622 732
154 733
536 733
67 734
78 734
103 734
149 734
524 734
14 735
64 735
527 735
153 736
36 737
215 737
232 737
519 738
227 740
144 742
651 743
15 744
448 745
33 746
701 747
17 748
473 749
519 750
323 751
33 753
17 754
363 755
138 758
15 759
39 759
53 759
243 759
455 759
594 759
656 759
671 759
6 760
360 761
370 761
544 761
612 761
675 761
465 762
75 763
7 764
78 764
12 767
500 767
152 768
100 769
145 769
251 769
256 769
656 769
6 771
469 772
491 772
163 773
511 773
17 776
165 776
509 776
557 776
577 776
746 776
489 779
251 780
229 781
138 782
617 782
150 783
223 783
314 783
337 783
651 784
163 785
566 785
67 786
152 786
264 786
508 786
531 786
555 786
94 789
15 792
163 793
319 794
270 797
277 797
347 797
469 797
573 797
643 797
715 797
424 798
562 798
471 799
222 800
354 800
450 800
566 801
471 802
649 803
104 806
627 807
10 808
446 811
617 811
782 811
212 812
17 813
759 813
97 815
642 815
378 816
597 819
208 821
138 822
484 822
31 823
169 823
224 823
278 823
290 823
316 823
393 823
488 823
566 823
570 823
624 823
769 823
780 823
304 824
500 825
324 826
655 826
764 826
51 827
152 827
196 827
305 828
778 828
679 831
587 832
613 833
126 834
2 835
134 837
144 837
190 837
222 837
253 837
290 837
334 837
340 837
366 837
490 837
560 837
582 837
712 837
810 837
400 838
15 839
8 840
9 840
78 840
79 840
101 840
264 840
564 840
679 840
808 840
826 840
223 841
337 841
354 841
368 841
527 841
794 841
802 841
445 843
78 844
95 844
2 846
3 846
8 846
18 846
89 846
264 846
266 846
452 846
589 846
665 846
764 846
17 847
31 847
52 847
153 847
372 847
466 847
498 847
726 847
794 847
17 849
14 850
308 850
15 852
59 853
223 857
348 858
710 858
759 858
813 858
14 859
74 859
344 859
261 861
12 862
163 862
701 862
100 864
179 865
527 865
679 869
6 871
12 872
500 872
207 873
251 873
17 875
711 876
6 877
798 879
814 879
447 880
450 880
647 880
452 881
8 882
100 882
132 882
145 882
193 882
682 882
859 882
154 883
29 884
459 884
566 886
64 887
79 889
573 890
643 890
15 891
12 892
251 892
15 893
77 894
506 895
207 896
739 896
769 897
654 899
734 900
15 901
710 902
414 903
720 903
13 904
165 904
798 905
342 907
679 908
31 909
105 909
144 909
290 909
366 909
511 909
545 909
597 909
804 909
862 909
174 910
175 910
527 910
761 911
776 911
43 913
139 913
166 913
304 914
604 914
17 915
626 915
46 920
264 920
358 920
443 920
514 920
163 921
680 921
386 922
267 923
779 923
138 924
150 924
186 924
333 924
336 924
519 924
546 924
553 924
7 925
801 926
414 927
87 928
100 928
336 928
594 928
671 928
13 929
223 930
15 931
828 932
335 933
664 933
855 933
268 934
62 935
798 935
437 936
153 938
5 940
108 942
679 942
557 943
15 945
471 946
841 946
94 948
8 949
737 949
59 951
132 951
193 951
6 953
51 953
79 953
81 953
643 953
659 953
869 953
885 953
942 953
452 956
414 957
828 958
548 959
166 961
7 962
13 963
16 963
430 963
654 963
701 963
907 963
910 963
557 964
202 965
79 966
713 966
51 967
68 967
83 967
210 967
390 967
519 967
614 967
655 967
166 969
1 970
4 970
69 970
171 970
399 970
414 970
506 970
631 970
722 970
840 970
951 970
967 970
429 971
591 971
723 971
761 971
59 972
383 973
233 974
967 974
13 975
714 976
846 976
17 977
378 978
636 978
924 978
83 979
196 979
629 979
903 979
452 980
4 981
78 981
95 981
353 981
734 981
953 981
142 982
206 982
618 982
826 982
527 983
238 985
166 987
17 988
31 989
61 989
74 989
153 989
570 989
4 994
840 994
6 996
79 997
374 998
786 1000
471 1001
19 1002
88 1002
90 1002
100 1002
116 1002
126 1002
127 1002
161 1002
191 1002
193 1002
200 1002
240 1002
247 1002
251 1002
254 1002
338 1002
387 1002
441 1002
472 1002
478 1002
479 1002
494 1002
497 1002
502 1002
557 1002
595 1002
622 1002
635 1002
652 1002
668 1002
671 1002
689 1002
730 1002
744 1002
755 1002
757 1002
787 1002
839 1002
891 1002
909 1002
945 1002
13 1003
15 1003
163 1003
222 1003
295 1003
592 1003
685 1003
910 1003
1001 1003
75 1004
59 1005
193 1005
970 1005
679 1006
33 1007
264 1008
514 1008
8 1009
30 1009
100 1009
11 1010
15 1010
17 1010
251 1010
275 1010
500 1010
540 1010
785 1010
790 1010
801 1010
847 1010
1002 1010
837 1012
548 1013
452 1014
504 1015
29 1016
933 1016
304 1017
15 1018
951 1019
8 1020
15 1021
999 1022
59 1023
970 1023
269 1024
407 1026
452 1027
350 1028
1002 1029
17 1030
847 1031
341 1032
1002 1032
863 1033
208 1034
495 1034
146 1035
501 1036
649 1036
1002 1037
837 1038
884 1039
1002 1040
679 1042
51 1043
79 1043
525 1043
539 1043
903 1043
33 1044
261 1044
39 1047
53 1047
145 1047
458 1047
897 1047
383 1048
105 1049
144 1049
151 1049
160 1049
190 1049
192 1049
296 1049
300 1049
316 1049
340 1049
346 1049
357 1049
454 1049
490 1049
529 1049
545 1049
560 1049
785 1049
836 1049
1038 1049
34 1050
228 1050
320 1050
671 1050
18 1051
750 1051
139 1052
138 1053
776 1053
811 1053
837 1055
144 1056
492 1057
651 1057
863 1058
143 1063
506 1064
509 1064
548 1064
861 1064
878 1064
1053 1064
880 1065
270 1066
501 1066
142 1067
734 1067
452 1069
51 1071
83 1071
196 1071
665 1071
979 1071
759 1075
138 1076
138 1077
811 1077
46 1078
353 1078
920 1078
1008 1078
970 1080
68 1081
614 1081
157 1082
354 1082
841 1082
847 1082
338 1084
208 1085
6 1086
78 1086
440 1086
519 1086
651 1086
655 1086
79 1087
701 1088
95 1089
78 1090
519 1090
97 1092
196 1092
519 1092
903 1092
557 1093
225 1094
8 1095
501 1095
772 1095
827 1095
452 1096
955 1097
856 1099
62 1100
309 1101
570 1101
989 1101
11 1103
12 1103
17 1103
63 1103
146 1103
308 1103
490 1103
707 1103
785 1103
790 1103
823 1103
916 1103
6 1104
786 1105
414 1106
258 1109
207 1111
250 1112
542 1112
587 1112
500 1113
909 1113
838 1114
542 1116
679 1118
59 1119
73 1119
309 1119
840 1119
1025 1119
5 1120
153 1121
249 1121
389 1121
498 1121
251 1124
344 1124
483 1124
899 1124
97 1125
614 1125
939 1125
970 1125
933 1126
15 1127
307 1127
5 1128
837 1129
17 1130
15 1131
121 1131
244 1131
669 1131
756 1131
870 1131
622 1132
795 1133
1002 1133
220 1134
14 1135
257 1135
344 1135
882 1135
51 1136
81 1136
434 1136
908 1136
942 1136
981 1136
163 1138
837 1138
1049 1138
59 1139
970 1139
1089 1139
171 1141
651 1141
909 1142
76 1143
923 1143
402 1144
860 1144
923 1144
1052 1144
437 1145
944 1146
8 1147
484 1148
15 1150
154 1151
910 1152
33 1153
261 1153
1064 1153
452 1154
363 1155
17 1156
500 1160
2 1161
7 1161
75 1161
856 1162
223 1164
429 1166
1002 1169
140 1170
238 1171
31 1172
96 1172
105 1172
169 1172
278 1172
488 1172
590 1172
624 1172
780 1172
873 1172
892 1172
1002 1172
1010 1172
1111 1172
1124 1172
89 1173
324 1173
504 1173
59 1175
156 1175
309 1175
1032 1176
2 1177
548 1178
381 1180
800 1182
786 1183
105 1185
1002 1185
7 1186
1 1187
125 1187
178 1187
273 1187
514 1187
750 1187
153 1188
9 1189
233 1189
826 1189
1086 1189
809 1191
351 1192
311 1193
407 1193
952 1193
982 1195
671 1196
896 1196
1111 1196
414 1197
5 1199
186 1200
365 1200
579 1200
671 1200
766 1200
679 1201
773 1202
1049 1202
1140 1203
723 1204
761 1204
291 1205
480 1205
828 1205
922 1205
202 1206
1200 1206
89 1210
347 1210
371 1210
491 1210
519 1210
573 1210
662 1210
692 1210
715 1210
1161 1210
15 1211
5 1212
399 1213
6 1215
739 1217
896 1217
1196 1217
1083 1219
206 1221
452 1223
17 1225
924 1225
928 1225
100 1226
530 1226
597 1227
22 1230
96 1230
106 1230
223 1230
232 1230
265 1230
802 1230
841 1230
888 1230
1082 1230
682 1232
823 1233
837 1233
847 1234
179 1235
59 1236
16 1238
84 1238
159 1238
177 1238
222 1238
290 1238
308 1238
632 1238
638 1238
676 1238
735 1238
850 1238
866 1238
992 1238
1062 1238
1079 1238
1135 1238
525 1239
682 1241
737 1241
17 1243
35 1244
688 1244
734 1244
867 1244
986 1244
1220 1244
59 1245
74 1246
214 1246
710 1246
6 1247
214 1248
782 1248
928 1248
1200 1248
75 1249
652 1250
1002 1250
880 1251
669 1252
702 1253
501 1254
12 1256
548 1257
455 1260
1030 1260
506 1263
513 1263
856 1264
5 1265
79 1266
129 1266
196 1266
460 1266
643 1266
89 1267
97 1267
347 1267
371 1267
469 1267
491 1267
519 1267
643 1267
843 1268
17 1269
748 1269
772 1270
1267 1270
1136 1272
1041 1273
414 1274
762 1275
418 1276
840 1276
989 1276
1140 1276
1002 1278
421 1279
722 1279
1125 1279
519 1280
27 1281
1273 1281
18 1282
654 1284
96 1285
946 1285
1230 1285
755 1287
171 1288
734 1288
331 1289
952 1289
15 1290
1002 1290
15 1291
1002 1291
33 1292
312 1292
484 1292
811 1292
1181 1292
798 1293
556 1295
675 1295
2 1296
214 1297
612 1297
682 1298
18 1299
934 1299
414 1300
163 1303
680 1303
983 1304
837 1305
143 1306
671 1306
837 1306
909 1306
185 1307
1175 1309
309 1313
18 1314
78 1314
264 1314
335 1314
554 1314
982 1314
1141 1314
452 1315
414 1316
1266 1316
363 1318
152 1319
786 1322
339 1323
664 1323
665 1323
698 1323
625 1324
837 1325
734 1326
501 1327
1238 1328
34 1330
121 1330
241 1330
606 1330
669 1330
721 1330
756 1330
917 1330
1060 1330
1229 1330
251 1332
1230 1332
100 1333
163 1333
530 1333
549 1333
749 1333
1246 1333
1297 1333
847 1334
8 1335
59 1335
89 1335
173 1335
238 1335
264 1335
266 1335
665 1335
764 1335
923 1335
976 1335
1095 1335
321 1336
682 1336
1244 1337
9 1338
551 1338
618 1338
755 1339
59 1340
132 1340
970 1340
1002 1342
131 1343
145 1343
656 1343
671 1343
1122 1343
381 1344
557 1345
549 1346
586 1346
94 1348
393 1348
488 1348
581 1348
624 1348
1002 1348
1082 1348
1113 1348
381 1350
363 1351
1190 1351
1314 1352
4 1353
287 1353
1141 1353
500 1355
880 1355
530 1356
421 1358
17 1359
169 1359
180 1359
198 1359
260 1359
283 1359
749 1359
783 1359
759 1361
524 1363
5 1364
924 1365
110 1367
273 1367
1307 1367
51 1368
152 1368
1036 1368
1107 1368
1327 1368
1357 1368
351 1369
963 1369
142 1370
734 1370
360 1371
630 1372
62 1373
250 1373
276 1374
451 1374
603 1374
1371 1374
154 1375
1330 1375
15 1376
17 1377
748 1377
429 1378
8 1380
439 1381
610 1382
625 1383
1042 1383
89 1384
504 1384
64 1385
910 1385
95 1386
1002 1387
1200 1388
15 1389
4 1392
918 1392
1119 1392
856 1393
1146 1393
143 1395
671 1395
1172 1395
163 1396
671 1396
837 1396
989 1396
15 1397
34 1397
121 1397
172 1397
241 1397
283 1397
361 1397
510 1397
733 1397
968 1397
100 1398
613 1398
154 1399
132 1400
5 1401
1217 1402
8 1403
132 1403
1246 1403
1297 1403
452 1404
1125 1408
1244 1410
9 1411
78 1411
232 1411
284 1411
414 1411
457 1411
634 1411
649 1411
967 1411
1081 1411
1086 1411
1266 1411
711 1412
12 1413
815 1414
856 1415
98 1416
121 1416
244 1416
271 1416
361 1416
606 1416
669 1416
741 1416
756 1416
968 1416
1060 1416
1214 1416
1229 1416
1373 1416
509 1417
723 1418
761 1418
1064 1418
755 1419
500 1420
59 1422
73 1422
1165 1422
1309 1422
279 1423
527 1423
1397 1423
430 1424
13 1425
823 1427
837 1427
154 1428
1416 1428
6 1429
31 1430
153 1430
796 1430
1101 1430
1119 1430
1175 1430
77 1431
403 1431
186 1432
813 1432
858 1432
904 1432
978 1432
140 1433
755 1434
1136 1435
5 1436
1289 1437
1061 1438
629 1439
649 1439
625 1441
953 1441
233 1443
167 1444
205 1444
1052 1444
1224 1445
1175 1446
1422 1446
530 1447
613 1447
1184 1447
59 1448
18 1449
970 1449
1288 1449
1219 1450
1348 1451
208 1452
342 1452
16 1453
17 1453
44 1453
64 1453
115 1453
148 1453
175 1453
483 1453
499 1453
882 1453
1333 1453
81 1454
118 1454
349 1454
377 1454
520 1454
655 1454
981 1454
1189 1454
1409 1454
165 1455
433 1455
29 1456
78 1456
152 1456
933 1456
509 1457
682 1458
1406 1458
548 1460
519 1461
598 1461
655 1461
1338 1461
1411 1461
1121 1462
95 1463
1051 1463
1187 1463
1367 1463
354 1465
630 1465
865 1465
1088 1465
1333 1465
1372 1465
837 1466
437 1467
530 1468
374 1469
632 1469
882 1469
1226 1469
17 1470
759 1470
1047 1470
360 1471
33 1473
449 1473
233 1474
152 1475
258 1476
1289 1476
1187 1478
144 1479
150 1480
223 1480
963 1480
1359 1480
1146 1481
43 1482
166 1482
386 1482
923 1482
97 1484
1411 1484
1453 1485
779 1486
17 1488
165 1490
329 1490
471 1490
728 1490
1487 1491
167 1492
923 1492
6 1493
655 1493
826 1493
152 1494
152 1495
126 1496
654 1497
1050 1497
452 1498
132 1499
193 1499
682 1499
1219 1500
166 1501
115 1502
159 1502
175 1502
374 1502
499 1502
882 1502
1311 1502
1447 1502
1002 1504
679 1505
737 1507
1042 1508
1136 1508
446 1509
484 1509
152 1510
846 1510
797 1511
1078 1512
4 1513
8 1513
52 1514
72 1514
153 1514
581 1514
726 1514
794 1514
1440 1514
1139 1515
15 1516
1043 1517
527 1518
963 1518
1385 1518
1397 1518
1289 1519
6 1520
6 1521
1247 1521
684 1523
774 1523
794 1523
1397 1524
1416 1524
1267 1526
856 1527
107 1528
702 1528
1253 1528
1267 1528
15 1529
696 1529
1002 1529
1084 1529
144 1530
597 1532
59 1533
15 1534
1002 1534
1116 1536
810 1537
837 1537
414 1538
154 1539
542 1540
8 1541
223 1542
430 1542
142 1543
786 1543
934 1543
1335 1543
165 1544
1050 1545
1393 1545
64 1546
142 1547
734 1547
1187 1548
1002 1549
783 1550
841 1550
22 1551
143 1551
319 1551
334 1551
841 1551
1465 1551
7 1552
36 1552
119 1552
126 1552
694 1552
1171 1552
1232 1552
1236 1552
1298 1552
1458 1552
1167 1553
118 1554
520 1554
655 1554
1279 1554
1441 1554
233 1555
487 1555
826 1555
353 1556
920 1556
185 1557
1008 1557
1212 1559
1469 1560
163 1561
701 1561
779 1562
923 1562
17 1563
1343 1563
710 1564
1359 1565
622 1566
6 1567
1416 1568
165 1569
1544 1569
452 1570
1143 1571
17 1573
924 1573
459 1574
651 1574
734 1574
786 1574
1051 1574
1282 1574
1314 1574
1353 1574
625 1575
51 1576
722 1576
970 1576
1279 1576
1408 1576
449 1577
233 1578
399 1578
1125 1578
923 1579
1545 1580
637 1581
671 1581
1348 1581
6 1582
8 1583
8 1584
1415 1585
1002 1586
701 1587
1465 1587
165 1588
15 1589
501 1590
1368 1590
2 1591
759 1592
1047 1592
1206 1592
193 1593
325 1594
800 1594
1301 1594
1373 1594
516 1595
1189 1595
17 1596
759 1596
882 1596
1047 1596
1159 1596
1200 1596
1442 1596
1002 1597
1125 1598
970 1599
233 1602
679 1602
840 1602
233 1603
1443 1603
424 1604
537 1604
542 1604
879 1604
905 1604
556 1605
145 1606
186 1606
978 1606
1248 1606
1348 1606
1596 1606
924 1607
1606 1607
71 1608
414 1608
649 1608
1368 1608
1125 1611
1172 1612
1230 1612
8 1613
59 1613
232 1613
642 1613
763 1613
1411 1613
95 1614
83 1615
196 1615
903 1615
1415 1616
671 1617
430 1618
440 1620
79 1621
95 1621
837 1624
471 1626
823 1626
837 1626
1049 1626
2 1627
1330 1628
1416 1628
95 1629
414 1630
801 1631
1010 1631
78 1632
100 1632
216 1632
399 1632
501 1632
504 1632
567 1632
1163 1632
126 1634
1167 1634
1267 1635
710 1636
17 1637
292 1637
33 1638
905 1639
847 1640
1465 1641
62 1642
1540 1642
6 1643
452 1644
56 1646
413 1647
17 1648
378 1648
759 1648
1200 1648
1343 1648
1442 1648
1596 1648
1606 1648
154 1649
963 1649
1397 1649
1271 1650
452 1651
1592 1652
854 1653
1540 1654
74 1655
566 1655
1010 1655
152 1656
277 1656
1254 1656
1357 1656
71 1657
649 1657
1266 1657
174 1658
527 1658
734 1660
79 1661
6 1662
353 1664
445 1664
920 1664
1268 1664
6 1666
786 1667
487 1668
701 1669
74 1670
1397 1671
202 1672
414 1673
18 1674
125 1674
402 1674
900 1674
1141 1674
1426 1674
832 1675
73 1676
156 1676
363 1677
452 1678
6 1680
301 1680
798 1681
142 1682
223 1683
96 1684
144 1684
153 1684
372 1684
581 1684
654 1684
726 1684
1010 1684
1031 1684
1082 1684
1440 1684
1466 1685
1187 1686
452 1687
1422 1688
309 1689
452 1691
471 1692
1002 1692
295 1693
1049 1693
549 1694
1210 1696
8 1697
78 1698
103 1698
264 1698
524 1698
554 1698
1073 1698
1352 1698
91 1699
617 1699
758 1699
782 1699
822 1699
1077 1699
1 1700
2 1700
266 1700
273 1700
304 1700
750 1700
1089 1700
1386 1700
1463 1700
1629 1700
601 1701
800 1701
601 1702
786 1703
1323 1703
1205 1704
437 1705
935 1707
1301 1707
1244 1708
370 1709
517 1709
675 1709
861 1709
1153 1709
1204 1709
15 1710
1002 1710
78 1711
429 1711
452 1711
1391 1711
17 1712
710 1712
143 1714
163 1714
500 1714
880 1714
837 1715
989 1715
1049 1715
1514 1715
1551 1715
1684 1715
210 1716
519 1716
614 1716
722 1716
970 1716
1279 1716
701 1717
1230 1717
452 1719
15 1720
812 1720
28 1722
591 1722
661 1722
761 1722
781 1722
959 1722
1453 1722
1002 1723
471 1724
1187 1728
530 1729
1502 1729
355 1732
823 1733
909 1733
1172 1733
419 1734
1693 1734
1136 1735
1238 1736
309 1737
989 1737
1670 1737
261 1738
435 1739
323 1741
1521 1741
89 1742
335 1742
884 1742
1000 1742
79 1743
1528 1744
930 1745
1050 1745
1124 1745
1222 1745
1172 1746
520 1747
1695 1748
1454 1751
126 1752
227 1753
786 1754
934 1754
133 1755
5 1756
50 1757
363 1757
423 1757
1002 1757
1407 1757
8 1758
630 1759
1312 1761
1741 1761
653 1762
1689 1762
1416 1763
720 1764
1043 1764
1198 1764
1239 1764
1238 1765
4 1766
840 1766
884 1766
1039 1766
1353 1766
148 1767
165 1767
286 1767
374 1767
666 1767
672 1767
882 1767
1184 1767
1356 1767
1447 1767
1468 1767
1485 1767
64 1768
186 1769
276 1769
341 1769
451 1769
1371 1769
251 1770
372 1770
527 1770
823 1770
841 1770
1172 1770
1230 1770
1762 1770
1276 1771
970 1772
59 1773
78 1773
216 1773
287 1773
154 1775
523 1775
1131 1775
1397 1775
1416 1775
14 1776
1075 1777
1200 1777
53 1778
336 1778
656 1778
1030 1778
1225 1778
1365 1778
1648 1778
15 1779
31 1779
106 1779
224 1779
378 1779
488 1779
873 1779
892 1779
1074 1779
1770 1779
15 1780
95 1781
1139 1781
1002 1782
920 1783
1556 1783
1210 1784
1359 1785
7 1786
185 1786
519 1786
851 1786
890 1787
25 1788
1002 1788
1604 1789
1002 1790
1757 1792
618 1793
1461 1793
1238 1795
452 1796
329 1797
471 1797
651 1797
1711 1797
51 1798
1531 1799
484 1800
1064 1800
1487 1801
76 1802
477 1802
923 1802
1052 1802
1143 1802
1571 1802
233 1803
610 1804
142 1805
551 1806
734 1807
1337 1808
381 1809
509 1810
548 1810
1374 1810
1769 1810
163 1811
169 1811
319 1811
346 1811
527 1811
565 1811
613 1811
749 1811
1246 1811
1465 1811
1767 1811
1125 1812
154 1813
606 1813
711 1814
1321 1814
7 1815
95 1816
714 1816
1015 1816
1384 1816
388 1817
1799 1817
1330 1818
437 1819
15 1821
1002 1821
122 1823
149 1823
217 1823
694 1823
846 1823
882 1823
985 1823
1009 1823
1323 1823
1336 1823
1613 1823
823 1825
837 1825
601 1826
16 1827
172 1827
194 1827
208 1827
1123 1827
1216 1827
1452 1827
1523 1827
1601 1827
452 1829
152 1831
779 1832
166 1833
828 1834
153 1835
233 1836
447 1837
686 1837
765 1837
841 1837
1113 1837
5 1838
1009 1839
1333 1839
1811 1839
1200 1841
1454 1842
15 1843
1080 1844
95 1845
206 1845
714 1845
970 1845
1461 1845
1700 1845
27 1846
439 1846
51 1847
126 1848
530 1849
1453 1849
679 1850
509 1851
612 1851
1153 1851
1738 1851
142 1853
73 1854
840 1854
1309 1854
1446 1854
6 1855
910 1856
323 1857
1002 1858
1720 1858
1244 1860
452 1861
6 1862
1761 1863
152 1864
1121 1866
381 1867
400 1868
805 1868
859 1870
1135 1870
1030 1871
1172 1871
1225 1871
1648 1871
679 1873
465 1874
1041 1874
979 1875
1043 1875
838 1876
1043 1877
1604 1878
671 1880
34 1881
184 1881
350 1881
404 1881
543 1881
783 1881
1230 1881
1284 1881
1428 1881
1480 1881
11 1882
12 1882
251 1882
308 1882
500 1882
916 1882
1259 1882
1779 1882
1416 1883
1200 1884
209 1885
29 1886
2 1887
7 1887
117 1887
173 1887
665 1887
874 1887
925 1887
976 1887
1016 1887
1186 1887
1543 1887
337 1888
527 1888
946 1888
1082 1888
1285 1888
1550 1888
1551 1888
1312 1890
59 1891
493 1892
1139 1892
1891 1892
14 1894
786 1895
12 1896
500 1896
840 1897
14 1898
823 1898
1002 1898
1238 1898
9 1899
206 1899
353 1899
492 1899
618 1899
714 1899
826 1899
920 1899
1008 1899
1173 1899
1461 1899
29 1900
17 1901
53 1901
759 1901
769 1901
682 1903
594 1904
1648 1904
43 1905
1046 1905
1335 1905
1562 1905
1704 1905
96 1908
337 1908
1551 1908
823 1909
1172 1909
1230 1909
1670 1909
1779 1909
194 1910
295 1910
450 1910
592 1910
685 1910
847 1910
1490 1910
1518 1910
1551 1910
1849 1910
5 1911
12 1912
1082 1912
786 1913
630 1914
701 1914
798 1915
1604 1915
1158 1916
1207 1916
1276 1916
1309 1916
1706 1916
165 1917
759 1917
1200 1917
1606 1917
7 1918
40 1918
66 1918
78 1918
136 1918
171 1918
183 1918
218 1918
226 1918
234 1918
394 1918
432 1918
456 1918
503 1918
507 1918
519 1918
687 1918
846 1918
868 1918
898 1918
980 1918
1014 1918
1027 1918
1154 1918
1223 1918
1314 1918
1320 1918
1329 1918
1331 1918
1498 1918
1623 1918
1632 1918
1651 1918
1659 1918
1665 1918
1678 1918
1679 1918
1698 1918
1711 1918
1749 1918
1820 1918
29 1919
1773 1919
679 1920
1441 1920
5 1921
963 1922
508 1923
430 1924
59 1926
137 1926
737 1926
989 1926
1219 1926
1307 1926
1465 1926
1621 1926
1483 1927
1881 1927
542 1928
702 1929
1061 1930
132 1931
238 1931
714 1932
1545 1933
7 1934
396 1934
425 1934
846 1934
1177 1934
1323 1934
1591 1934
1700 1934
1887 1934
1078 1935
350 1936
1731 1936
679 1937
1745 1938
428 1939
100 1940
131 1940
145 1940
671 1940
988 1940
1596 1940
165 1941
517 1941
556 1941
675 1941
861 1941
971 1941
1153 1941
1204 1941
1738 1941
1802 1942
452 1943
14 1944
5 1945
47 1945
152 1945
264 1945
786 1945
860 1945
1322 1945
1574 1945
1703 1945
1822 1945
1893 1945
9 1947
618 1947
12 1948
157 1948
251 1948
847 1948
1074 1948
1230 1948
1285 1948
1430 1948
1684 1948
1912 1948
138 1949
484 1949
1824 1949
381 1950
710 1951
924 1951
1047 1951
1606 1952
421 1953
29 1954
142 1954
734 1954
933 1954
1363 1954
1742 1954
828 1955
103 1957
900 1957
1141 1957
1954 1957
1050 1958
1359 1958
776 1959
1064 1959
31 1961
74 1961
653 1961
1082 1961
1689 1961
1737 1961
1854 1961
1909 1961
1948 1961
1330 1962
671 1963
36 1964
217 1964
694 1964
1171 1964
1236 1964
1458 1964
1887 1964
313 1965
686 1965
765 1965
948 1965
1271 1965
1002 1966
399 1967
417 1967
492 1967
722 1967
1711 1967
80 1968
202 1969
965 1969
71 1970
11 1971
12 1971
251 1971
275 1971
785 1971
823 1971
1655 1971
1779 1971
535 1973
913 1973
1323 1973
51 1974
68 1974
108 1974
720 1974
979 1974
1267 1974
193 1975
970 1975
459 1976
381 1977
15 1978
696 1978
1002 1978
1084 1978
1142 1979
59 1980
679 1981
71 1982
414 1982
798 1983
1632 1985
62 1986
414 1987
827 1987
1615 1987
26 1988
762 1989
759 1990
1200 1990
1392 1991
1854 1991
924 1992
1002 1994
1135 1995
165 1996
1200 1996
1606 1996
653 1997
1101 1997
1313 1997
1676 1997
2 1998
1925 1998
309 1999
701 1999
622 2000
119 2001
126 2002
165 2002
179 2002
545 2002
527 2004
1285 2004
1550 2004
1551 2004
1187 2005
378 2006
1606 2006
89 2007
324 2007
376 2007
527 2007
763 2007
1522 2007
953 2008
1554 2008
1920 2008
838 2009
1876 2009
1132 2010
13 2013
1002 2013
549 2014
586 2014
153 2015
16 2016
17 2016
169 2016
180 2016
438 2016
671 2016
924 2016
1050 2016
1432 2016
1545 2016
1619 2016
223 2017
430 2017
495 2017
684 2017
343 2018
452 2018
1918 2018
500 2019
880 2019
983 2019
165 2020
1887 2022
679 2023
1002 2024
17 2025
233 2026
258 2027
485 2027
1193 2027
217 2028
985 2028
1552 2028
1931 2028
613 2029
963 2029
1238 2029
1839 2029
1081 2030
6 2031
622 2032
1047 2033
1779 2035
1531 2037
846 2038
1444 2038
1984 2038
1811 2039
1002 2042
1061 2044
196 2045
903 2045
364 2046
1411 2046
1454 2046
970 2047
83 2048
152 2048
1632 2048
1210 2049
1267 2049
17 2050
654 2051
445 2052
920 2052
1783 2052
1935 2052
5 2053
443 2054
514 2054
982 2054
1078 2054
1899 2054
73 2055
1392 2055
1676 2055
1926 2055
381 2056
15 2057
1002 2057
913 2058
1127 2059
679 2060
1814 2061
1347 2062
165 2063
924 2063
1047 2063
1432 2063
1049 2064
1971 2064
1112 2066
1993 2066
1036 2067
1066 2067
1092 2067
1357 2067
1360 2067
2045 2067
309 2068
701 2068
17 2069
5 2070
59 2071
193 2071
100 2072
429 2072
504 2072
663 2072
1319 2072
1494 2072
1830 2072
1945 2072
2048 2072
414 2073
613 2074
1421 2074
1694 2074
163 2075
397 2076
1330 2076
1397 2076
1416 2076
5 2077
1918 2077
970 2078
1200 2079
556 2081
675 2081
1808 2082
8 2083
163 2084
909 2084
1049 2084
5 2085
1722 2086
1676 2087
1854 2087
258 2088
1437 2088
11 2089
41 2089
78 2089
89 2089
101 2089
142 2089
199 2089
375 2089
429 2089
452 2089
564 2089
589 2089
673 2089
682 2089
706 2089
720 2089
749 2089
750 2089
784 2089
856 2089
970 2089
981 2089
1043 2089
1057 2089
1070 2089
1086 2089
1266 2089
1341 2089
1423 2089
1431 2089
1475 2089
1545 2089
1622 2089
1655 2089
1698 2089
1797 2089
1798 2089
1847 2089
1864 2089
1906 2089
1945 2089
2001 2089
2007 2089
5 2090
1002 2093
152 2094
171 2094
459 2094
851 2094
1363 2094
1674 2094
1698 2094
210 2096
614 2096
1411 2096
2030 2096
145 2098
186 2098
455 2098
1030 2098
1248 2098
1596 2098
1604 2099
1916 2100
452 2101
1918 2101
79 2102
95 2102
1050 2103
1248 2104
618 2105
1461 2105
1887 2106
499 2108
1447 2108
1453 2108
1767 2108
1 2109
273 2109
750 2109
981 2109
1386 2109
1463 2109
1934 2109
2102 2109
150 2110
963 2110
337 2111
354 2111
794 2111
1333 2111
1551 2111
1811 2111
12 2113
208 2113
314 2113
783 2113
64 2114
1936 2115
452 2116
108 2117
954 2117
1042 2117
1136 2117
1918 2118
1745 2119
1397 2120
363 2121
1454 2122
1842 2122
837 2123
989 2123
1540 2124
1081 2125
2096 2125
1416 2126
1144 2127
79 2129
713 2129
1472 2129
421 2130
1454 2130
1934 2131
8 2133
1243 2134
1934 2135
1238 2136
363 2137
1047 2138
28 2139
100 2139
243 2139
392 2139
646 2139
858 2139
904 2139
978 2139
1050 2139
2063 2139
452 2141
14 2142
1238 2142
157 2144
1082 2144
193 2145
2113 2147
1887 2148
682 2149
269 2150
383 2152
170 2153
94 2154
106 2154
223 2154
354 2154
368 2154
372 2154
440 2154
527 2154
794 2154
946 2154
1551 2154
1770 2154
381 2156
630 2157
2139 2158
225 2159
1094 2159
2003 2160
1348 2162
1918 2163
504 2164
728 2164
1899 2164
2133 2165
909 2166
381 2169
989 2170
1551 2170
1684 2170
95 2171
667 2171
1887 2171
2135 2171
1632 2172
193 2173
471 2174
6 2175
46 2176
353 2176
843 2176
920 2176
1008 2176
1512 2176
1664 2176
2054 2176
452 2177
800 2178
800 2179
1112 2179
4 2180
59 2180
73 2180
1025 2180
56 2181
73 2183
820 2183
840 2183
15 2184
668 2184
15 2185
209 2185
126 2186
845 2186
1230 2187
97 2188
137 2188
1307 2188
1621 2188
2143 2188
5 2190
1720 2191
798 2192
1604 2192
2137 2193
52 2195
1514 2195
1684 2195
798 2196
970 2197
1238 2198
355 2200
1379 2201
11 2202
41 2202
89 2202
101 2202
142 2202
216 2202
452 2202
467 2202
567 2202
660 2202
682 2202
737 2202
743 2202
775 2202
784 2202
960 2202
1086 2202
1098 2202
1266 2202
1362 2202
1475 2202
1698 2202
1918 2202
1945 2202
2007 2202
8 2203
337 2204
1881 2204
519 2205
701 2206
632 2207
882 2207
2139 2207
1802 2208
142 2209
266 2209
353 2209
826 2209
920 2209
1195 2209
2054 2209
12 2210
172 2210
329 2210
910 2210
1551 2210
452 2211
2202 2212
837 2213
1055 2213
41 2214
152 2214
459 2214
651 2214
1711 2214
2089 2214
452 2215
1918 2215
43 2216
1205 2216
1002 2217
71 2218
399 2218
519 2218
1092 2218
1125 2218
1266 2218
1484 2218
2097 2218
2188 2218
6 2219
154 2221
1918 2222
2089 2223
963 2224
923 2225
262 2226
329 2226
352 2226
527 2226
621 2226
862 2226
1117 2226
1724 2226
1811 2226
1859 2226
1763 2227
15 2228
172 2228
222 2228
295 2228
533 2228
671 2228
701 2228
703 2228
731 2228
789 2228
841 2228
948 2228
1072 2228
1231 2228
1271 2228
1283 2228
1285 2228
1348 2228
1445 2228
1465 2228
1594 2228
1849 2228
1888 2228
2021 2228
2065 2228
1061 2230
452 2231
346 2232
611 2232
887 2232
1385 2232
1469 2232
1768 2232
17 2233
626 2233
759 2233
1432 2233
15 2234
31 2234
96 2234
144 2234
153 2234
197 2234
245 2234
290 2234
300 2234
314 2234
581 2234
767 2234
800 2234
862 2234
892 2234
919 2234
1002 2234
1085 2234
1103 2234
1228 2234
1256 2234
1550 2234
1715 2234
1896 2234
1912 2234
1948 2234
2167 2234
2210 2234
248 2235
935 2235
1112 2235
1301 2235
1972 2235
75 2236
5 2237
1244 2237
325 2238
442 2238
1604 2238
51 2240
399 2240
967 2240
1125 2240
1367 2240
261 2241
345 2241
422 2241
959 2241
17 2242
476 2242
506 2242
517 2242
544 2242
556 2242
605 2242
658 2242
746 2242
1007 2242
1292 2242
1473 2242
1800 2242
610 2243
1404 2244
1918 2244
80 2245
409 2245
770 2246
963 2246
828 2247
1085 2248
1359 2248
2113 2248
59 2249
68 2249
210 2249
289 2249
390 2249
967 2249
1258 2249
1408 2249
100 2250
261 2250
904 2250
1246 2250
2207 2250
110 2251
808 2251
143 2252
701 2252
1465 2252
755 2253
918 2254
1446 2254
2087 2254
29 2256
142 2256
335 2256
933 2256
1314 2256
1742 2256
1957 2256
909 2258
2234 2259
17 2260
613 2261
124 2262
225 2262
145 2263
1122 2263
1348 2263
1470 2263
1596 2263
1648 2263
1406 2264
1552 2264
1964 2264
2090 2265
1244 2266
347 2267
1745 2268
1374 2269
309 2270
132 2271
484 2271
452 2272
837 2273
909 2273
1049 2273
414 2274
2098 2275
920 2276
1512 2276
1783 2276
548 2277
153 2278
381 2279
482 2280
798 2280
1301 2280
1572 2280
1642 2280
6 2281
1348 2282
970 2283
311 2284
1193 2284
59 2285
238 2285
737 2285
763 2285
1823 2285
798 2286
5 2288
79 2288
665 2288
698 2288
900 2288
970 2288
1105 2288
1110 2288
1288 2288
1426 2288
1647 2288
1703 2288
1905 2288
1918 2288
1973 2288
2058 2288
471 2289
823 2289
1049 2289
18 2290
67 2290
934 2290
1574 2290
963 2291
17 2292
154 2293
1416 2293
1827 2293
1910 2293
2210 2293
2228 2293
91 2294
310 2294
1918 2295
1347 2296
1002 2298
2191 2298
110 2299
156 2299
354 2299
470 2299
665 2299
937 2299
1086 2299
1185 2299
1230 2299
1414 2299
1491 2299
1620 2299
1711 2299
1725 2299
1774 2299
1823 2299
1907 2299
2154 2299
1397 2300
506 2301
440 2302
786 2303
1002 2304
1821 2304
1144 2305
96 2306
1551 2306
1868 2307
94 2308
672 2308
703 2308
765 2308
948 2308
1224 2308
1255 2308
1285 2308
1348 2308
1445 2308
1465 2308
1650 2308
1888 2308
2154 2308
2239 2308
399 2311
652 2312
1002 2312
6 2313
837 2314
1466 2314
459 2316
734 2316
1051 2316
1282 2316
1299 2316
1363 2316
1698 2316
2290 2316
79 2317
1011 2317
1036 2317
1066 2317
1095 2317
1327 2317
15 2318
730 2318
1002 2318
6 2319
59 2320
156 2320
989 2320
1219 2320
1307 2320
1310 2320
2055 2320
682 2321
1061 2321
421 2322
64 2323
1814 2324
2160 2324
1210 2325
1267 2325
682 2326
1552 2326
283 2327
350 2327
523 2327
541 2327
543 2327
857 2327
930 2327
2154 2327
8 2328
1964 2328
83 2329
462 2329
967 2329
970 2329
153 2330
445 2331
1078 2331
399 2332
655 2332
679 2332
826 2332
1086 2332
1454 2332
1435 2333
452 2334
1918 2334
231 2335
607 2335
1941 2335
471 2336
2226 2336
132 2337
1823 2337
379 2338
393 2338
570 2338
581 2338
624 2338
633 2338
637 2338
712 2338
739 2338
1082 2338
1200 2338
1402 2338
1606 2338
1727 2338
1948 2338
2016 2338
2228 2338
2263 2338
2282 2338
2308 2338
291 2339
480 2339
95 2340
604 2340
383 2341
1002 2342
1002 2344
1131 2345
1416 2345
15 2346
100 2349
163 2349
169 2349
613 2349
1839 2349
1167 2351
1553 2351
452 2352
2339 2353
56 2354
1043 2355
1918 2356
1061 2357
132 2358
1823 2358
2028 2358
2149 2358
1722 2359
600 2360
248 2361
935 2361
1301 2361
9 2362
545 2363
548 2363
654 2363
689 2363
904 2363
946 2363
963 2363
1385 2363
2315 2363
5 2364
1918 2364
38 2365
156 2365
840 2365
73 2366
324 2366
376 2366
470 2366
519 2366
640 2366
1249 2366
1366 2366
1448 2366
2072 2366
471 2367
728 2367
1711 2367
2089 2367
2226 2367
905 2369
2099 2369
67 2370
459 2370
734 2370
786 2370
1698 2370
2290 2370
184 2371
350 2371
438 2371
543 2371
606 2371
691 2371
783 2371
857 2371
909 2371
1428 2371
1480 2371
1542 2371
2343 2371
8 2372
101 2372
195 2372
417 2372
808 2372
981 2372
2180 2372
1397 2373
108 2374
979 2374
2125 2374
1634 2375
15 2376
251 2376
308 2376
540 2376
790 2376
886 2376
1259 2376
78 2377
399 2377
414 2377
634 2377
1086 2377
1244 2377
1266 2377
1484 2377
1613 2377
1918 2377
2096 2377
378 2379
1606 2379
679 2380
953 2380
60 2381
838 2381
59 2382
110 2382
309 2382
840 2382
1430 2382
2055 2382
557 2383
993 2383
1473 2383
2228 2384
1371 2385
308 2386
1238 2386
452 2387
452 2388
165 2389
1455 2389
166 2390
8 2391
9 2391
101 2391
103 2391
417 2391
459 2391
618 2391
970 2391
994 2391
1967 2391
2180 2391
671 2392
2288 2393
59 2394
1292 2395
156 2396
989 2396
1916 2396
1047 2397
2095 2398
73 2399
840 2399
918 2399
2087 2399
1750 2402
42 2403
95 2403
846 2403
1591 2403
1700 2403
2288 2403
235 2404
1918 2405
78 2406
1352 2406
2089 2406
5 2407
692 2408
6 2409
6 2410
909 2411
2 2412
1934 2412
710 2413
419 2414
1003 2414
5 2415
428 2416
1506 2416
1646 2416
2181 2416
1397 2417
1390 2418
12 2420
15 2420
146 2420
308 2420
500 2420
916 2420
1600 2420
2234 2420
710 2421
5 2422
8 2422
26 2422
58 2422
78 2422
120 2422
301 2422
303 2422
486 2422
519 2422
569 2422
645 2422
665 2422
670 2422
751 2422
760 2422
877 2422
950 2422
1068 2422
1095 2422
1102 2422
1161 2422
1215 2422
1261 2422
1302 2422
1312 2422
1493 2422
1520 2422
1521 2422
1535 2422
1582 2422
1662 2422
1680 2422
1713 2422
1740 2422
1741 2422
1862 2422
1889 2422
2001 2422
2031 2422
2080 2422
2313 2422
2319 2422
2347 2422
2368 2422
2410 2422
1416 2423
33 2424
2242 2424
12 2425
354 2425
841 2425
1230 2425
1285 2425
1430 2425
1684 2425
1779 2425
2154 2425
1755 2426
363 2427
59 2428
193 2428
970 2428
8 2429
354 2429
504 2429
665 2429
841 2429
1086 2429
1487 2429
1491 2429
1823 2429
1907 2429
2154 2429
79 2430
187 2430
59 2431
73 2431
411 2431
1158 2431
1309 2431
1446 2431
1525 2431
1688 2431
2055 2431
2087 2431
1675 2432
2072 2433
2249 2434
132 2435
955 2436
1024 2436
1191 2437
7 2438
537 2439
905 2439
1604 2439
1878 2439
1915 2439
2220 2439
2238 2439
1002 2440
142 2441
15 2442
95 2443
1139 2443
2366 2443
354 2444
1551 2444
2299 2444
388 2445
2012 2445
363 2446
208 2447
2248 2447
374 2448
483 2448
882 2448
1226 2448
1560 2448
2029 2448
110 2449
375 2449
470 2449
504 2449
665 2449
906 2449
2236 2449
171 2450
651 2450
1314 2450
1353 2450
1674 2450
1957 2450
2072 2450
2146 2450
2202 2450
15 2451
1002 2452
890 2453
1270 2453
566 2454
1010 2454
2376 2454
6 2455
1520 2455
1741 2455
2422 2455
426 2458
779 2458
863 2458
1143 2458
1242 2458
1335 2458
1354 2458
1482 2458
1492 2458
1562 2458
1579 2458
1956 2458
2225 2458
651 2460
775 2460
2089 2460
2202 2460
355 2461
720 2461
797 2461
1608 2461
711 2462
1653 2462
1002 2464
480 2465
828 2465
922 2465
1482 2465
12 2466
14 2466
500 2466
847 2466
1684 2466
1238 2467
163 2468
671 2468
837 2468
989 2468
1 2469
648 2469
655 2469
788 2469
818 2469
1279 2469
1409 2469
2130 2469
7 2470
95 2470
353 2470
846 2470
1383 2471
1441 2471
1178 2472
12 2473
163 2473
424 2474
879 2474
905 2474
1293 2474
1915 2474
1983 2474
2422 2475
5 2476
179 2477
399 2478
417 2479
556 2480
2241 2480
233 2481
2028 2482
2458 2484
95 2485
396 2485
835 2485
1095 2485
2109 2485
1219 2486
684 2487
2017 2487
14 2488
549 2489
613 2489
1811 2490
232 2491
642 2491
763 2491
231 2492
261 2492
607 2492
904 2492
2207 2492
778 2493
828 2493
163 2494
1049 2494
734 2495
924 2496
2299 2497
2366 2497
34 2498
121 2498
208 2498
397 2498
669 2498
741 2498
917 2498
1060 2498
1369 2498
1658 2498
1775 2498
1818 2498
1946 2498
1962 2498
2076 2498
2459 2498
170 2499
654 2499
899 2499
7 2500
402 2500
923 2500
1052 2500
2458 2500
229 2501
710 2501
1276 2502
2365 2502
509 2503
517 2503
971 2503
1204 2503
1418 2503
15 2504
1002 2504
103 2505
152 2505
203 2505
900 2505
1574 2505
1954 2505
2094 2505
2316 2505
2370 2505
414 2506
15 2507
812 2507
348 2508
915 2508
2233 2508
519 2509
561 2509
5 2510
940 2510
1244 2510
786 2511
519 2512
15 2514
152 2514
235 2514
262 2514
279 2514
527 2514
612 2514
728 2514
947 2514
1002 2514
2089 2514
1606 2516
1757 2517
381 2518
2436 2519
2 2520
1925 2520
1998 2520
1397 2521
12 2522
163 2522
837 2522
1049 2522
205 2523
909 2524
452 2526
1745 2527
759 2528
1996 2528
437 2529
1145 2529
1819 2529
828 2530
59 2531
418 2531
820 2531
840 2531
202 2532
1592 2532
142 2533
786 2533
1054 2533
17 2534
882 2534
440 2535
1698 2535
2317 2536
419 2537
800 2537
2089 2537
2514 2538
614 2539
1503 2539
6 2540
399 2540
826 2540
967 2540
1454 2540
163 2541
566 2541
837 2541
1103 2541
1971 2541
1988 2542
2422 2542
909 2543
360 2544
1371 2544
9 2545
487 2545
1086 2545
1625 2545
2205 2545
2299 2546
806 2547
1208 2547
5 2548
33 2549
2294 2549
349 2550
2469 2550
970 2551
78 2552
335 2552
554 2552
644 2552
982 2552
1141 2552
1918 2552
798 2553
225 2554
389 2554
1121 2554
828 2555
701 2556
445 2557
1447 2558
79 2559
1711 2560
2089 2560
1934 2562
2485 2562
6 2563
2181 2563
73 2564
213 2564
376 2564
519 2564
640 2564
763 2564
1249 2564
1448 2564
402 2565
524 2565
900 2565
1141 2565
1954 2565
2450 2565
2495 2565
360 2566
506 2566
2385 2566
1741 2567
2422 2567
152 2568
1359 2569
643 2570
797 2570
890 2570
15 2571
1286 2571
1879 2571
2041 2571
2477 2571
154 2572
1244 2574
1410 2574
838 2575
2089 2576
60 2577
400 2577
1868 2577
78 2578
101 2578
324 2578
399 2578
501 2578
504 2578
564 2578
589 2578
960 2578
1057 2578
1475 2578
1865 2578
1985 2578
2048 2578
837 2579
1466 2579
1592 2580
1002 2581
967 2582
1081 2582
1125 2582
1367 2582
2249 2582
2374 2582
419 2583
837 2583
847 2583
1003 2583
1238 2583
7 2584
167 2584
568 2584
1052 2584
1238 2585
2467 2585
1726 2586
430 2587
163 2588
837 2588
1430 2589
1446 2589
1676 2589
2087 2589
2399 2589
765 2590
2414 2590
1292 2591
2395 2591
5 2592
1049 2593
933 2594
1 2595
1478 2595
500 2596
429 2597
7 2598
1127 2599
536 2600
1416 2600
435 2601
2160 2602
15 2603
205 2604
15 2605
280 2606
399 2607
679 2607
225 2609
2159 2609
1854 2610
1991 2610
963 2612
79 2613
2109 2613
837 2614
452 2615
1238 2616
2250 2617
59 2618
156 2618
1307 2618
353 2619
487 2620
1595 2620
71 2621
812 2623
1179 2623
1994 2623
2191 2623
381 2624
258 2625
1606 2626
1281 2627
8 2628
89 2628
493 2628
1149 2628
2089 2628
2378 2628
2234 2629
374 2630
840 2631
989 2631
1140 2631
1276 2631
487 2632
1347 2633
1745 2634
1002 2635
414 2636
174 2637
963 2637
1330 2637
2089 2637
233 2638
840 2639
1262 2639
1766 2639
1902 2639
14 2640
2232 2640
1745 2642
1918 2643
350 2644
1804 2644
2115 2644
1827 2645
167 2646
402 2646
568 2646
1052 2646
2127 2646
1047 2647
421 2648
1454 2648
1554 2648
1918 2649
2398 2650
118 2651
408 2651
421 2651
1237 2651
1441 2651
1953 2651
2130 2651
2648 2651
264 2652
672 2653
765 2653
789 2653
1348 2653
1465 2653
1650 2653
2239 2653
2308 2653
2338 2653
2583 2653
1022 2654
1347 2654
71 2655
1266 2655
429 2656
761 2656
1941 2656
2503 2656
1918 2657
332 2658
1454 2658
1918 2659
1757 2661
452 2662
1918 2662
154 2663
519 2664
1330 2665
14 2666
828 2667
1918 2668
597 2669
138 2671
219 2671
5 2672
47 2672
114 2672
264 2672
531 2672
651 2672
786 2672
925 2672
1000 2672
1054 2672
1183 2672
1574 2672
1682 2672
1754 2672
1893 2672
2036 2672
2573 2672
717 2673
841 2673
847 2673
1523 2673
2444 2673
761 2674
527 2675
2498 2675
2597 2675
549 2676
2257 2678
1466 2679
152 2680
2089 2680
5 2681
1949 2682
407 2683
452 2684
797 2685
2595 2686
1665 2687
1918 2687
2672 2688
905 2689
701 2690
1987 2691
386 2692
2465 2692
701 2693
15 2694
1918 2696
17 2697
710 2697
251 2698
1638 2699
6 2700
296 2701
429 2701
530 2701
545 2701
910 2701
1453 2701
1767 2701
2363 2701
2514 2701
2571 2701
1711 2702
70 2703
94 2703
379 2703
1047 2703
1113 2703
1451 2703
1581 2703
1948 2703
2162 2703
2228 2703
2263 2703
2282 2703
2653 2703
74 2704
260 2704
346 2704
894 2704
1049 2704
847 2706
1 2707
103 2707
149 2707
817 2707
840 2707
981 2707
1078 2707
1556 2707
1664 2707
1899 2707
2176 2707
2619 2707
1230 2708
446 2709
484 2709
2395 2709
381 2711
6 2712
336 2713
594 2713
1248 2713
1127 2714
823 2715
1172 2715
734 2716
2505 2716
2565 2716
20 2717
17 2718
75 2719
1089 2719
1892 2719
884 2720
2639 2720
15 2721
1024 2721
1091 2721
2150 2721
734 2722
2228 2723
2653 2723
6 2724
989 2725
152 2726
786 2727
471 2728
800 2728
2089 2728
654 2729
2113 2729
154 2730
1276 2731
1676 2731
2431 2731
2589 2731
95 2732
1431 2733
1136 2735
126 2736
452 2737
51 2738
71 2738
797 2738
1071 2738
206 2739
1323 2739
2393 2739
422 2740
761 2740
1709 2740
1941 2740
2480 2740
163 2741
837 2741
837 2742
1514 2742
1684 2742
193 2743
332 2744
364 2744
679 2744
301 2745
2422 2745
963 2746
1330 2747
2498 2747
15 2748
209 2748
17 2749
143 2750
701 2750
797 2752
12 2753
500 2753
2234 2753
2327 2753
89 2754
335 2754
724 2754
884 2754
1456 2754
1742 2754
1852 2754
1954 2754
2256 2754
2573 2754
2639 2754
15 2755
838 2756
6 2757
2422 2757
1002 2758
1887 2759
2022 2759
384 2760
941 2760
1168 2760
1193 2760
1760 2760
1840 2760
2683 2760
2710 2760
371 2762
643 2762
1270 2762
1411 2762
1528 2762
1635 2762
2325 2762
2377 2762
527 2763
399 2764
1974 2764
94 2766
2228 2766
2653 2766
679 2767
7 2768
1244 2769
1200 2770
1918 2771
5 2772
2751 2773
163 2775
296 2775
429 2775
910 2775
1502 2775
774 2776
7 2777
42 2777
835 2777
846 2777
1323 2777
1591 2777
1700 2777
840 2778
1430 2778
2731 2778
132 2780
842 2780
2002 2780
2367 2780
2701 2780
154 2781
933 2782
78 2783
417 2783
1773 2783
1204 2784
2674 2784
1070 2785
2089 2785
1049 2786
2299 2787
1676 2788
879 2789
2553 2789
5 2790
1131 2791
1397 2791
1416 2791
2228 2792
154 2793
1266 2794
170 2795
654 2795
963 2795
2016 2795
530 2796
5 2797
530 2798
14 2799
2228 2799
1605 2800
33 2801
446 2801
1699 2801
1200 2802
847 2803
1684 2803
71 2804
391 2805
2695 2805
371 2806
643 2806
1270 2806
1411 2806
1528 2806
2218 2806
2377 2806
2762 2806
152 2807
643 2808
797 2808
890 2808
1267 2808
2570 2808
989 2809
548 2810
1178 2810
430 2812
905 2813
1431 2814
381 2815
1330 2816
2343 2817
2371 2817
144 2818
8 2820
79 2820
618 2820
826 2820
981 2820
1008 2820
1353 2820
1392 2820
1967 2820
2180 2820
1140 2821
185 2822
2595 2822
1112 2824
1116 2824
1540 2824
1604 2824
2439 2824
2028 2825
1979 2826
2469 2827
837 2828
95 2829
618 2829
970 2829
2072 2829
2564 2829
2578 2829
196 2830
643 2830
803 2830
1316 2830
1657 2830
1982 2830
2218 2830
2804 2830
154 2831
2498 2831
2202 2832
1082 2833
1948 2833
144 2834
812 2835
2611 2835
313 2836
701 2836
1306 2836
1908 2836
2306 2836
459 2837
682 2838
1779 2839
69 2840
970 2840
1238 2841
1187 2843
1686 2843
1545 2844
1580 2844
1701 2845
1849 2845
89 2846
268 2846
452 2846
589 2846
976 2846
1110 2846
1161 2846
1186 2846
2091 2846
2768 2846
1289 2847
2088 2847
2089 2848
2133 2849
2309 2849
2533 2850
2672 2850
636 2851
924 2851
977 2851
1200 2851
1940 2851
501 2852
772 2852
827 2852
1095 2852
2089 2852
2202 2852
1416 2853
1002 2854
1720 2854
2623 2854
89 2855
1411 2855
2325 2855
2570 2855
2806 2855
2808 2855
53 2856
336 2856
1030 2856
1225 2856
1477 2856
1648 2856
1901 2856
1416 2857
553 2858
636 2858
924 2858
1432 2858
501 2859
905 2860
1112 2860
1116 2860
1540 2860
2280 2860
1934 2861
2403 2861
421 2862
481 2862
900 2863
2495 2863
146 2864
2132 2864
1416 2865
318 2866
2365 2866
971 2867
1722 2867
776 2868
1064 2868
331 2869
1289 2869
1476 2869
1519 2869
1002 2870
1043 2871
1362 2871
1798 2871
710 2872
1432 2872
6 2873
2505 2874
2565 2874
856 2875
1527 2875
170 2876
342 2876
2153 2876
75 2877
1330 2878
2226 2879
1219 2880
1621 2880
15 2881
59 2881
132 2881
230 2881
285 2881
682 2881
834 2881
847 2881
970 2881
1167 2881
1496 2881
1752 2881
1848 2881
2351 2881
2375 2881
2561 2881
2736 2881
1268 2882
71 2883
355 2883
1266 2883
2067 2883
2830 2883
1416 2884
1763 2884
74 2885
148 2885
549 2885
588 2885
1694 2885
2676 2885
153 2886
17 2887
1343 2887
759 2888
1432 2888
2139 2888
2508 2888
1347 2889
14 2890
2299 2891
1454 2892
1554 2892
1747 2892
2469 2892
59 2893
418 2893
576 2893
840 2893
1025 2893
1200 2894
261 2895
776 2895
1851 2895
2242 2895
2317 2896
1707 2897
2235 2897
2361 2897
2089 2898
2785 2898
2848 2898
1918 2899
435 2900
5 2901
6 2902
1748 2902
251 2903
15 2905
121 2905
194 2905
241 2905
397 2905
669 2905
870 2905
1218 2905
1524 2905
1633 2905
2779 2905
2791 2905
2831 2905
5 2906
381 2907
1804 2908
2243 2908
2644 2908
1330 2909
15 2910
54 2910
989 2911
59 2912
1414 2912
423 2913
2661 2913
152 2914
2568 2914
1904 2915
115 2916
152 2916
159 2916
165 2916
175 2916
499 2916
1226 2916
1729 2916
347 2918
264 2919
963 2920
5 2921
1199 2921
671 2922
56 2923
104 2926
15 2927
1002 2927
1084 2927
321 2928
1823 2928
1136 2929
463 2930
2081 2930
2463 2930
110 2932
429 2932
665 2932
763 2932
1490 2932
1797 2932
1967 2932
154 2933
175 2933
506 2933
548 2933
557 2933
651 2933
654 2933
929 2933
946 2933
963 2933
2013 2933
2089 2933
2571 2933
2775 2933
233 2934
7 2935
762 2936
313 2937
1306 2937
1908 2937
2306 2937
5 2938
820 2939
918 2939
1119 2939
2372 2939
2731 2939
2820 2939
206 2940
381 2941
61 2942
602 2942
842 2942
1405 2942
2002 2942
2367 2942
2477 2942
551 2943
618 2943
1338 2943
1806 2943
381 2944
622 2944
879 2945
1112 2945
682 2946
737 2946
1289 2947
1437 2947
1918 2948
2222 2948
5 2949
152 2949
264 2949
786 2949
860 2949
1244 2949
1574 2949
1703 2949
1754 2949
1945 2949
2036 2949
353 2950
2707 2950
142 2951
1230 2952
1551 2952
452 2953
2387 2953
597 2954
1532 2954
58 2955
59 2955
78 2955
79 2955
375 2955
428 2955
486 2955
569 2955
620 2955
771 2955
877 2955
950 2955
953 2955
996 2955
1045 2955
1215 2955
1240 2955
1247 2955
1302 2955
1487 2955
1491 2955
1520 2955
1521 2955
1567 2955
1662 2955
1741 2955
1889 2955
2031 2955
2175 2955
2219 2955
2313 2955
2319 2955
2409 2955
2455 2955
2540 2955
2546 2955
2563 2955
2622 2955
2677 2955
2712 2955
2724 2955
2757 2955
2873 2955
2902 2955
2760 2956
179 2957
1 2958
4 2958
23 2958
71 2958
187 2958
399 2958
501 2958
682 2958
713 2958
953 2958
979 2958
997 2958
1043 2958
1071 2958
1081 2958
1087 2958
1219 2958
1307 2958
2067 2958
2129 2958
2288 2958
2391 2958
2559 2958
2820 2958
2924 2958
186 2959
276 2959
341 2959
1371 2959
2002 2959
76 2960
1058 2960
2458 2960
162 2961
837 2962
989 2962
12 2963
241 2963
429 2963
1285 2963
1551 2963
1888 2963
2004 2963
2204 2963
2036 2964
2949 2964
67 2967
459 2967
1574 2967
1976 2967
2214 2967
2316 2967
2370 2967
2639 2967
2702 2967
2832 2967
2837 2967
83 2968
196 2968
566 2969
1010 2969
2376 2969
1266 2970
1267 2970
2830 2970
80 2971
35 2972
155 2972
187 2972
282 2972
437 2972
453 2972
558 2972
600 2972
623 2972
688 2972
734 2972
791 2972
936 2972
991 2972
995 2972
1108 2972
1174 2972
1363 2972
1467 2972
1609 2972
1610 2972
1690 2972
1705 2972
1718 2972
1750 2972
2085 2972
2092 2972
2095 2972
2140 2972
2151 2972
2155 2972
2237 2972
2266 2972
2297 2972
2360 2972
2398 2972
2402 2972
2505 2972
2525 2972
2529 2972
2574 2972
2641 2972
2660 2972
2670 2972
2761 2972
2769 2972
989 2973
1049 2973
34 2974
121 2974
194 2974
361 2974
510 2974
606 2974
669 2974
733 2974
1229 2974
1423 2974
1428 2974
1464 2974
1649 2974
1671 2974
2076 2974
2238 2974
2310 2974
2373 2974
2417 2974
2791 2974
2811 2974
2917 2974
671 2975
1200 2976
989 2977
261 2978
556 2978
575 2978
2107 2978
2463 2978
2480 2978
2800 2978
1144 2979
2646 2979
75 2980
8 2981
2299 2983
3 2984
487 2984
618 2984
764 2984
826 2984
1461 2984
1595 2984
1625 2984
548 2985
61 2986
132 2986
2367 2986
2750 2986
2942 2986
2957 2986
435 2987
15 2988
192 2988
316 2988
329 2988
593 2988
621 2988
799 2988
802 2988
848 2988
946 2988
1117 2988
1490 2988
1626 2988
1724 2988
1797 2988
2289 2988
2336 2988
2973 2988
452 2989
963 2990
6 2991
2773 2992
1050 2993
847 2994
557 2995
2234 2996
15 2997
487 2998
618 2998
185 2999
2595 2999
1200 3000
1397 3001
2974 3001
153 3002
761 3003
2784 3003
165 3004
2028 3005
471 3006
734 3007
142 3008
734 3008
1698 3008
2146 3008
910 3009
863 3010
2960 3010
880 3011
1065 3011
115 3012
152 3012
159 3012
1226 3012
1447 3012
1729 3012
2775 3012
519 3013
411 3014
2087 3014
207 3015
1172 3015
383 3016
1763 3017
847 3018
1010 3019
1049 3019
1103 3019
2955 3020
1061 3021
1918 3022
321 3023
682 3023
894 3024
1010 3024
1103 3024
1238 3024
1882 3024
2376 3024
2420 3024
275 3025
566 3025
1294 3025
1631 3025
1971 3025
1416 3026
1827 3026
2905 3026
2974 3026
405 3027
3014 3027
679 3028
2008 3028
2 3029
132 3030
1134 3031
208 3032
219 3033
682 3033
970 3033
1496 3033
1848 3033
2002 3033
2351 3033
2736 3033
881 3034
9 3035
11 3036
13 3036
89 3036
101 3036
142 3036
199 3036
567 3036
595 3036
660 3036
737 3036
743 3036
784 3036
960 3036
1086 3036
1098 3036
1266 3036
1341 3036
1558 3036
1698 3036
1798 3036
1828 3036
1844 3036
2214 3036
2367 3036
2823 3036
2848 3036
2898 3036
2933 3036
5 3037
2422 3038
2955 3038
59 3039
527 3039
763 3039
1411 3039
1613 3039
2377 3039
15 3040
1024 3040
1091 3040
2150 3040
519 3041
851 3041
17 3042
91 3042
165 3042
229 3042
246 3042
506 3042
509 3042
556 3042
658 3042
753 3042
1007 3042
1153 3042
1292 3042
1638 3042
1800 3042
2549 3042
2699 3042
2709 3042
3003 3042
143 3043
500 3043
880 3043
1837 3043
1 3044
2 3044
110 3044
644 3044
2287 3044
2819 3044
2940 3044
125 3045
206 3045
266 3045
1314 3045
2552 3045
3044 3045
146 3046
2132 3046
318 3047
2365 3047
140 3048
797 3048
56 3049
2923 3049
452 3050
4 3051
79 3051
682 3051
1698 3051
2958 3051
414 3052
2539 3053
83 3054
462 3054
970 3054
2317 3055
597 3056
1443 3057
1244 3058
2972 3058
1043 3059
1416 3060
2905 3060
509 3061
2566 3061
2188 3062
2880 3062
548 3063
143 3064
701 3064
1465 3064
2780 3064
2986 3064
85 3065
671 3065
759 3066
2955 3067
32 3068
79 3068
99 3068
210 3068
298 3068
330 3068
390 3068
614 3068
639 3068
939 3068
970 3068
974 3068
1059 3068
1189 3068
1408 3068
1474 3068
1836 3068
2026 3068
2161 3068
2194 3068
2481 3068
2608 3068
2934 3068
710 3069
186 3070
276 3070
341 3070
1371 3070
2002 3070
2269 3070
59 3071
156 3071
1276 3071
1771 3071
2893 3071
2232 3072
210 3073
728 3073
2046 3073
2658 3073
2744 3073
800 3074
624 3075
1968 3075
2606 3075
414 3076
2966 3077
1890 3078
679 3079
500 3080
264 3081
324 3081
1844 3081
2829 3081
2228 3082
1032 3083
2930 3083
2513 3084
17 3085
1397 3086
2439 3087
618 3088
1461 3088
59 3089
509 3090
517 3090
971 3090
1204 3090
1452 3091
1523 3091
1827 3091
2487 3091
734 3092
1698 3092
83 3093
196 3093
460 3093
461 3093
803 3093
1657 3093
1732 3093
1970 3093
1982 3093
2621 3093
2804 3093
2883 3093
2970 3093
2338 3094
2703 3094
1453 3095
2448 3095
38 3096
156 3096
2502 3096
2866 3096
1503 3097
2539 3097
2316 3098
68 3099
108 3099
720 3099
979 3099
1136 3099
2374 3099
1945 3100
508 3101
381 3102
622 3102
196 3103
1987 3103
17 3104
74 3105
1655 3105
1811 3105
2089 3105
701 3106
1802 3107
1050 3108
2988 3109
407 3110
8 3111
500 3112
828 3113
363 3114
154 3115
613 3116
963 3116
1238 3116
1469 3116
1839 3116
109 3117
828 3117
421 3118
1554 3118
2469 3118
2651 3118
59 3119
233 3120
614 3120
967 3120
1716 3120
2096 3120
2249 3120
2539 3120
59 3121
714 3122
701 3123
823 3123
126 3124
845 3124
2271 3124
7 3126
353 3126
824 3126
1017 3126
1461 3126
2707 3126
52 3127
72 3127
153 3127
222 3127
409 3127
581 3127
794 3127
2195 3127
2742 3127
682 3128
1552 3128
2395 3129
2591 3129
837 3130
983 3130
2836 3130
6 3131
2955 3131
17 3132
1508 3133
2117 3133
499 3134
1447 3134
1934 3135
2485 3135
2229 3136
2528 3136
2122 3137
172 3138
1826 3138
1849 3138
963 3139
2202 3140
2871 3140
126 3141
2327 3142
377 3143
679 3143
2 3144
251 3145
393 3145
590 3145
671 3145
823 3145
1581 3145
2338 3145
2028 3146
452 3147
1371 3149
229 3150
1032 3150
1722 3150
2930 3150
8 3151
223 3152
654 3152
963 3152
1645 3152
1924 3152
2587 3152
132 3153
682 3153
1964 3153
349 3154
818 3154
2892 3154
1945 3155
3100 3155
6 3156
233 3156
517 3157
7 3158
78 3158
734 3158
1493 3158
2545 3158
1140 3159
1916 3159
78 3160
353 3160
734 3160
1363 3160
1698 3160
1957 3160
2372 3160
2820 3160
461 3161
1411 3161
1608 3161
1657 3161
132 3162
238 3162
1931 3162
2028 3162
2149 3162
337 3163
506 3163
548 3163
557 3163
800 3163
946 3163
1003 3163
1385 3163
1425 3163
2315 3163
2701 3163
924 3164
1778 3164
2180 3165
13 3166
3163 3166
11 3167
41 3167
101 3167
329 3167
467 3167
567 3167
595 3167
737 3167
743 3167
784 3167
960 3167
1086 3167
1095 3167
1431 3167
1844 3167
2168 3167
2363 3167
2367 3167
2560 3167
2672 3167
2823 3167
2848 3167
2852 3167
2933 3167
846 3168
2288 3168
1764 3169
2202 3169
2871 3169
35 3170
155 3170
187 3170
437 3170
453 3170
580 3170
623 3170
734 3170
791 3170
867 3170
984 3170
986 3170
1137 3170
1220 3170
1337 3170
1363 3170
1410 3170
1411 3170
1467 3170
1705 3170
1708 3170
1718 3170
1750 3170
1860 3170
2043 3170
2092 3170
2112 3170
2151 3170
2237 3170
2364 3170
2402 3170
2406 3170
2510 3170
2525 3170
2574 3170
2660 3170
3058 3170
60 3171
838 3171
75 3172
509 3173
7 3174
622 3175
1061 3176
2514 3177
970 3178
1542 3179
2017 3179
231 3180
429 3180
1297 3180
2617 3180
1416 3181
1763 3181
2299 3182
233 3184
495 3185
251 3186
2234 3186
1430 3187
383 3188
414 3189
1802 3190
1968 3191
3075 3191
828 3192
407 3193
2760 3193
205 3194
2604 3194
1131 3195
1416 3195
2958 3197
381 3198
1321 3199
1814 3199
100 3200
145 3200
251 3200
256 3200
897 3200
1779 3200
2063 3200
2887 3200
79 3201
2958 3201
2449 3202
2275 3203
2606 3204
2971 3204
3191 3204
1757 3205
51 3206
152 3206
277 3206
1254 3206
1357 3206
2317 3207
445 3208
2052 3208
7 3209
146 3210
78 3211
100 3211
364 3211
429 3211
504 3211
589 3211
777 3211
1475 3211
1494 3211
1830 3211
1945 3211
2011 3211
2048 3211
2450 3211
2672 3211
759 3212
1200 3212
1260 3212
2098 3212
2513 3212
2226 3213
2988 3213
184 3214
521 3214
543 3214
774 3214
930 3214
1164 3214
1927 3214
2154 3214
525 3215
1276 3216
2631 3216
2893 3216
2347 3217
2422 3217
452 3218
1096 3218
59 3219
970 3219
587 3220
1675 3220
779 3221
6 3222
1261 3222
140 3223
142 3224
2672 3224
186 3225
2002 3225
280 3226
671 3226
823 3226
1121 3226
1172 3226
2245 3226
2338 3226
1009 3227
1403 3227
3148 3227
1934 3228
2485 3228
79 3229
830 3229
172 3230
194 3230
208 3230
317 3230
829 3230
1216 3230
1452 3230
1827 3230
2487 3230
1381 3231
1846 3231
154 3232
1330 3232
1002 3233
1822 3236
1945 3236
2422 3237
2955 3237
1554 3238
354 3239
375 3239
504 3239
1219 3239
1491 3239
1620 3239
2546 3239
32 3240
298 3240
330 3240
974 3240
1474 3240
1578 3240
1598 3240
1603 3240
1803 3240
1836 3240
1869 3240
2161 3240
2189 3240
2481 3240
2608 3240
2984 3240
3120 3240
3125 3240
679 3241
9 3243
548 3244
1257 3244
1863 3245
1890 3245
17 3246
1208 3246
1064 3247
679 3248
7 3249
714 3249
824 3249
1017 3249
1700 3249
2707 3249
1918 3250
786 3251
530 3252
2796 3252
2377 3253
2958 3253
3120 3253
2955 3254
1187 3255
1686 3255
527 3256
1200 3257
17 3258
1156 3258
1238 3259
15 3260
14 3261
74 3261
260 3261
346 3261
2299 3262
3239 3262
1238 3263
15 3264
537 3265
905 3265
1878 3265
1915 3265
2099 3265
2220 3265
6 3266
2422 3266
2458 3267
2026 3268
3068 3268
3240 3268
104 3269
17 3270
748 3270
146 3272
2132 3272
759 3273
769 3273
1047 3273
1343 3273
1871 3273
2263 3273
143 3275
353 3275
714 3275
1461 3275
1700 3275
3044 3275
452 3276
56 3277
6 3278
2955 3278
1002 3279
737 3280
33 3282
59 3282
475 3282
661 3282
1453 3282
2501 3282
2842 3282
3042 3282
3242 3282
1488 3283
2547 3283
17 3284
378 3284
1343 3284
1940 3284
2887 3284
729 3285
963 3285
2978 3287
79 3288
2129 3288
2958 3288
900 3289
2450 3289
2495 3289
15 3290
1002 3290
78 3291
210 3291
417 3291
2046 3291
2658 3291
3073 3291
2 3292
94 3293
2590 3293
31 3294
224 3294
278 3294
379 3294
488 3294
566 3294
624 3294
712 3294
780 3294
1010 3294
1233 3294
1626 3294
1770 3294
1825 3294
1909 3294
1971 3294
2376 3294
2715 3294
172 3295
1349 3295
1452 3295
1523 3295
1601 3295
1872 3295
2017 3295
2487 3295
3032 3295
74 3296
106 3296
653 3296
1101 3296
1676 3296
1689 3296
2589 3296
1604 3297
1010 3298
879 3299
1983 3299
2553 3299
17 3300
924 3300
1200 3300
1778 3300
2098 3300
2856 3300
3200 3300
225 3301
2262 3301
983 3302
36 3303
1317 3303
1613 3303
1931 3303
2285 3303
2401 3303
2491 3303
2982 3303
3148 3303
3162 3303
693 3304
1868 3304
2307 3304
2381 3304
2577 3304
350 3305
1731 3305
9 3306
12 3307
15 3307
17 3307
63 3307
790 3307
916 3307
1600 3307
1794 3307
2234 3307
3024 3307
2571 3308
140 3309
783 3310
1888 3310
2004 3310
2234 3310
1002 3312
2318 3312
1002 3313
786 3314
5 3315
152 3316
613 3317
1346 3317
2014 3317
2074 3317
452 3318
654 3319
1645 3319
2587 3319
1531 3320
1817 3320
2232 3320
15 3321
24 3321
15 3322
191 3322
1002 3322
452 3323
1514 3324
2308 3324
798 3325
2474 3325
17 3326
2134 3326
702 3327
1210 3327
671 3328
452 3329
1918 3329
163 3330
2623 3331
6 3332
2422 3332
7 3333
3122 3333
152 3334
2074 3335
29 3336
846 3336
1510 3336
2578 3336
360 3337
506 3337
517 3337
544 3337
636 3337
1722 3337
2139 3337
2385 3337
2740 3337
126 3338
2881 3338
3033 3338
462 3339
1238 3340
452 3341
3152 3342
3319 3342
970 3343
51 3344
185 3344
399 3344
643 3344
1125 3344
2096 3344
2329 3344
2539 3344
59 3345
820 3345
989 3345
1276 3345
759 3346
1606 3346
1841 3346
815 3347
2320 3347
2880 3347
448 3348
651 3348
1010 3348
1341 3348
1882 3348
2376 3348
3307 3348
734 3349
2722 3349
734 3350
1051 3350
1698 3350
2967 3350
2639 3351
414 3352
3093 3352
1043 3353
238 3354
682 3354
1147 3354
1964 3354
2001 3354
2255 3354
835 3355
846 3355
1095 3355
1157 3355
1323 3355
1700 3355
2403 3355
2383 3356
786 3357
863 3357
527 3358
701 3358
1551 3358
1008 3359
2595 3359
2822 3359
500 3360
53 3361
100 3361
145 3361
671 3361
897 3361
1779 3361
629 3362
979 3362
1798 3362
91 3363
2549 3363
1544 3364
17 3365
375 3366
841 3366
1086 3366
1491 3366
1620 3366
2535 3366
2546 3366
3239 3366
3262 3366
1454 3367
1554 3367
2469 3367
2449 3368
2458 3369
12 3370
106 3370
847 3370
2154 3370
2234 3370
671 3371
1617 3371
2392 3371
231 3372
261 3372
776 3372
1941 3372
2242 3372
2299 3373
2429 3373
2955 3373
8 3374
692 3374
827 3374
1416 3375
170 3376
530 3376
1124 3376
1469 3376
1767 3376
3012 3376
989 3377
1200 3378
10 3379
381 3380
935 3381
1100 3381
1373 3381
1642 3381
2860 3381
3234 3381
2234 3382
1416 3383
399 3384
967 3384
2249 3384
909 3385
2159 3386
5 3387
1128 3387
7 3388
2 3389
167 3390
1052 3390
2458 3390
95 3391
844 3391
1698 3391
1049 3392
2129 3393
144 3394
146 3395
3210 3395
363 3396
3114 3396
1238 3397
2955 3398
5 3399
1002 3400
755 3401
2913 3401
1416 3402
983 3403
75 3404
1089 3404
1892 3404
414 3405
59 3406
440 3407
1698 3407
2089 3407
2623 3408
163 3409
1422 3410
471 3411
1791 3411
2988 3411
549 3412
613 3412
859 3412
1124 3412
2885 3412
734 3413
2722 3413
1200 3414
1884 3414
455 3415
2098 3415
2513 3415
2972 3416
1010 3417
1971 3417
2376 3417
3025 3417
79 3418
232 3418
949 3418
1507 3418
1613 3418
1903 3418
2089 3418
2202 3418
2285 3418
3036 3418
1314 3419
1698 3419
2406 3419
2552 3419
811 3420
2242 3420
3363 3420
3204 3421
2578 3422
979 3423
3362 3423
126 3424
2529 3425
132 3426
138 3426
583 3426
602 3426
865 3426
2537 3426
2701 3426
119 3427
215 3427
694 3427
1236 3427
1298 3427
2089 3427
3023 3427
261 3428
449 3428
1941 3428
3042 3428
446 3429
484 3429
2242 3429
701 3430
223 3431
1523 3431
1542 3431
2017 3431
2776 3431
1802 3433
820 3434
2180 3434
2183 3434
3345 3434
8 3435
238 3435
694 3435
737 3435
1823 3435
1964 3435
3427 3435
2673 3436
1748 3437
2955 3437
59 3438
612 3439
861 3439
1738 3439
881 3440
1979 3441
1392 3442
2180 3442
6 3443
2955 3443
2422 3444
17 3445
87 3445
1200 3445
1219 3446
79 3447
95 3447
815 3447
1926 3447
5 3448
150 3449
1238 3449
1359 3449
1767 3449
1827 3449
2016 3449
1002 3450
2191 3450
17 3451
126 3452
3033 3452
1472 3453
2129 3453
3105 3454
806 3455
924 3455
1208 3455
12 3456
15 3456
251 3456
308 3456
540 3456
790 3456
823 3456
1259 3456
2969 3456
3024 3456
3294 3456
3348 3456
3240 3457
5 3458
765 3459
789 3459
1348 3459
3293 3459
2948 3460
484 3461
264 3462
335 3462
884 3462
1000 3462
1016 3462
1893 3462
1954 3462
2639 3462
2228 3463
144 3464
1918 3466
104 3467
43 3468
1905 3468
1432 3469
1802 3470
59 3471
1892 3471
421 3472
679 3472
2862 3472
815 3473
2880 3473
671 3474
3328 3474
1416 3475
223 3476
2327 3476
3214 3476
59 3477
89 3478
217 3478
985 3478
1613 3478
1931 3478
2401 3478
2491 3478
36 3479
430 3480
17 3481
837 3482
142 3483
171 3483
206 3483
353 3483
982 3483
1187 3483
1449 3483
3044 3483
3045 3483
17 3484
636 3484
924 3484
1238 3485
679 3486
71 3487
649 3487
3161 3487
327 3488
556 3489
363 3490
2193 3490
163 3491
222 3491
295 3491
1001 3491
1002 3491
2774 3491
70 3492
94 3492
379 3492
570 3492
633 3492
759 3492
769 3492
1082 3492
1200 3492
1306 3492
1402 3492
1451 3492
1581 3492
1727 3492
1948 3492
2016 3492
2162 3492
2282 3492
2308 3492
2425 3492
2468 3492
3145 3492
3311 3492
381 3493
89 3494
493 3494
519 3494
527 3494
1249 3494
2829 3494
89 3495
117 3495
339 3495
665 3495
698 3495
900 3495
970 3495
1105 3495
1288 3495
1823 3495
1918 3495
1934 3495
1973 3495
2058 3495
2403 3495
2485 3495
2782 3495
2972 3495
3170 3495
3281 3495
158 3496
718 3496
755 3496
1318 3496
2137 3496
2193 3496
2446 3496
3114 3496
3490 3496
15 3497
8 3498
29 3499
301 3500
2422 3500
1945 3501
2036 3501
3236 3501
17 3502
928 3502
1343 3502
1563 3502
2263 3502
3445 3502
15 3503
1144 3504
1945 3504
2949 3504
1221 3505
764 3506
1086 3506
2205 3506
296 3507
506 3508
517 3508
2241 3508
2740 3508
3226 3509
351 3510
1192 3510
1416 3511
154 3512
2990 3512
3285 3512
765 3513
1306 3513
1965 3513
2154 3513
3043 3513
847 3514
1416 3515
527 3516
963 3516
1330 3516
2089 3516
1512 3517
1783 3517
2276 3517
1465 3518
3420 3519
1002 3520
1782 3520
452 3521
989 3522
1049 3522
643 3523
351 3524
565 3524
1238 3524
1297 3524
1469 3524
1839 3524
2207 3524
1002 3525
363 3526
3496 3526
381 3527
7 3528
701 3529
7 3530
846 3530
2288 3530
2852 3530
805 3531
2307 3531
2575 3531
2577 3531
679 3532
15 3533
65 3533
100 3533
433 3533
776 3533
1064 3533
1455 3533
1490 3533
1544 3533
1797 3533
1917 3533
1996 3533
2242 3533
2389 3533
2916 3533
3042 3533
3136 3533
3286 3533
3364 3533
308 3534
1238 3534
452 3535
1918 3535
2018 3535
3211 3536
884 3537
2905 3539
363 3540
2427 3540
3496 3540
79 3541
1329 3542
1918 3542
163 3543
452 3544
108 3545
3068 3545
3240 3545
414 3546
52 3547
72 3547
153 3547
222 3547
581 3547
1031 3547
1715 3547
2195 3547
2742 3547
1450 3548
2188 3548
2299 3548
2486 3548
2880 3548
2925 3548
2958 3548
3271 3548
3432 3548
3446 3548
970 3549
879 3550
1320 3551
2469 3552
856 3553
1238 3553
1545 3553
1453 3554
1502 3554
1125 3555
1812 3555
15 3556
2150 3556
452 3557
828 3558
7 3559
89 3559
173 3559
268 3559
452 3559
665 3559
700 3559
874 3559
976 3559
1823 3559
1918 3559
2022 3559
3168 3559
445 3560
1078 3560
1268 3560
154 3561
636 3562
924 3562
1432 3562
2139 3562
2858 3562
258 3563
1439 3564
1798 3564
5 3565
2090 3565
414 3566
15 3567
175 3567
211 3567
2363 3567
2775 3567
2933 3567
3163 3567
3507 3567
7 3568
786 3568
1887 3568
1437 3569
2881 3570
1136 3571
79 3572
95 3572
2109 3572
2958 3572
7 3573
963 3574
407 3575
702 3576
1210 3576
145 3577
1755 3577
143 3578
308 3579
856 3579
1359 3579
2704 3579
3024 3579
79 3580
83 3580
129 3580
302 3580
460 3580
643 3580
803 3580
1316 3580
1732 3580
1787 3580
2089 3580
2655 3580
2738 3580
2794 3580
2852 3580
2883 3580
2970 3580
3036 3580
3167 3580
3352 3580
301 3581
1002 3582
1720 3582
2835 3582
1144 3583
270 3584
573 3584
2200 3584
2461 3584
2883 3584
525 3585
2089 3585
59 3586
193 3587
15 3588
9 3589
399 3589
519 3589
815 3589
1092 3589
1267 3589
2188 3589
1002 3590
79 3591
339 3591
3505 3591
414 3592
821 3593
1194 3593
1277 3593
2017 3593
2422 3594
59 3595
156 3595
405 3595
2087 3595
3014 3595
413 3596
4 3597
59 3597
95 3597
108 3597
353 3597
487 3597
967 3597
970 3597
1187 3597
2109 3597
2958 3597
6 3598
295 3599
1049 3599
1734 3599
2537 3599
2299 3600
79 3601
713 3601
966 3601
3453 3601
3533 3602
14 3603
163 3603
823 3603
837 3603
847 3603
1238 3603
1898 3603
649 3604
2830 3604
3093 3604
847 3605
229 3606
661 3606
1722 3606
153 3607
970 3608
2197 3608
2591 3609
2709 3609
3042 3609
3129 3609
881 3610
1918 3610
72 3611
77 3611
100 3611
159 3611
222 3611
239 3611
252 3611
308 3611
362 3611
530 3611
850 3611
859 3611
866 3611
1002 3611
1894 3611
1898 3611
1944 3611
2029 3611
2136 3611
2142 3611
2890 3611
2904 3611
3261 3611
2228 3612
376 3613
493 3613
574 3613
640 3613
1149 3613
1249 3613
1522 3613
2007 3613
2202 3613
2378 3613
617 3614
758 3614
782 3614
1053 3614
1077 3614
1292 3614
1949 3614
2549 3614
3420 3614
452 3615
2211 3615
6 3616
17 3617
1837 3618
1347 3619
205 3620
2038 3620
1121 3621
2052 3622
600 3623
2972 3623
1936 3624
3211 3625
1514 3626
3547 3626
79 3627
2958 3627
3387 3628
676 3629
1238 3629
2585 3629
2132 3630
138 3631
374 3632
100 3633
243 3633
671 3633
902 3633
912 3633
1246 3633
1564 3633
1721 3633
1839 3633
2034 3633
2063 3633
2421 3633
2456 3633
2872 3633
3069 3633
3183 3633
3617 3633
1002 3634
77 3635
150 3635
260 3635
346 3635
856 3635
1359 3635
2704 3635
2904 3635
3024 3635
74 3636
148 3636
586 3636
588 3636
1694 3636
2074 3636
2489 3636
2676 3636
3412 3636
1854 3637
2180 3637
679 3638
828 3639
1791 3640
2226 3640
2988 3640
153 3641
1131 3642
1330 3642
1416 3642
2076 3642
2498 3642
335 3643
2450 3643
548 3644
1916 3645
1003 3646
1238 3646
2583 3646
79 3647
1379 3648
6 3649
2955 3649
1443 3650
671 3651
5 3652
1002 3653
1523 3654
3235 3654
3436 3654
9 3655
1779 3656
1948 3656
2072 3657
215 3658
737 3658
3418 3658
3427 3658
2458 3659
967 3660
1454 3660
142 3661
266 3661
618 3661
1314 3661
2529 3662
2972 3662
140 3663
12 3664
15 3664
251 3664
910 3664
1172 3664
1333 3664
1359 3664
1811 3664
2016 3664
2349 3664
2363 3664
3294 3664
506 3665
517 3665
556 3665
557 3665
658 3665
746 3665
878 3665
911 3665
1153 3665
1418 3665
1800 3665
1959 3665
2801 3665
2868 3665
3196 3665
3372 3665
3533 3665
2 3666
89 3666
589 3666
700 3666
925 3666
976 3666
1161 3666
1186 3666
1918 3666
2022 3666
2091 3666
2171 3666
682 3667
985 3667
2358 3667
3162 3667
2436 3668
1117 3669
2226 3669
2988 3669
1570 3671
2571 3672
258 3673
1270 3674
1526 3674
2852 3674
172 3675
194 3675
1827 3675
1872 3675
2017 3675
2128 3675
146 3676
1355 3676
3011 3676
2760 3677
15 3678
211 3678
674 3678
1879 3678
2041 3678
2457 3678
2701 3678
33 3679
761 3679
3042 3679
786 3680
863 3680
2288 3681
2739 3681
1219 3682
1450 3682
3548 3682
1230 3683
1285 3683
1514 3683
1551 3683
1684 3683
2234 3683
2306 3683
3547 3683
530 3684
1453 3684
1502 3684
837 3685
1514 3685
1684 3685
1715 3685
3547 3685
1172 3686
79 3687
2592 3688
51 3689
1279 3689
1411 3689
1576 3689
126 3690
3033 3690
3452 3690
166 3691
3036 3692
208 3693
317 3693
1452 3693
1872 3693
2487 3693
3026 3693
78 3694
364 3694
399 3694
504 3694
564 3694
567 3694
589 3694
663 3694
777 3694
1475 3694
1494 3694
1945 3694
2433 3694
2672 3694
3536 3694
3625 3694
3093 3695
1918 3696
15 3697
734 3698
2363 3699
2933 3699
3163 3699
251 3700
2698 3700
2458 3701
146 3702
647 3702
1355 3702
3011 3702
1 3703
2686 3703
3359 3703
163 3704
2473 3704
350 3705
1731 3705
2115 3705
2644 3705
734 3706
2722 3706
3304 3707
2 3708
14 3709
257 3709
1238 3709
1870 3709
2261 3709
3611 3709
407 3710
1443 3711
963 3712
3633 3713
442 3714
798 3714
1594 3714
2238 3714
2955 3715
1230 3716
1551 3716
2498 3717
5 3718
841 3719
847 3719
1684 3719
2154 3719
1443 3720
2672 3721
2754 3721
2949 3721
5 3722
764 3723
1086 3723
1625 3723
1444 3724
1973 3724
720 3725
1798 3725
3169 3725
3585 3725
1348 3726
154 3727
2663 3727
142 3728
264 3728
492 3728
655 3728
786 3728
840 3728
846 3728
920 3728
1008 3728
1080 3728
1335 3728
1391 3728
1698 3728
1742 3728
2164 3728
2182 3728
2406 3728
2652 3728
2919 3728
2932 3728
2949 3728
3081 3728
3462 3728
487 3729
1854 3730
3442 3730
3637 3730
2760 3731
89 3732
97 3732
1270 3732
1411 3732
2570 3732
2806 3732
3589 3732
12 3733
2234 3733
452 3734
1347 3735
2889 3735
2089 3736
2202 3736
2098 3737
2483 3737
3084 3737
8 3738
462 3739
967 3739
789 3740
1348 3740
1650 3740
2154 3740
2308 3740
2723 3740
2766 3740
3293 3740
162 3741
172 3741
241 3741
244 3741
293 3741
397 3741
404 3741
528 3741
536 3741
669 3741
705 3741
729 3741
756 3741
1060 3741
1252 3741
1375 3741
1399 3741
1428 3741
1459 3741
1649 3741
1775 3741
1813 3741
2291 3741
2293 3741
2350 3741
2419 3741
2572 3741
2730 3741
2765 3741
2781 3741
2831 3741
2965 3741
3115 3741
3232 3741
3561 3741
3727 3741
1948 3742
3136 3743
336 3744
594 3744
1075 3744
1248 3744
2915 3744
17 3745
435 3746
14 3747
765 3747
2228 3747
3611 3747
789 3748
2040 3748
3293 3748
847 3749
832 3750
1112 3750
407 3751
924 3752
1200 3752
1940 3752
1238 3753
2841 3753
28 3754
138 3754
186 3754
322 3754
978 3754
2858 3754
7 3755
264 3756
504 3756
728 3756
1899 3756
3728 3756
2958 3757
2623 3758
3313 3758
7 3759
142 3759
786 3759
3568 3759
1397 3760
2974 3760
880 3761
1230 3762
2422 3763
3222 3763
59 3764
661 3764
761 3764
1636 3764
1730 3764
2501 3764
2842 3764
3042 3764
3083 3764
3242 3764
3606 3764
144 3765
105 3766
1002 3766
2299 3766
2449 3766
381 3767
15 3768
970 3769
1032 3770
110 3771
263 3771
354 3771
375 3771
470 3771
737 3771
2236 3771
2535 3771
2931 3771
3202 3771
3368 3771
3407 3771
3418 3771
3766 3771
51 3772
2582 3772
3099 3772
1002 3773
2422 3774
2542 3774
414 3775
827 3775
979 3775
1615 3775
126 3776
3141 3776
8 3777
280 3778
624 3778
2606 3778
786 3779
863 3779
1802 3780
421 3781
1454 3781
1554 3781
2651 3781
421 3782
329 3783
603 3783
1960 3783
2269 3783
2480 3783
3083 3783
154 3784
5 3785
1698 3786
2505 3786
923 3787
1114 3788
2381 3788
2756 3788
3171 3788
452 3789
1570 3789
828 3790
1282 3791
2316 3791
59 3792
1307 3792
1310 3792
1465 3792
2731 3792
346 3793
1811 3793
2232 3793
2704 3793
3654 3794
1887 3795
3573 3795
223 3796
1359 3796
2327 3796
2015 3797
17 3798
924 3798
3467 3798
145 3799
897 3799
1225 3799
1779 3799
5 3800
1238 3801
2371 3801
15 3802
1002 3802
3703 3803
2074 3804
2885 3804
59 3805
2267 3805
734 3806
759 3807
2915 3807
3744 3807
15 3808
1002 3808
1064 3809
679 3810
1136 3810
2385 3811
2566 3811
812 3812
928 3813
3445 3813
1431 3814
3136 3815
381 3816
260 3817
403 3817
752 3817
944 3817
3553 3817
381 3818
2188 3819
2924 3820
2958 3820
140 3821
17 3822
849 3822
2139 3822
6 3823
2422 3823
2745 3823
3581 3823
7 3824
89 3824
268 3824
452 3824
589 3824
1110 3824
1161 3824
2091 3824
31 3825
223 3825
224 3825
366 3825
464 3825
490 3825
597 3825
712 3825
773 3825
804 3825
990 3825
1003 3825
1113 3825
1142 3825
1733 3825
1881 3825
1979 3825
2273 3825
2371 3825
2411 3825
2826 3825
2966 3825
3077 3825
3385 3825
3441 3825
3670 3825
132 3826
138 3826
329 3826
583 3826
602 3826
865 3826
2477 3826
2701 3826
323 3827
1050 3828
6 3829
2955 3829
142 3830
1183 3830
1945 3830
2672 3830
2949 3830
351 3831
3303 3832
117 3833
339 3833
664 3833
665 3833
1105 3833
1110 3833
1444 3833
1703 3833
1823 3833
2739 3833
3168 3833
3281 3833
3355 3833
423 3834
1489 3834
484 3835
1248 3835
1699 3835
3614 3835
3122 3836
3170 3837
3240 3838
1219 3839
682 3840
1552 3840
46 3841
353 3841
1008 3841
1512 3841
1935 3841
2331 3841
2707 3841
2882 3841
3208 3841
3274 3841
261 3842
591 3842
675 3842
1295 3842
1709 3842
1941 3842
2081 3842
3489 3842
909 3843
8 3844
79 3845
1934 3846
59 3847
242 3847
2571 3848
89 3849
287 3849
410 3849
589 3849
698 3849
1022 3849
1347 3849
1456 3849
1510 3849
1886 3849
1954 3849
2062 3849
2199 3849
2256 3849
2348 3849
2515 3849
2639 3849
2734 3849
3499 3849
3538 3849
1035 3850
3046 3850
3272 3850
3395 3850
3630 3850
838 3851
471 3852
1049 3852
2988 3852
421 3853
679 3854
1292 3855
142 3856
1492 3857
1802 3857
2500 3857
2646 3857
776 3858
1064 3858
3665 3858
179 3859
2942 3859
3826 3859
407 3860
12 3861
290 3861
823 3861
909 3861
1238 3861
2234 3861
3355 3862
3530 3862
448 3863
566 3863
1010 3863
3307 3863
3456 3863
3728 3864
6 3865
414 3866
594 3867
1075 3867
1477 3867
2915 3867
8 3868
2773 3868
2849 3868
223 3869
1416 3869
2327 3869
261 3870
422 3870
761 3870
959 3870
1941 3870
2480 3870
530 3871
2796 3871
2316 3872
505 3873
1394 3873
3401 3873
3496 3873
8 3874
1238 3875
17 3876
1200 3876
1778 3876
1044 3877
2383 3877
277 3878
1066 3878
1590 3878
1732 3878
2045 3878
89 3879
469 3879
491 3879
1270 3879
2835 3880
168 3881
307 3881
2599 3881
3436 3882
3654 3882
3849 3883
1320 3884
1918 3884
153 3885
2 3886
1934 3886
2485 3886
154 3887
1002 3888
251 3889
527 3889
701 3889
823 3889
909 3889
1465 3889
2338 3889
3294 3889
3825 3889
765 3890
2308 3890
3293 3890
167 3891
205 3891
568 3891
1052 3891
1444 3891
2038 3891
3724 3891
3833 3891
17 3892
95 3893
618 3893
1173 3893
2007 3893
2578 3893
3081 3893
455 3894
1030 3894
1648 3894
2483 3894
679 3895
83 3896
692 3896
1095 3896
2479 3896
3694 3896
3775 3896
2739 3897
2884 3898
3181 3898
1127 3899
8 3900
963 3901
17 3902
2275 3902
3502 3902
1172 3903
1779 3903
1032 3904
1769 3904
2959 3904
3070 3904
3225 3904
597 3905
2439 3906
1720 3907
2623 3907
422 3908
429 3908
591 3908
761 3908
1851 3908
3439 3908
5 3909
323 3910
1761 3910
487 3911
47 3912
786 3912
2672 3912
963 3913
35 3914
187 3914
282 3914
380 3914
437 3914
600 3914
867 3914
984 3914
1137 3914
1220 3914
1337 3914
1410 3914
1411 3914
1609 3914
1705 3914
1718 3914
1860 3914
2082 3914
2140 3914
2151 3914
2266 3914
2297 3914
2364 3914
2505 3914
2510 3914
2641 3914
2660 3914
2761 3914
2949 3914
3058 3914
3170 3914
3465 3914
3495 3914
227 3915
2978 3916
3842 3916
1187 3917
2160 3918
205 3919
1466 3920
381 3921
525 3922
2089 3922
2202 3922
3068 3923
3240 3923
1050 3924
1032 3925
5 3926
1918 3927
1089 3928
1892 3928
1210 3929
2762 3929
846 3930
1095 3930
2202 3930
2403 3930
3167 3930
3495 3930
3530 3930
3678 3931
152 3932
3694 3932
381 3933
110 3934
1426 3934
1478 3934
2822 3934
3359 3934
3803 3934
840 3935
2055 3935
1430 3936
1446 3936
2087 3936
2731 3936
3296 3936
1745 3937
1487 3938
1230 3939
3914 3940
863 3941
500 3942
1089 3943
2109 3943
2719 3943
3404 3943
2422 3944
2760 3945
97 3946
655 3946
1189 3946
1338 3946
1899 3946
1947 3946
2362 3946
2391 3946
2400 3946
2984 3946
3035 3946
3506 3946
3589 3946
3655 3946
1918 3947
140 3948
854 3949
1036 3949
1066 3949
1209 3949
1308 3949
1327 3949
1663 3949
2896 3949
3055 3949
3207 3949
922 3950
1064 3951
1653 3952
140 3953
17 3954
2275 3954
3902 3954
140 3955
797 3955
952 3956
1193 3956
154 3957
3741 3957
412 3958
1139 3958
983 3959
3302 3959
142 3960
268 3960
1887 3960
3559 3960
3666 3960
3824 3960
79 3961
2912 3961
2958 3961
3792 3961
381 3962
573 3963
2570 3963
679 3964
1136 3964
1047 3965
5 3966
630 3967
762 3968
3825 3969
144 3970
1002 3971
3214 3972
622 3973
2884 3974
3017 3974
193 3975
381 3976
8 3977
1697 3977
597 3978
351 3979
3831 3979
3411 3980
3640 3980
963 3981
15 3982
209 3982
951 3983
482 3984
719 3984
798 3984
1100 3984
1572 3984
1642 3984
3234 3984
104 3985
3798 3985
989 3986
1101 3986
1313 3986
2338 3986
3492 3986
1312 3987
1863 3987
1890 3987
557 3988
983 3989
2710 3990
2760 3990
5 3991
846 3992
1017 3992
2705 3992
15 3993
1002 3993
3036 3993
7 3994
42 3994
95 3994
835 3994
1591 3994
2852 3994
3862 3994
3930 3994
339 3995
830 3995
3505 3995
3031 3996
3488 3996
150 3997
260 3997
326 3997
346 3997
1359 3997
2704 3997
2904 3997
3024 3997
400 3998
1115 3998
1379 3998
2575 3998
501 3999
1368 3999
3878 3999
412 4000
1139 4000
2366 4000
