1 2
1 3
2 3
1 4
2 4
3 4
1 5
2 5
3 5
4 5
1 6
2 6
3 6
4 6
5 6
1 7
2 7
3 7
4 7
5 7
6 7
1 8
2 8
3 8
4 8
5 8
6 8
7 8
1 9
2 9
3 9
4 9
5 9
6 9
7 9
8 9
1 10
2 10
3 10
4 10
5 10
6 10
7 10
8 10
9 10
8 12
11 12
1 13
5 13
11 13
12 13
2 14
8 14
11 14
12 14
13 14
11 15
12 15
13 15
14 15
8 16
11 16
12 16
13 16
14 16
15 16
1 17
6 17
11 17
12 17
13 17
14 17
15 17
16 17
3 18
7 19
11 20
7 21
11 22
5 23
8 24
3 25
7 26
11 27
16 28
11 29
16 30
12 31
2 32
10 33
11 34
16 35
16 36
16 37
1 38
11 39
17 40
17 41
5 42
3 43
7 44
8 45
6 46
15 47
15 48
7 49
2 50
3 51
4 51
5 51
1 52
12 52
16 52
41 52
1 53
6 53
6 54
12 54
41 54
7 55
11 56
7 57
16 58
2 59
3 59
6 59
7 59
8 59
9 59
34 59
11 60
48 61
11 62
15 62
7 63
8 63
9 63
17 63
41 63
16 64
54 64
16 65
8 66
9 66
46 66
53 66
16 67
6 68
8 68
10 68
51 68
16 69
7 70
1 71
2 71
3 71
7 71
23 71
39 71
51 71
8 72
7 73
5 74
54 75
59 75
63 75
16 76
12 77
66 78
54 79
73 80
7 81
9 81
7 82
7 83
39 84
7 85
3 86
73 86
15 87
16 87
17 87
73 88
16 89
4 90
5 90
18 90
43 90
51 90
86 90
5 91
7 92
54 93
59 93
63 93
3 94
2 95
39 96
39 97
2 98
63 99
97 99
90 100
8 101
2 102
20 103
11 104
1 105
25 105
51 105
86 105
74 106
17 107
15 108
95 108
76 109
14 110
16 110
48 110
62 110
108 110
37 111
2 112
8 112
1 113
4 113
5 113
18 113
43 113
51 113
71 113
105 114
52 115
7 116
54 117
8 118
13 118
14 118
16 118
31 118
78 119
5 120
11 120
14 120
16 120
11 121
7 122
8 123
33 123
68 123
14 124
15 124
31 124
39 125
99 125
4 126
7 126
9 126
10 126
17 126
46 126
76 127
73 128
7 129
12 130
13 130
14 130
15 130
16 130
17 130
22 130
29 130
34 130
120 130
121 130
7 131
25 131
7 132
11 133
103 133
126 133
1 134
3 134
4 134
5 134
6 134
8 134
10 134
14 134
50 134
71 134
98 134
7 135
73 136
85 136
1 137
11 137
118 137
73 138
16 139
11 140
54 141
63 141
1 142
2 142
4 142
7 142
10 142
54 142
61 143
110 143
39 144
85 145
96 146
25 147
8 148
37 149
94 150
66 151
82 152
52 153
54 153
63 153
1 154
51 154
86 154
114 154
16 155
14 156
15 156
8 157
73 158
7 159
85 160
16 161
61 162
16 163
111 164
2 165
5 165
18 165
51 165
59 165
71 165
86 165
134 165
7 166
73 167
120 168
93 169
119 169
118 170
25 171
39 172
82 173
54 174
39 175
7 176
86 176
8 177
8 178
15 179
61 179
7 180
139 180
16 181
2 182
6 182
7 182
9 182
10 182
17 182
38 182
71 182
113 182
134 182
154 182
61 183
5 184
8 184
9 184
126 184
82 185
11 186
116 187
17 188
102 189
7 190
16 191
1 192
2 192
7 192
33 192
68 192
109 192
142 192
2 193
7 193
9 193
10 193
134 193
82 194
85 195
103 196
128 196
46 197
53 197
78 197
147 198
25 199
73 200
93 201
7 202
52 202
2 203
7 203
10 203
71 203
113 203
16 204
7 205
9 205
10 205
25 205
51 205
94 205
31 206
54 206
14 207
17 208
52 208
63 208
1 209
3 209
50 209
193 209
3 210
16 211
118 212
28 213
39 213
16 214
52 215
63 215
8 216
13 216
14 216
16 216
31 216
170 216
135 217
204 217
3 218
1 219
7 219
33 219
142 219
54 220
63 220
16 221
54 221
7 222
66 223
20 224
198 224
8 225
14 225
73 226
99 227
8 228
46 228
151 228
223 228
154 229
109 230
66 231
25 232
177 233
2 234
49 234
57 234
71 234
73 234
81 234
85 234
92 234
122 234
126 234
129 234
131 234
142 234
176 234
180 234
182 234
202 234
222 234
16 235
234 236
7 237
10 237
54 238
16 239
54 239
115 239
16 240
234 241
14 242
16 242
17 242
22 242
26 243
54 243
59 243
63 243
169 243
7 244
234 244
8 245
33 246
146 247
1 248
3 248
4 248
6 248
24 248
45 248
63 248
68 248
72 248
123 248
157 248
184 248
39 249
7 250
54 251
63 251
11 252
54 253
63 253
3 254
5 255
71 255
73 256
9 257
17 257
184 257
234 257
39 258
108 259
106 260
63 261
4 262
18 262
51 262
86 262
100 262
1 263
4 263
5 263
18 263
71 263
20 264
80 264
46 265
11 266
16 266
216 266
1 267
197 267
23 268
16 269
109 269
127 269
131 270
73 271
61 272
234 273
96 274
247 274
22 275
86 275
234 276
39 277
82 278
66 279
54 280
4 281
59 282
63 282
11 283
3 284
63 285
7 286
10 286
134 286
39 287
172 288
175 288
249 288
92 289
227 289
52 290
73 291
16 292
54 293
63 293
3 294
55 294
205 294
130 295
54 296
169 296
1 297
15 297
17 297
130 297
216 297
39 298
171 298
234 299
15 300
17 300
216 300
68 301
248 301
116 302
139 303
66 304
234 305
85 306
172 307
54 308
290 308
11 309
82 310
120 311
184 312
234 312
2 313
5 313
9 313
53 313
134 313
248 313
82 314
65 315
3 316
105 316
147 316
63 317
59 318
110 319
117 319
2 320
4 320
5 320
6 320
9 320
43 320
51 320
59 320
294 320
190 321
127 322
7 323
86 323
59 324
286 324
1 325
2 325
109 325
11 326
54 327
54 328
8 329
7 330
145 330
195 330
234 330
319 331
39 332
118 333
73 334
7 335
32 335
71 335
102 335
142 335
182 335
193 335
203 335
320 335
234 336
1 337
193 337
130 338
11 339
97 339
258 339
277 339
2 340
44 340
49 340
55 340
57 340
59 340
70 340
131 340
132 340
159 340
190 340
205 340
219 340
323 340
335 340
28 341
39 341
340 342
260 343
239 344
11 345
152 346
173 346
194 346
94 347
5 348
191 348
11 349
168 349
311 349
7 350
234 350
273 350
12 351
13 351
16 351
17 351
20 351
22 351
27 351
104 351
121 351
137 351
140 351
345 351
73 352
7 353
16 354
149 354
16 355
15 356
110 356
7 357
340 357
2 358
335 358
8 359
39 360
270 360
234 361
267 362
1 363
3 363
90 363
113 363
134 363
263 363
313 363
320 363
177 364
154 365
51 366
114 366
365 366
122 367
39 368
8 369
10 370
22 370
134 370
66 371
22 372
29 372
34 372
295 372
25 373
271 373
234 374
82 375
354 375
177 376
13 377
17 377
27 377
121 377
140 377
16 378
266 379
198 380
25 381
294 381
350 382
25 383
234 384
360 385
16 386
111 386
147 387
39 388
232 389
140 390
273 390
382 390
227 391
139 392
234 392
234 393
14 394
94 395
197 396
345 396
243 397
7 398
25 399
82 400
196 400
5 401
8 401
9 401
126 401
134 401
237 401
33 402
290 403
1 404
6 404
11 404
12 404
13 404
14 404
40 404
41 404
63 404
126 404
188 404
208 404
257 404
297 404
300 404
377 404
39 405
5 406
86 406
5 407
8 407
165 407
182 407
313 407
370 407
5 408
1 409
12 409
15 409
17 409
351 409
377 409
404 409
266 410
16 411
386 412
360 413
39 414
105 414
116 415
3 416
7 416
17 416
248 416
404 416
66 417
99 418
289 418
391 418
16 419
12 420
16 420
121 420
297 420
338 420
382 420
3 421
23 421
113 421
134 421
165 421
234 422
335 423
197 424
16 425
73 426
196 426
118 427
39 428
40 429
41 429
107 429
130 429
182 429
188 429
242 429
257 429
297 429
234 430
7 431
68 431
109 431
14 432
16 432
130 432
311 432
122 433
5 434
16 435
172 436
10 437
234 437
9 438
53 438
248 438
82 439
7 440
340 440
234 441
52 442
54 443
85 444
330 444
25 445
52 446
7 447
340 447
5 448
27 449
121 449
140 449
2 450
4 450
5 450
8 450
9 450
10 450
210 450
218 450
254 450
294 450
316 450
363 450
416 450
421 450
3 451
66 452
8 453
218 453
254 453
294 453
316 453
33 454
216 454
4 455
2 456
7 456
9 456
10 456
13 456
71 456
113 456
192 456
219 456
248 456
263 456
337 456
409 456
102 457
39 458
234 459
5 460
17 460
118 460
351 460
456 460
248 461
16 462
386 463
12 464
257 464
297 464
300 464
416 464
54 465
115 466
153 466
202 466
446 466
422 467
96 468
125 468
249 468
258 468
277 468
287 468
332 468
341 468
368 468
405 468
118 469
105 470
199 470
381 470
445 470
111 471
463 471
234 472
54 473
7 474
8 474
50 474
59 474
102 474
358 474
456 474
267 475
415 476
475 477
266 478
61 479
440 479
234 480
7 481
25 482
425 482
466 483
16 484
410 484
9 485
479 486
2 487
5 487
7 487
9 487
10 487
17 487
105 487
192 487
267 487
325 487
105 488
147 488
381 488
383 488
445 488
479 489
127 490
52 491
16 492
16 493
429 493
1 494
3 494
5 494
9 494
71 494
182 494
192 494
193 494
487 494
8 495
234 496
54 497
451 498
16 499
5 500
7 501
10 501
17 501
24 501
46 501
234 501
96 502
73 503
85 503
401 503
6 504
10 504
51 504
123 504
192 504
248 504
73 505
1 506
6 506
7 506
8 506
51 506
248 506
262 506
266 507
54 508
120 509
248 509
298 510
3 511
193 511
291 511
11 512
351 512
7 513
10 513
25 513
94 513
63 514
404 514
2 515
7 515
63 516
97 516
188 516
227 516
116 517
14 518
28 518
36 518
37 518
64 518
65 518
67 518
76 518
89 518
118 518
120 518
139 518
161 518
191 518
214 518
221 518
266 518
269 518
292 518
351 518
378 518
432 518
435 518
462 518
234 519
468 519
4 520
7 520
10 520
234 520
39 521
9 522
25 522
340 522
16 523
149 523
375 523
210 524
1 525
109 525
118 526
206 526
17 527
52 527
63 527
59 528
346 529
25 530
39 531
242 532
297 532
396 533
7 534
142 534
234 535
39 536
11 537
59 537
372 537
7 538
10 538
17 538
24 538
234 538
216 539
478 539
507 539
518 539
11 540
15 541
404 541
82 542
39 543
45 543
179 543
96 544
5 545
311 546
425 547
15 548
147 549
383 549
54 550
226 551
539 551
16 552
441 553
440 554
489 554
16 555
65 556
411 557
10 558
103 559
224 559
93 560
16 561
266 562
51 563
61 564
120 564
16 565
94 566
463 567
39 568
242 569
234 570
11 571
53 572
248 572
7 573
324 573
181 574
5 575
4 576
149 577
375 577
7 578
8 579
35 579
52 579
87 579
110 579
118 579
120 579
130 579
155 579
161 579
163 579
181 579
204 579
235 579
266 579
269 579
351 579
355 579
420 579
432 579
452 579
492 579
493 579
523 579
555 579
565 579
35 580
52 580
110 580
130 580
155 580
204 580
266 580
269 580
351 580
492 580
493 580
555 580
565 580
14 581
39 581
139 582
5 583
234 584
61 585
140 586
273 586
382 586
16 587
311 588
23 589
489 590
118 591
61 592
543 592
234 593
588 594
234 595
59 596
54 597
16 598
518 598
8 599
248 599
288 600
234 601
142 602
340 602
73 603
139 604
113 605
164 605
450 605
4 606
234 606
63 607
567 607
248 608
177 609
7 610
10 610
51 610
94 610
294 610
2 611
3 611
113 611
234 611
255 611
263 611
456 611
268 612
589 612
287 613
11 614
346 614
2 615
335 616
287 617
489 618
2 619
10 620
324 620
53 621
223 621
231 621
452 621
68 622
456 622
539 623
17 624
63 624
267 625
26 626
59 626
63 626
169 626
397 626
10 627
134 627
324 627
479 628
119 629
25 630
360 631
39 632
339 633
288 634
633 634
5 635
335 636
534 636
11 637
379 637
478 637
562 637
579 637
580 637
66 638
1 639
182 639
16 640
99 640
574 640
340 641
52 642
2 643
108 643
466 644
116 645
73 646
130 646
234 647
16 648
296 648
518 648
52 649
24 650
234 650
346 651
627 652
9 653
16 654
149 655
7 656
108 657
5 658
8 658
66 659
39 660
82 661
8 662
650 662
7 663
54 664
475 665
627 666
114 667
182 667
229 667
365 667
108 668
7 669
340 669
122 670
165 671
466 672
172 673
463 674
607 674
227 675
626 676
234 677
51 678
108 679
4 680
10 680
219 680
335 680
534 680
470 681
485 682
66 683
396 684
102 685
142 686
1 687
11 687
109 688
173 689
529 689
614 689
16 690
518 691
7 692
8 692
59 692
396 692
65 693
118 694
118 695
108 696
248 697
12 698
192 699
248 699
5 700
234 701
54 702
66 703
346 704
3 705
113 705
234 705
234 706
433 706
367 707
234 708
234 709
17 710
63 710
11 711
431 712
688 712
140 713
382 713
52 714
63 715
16 716
103 717
224 717
7 718
102 719
378 719
52 720
54 721
66 722
25 723
110 724
715 724
66 725
429 726
85 727
11 728
12 728
14 728
15 728
118 728
216 728
351 728
404 728
14 729
15 729
512 730
493 731
346 732
10 733
51 733
463 733
82 734
42 735
627 736
16 737
693 737
142 738
484 739
674 740
90 741
262 741
63 742
39 743
468 743
8 744
7 745
32 745
182 745
203 745
320 745
423 745
636 745
680 745
2 746
39 747
468 747
7 748
61 749
12 750
110 750
118 750
124 750
130 750
225 750
404 750
581 750
54 751
54 752
319 752
5 753
2 754
5 754
9 754
51 754
294 754
381 755
453 755
610 755
2 756
10 756
71 756
113 756
335 756
715 756
4 757
6 757
26 757
55 757
63 757
81 757
116 757
122 757
126 757
131 757
135 757
159 757
192 757
193 757
286 757
330 757
335 757
487 757
515 757
573 757
663 757
718 757
748 757
539 758
2 759
3 759
9 759
75 759
165 759
320 759
626 759
16 760
580 760
324 761
707 761
404 762
234 763
9 764
99 764
215 764
248 764
253 764
261 764
715 764
742 764
413 765
3 766
524 766
5 767
10 768
123 768
219 768
454 768
187 769
2 770
75 770
165 770
243 770
318 770
324 770
340 770
537 770
234 771
73 772
80 773
88 773
128 773
136 773
200 773
256 773
603 773
772 773
11 774
84 774
97 774
125 774
144 774
249 774
258 774
298 774
341 774
368 774
521 774
543 774
743 774
554 775
39 776
774 776
15 777
17 777
404 777
268 778
589 778
10 779
14 779
165 779
193 779
286 779
370 779
401 779
63 780
693 781
3 782
4 782
10 782
17 782
154 782
192 782
209 782
219 782
248 782
494 782
525 782
687 782
39 783
774 783
4 784
5 784
6 784
43 784
59 784
294 784
7 785
116 786
2 787
33 787
68 787
109 787
142 787
494 787
504 787
699 787
712 788
118 789
703 789
418 790
16 791
269 792
94 793
288 794
39 795
177 796
338 796
396 797
1 798
782 798
1 799
12 799
323 799
404 799
511 800
73 801
85 801
773 801
11 802
539 803
51 804
316 804
414 804
8 805
66 806
177 807
621 808
66 809
15 810
404 810
488 811
33 812
297 813
367 813
672 813
109 814
351 815
730 815
366 816
61 817
543 817
82 818
11 819
15 819
16 819
17 819
31 819
77 819
351 819
728 819
16 820
25 821
627 822
108 823
115 824
706 824
579 825
580 825
289 826
516 826
675 826
446 827
346 828
1 829
109 829
234 830
127 831
8 832
13 832
30 832
64 832
69 832
110 832
120 832
155 832
181 832
191 832
211 832
216 832
242 832
269 832
292 832
378 832
419 832
425 832
435 832
484 832
499 832
523 832
555 832
587 832
640 832
716 832
791 832
648 833
16 834
556 834
51 835
360 836
7 837
234 837
15 838
234 839
234 840
340 840
747 840
386 841
228 842
75 843
165 843
243 843
340 843
537 843
73 844
50 845
193 845
440 846
105 847
276 847
453 847
804 847
479 848
554 848
547 849
578 850
248 851
105 852
268 853
394 853
396 854
413 855
54 856
16 857
180 857
392 857
604 857
10 858
7 859
217 859
73 860
168 861
324 861
387 861
20 862
717 862
239 863
5 864
456 864
611 864
7 865
82 866
119 867
828 867
413 868
5 869
59 869
85 870
330 870
489 871
20 872
164 872
559 872
760 873
3 874
9 874
134 874
450 874
778 875
73 876
82 877
5 878
688 879
634 880
66 881
541 881
210 882
367 883
670 883
701 883
39 884
54 885
518 886
832 886
16 887
580 887
16 888
518 888
70 889
774 889
13 890
15 890
16 890
17 890
120 890
134 890
156 890
404 890
581 890
667 890
728 890
103 891
341 891
468 891
8 892
800 893
7 894
234 894
39 895
283 896
415 896
39 897
774 897
892 897
172 898
108 899
12 900
205 900
257 900
450 901
7 902
234 902
53 903
518 903
52 904
17 905
31 905
52 905
404 905
409 905
464 905
750 905
799 905
172 906
110 907
123 908
192 908
248 908
537 908
787 908
127 909
283 910
196 911
614 911
2 912
234 913
616 913
521 914
25 915
274 915
515 915
5 916
262 916
363 916
73 917
675 918
234 919
4 920
54 921
63 921
16 922
873 922
396 923
16 924
213 924
341 924
518 924
234 925
350 925
688 926
788 926
7 927
234 927
686 927
787 927
757 928
788 929
540 930
578 930
738 930
759 930
234 931
20 932
559 932
16 933
39 934
85 935
234 936
25 937
61 938
120 939
489 940
82 941
454 942
340 943
670 944
796 945
104 946
7 947
128 947
138 947
256 947
291 947
503 947
505 947
603 947
860 947
917 947
267 948
774 949
868 950
164 951
5 952
15 953
17 954
118 954
456 954
6 955
66 955
126 955
357 955
453 956
7 957
396 957
39 958
171 958
510 958
16 959
518 959
54 960
270 961
631 961
745 962
554 963
341 964
10 965
234 965
565 965
16 966
518 966
289 967
516 967
925 968
297 969
774 970
387 971
693 972
109 973
1 974
13 974
14 974
188 974
208 974
242 974
257 974
487 974
624 974
819 974
234 975
859 975
239 976
466 976
266 977
539 977
637 977
173 978
194 978
529 978
651 978
704 978
732 978
828 978
287 979
11 980
379 980
54 981
588 982
122 983
464 984
343 985
122 986
267 987
778 987
867 988
5 989
627 990
774 991
586 992
51 993
126 994
452 995
808 995
90 996
381 997
453 997
827 998
5 999
518 999
564 999
832 999
890 999
939 999
268 1000
987 1000
478 1001
580 1001
311 1002
182 1003
365 1003
492 1004
477 1005
600 1006
634 1006
120 1007
39 1008
468 1008
873 1009
59 1010
7 1011
682 1012
154 1013
2 1014
4 1014
7 1014
18 1014
51 1014
209 1014
218 1014
284 1014
416 1014
421 1014
451 1014
494 1014
611 1014
705 1014
782 1014
874 1014
257 1015
118 1016
216 1016
1 1017
63 1017
123 1017
157 1017
301 1017
456 1017
504 1017
506 1017
572 1017
599 1017
697 1017
699 1017
782 1017
908 1017
16 1018
118 1019
778 1020
82 1021
950 1022
234 1023
1 1024
4 1024
81 1024
456 1024
485 1024
764 1024
11 1025
433 1026
824 1026
468 1027
59 1028
620 1028
627 1028
16 1029
580 1029
7 1030
311 1031
54 1032
12 1033
124 1033
130 1033
225 1033
240 1033
404 1033
905 1033
386 1034
119 1035
859 1036
932 1037
386 1038
141 1039
25 1040
757 1040
634 1041
738 1042
311 1043
201 1044
51 1045
340 1046
172 1047
118 1048
169 1049
629 1049
774 1050
404 1051
223 1052
452 1052
266 1053
526 1054
668 1055
764 1055
260 1056
66 1057
8 1058
7 1059
239 1060
53 1061
149 1061
63 1062
346 1063
73 1064
773 1064
425 1065
65 1066
528 1066
154 1067
313 1068
925 1068
339 1069
242 1070
472 1070
94 1071
791 1071
94 1072
791 1072
747 1073
134 1074
234 1075
10 1076
324 1076
652 1076
80 1077
10 1078
54 1079
128 1080
256 1080
772 1080
4 1081
5 1081
68 1081
113 1081
247 1081
262 1081
320 1081
504 1081
754 1081
504 1082
228 1083
15 1084
5 1085
809 1085
456 1086
52 1087
63 1087
404 1087
8 1088
66 1089
228 1089
68 1090
248 1090
232 1091
386 1092
829 1092
3 1093
154 1093
165 1093
275 1093
406 1093
142 1094
177 1095
10 1096
511 1097
214 1098
662 1098
173 1099
488 1100
31 1101
177 1102
486 1103
489 1103
848 1103
381 1104
453 1104
243 1105
627 1106
862 1106
118 1107
290 1108
3 1109
9 1109
10 1109
17 1109
46 1109
53 1109
59 1109
68 1109
182 1109
504 1109
506 1109
757 1109
955 1109
1 1110
10 1111
335 1111
745 1111
75 1112
234 1112
82 1113
3 1114
4 1114
6 1114
53 1114
113 1114
137 1114
142 1114
154 1114
192 1114
209 1114
219 1114
267 1114
325 1114
409 1114
494 1114
506 1114
1024 1114
9 1115
43 1115
51 1115
59 1115
294 1115
152 1116
451 1116
277 1117
1069 1117
39 1118
433 1119
8 1120
4 1121
5 1121
9 1121
43 1121
745 1121
108 1122
526 1123
14 1124
108 1124
143 1124
580 1124
750 1124
907 1124
82 1125
579 1126
248 1127
312 1127
119 1128
1087 1129
634 1130
288 1131
16 1132
688 1133
2 1134
137 1135
267 1135
325 1135
494 1135
108 1136
1080 1136
12 1137
118 1137
1101 1137
688 1138
11 1139
858 1140
243 1141
296 1141
1049 1141
110 1142
342 1142
248 1143
16 1144
859 1145
61 1146
243 1147
61 1148
543 1148
451 1149
124 1150
905 1150
73 1151
335 1152
5 1153
16 1154
75 1155
248 1156
1017 1156
518 1157
248 1158
3 1159
769 1160
518 1161
182 1162
365 1162
890 1162
51 1163
787 1163
1082 1163
578 1164
234 1165
350 1165
968 1165
1068 1165
115 1166
344 1166
863 1166
1060 1166
1 1167
13 1167
188 1167
39 1168
961 1168
8 1169
779 1169
11 1170
128 1171
41 1172
64 1172
141 1172
153 1172
174 1172
206 1172
220 1172
243 1172
328 1172
443 1172
597 1172
721 1172
751 1172
752 1172
856 1172
921 1172
960 1172
981 1172
1032 1172
90 1173
113 1173
489 1174
521 1175
12 1176
819 1176
1175 1177
39 1178
11 1179
73 1180
373 1180
108 1181
288 1182
54 1183
20 1184
468 1185
613 1185
617 1185
54 1186
14 1187
1050 1187
12 1188
17 1188
345 1188
409 1188
518 1188
580 1188
15 1189
219 1190
634 1191
1124 1192
9 1193
99 1193
215 1193
248 1193
261 1193
742 1193
1055 1193
234 1194
278 1194
114 1195
365 1195
201 1196
650 1196
778 1197
1 1198
91 1198
113 1198
165 1198
313 1198
406 1198
434 1198
450 1198
460 1198
487 1198
494 1198
500 1198
545 1198
583 1198
635 1198
767 1198
869 1198
878 1198
943 1198
54 1199
755 1200
391 1201
523 1202
577 1202
655 1202
670 1203
1054 1204
2 1205
3 1205
4 1205
5 1205
6 1205
7 1205
8 1205
33 1205
126 1205
203 1205
205 1205
370 1205
487 1205
501 1205
520 1205
538 1205
620 1205
756 1205
779 1205
1096 1205
1109 1205
100 1206
506 1206
916 1206
1081 1206
524 1207
859 1207
346 1208
978 1208
995 1209
11 1210
311 1210
518 1210
579 1210
32 1211
182 1211
193 1211
340 1211
358 1211
636 1211
756 1211
757 1211
63 1212
764 1212
1193 1212
16 1213
3 1214
266 1215
539 1215
637 1215
177 1216
281 1216
39 1217
113 1218
234 1218
5 1219
638 1220
7 1221
340 1221
118 1222
1 1223
5 1223
8 1223
113 1223
134 1223
248 1223
262 1223
281 1223
455 1223
757 1223
784 1223
920 1223
1014 1223
1114 1223
1121 1223
1205 1223
1117 1224
8 1225
341 1226
297 1227
266 1228
3 1229
90 1229
105 1229
165 1229
176 1229
323 1229
559 1230
1037 1230
429 1231
556 1231
68 1232
504 1232
699 1232
39 1233
579 1234
902 1234
1006 1235
130 1236
372 1236
300 1237
416 1237
350 1238
356 1238
39 1239
16 1240
118 1241
7 1242
51 1243
248 1244
1243 1244
1216 1245
1223 1245
16 1246
518 1246
46 1247
102 1248
378 1248
5 1249
102 1250
579 1251
579 1252
234 1253
657 1254
612 1255
17 1256
216 1256
420 1256
1227 1256
68 1257
479 1257
382 1258
2 1259
10 1259
113 1259
335 1259
1211 1259
234 1260
553 1260
8 1261
61 1262
177 1263
11 1264
130 1264
5 1265
12 1266
13 1266
20 1266
22 1266
104 1266
345 1266
512 1266
728 1266
815 1266
108 1267
143 1267
196 1268
614 1268
518 1269
16 1270
386 1270
75 1271
335 1272
1172 1273
85 1274
572 1275
1 1276
71 1276
234 1277
130 1278
420 1278
268 1279
394 1279
76 1280
269 1280
322 1280
490 1280
831 1280
909 1280
243 1281
941 1281
11 1282
224 1282
872 1282
1184 1282
425 1283
16 1284
316 1285
1166 1285
8 1286
1083 1286
1089 1286
248 1287
501 1287
11 1288
16 1289
109 1289
579 1289
1280 1289
46 1290
223 1290
842 1290
1083 1290
1089 1290
143 1291
1200 1292
82 1293
289 1293
177 1294
930 1294
1146 1294
147 1295
199 1295
232 1295
1040 1295
210 1296
457 1296
54 1297
288 1298
425 1299
1 1300
109 1300
4 1301
9 1301
133 1301
640 1302
201 1303
13 1304
20 1304
22 1304
102 1304
104 1304
25 1305
298 1305
1154 1305
1254 1306
755 1307
122 1308
634 1309
234 1310
903 1310
33 1311
51 1312
197 1312
73 1313
16 1314
39 1315
161 1315
171 1315
1305 1315
154 1316
165 1316
176 1316
262 1316
379 1317
580 1317
977 1317
484 1318
793 1319
234 1320
686 1320
787 1320
933 1321
859 1322
426 1323
335 1324
745 1324
85 1325
1280 1326
52 1327
466 1327
1166 1327
5 1328
16 1329
10 1330
219 1330
454 1330
883 1330
234 1331
791 1332
113 1333
165 1333
313 1333
450 1333
487 1333
583 1333
767 1333
869 1333
878 1333
943 1333
52 1334
197 1334
533 1334
854 1334
923 1334
10 1335
134 1335
779 1335
234 1336
1288 1337
12 1338
498 1338
635 1338
819 1338
450 1339
7 1340
453 1340
103 1341
612 1341
862 1341
1184 1341
1304 1341
96 1342
418 1343
488 1344
97 1345
188 1345
227 1345
826 1345
967 1345
122 1346
4 1347
1216 1347
1223 1347
506 1348
1081 1348
8 1349
39 1350
268 1351
989 1352
518 1353
5 1354
6 1354
8 1354
10 1354
14 1354
71 1354
193 1354
286 1354
363 1354
370 1354
890 1354
1335 1354
54 1355
381 1355
610 1355
63 1356
125 1356
640 1356
2 1357
7 1357
9 1357
34 1357
75 1357
165 1357
324 1357
596 1357
15 1358
14 1359
750 1359
2 1360
7 1360
9 1360
10 1360
14 1360
112 1360
178 1360
225 1360
245 1360
450 1360
692 1360
744 1360
892 1360
1120 1360
1205 1360
1225 1360
1286 1360
450 1361
1145 1361
239 1362
182 1363
229 1363
365 1363
20 1364
891 1364
73 1365
947 1365
441 1366
9 1367
43 1367
59 1367
1039 1367
118 1368
703 1368
172 1369
518 1370
382 1371
828 1372
988 1372
978 1373
422 1374
2 1375
201 1376
243 1377
86 1378
316 1378
470 1378
488 1378
897 1378
113 1379
10 1380
534 1380
745 1380
35 1381
52 1381
130 1381
204 1381
266 1381
269 1381
492 1381
1188 1381
433 1382
82 1383
110 1384
1291 1384
1238 1385
109 1386
82 1387
941 1387
1116 1387
11 1388
118 1388
216 1388
404 1388
890 1388
1266 1388
1 1389
242 1390
518 1391
70 1392
498 1393
887 1393
1014 1393
1116 1393
1 1394
118 1394
1135 1394
177 1395
769 1396
330 1397
1 1398
8 1398
9 1398
10 1398
32 1398
71 1398
192 1398
203 1398
313 1398
340 1398
358 1398
450 1398
456 1398
615 1398
619 1398
759 1398
787 1398
1134 1398
1205 1398
1357 1398
832 1399
577 1400
1 1401
11 1401
1114 1401
17 1402
118 1402
833 1403
4 1404
627 1405
8 1406
12 1406
13 1406
16 1406
110 1406
120 1406
156 1406
216 1406
225 1406
242 1406
394 1406
432 1406
518 1406
728 1406
779 1406
974 1406
1360 1406
56 1407
97 1408
277 1408
1034 1409
226 1410
7 1411
113 1411
192 1411
219 1411
248 1411
409 1411
460 1411
611 1411
622 1411
954 1411
108 1412
947 1413
193 1414
873 1415
229 1416
365 1416
114 1417
414 1417
487 1417
488 1417
1229 1417
85 1418
330 1418
1360 1419
788 1420
9 1421
43 1421
59 1421
1039 1421
12 1422
759 1422
232 1423
1 1424
5 1424
18 1424
71 1424
203 1424
605 1424
611 1424
705 1424
1081 1424
1198 1424
1218 1424
1223 1424
1333 1424
1411 1424
266 1425
239 1426
1166 1426
1406 1427
898 1428
450 1429
1014 1429
14 1430
970 1431
1050 1431
102 1432
859 1433
63 1434
404 1434
974 1434
1406 1435
11 1436
63 1437
3 1438
50 1438
193 1438
782 1438
1114 1438
130 1439
1334 1440
791 1441
66 1442
1 1443
5 1443
8 1443
50 1443
98 1443
313 1443
363 1443
874 1443
1074 1443
1335 1443
51 1444
234 1445
290 1446
188 1447
14 1448
16 1449
149 1449
375 1449
381 1450
130 1451
372 1451
25 1452
757 1453
116 1454
330 1455
192 1456
246 1456
402 1456
454 1456
812 1456
14 1457
16 1457
170 1457
212 1457
460 1457
469 1457
518 1457
579 1457
694 1457
728 1457
789 1457
954 1457
1107 1457
1137 1457
1368 1457
24 1458
177 1459
422 1459
66 1460
159 1461
219 1461
323 1461
440 1461
447 1461
840 1461
1221 1461
54 1462
221 1463
1026 1464
130 1465
119 1466
59 1467
396 1467
755 1468
118 1469
1054 1469
20 1470
1282 1470
171 1471
82 1472
66 1473
260 1474
232 1475
824 1476
1326 1477
1238 1478
5 1479
73 1480
102 1481
1298 1481
16 1482
832 1482
1065 1482
1299 1482
365 1483
63 1484
201 1484
63 1485
123 1485
456 1485
504 1485
572 1485
599 1485
52 1486
63 1486
1461 1487
15 1488
63 1489
165 1490
487 1490
1424 1490
53 1491
135 1492
239 1493
545 1493
59 1494
620 1494
5 1495
173 1496
529 1496
651 1496
828 1496
1326 1497
840 1498
213 1499
51 1500
1124 1501
518 1502
11 1503
16 1504
518 1504
234 1505
54 1506
286 1506
39 1507
8 1508
16 1509
385 1509
1033 1509
11 1510
39 1511
774 1511
56 1512
671 1512
75 1513
268 1514
1461 1515
73 1516
7 1517
234 1517
10 1518
324 1518
652 1518
1 1519
6 1519
14 1519
15 1519
16 1519
126 1519
130 1519
182 1519
297 1519
377 1519
416 1519
501 1519
538 1519
1188 1519
1402 1519
137 1520
142 1520
154 1520
209 1520
396 1520
1024 1520
1223 1520
1401 1520
1438 1520
644 1521
791 1521
949 1522
234 1523
1168 1523
288 1524
54 1525
383 1526
172 1527
579 1528
902 1528
7 1529
340 1529
1461 1529
197 1530
858 1531
201 1532
312 1532
411 1533
131 1534
961 1534
400 1535
742 1535
607 1536
1 1537
3 1537
6 1537
72 1537
123 1537
184 1537
438 1537
509 1537
699 1537
782 1537
851 1537
908 1537
1143 1537
1156 1537
165 1538
39 1539
58 1539
339 1539
468 1539
1117 1539
66 1540
7 1541
86 1541
128 1541
158 1541
167 1541
200 1541
226 1541
291 1541
334 1541
352 1541
426 1541
503 1541
603 1541
646 1541
772 1541
1064 1541
1365 1541
518 1542
177 1543
757 1544
15 1545
54 1546
227 1547
1154 1548
2 1549
1211 1549
1524 1549
627 1550
8 1551
54 1552
25 1553
3 1554
1124 1554
450 1555
16 1556
579 1556
832 1556
66 1557
7 1558
75 1558
141 1558
208 1558
248 1558
253 1558
514 1558
607 1558
715 1558
780 1558
1087 1558
1489 1558
1117 1559
1408 1559
73 1560
999 1561
712 1562
879 1562
1357 1563
15 1564
382 1565
187 1566
1160 1566
1396 1566
9 1567
51 1567
257 1568
1165 1569
54 1570
518 1571
832 1571
1334 1572
5 1573
1493 1573
310 1574
8 1575
52 1576
239 1576
1166 1576
15 1577
17 1577
134 1577
404 1577
581 1577
667 1577
728 1577
1354 1577
8 1578
108 1579
121 1580
382 1580
579 1580
11 1581
168 1581
548 1581
50 1582
59 1582
102 1582
66 1583
518 1584
773 1585
287 1586
1185 1586
1116 1587
774 1588
1522 1588
634 1589
234 1590
1036 1591
16 1592
1539 1592
108 1593
657 1594
234 1595
425 1595
58 1596
339 1596
468 1596
932 1597
949 1598
248 1599
14 1600
15 1600
382 1600
1 1601
13 1601
15 1601
188 1601
208 1601
242 1601
351 1601
487 1601
538 1601
782 1601
954 1601
1109 1601
1188 1601
365 1602
296 1603
511 1604
893 1604
66 1605
11 1606
130 1606
242 1606
351 1606
372 1606
635 1607
1254 1607
12 1608
947 1609
52 1610
808 1611
1209 1611
7 1612
375 1613
12 1614
819 1614
94 1615
1050 1616
173 1617
63 1618
54 1619
1451 1619
2 1620
234 1621
411 1622
122 1623
52 1624
16 1625
234 1626
784 1627
1367 1627
1288 1628
1541 1629
16 1630
411 1631
117 1632
234 1633
7 1634
757 1634
171 1635
774 1636
1172 1637
61 1638
114 1639
487 1639
488 1639
269 1640
1188 1640
756 1641
764 1641
1558 1641
774 1642
479 1643
118 1644
489 1645
764 1645
234 1646
54 1647
319 1647
487 1648
1424 1648
652 1649
16 1650
85 1651
1608 1651
429 1652
486 1653
489 1653
840 1654
82 1655
1116 1655
1 1656
2 1656
3 1656
6 1656
10 1656
90 1656
263 1656
450 1656
520 1656
782 1656
1081 1656
1347 1656
6 1657
40 1657
41 1657
126 1657
257 1657
300 1657
377 1657
409 1657
762 1657
810 1657
905 1657
1033 1657
1051 1657
1087 1657
1388 1657
141 1658
277 1659
1069 1659
1539 1659
1596 1659
1456 1660
634 1661
5 1662
234 1663
66 1664
234 1665
662 1666
456 1667
418 1668
35 1669
130 1669
204 1669
1017 1669
404 1670
420 1670
464 1670
813 1670
969 1670
1519 1670
412 1671
88 1672
426 1672
646 1672
772 1672
1151 1672
66 1673
197 1673
228 1673
501 1673
1109 1673
1247 1673
1290 1673
1357 1674
11 1675
52 1676
85 1677
401 1677
1385 1678
351 1679
372 1679
479 1680
415 1681
418 1681
1414 1681
5 1682
165 1682
205 1682
563 1682
610 1682
754 1682
1045 1682
1163 1682
1243 1682
267 1683
1306 1684
365 1685
1229 1686
39 1687
17 1688
409 1688
464 1688
1150 1688
627 1689
489 1690
1179 1690
415 1691
819 1692
396 1693
20 1694
80 1694
267 1695
554 1696
54 1697
1652 1697
73 1698
1672 1699
479 1700
1103 1700
138 1701
158 1701
167 1701
200 1701
226 1701
234 1701
426 1701
505 1701
801 1701
1064 1701
1516 1701
1698 1701
627 1702
199 1703
586 1704
94 1705
82 1706
1 1707
123 1707
157 1707
301 1707
504 1707
506 1707
572 1707
599 1707
764 1707
1090 1707
1127 1707
1158 1707
1193 1707
1599 1707
5 1708
1198 1708
411 1709
12 1710
1124 1711
15 1712
177 1713
11 1714
283 1715
771 1716
1431 1717
579 1718
120 1719
51 1720
14 1721
16 1721
27 1721
34 1721
39 1721
56 1721
104 1721
121 1721
252 1721
309 1721
326 1721
345 1721
349 1721
614 1721
637 1721
1139 1721
1179 1721
1210 1721
1436 1721
1510 1721
1581 1721
335 1722
913 1722
39 1723
686 1724
116 1725
304 1725
487 1725
1424 1725
266 1726
1317 1726
586 1727
579 1728
902 1728
382 1729
54 1730
518 1731
82 1732
1284 1732
7 1733
182 1733
636 1733
680 1733
1111 1733
1380 1733
15 1734
63 1735
613 1735
1 1736
66 1736
313 1736
621 1736
846 1736
903 1736
115 1737
1060 1737
1327 1737
1333 1738
130 1739
2 1740
1524 1740
7 1741
234 1741
686 1741
688 1742
11 1743
853 1743
346 1744
978 1744
1593 1744
335 1745
118 1746
73 1747
18 1748
71 1748
134 1748
421 1748
671 1748
843 1748
1490 1748
1538 1748
7 1749
226 1749
291 1749
334 1749
426 1749
503 1749
646 1749
1064 1749
1365 1749
596 1750
1701 1750
853 1751
109 1752
1509 1753
39 1754
338 1755
945 1755
1334 1756
774 1757
1356 1757
11 1758
351 1758
396 1758
1721 1758
2 1759
177 1760
91 1761
63 1762
257 1763
728 1764
1339 1764
8 1765
450 1766
283 1767
1163 1768
25 1769
147 1770
383 1770
367 1771
1670 1771
488 1772
479 1773
11 1774
268 1775
588 1776
127 1777
234 1778
379 1779
1072 1780
1615 1780
1705 1780
13 1781
17 1781
22 1781
518 1781
579 1781
580 1781
819 1781
1601 1781
793 1782
53 1783
1521 1784
614 1785
90 1786
263 1786
320 1786
1354 1786
1443 1786
102 1787
5 1788
1559 1789
1026 1790
796 1791
25 1792
82 1793
196 1793
82 1794
51 1795
294 1795
73 1796
1701 1796
118 1797
3 1798
8 1798
53 1798
59 1798
134 1798
504 1798
784 1798
955 1798
1205 1798
1519 1798
11 1799
59 1800
1039 1800
1627 1800
11 1801
1512 1801
518 1802
1202 1802
1615 1803
691 1804
74 1805
8 1806
539 1807
82 1808
292 1808
4 1809
116 1809
122 1809
131 1809
135 1809
335 1809
663 1809
748 1809
928 1809
1109 1809
1211 1809
486 1810
848 1810
454 1811
776 1812
1200 1812
1311 1812
234 1813
787 1813
425 1814
268 1815
54 1816
128 1817
291 1817
503 1817
603 1817
1365 1817
621 1818
1052 1818
13 1819
16 1819
27 1819
104 1819
345 1819
579 1819
728 1819
815 1819
579 1820
832 1820
11 1821
846 1822
1176 1822
267 1823
118 1824
1360 1825
234 1826
809 1826
8 1827
1466 1828
1657 1828
1238 1829
115 1830
863 1830
1060 1830
1285 1830
1170 1831
367 1832
433 1832
757 1832
91 1833
165 1833
313 1833
434 1833
487 1833
500 1833
545 1833
583 1833
635 1833
1708 1833
199 1834
297 1835
487 1836
755 1837
34 1838
1451 1838
1606 1838
1679 1838
554 1839
518 1840
589 1841
1020 1841
1197 1841
346 1842
6 1843
313 1843
1491 1843
1783 1843
111 1844
463 1844
1092 1844
1270 1844
1166 1845
54 1846
16 1847
38 1848
372 1849
1131 1850
82 1851
1721 1852
6 1853
7 1853
17 1853
38 1853
113 1853
154 1853
234 1853
407 1853
494 1853
639 1853
1363 1853
1519 1853
11 1854
1831 1855
858 1856
340 1857
1142 1857
118 1858
554 1859
206 1860
2 1861
7 1861
33 1861
487 1861
782 1861
1114 1861
1398 1861
1456 1861
637 1862
44 1863
49 1863
131 1863
132 1863
159 1863
190 1863
205 1863
323 1863
357 1863
522 1863
641 1863
669 1863
770 1863
943 1863
1046 1863
37 1864
1844 1864
15 1865
1782 1866
243 1867
177 1868
1745 1868
267 1869
539 1869
613 1870
1073 1871
395 1872
1092 1872
1270 1872
1864 1872
25 1873
534 1874
504 1875
1295 1876
350 1877
52 1878
774 1879
110 1880
342 1880
1857 1880
134 1881
1354 1881
10 1882
335 1882
85 1883
609 1884
177 1885
1266 1886
118 1887
923 1888
54 1889
103 1889
381 1889
610 1889
943 1889
425 1890
341 1891
521 1892
379 1893
234 1894
787 1894
1540 1894
234 1895
1320 1896
110 1897
289 1898
1172 1899
39 1900
118 1901
1597 1902
653 1903
1357 1903
39 1904
468 1904
979 1904
793 1905
1866 1905
404 1906
1164 1906
1541 1907
1701 1907
234 1908
11 1909
518 1909
926 1910
929 1910
1420 1910
1341 1911
93 1912
1044 1912
1303 1912
1376 1912
1532 1912
7 1913
9 1913
34 1913
93 1913
243 1913
282 1913
318 1913
320 1913
324 1913
474 1913
596 1913
626 1913
692 1913
784 1913
1115 1913
1467 1913
1494 1913
66 1914
5 1915
518 1916
365 1917
118 1918
902 1919
109 1920
518 1920
627 1921
3 1922
50 1922
193 1922
1114 1922
1520 1922
1766 1922
54 1923
164 1924
1014 1925
1205 1926
9 1927
53 1927
134 1927
363 1927
407 1927
1068 1927
1198 1927
1333 1927
1398 1927
1843 1927
627 1928
270 1929
1168 1929
85 1930
1541 1931
102 1932
234 1933
782 1934
8 1935
118 1936
243 1937
16 1938
1357 1939
807 1940
5 1941
1198 1941
1333 1941
54 1942
1198 1943
12 1944
14 1944
216 1944
351 1944
819 1944
1266 1944
1577 1944
1764 1944
1074 1945
51 1946
787 1946
1082 1946
1682 1946
1768 1946
248 1947
543 1947
15 1948
377 1949
486 1950
580 1951
1 1952
3 1952
50 1952
193 1952
782 1952
489 1953
1176 1954
807 1955
978 1955
90 1956
68 1957
504 1957
699 1957
108 1958
1021 1958
1216 1959
5 1960
113 1961
165 1961
313 1961
767 1961
1424 1961
234 1962
824 1962
266 1963
484 1963
410 1964
739 1964
1963 1964
420 1965
464 1965
813 1965
969 1965
61 1966
25 1967
298 1967
1471 1967
119 1968
1828 1968
107 1969
386 1970
1844 1970
1872 1970
406 1971
450 1971
460 1971
583 1971
635 1971
943 1971
1927 1971
1941 1971
1943 1971
321 1972
17 1973
10 1974
324 1974
652 1974
666 1974
822 1974
1028 1974
1405 1974
1254 1975
1684 1975
296 1976
833 1976
11 1977
518 1977
6 1978
234 1979
2 1980
9 1980
745 1980
1913 1980
82 1981
33 1982
68 1982
142 1982
908 1982
1163 1982
1813 1982
1894 1982
1946 1982
268 1983
1255 1983
1341 1983
8 1984
1009 1985
1415 1985
73 1986
947 1986
1541 1986
1254 1987
478 1988
758 1988
803 1988
1215 1988
1456 1989
2 1990
5 1990
363 1990
407 1990
1068 1990
1398 1990
1736 1990
1833 1990
96 1991
247 1991
300 1992
416 1992
8 1993
1520 1994
396 1995
898 1996
518 1997
326 1998
422 1998
1354 1999
73 2000
518 2001
551 2001
977 2001
119 2002
451 2003
55 2004
320 2004
450 2004
700 2004
1795 2004
39 2005
468 2005
11 2006
360 2007
11 2008
379 2008
562 2008
579 2008
1721 2008
5 2009
328 2010
827 2010
267 2011
103 2012
468 2012
68 2013
135 2014
635 2015
1254 2015
949 2016
861 2017
971 2017
526 2018
1204 2018
73 2019
654 2020
1193 2020
232 2021
1651 2022
15 2023
94 2023
177 2024
437 2025
82 2026
691 2027
4 2028
7 2028
8 2028
9 2028
10 2028
17 2028
59 2028
182 2028
248 2028
320 2028
404 2028
757 2028
1205 2028
1354 2028
1519 2028
1657 2028
1853 2028
10 2029
335 2029
337 2029
757 2029
845 2029
1211 2029
1438 2029
172 2030
114 2031
316 2031
470 2031
847 2031
1229 2031
349 2032
2001 2033
234 2034
68 2035
297 2036
338 2036
1256 2036
1278 2036
1670 2036
737 2037
972 2037
51 2038
816 2038
5 2039
39 2040
2 2041
2 2042
7 2042
521 2043
475 2044
63 2045
1172 2046
5 2047
232 2048
1040 2048
1368 2048
764 2049
16 2050
130 2051
240 2051
404 2051
905 2051
1064 2051
1657 2051
234 2052
476 2053
1681 2053
1691 2053
1685 2054
1002 2055
341 2056
39 2057
17 2058
38 2058
113 2058
154 2058
407 2058
494 2058
1519 2058
2028 2058
486 2059
693 2060
9 2061
325 2061
382 2062
219 2063
774 2064
1345 2064
1408 2064
1333 2065
1559 2066
66 2067
118 2068
82 2069
853 2070
8 2071
116 2072
539 2073
377 2074
581 2074
1127 2075
66 2076
1645 2077
1953 2077
5 2078
16 2079
1466 2080
1912 2081
224 2082
123 2083
301 2083
504 2083
572 2083
599 2083
697 2083
908 2083
1669 2083
51 2084
365 2084
2035 2085
7 2086
917 2086
1413 2086
850 2087
330 2088
75 2089
415 2090
17 2091
52 2091
54 2091
63 2091
429 2091
1667 2092
1940 2093
118 2094
296 2095
915 2096
63 2097
1066 2098
1103 2099
1653 2099
1810 2099
82 2100
827 2101
54 2102
1451 2102
73 2103
1987 2104
2015 2104
234 2105
25 2106
450 2107
882 2107
382 2108
1951 2109
1541 2110
1043 2111
813 2112
969 2112
1519 2112
2036 2112
75 2113
778 2114
281 2115
1347 2115
1959 2115
1154 2116
518 2117
298 2118
130 2119
39 2120
3 2121
63 2122
670 2122
1541 2123
456 2124
1098 2125
54 2126
931 2127
1697 2127
11 2128
774 2129
20 2130
559 2130
39 2131
248 2132
827 2133
467 2134
50 2135
1335 2135
234 2136
402 2137
1384 2137
4 2138
16 2139
774 2140
1593 2140
1392 2141
2 2142
149 2143
518 2143
844 2144
1558 2144
93 2145
1098 2146
1165 2147
498 2148
1116 2148
2003 2148
232 2149
54 2150
348 2151
518 2151
832 2151
15 2152
16 2153
579 2153
1315 2153
142 2154
4 2155
5 2155
6 2155
59 2155
294 2155
1223 2155
268 2156
110 2157
130 2157
155 2157
204 2157
269 2157
637 2157
760 2157
825 2157
887 2157
1029 2157
1317 2157
1951 2157
63 2158
1558 2158
771 2159
1573 2160
54 2161
102 2162
102 2163
580 2164
8 2165
1360 2165
82 2166
978 2166
803 2167
386 2168
781 2169
56 2170
671 2170
1801 2170
343 2171
10 2172
68 2172
182 2172
955 2172
404 2173
1167 2173
1601 2173
234 2174
56 2175
1801 2175
127 2176
15 2177
1244 2178
11 2179
11 2180
518 2180
2166 2180
3 2181
7 2181
39 2181
51 2181
165 2181
234 2181
255 2181
456 2181
1276 2181
1398 2181
164 2182
1282 2182
54 2183
7 2184
136 2184
145 2184
935 2184
1325 2184
1418 2184
453 2185
177 2186
25 2187
82 2187
271 2187
234 2188
1335 2188
1360 2189
2085 2190
1936 2191
1 2192
313 2192
846 2192
10 2193
17 2193
1673 2193
16 2194
1176 2195
52 2196
269 2196
967 2197
1794 2197
577 2198
655 2198
1802 2198
7 2199
761 2200
1176 2201
11 2202
153 2202
418 2203
827 2204
479 2205
82 2206
196 2206
161 2207
1305 2207
3 2208
930 2208
1422 2208
600 2209
1235 2209
450 2210
39 2211
277 2212
1559 2212
2086 2213
94 2214
1780 2214
15 2215
2 2216
620 2217
750 2218
1360 2218
518 2219
848 2220
2036 2220
66 2221
228 2221
1290 2221
1493 2222
15 2223
1793 2224
1024 2225
3 2226
1651 2227
143 2228
1384 2228
1063 2229
983 2230
1856 2231
73 2232
923 2233
102 2234
16 2235
451 2236
2148 2236
66 2237
38 2238
113 2238
494 2238
2028 2238
659 2239
1198 2239
172 2240
463 2241
634 2242
25 2243
243 2244
477 2245
82 2246
1574 2246
110 2247
17 2248
579 2248
194 2249
529 2249
732 2249
1208 2249
2199 2249
588 2250
54 2251
2202 2251
49 2252
55 2252
57 2252
323 2252
335 2252
440 2252
770 2252
840 2252
1046 2252
1211 2252
1398 2252
1857 2252
1 2253
123 2253
572 2253
599 2253
782 2253
1156 2253
5 2254
73 2255
693 2256
858 2257
23 2258
778 2258
1279 2258
1351 2258
1514 2258
2156 2258
778 2259
903 2260
7 2261
1036 2261
1207 2261
1322 2261
999 2262
248 2263
1017 2263
2083 2263
54 2264
638 2265
5 2266
1334 2267
1888 2267
978 2268
109 2269
579 2269
1280 2269
232 2270
234 2271
1404 2271
319 2272
140 2273
14 2274
15 2274
890 2274
2267 2275
248 2276
1496 2277
1266 2278
52 2279
796 2280
1697 2281
586 2282
234 2283
580 2284
677 2284
1669 2284
116 2285
191 2286
73 2287
9 2288
1024 2288
275 2289
213 2290
518 2290
2118 2290
1124 2291
1267 2291
1291 2291
2228 2291
8 2292
14 2292
16 2292
170 2292
212 2292
460 2292
518 2292
526 2292
789 2292
1019 2292
1048 2292
1241 2292
1368 2292
1388 2292
1824 2292
1887 2292
1901 2292
2094 2292
927 2293
1172 2294
1384 2295
2291 2295
504 2296
543 2297
947 2298
7 2299
521 2300
5 2301
1198 2301
82 2302
11 2303
118 2304
1457 2304
693 2305
862 2306
1184 2306
1304 2306
1983 2306
475 2307
1850 2308
289 2309
627 2310
7 2311
967 2312
1794 2312
7 2313
291 2313
426 2313
11 2314
712 2314
15 2315
82 2316
1116 2316
118 2317
890 2317
1266 2317
1764 2317
1828 2318
1116 2319
54 2320
73 2321
773 2321
1672 2321
3 2322
134 2322
450 2322
1443 2322
2049 2322
1211 2323
10 2324
14 2324
32 2324
98 2324
142 2324
234 2324
320 2324
325 2324
340 2324
358 2324
456 2324
515 2324
619 2324
754 2324
756 2324
912 2324
1205 2324
1357 2324
1990 2324
2142 2324
213 2325
2308 2326
108 2327
123 2328
301 2328
504 2328
572 2328
599 2328
697 2328
2263 2328
450 2329
171 2330
1967 2330
4 2331
26 2331
55 2331
116 2331
131 2331
159 2331
335 2331
487 2331
515 2331
573 2331
1109 2331
1453 2331
2029 2331
194 2332
234 2333
553 2333
1366 2333
118 2334
429 2335
46 2336
54 2337
1856 2338
85 2339
61 2340
139 2341
8 2342
25 2343
470 2343
488 2343
451 2344
677 2345
1669 2345
130 2346
2036 2346
237 2347
319 2348
63 2349
404 2349
420 2350
813 2350
66 2351
351 2352
1838 2352
172 2353
1647 2354
16 2355
518 2355
14 2356
17 2356
29 2356
121 2356
295 2356
429 2356
580 2356
1236 2356
1264 2356
1465 2356
1519 2356
2051 2356
2157 2356
1098 2357
116 2358
1509 2359
612 2360
7 2361
475 2362
7 2363
10 2363
25 2363
94 2363
294 2363
1205 2363
706 2364
1822 2365
17 2366
83 2366
367 2367
1672 2368
1749 2368
504 2369
11 2370
52 2371
122 2372
1026 2372
82 2373
1284 2373
234 2374
367 2375
1389 2375
8 2376
218 2376
254 2376
2185 2376
147 2377
11 2378
396 2378
2268 2378
2373 2379
610 2380
943 2380
2092 2381
17 2382
216 2382
1237 2382
1612 2382
1992 2382
466 2383
108 2384
886 2385
518 2386
755 2387
518 2388
999 2389
16 2390
478 2391
719 2392
968 2393
335 2394
396 2395
219 2396
600 2396
118 2397
2292 2397
234 2398
1868 2398
54 2399
7 2400
917 2400
2213 2400
633 2401
1006 2401
1130 2401
1191 2401
1589 2401
1347 2402
1959 2402
1 2403
827 2404
113 2405
16 2406
1975 2407
677 2408
1669 2408
1841 2408
833 2409
2 2410
134 2410
1922 2410
1952 2410
1119 2411
1651 2411
1131 2412
2037 2413
1183 2414
11 2415
76 2416
319 2417
2354 2417
409 2418
464 2418
2 2419
57 2419
73 2419
81 2419
182 2419
236 2419
257 2419
312 2419
330 2419
361 2419
422 2419
441 2419
459 2419
472 2419
496 2419
519 2419
650 2419
839 2419
894 2419
913 2419
919 2419
927 2419
931 2419
975 2419
1112 2419
1218 2419
1260 2419
1517 2419
1590 2419
1621 2419
1633 2419
1646 2419
1663 2419
1665 2419
1701 2419
1741 2419
1853 2419
1933 2419
2034 2419
2052 2419
2174 2419
2188 2419
2333 2419
2374 2419
2398 2419
116 2420
1058 2420
627 2421
648 2422
1748 2422
2409 2422
131 2423
961 2423
518 2424
68 2425
396 2426
63 2427
53 2428
149 2428
68 2429
1707 2429
15 2430
85 2431
450 2432
460 2432
500 2432
545 2432
869 2432
1943 2432
849 2433
80 2434
234 2435
486 2436
122 2437
858 2438
12 2439
1657 2439
52 2440
429 2440
345 2441
580 2441
1640 2441
862 2442
1983 2442
7 2443
441 2444
412 2445
811 2445
288 2446
1712 2446
8 2447
134 2447
504 2447
784 2447
955 2447
1519 2447
1176 2448
305 2449
1115 2450
1850 2451
2412 2451
127 2452
396 2453
2167 2454
54 2455
2354 2455
11 2456
103 2456
862 2456
872 2456
1266 2456
1694 2456
2130 2456
425 2457
11 2458
118 2458
1520 2458
1556 2458
719 2459
634 2460
1198 2461
1833 2461
324 2462
652 2462
5 2463
6 2463
9 2463
10 2463
17 2463
137 2463
142 2463
154 2463
192 2463
209 2463
219 2463
248 2463
263 2463
297 2463
404 2463
494 2463
525 2463
687 2463
829 2463
1167 2463
1300 2463
1394 2463
1424 2463
1443 2463
1601 2463
1952 2463
2144 2464
223 2465
842 2465
1083 2465
1089 2465
268 2466
234 2467
903 2467
103 2468
126 2468
1301 2468
248 2469
787 2469
1232 2469
84 2470
125 2470
144 2470
172 2470
213 2470
287 2470
298 2470
332 2470
368 2470
405 2470
458 2470
543 2470
660 2470
783 2470
897 2470
1118 2470
1217 2470
1239 2470
1315 2470
1350 2470
1723 2470
1904 2470
2005 2470
224 2471
581 2471
1900 2472
149 2473
54 2474
539 2475
2391 2475
103 2476
168 2476
177 2477
223 2478
73 2479
1469 2480
232 2481
475 2482
1492 2483
1809 2483
16 2484
518 2484
109 2485
1135 2485
2061 2485
177 2486
3 2487
10 2487
46 2487
504 2487
506 2487
955 2487
1673 2487
1809 2487
363 2488
1398 2488
1833 2488
16 2489
479 2490
13 2491
657 2492
1306 2492
1607 2492
1656 2492
234 2493
1772 2494
486 2495
755 2496
11 2497
468 2498
979 2498
28 2499
468 2499
774 2499
964 2499
712 2500
3 2501
7 2501
39 2501
51 2501
234 2501
266 2502
115 2503
1285 2503
813 2504
518 2505
13 2506
104 2506
1341 2506
824 2507
5 2508
54 2509
2292 2510
5 2511
1913 2512
1224 2513
2 2514
6 2514
10 2514
17 2514
71 2514
154 2514
407 2514
494 2514
667 2514
745 2514
1109 2514
2172 2514
1195 2515
2031 2515
7 2516
8 2516
50 2516
358 2516
1913 2516
311 2517
1462 2518
627 2519
234 2520
932 2521
66 2522
228 2522
803 2523
2454 2523
197 2524
228 2524
1247 2524
1002 2525
1043 2525
16 2526
1034 2527
66 2528
479 2529
12 2530
394 2530
1360 2530
1435 2530
1006 2531
1130 2531
1191 2531
1589 2531
130 2532
778 2533
757 2534
923 2535
2267 2535
635 2536
1254 2536
684 2537
2459 2537
260 2538
1900 2539
2304 2540
165 2541
1748 2541
110 2542
17 2543
409 2543
16 2544
640 2545
25 2546
73 2547
81 2547
85 2547
122 2547
126 2547
129 2547
202 2547
236 2547
273 2547
336 2547
374 2547
430 2547
441 2547
472 2547
535 2547
601 2547
830 2547
837 2547
839 2547
894 2547
913 2547
925 2547
927 2547
931 2547
965 2547
1023 2547
1075 2547
1112 2547
1218 2547
1310 2547
1320 2547
1336 2547
1517 2547
1590 2547
1663 2547
1665 2547
1778 2547
1826 2547
1895 2547
1908 2547
2034 2547
2052 2547
2136 2547
2174 2547
2188 2547
2271 2547
2283 2547
2324 2547
2374 2547
2435 2547
2501 2547
2520 2547
116 2548
896 2548
511 2549
947 2549
1749 2549
1817 2549
2313 2549
396 2550
853 2551
1406 2551
1360 2552
16 2553
111 2553
518 2553
1864 2553
6 2554
14 2554
15 2554
16 2554
130 2554
377 2554
1853 2554
2112 2554
2356 2554
2447 2554
61 2555
1294 2555
401 2556
2287 2557
17 2558
137 2558
154 2558
209 2558
248 2558
404 2558
687 2558
1167 2558
1300 2558
1952 2558
610 2559
811 2559
943 2559
248 2560
1017 2560
1275 2560
54 2561
2166 2562
321 2563
177 2564
6 2565
66 2565
228 2565
2336 2565
2487 2565
82 2566
1406 2567
20 2568
243 2569
489 2570
46 2571
490 2571
831 2571
1289 2571
1326 2571
2269 2571
372 2572
2356 2572
833 2573
5 2574
1198 2574
177 2575
234 2576
2038 2576
2547 2576
232 2577
74 2578
182 2579
2 2580
10 2580
13 2580
192 2580
248 2580
263 2580
460 2580
611 2580
954 2580
1017 2580
1086 2580
2324 2580
1457 2581
2091 2582
97 2583
227 2583
66 2584
693 2585
382 2586
579 2586
1965 2587
75 2588
2547 2588
774 2589
2470 2590
1434 2591
2098 2592
2420 2593
192 2594
1017 2594
1537 2594
1957 2594
418 2595
1712 2595
10 2596
51 2596
1082 2596
1232 2596
1485 2596
1798 2596
1957 2596
2487 2596
416 2597
177 2598
833 2599
131 2600
152 2600
7 2601
141 2601
780 2601
1489 2601
1565 2601
2144 2601
2158 2601
2231 2602
11 2603
11 2604
1054 2605
2480 2605
1398 2606
510 2607
774 2607
1305 2607
2118 2607
518 2608
96 2609
1354 2610
15 2611
118 2612
51 2613
16 2614
832 2614
227 2615
918 2615
54 2616
2010 2616
1980 2617
321 2618
2525 2619
28 2620
65 2620
76 2620
118 2620
120 2620
139 2620
191 2620
221 2620
432 2620
435 2620
539 2620
648 2620
903 2620
924 2620
1210 2620
1391 2620
1406 2620
1502 2620
1542 2620
1571 2620
1731 2620
1909 2620
1977 2620
2001 2620
2117 2620
2151 2620
2180 2620
2292 2620
2484 2620
2553 2620
2608 2620
1384 2621
39 2622
168 2623
1721 2623
2032 2623
2249 2624
1047 2625
288 2626
1006 2626
2209 2626
672 2627
2209 2627
7 2628
2018 2629
787 2630
812 2630
234 2631
198 2632
418 2633
2053 2633
116 2634
1154 2634
433 2635
539 2636
1270 2636
239 2637
1166 2637
1830 2637
131 2638
159 2638
205 2638
323 2638
1046 2638
16 2639
149 2639
375 2639
164 2640
1812 2641
7 2642
340 2642
262 2643
1206 2643
39 2644
153 2644
1087 2645
2637 2646
773 2647
1427 2647
16 2648
116 2649
476 2649
1691 2649
1036 2650
581 2651
796 2652
2401 2653
1389 2654
4 2655
1084 2656
5 2657
9 2657
53 2657
134 2657
1198 2657
1398 2657
1961 2657
2192 2657
684 2658
1541 2659
182 2660
313 2660
1853 2660
2058 2660
105 2661
147 2661
450 2661
1285 2661
2031 2661
813 2662
1519 2662
2036 2662
2554 2662
14 2663
16 2664
51 2665
1460 2666
1535 2666
2310 2666
2284 2667
2345 2667
234 2668
930 2669
10 2670
504 2670
5 2671
8 2671
134 2671
455 2671
757 2671
784 2671
920 2671
1114 2671
1205 2671
1245 2671
1520 2671
1975 2672
139 2673
832 2674
1495 2675
2 2676
1398 2676
1736 2676
2019 2676
1165 2677
52 2678
75 2679
891 2680
7 2681
234 2682
2547 2683
123 2684
504 2684
506 2684
599 2684
764 2684
1127 2684
1158 2684
1193 2684
1874 2684
2354 2685
260 2686
1781 2686
177 2687
2157 2688
1811 2689
782 2690
850 2691
2292 2692
1205 2693
1348 2693
501 2694
949 2695
54 2696
70 2697
2141 2697
319 2698
1388 2699
1456 2699
183 2700
1750 2700
3 2701
248 2702
1017 2703
2634 2704
1 2705
450 2706
1977 2706
11 2707
518 2707
1831 2708
1326 2709
5 2710
2 2711
290 2712
1 2713
2 2714
7 2714
165 2714
243 2714
318 2714
320 2714
324 2714
340 2714
596 2714
626 2714
692 2714
1028 2714
1367 2714
1421 2714
1582 2714
1798 2714
2155 2714
3 2715
205 2715
395 2715
513 2715
566 2715
793 2715
2363 2715
1541 2716
2038 2717
2547 2717
76 2718
490 2718
909 2718
2452 2718
53 2719
2467 2719
10 2720
25 2720
1249 2720
2715 2720
16 2721
268 2722
5 2723
268 2724
94 2725
1521 2726
796 2727
545 2728
1172 2728
3 2729
641 2729
1124 2729
1856 2730
5 2731
59 2731
1333 2731
2432 2731
2 2732
243 2732
320 2732
626 2732
1028 2732
1367 2732
1582 2732
213 2733
518 2733
2499 2733
2620 2733
2513 2734
2547 2734
39 2735
627 2736
1327 2737
234 2738
1629 2738
182 2739
486 2740
848 2740
2360 2740
123 2741
301 2741
545 2742
1054 2743
1098 2743
2480 2743
833 2744
15 2745
134 2745
581 2745
999 2745
1162 2745
1354 2745
2386 2746
1083 2747
1089 2747
2292 2748
2385 2749
2741 2749
176 2750
262 2750
2 2751
1361 2752
2287 2753
2595 2754
2540 2755
1083 2756
1089 2756
2221 2756
228 2757
16 2758
832 2758
398 2759
1749 2760
2684 2761
54 2762
116 2763
16 2764
149 2764
418 2765
147 2766
15 2767
16 2768
2427 2768
1 2769
15 2769
17 2769
377 2769
1114 2769
1188 2769
1411 2769
1657 2769
803 2770
1457 2771
2427 2771
16 2772
774 2773
1856 2774
5 2775
2270 2775
433 2776
2411 2776
577 2777
1457 2778
102 2779
120 2780
1 2781
362 2781
1135 2781
1683 2781
1823 2781
68 2782
232 2782
1151 2782
390 2783
1371 2783
1565 2783
1600 2783
1729 2783
2062 2783
2108 2783
396 2784
85 2785
25 2786
2153 2786
2098 2787
446 2788
2010 2788
2204 2788
2206 2789
2261 2789
1485 2790
463 2791
4 2792
7 2793
2419 2793
7 2794
109 2794
326 2795
422 2795
73 2796
933 2797
1596 2797
1200 2798
1311 2798
268 2799
418 2800
1630 2801
2691 2801
152 2802
1387 2802
1393 2802
1587 2802
1655 2802
168 2803
1354 2803
108 2804
1172 2805
379 2806
2509 2806
1819 2807
2144 2808
73 2809
273 2809
336 2809
374 2809
441 2809
830 2809
894 2809
927 2809
1310 2809
1320 2809
1517 2809
1663 2809
1778 2809
1826 2809
2034 2809
2052 2809
2283 2809
2374 2809
1270 2810
164 2811
386 2811
626 2812
288 2813
1712 2813
2291 2813
7 2814
340 2814
1863 2814
463 2815
607 2815
1279 2815
1024 2816
2122 2817
2071 2818
5 2819
1456 2820
267 2821
1902 2822
5 2823
2160 2823
127 2824
489 2825
3 2826
498 2826
1003 2826
1014 2826
1149 2826
1235 2826
1328 2826
2236 2826
2344 2826
66 2827
10 2828
17 2828
1519 2828
2694 2828
66 2829
518 2830
832 2830
2376 2830
2620 2830
456 2831
288 2832
1871 2833
276 2834
804 2834
878 2834
2031 2834
1266 2835
197 2836
232 2837
1368 2837
198 2838
316 2838
488 2838
1770 2838
2061 2838
2377 2838
2661 2838
2766 2838
1360 2839
1396 2840
82 2841
73 2842
7 2843
66 2844
234 2845
787 2845
2547 2845
475 2846
579 2847
1485 2848
311 2849
1622 2849
157 2850
559 2851
1282 2851
1141 2852
1603 2852
2095 2852
2107 2853
85 2854
2419 2855
59 2856
372 2856
719 2857
2537 2857
985 2858
464 2859
234 2860
2547 2860
94 2861
755 2861
1682 2861
2380 2861
2559 2861
12 2862
5 2863
14 2863
168 2863
311 2863
832 2863
939 2863
1682 2863
1719 2863
2780 2863
85 2864
1482 2865
73 2866
202 2866
273 2866
336 2866
472 2866
601 2866
837 2866
839 2866
925 2866
927 2866
1218 2866
1320 2866
1517 2866
1590 2866
1663 2866
1665 2866
1778 2866
1908 2866
2052 2866
2136 2866
2174 2866
2324 2866
2435 2866
2860 2866
1 2867
2720 2867
693 2868
117 2869
787 2870
1017 2870
1232 2870
1537 2870
1957 2870
2082 2870
611 2871
2498 2872
15 2873
16 2874
1679 2874
7 2875
17 2876
429 2876
832 2876
1070 2876
1406 2876
1601 2876
113 2877
1327 2878
243 2879
1319 2880
1782 2880
5 2881
271 2881
1198 2881
1833 2881
872 2882
1184 2882
1677 2882
2182 2882
7 2883
757 2883
983 2883
1623 2883
396 2884
485 2885
833 2886
1434 2887
504 2888
1966 2889
1223 2890
1427 2891
54 2892
2274 2892
54 2893
39 2894
210 2895
1172 2896
85 2897
2227 2897
1518 2898
2462 2898
11 2899
466 2900
248 2901
1707 2901
2241 2902
2866 2902
116 2903
234 2904
5 2905
2270 2905
108 2906
25 2907
7 2908
780 2908
2144 2908
24 2909
118 2910
2292 2910
1406 2911
54 2912
567 2913
733 2913
1844 2913
2241 2913
466 2914
108 2915
15 2916
6 2917
407 2917
745 2917
146 2918
932 2919
518 2920
335 2921
580 2922
154 2923
1993 2924
831 2925
25 2926
479 2927
2220 2927
2740 2927
931 2928
1697 2928
20 2929
559 2929
1037 2929
2147 2929
16 2930
2037 2930
627 2931
925 2932
1990 2932
2 2933
3 2933
255 2933
234 2934
2419 2934
167 2935
340 2935
1067 2935
23 2936
284 2936
1841 2936
579 2937
580 2937
807 2938
978 2938
1054 2939
154 2940
165 2940
262 2940
1464 2941
774 2942
2500 2942
90 2943
11 2944
872 2944
2130 2944
415 2945
198 2946
554 2947
118 2948
177 2949
774 2950
2470 2950
267 2951
39 2952
2470 2952
2597 2953
1976 2954
2573 2954
2599 2954
450 2955
985 2956
1964 2956
7 2957
646 2957
788 2958
898 2958
66 2959
118 2960
39 2961
1148 2961
1947 2961
755 2962
919 2962
422 2963
1788 2963
367 2964
670 2964
986 2964
2547 2964
63 2965
640 2965
764 2965
1193 2965
1172 2966
177 2967
1457 2968
1124 2969
25 2970
114 2971
365 2971
1577 2971
755 2972
11 2973
2252 2973
2874 2974
16 2975
1657 2976
2356 2976
154 2977
193 2978
2029 2978
2270 2979
2577 2979
5 2980
234 2981
883 2981
51 2982
294 2982
3 2983
4 2983
24 2983
72 2983
313 2983
456 2983
509 2983
599 2983
608 2983
697 2983
764 2983
782 2983
1193 2983
1223 2983
1411 2983
1947 2983
2263 2983
2469 2983
2558 2983
2901 2983
2354 2984
8 2985
85 2986
1020 2986
9 2987
25 2987
340 2987
266 2988
637 2988
1001 2988
1900 2989
1496 2990
1406 2991
531 2992
1168 2993
283 2994
12 2995
82 2996
73 2997
243 2998
85 2999
774 3000
