1 2
1 3
2 3
1 4
2 4
3 4
1 5
2 5
3 5
4 5
1 6
2 6
3 6
4 6
5 6
1 7
2 7
3 7
4 7
5 7
6 7
1 8
2 8
3 8
4 8
5 8
6 8
7 8
1 9
2 9
3 9
4 9
5 9
6 9
7 9
8 9
1 10
2 10
3 10
4 10
5 10
6 10
7 10
8 10
9 10
8 12
11 12
1 13
5 13
11 13
12 13
2 14
8 14
11 14
12 14
13 14
11 15
12 15
13 15
14 15
8 16
11 16
12 16
13 16
14 16
15 16
1 17
6 17
11 17
12 17
13 17
14 17
15 17
16 17
3 18
7 19
11 20
7 21
11 22
5 23
8 24
3 25
7 26
11 27
16 28
11 29
16 30
12 31
2 32
10 33
11 34
16 35
16 36
16 37
1 38
11 39
17 40
17 41
5 42
3 43
7 44
8 45
6 46
15 47
15 48
7 49
2 50
3 51
4 51
5 51
1 52
12 52
16 52
41 52
1 53
6 53
6 54
12 54
41 54
7 55
11 56
7 57
16 58
2 59
3 59
6 59
7 59
8 59
9 59
34 59
11 60
48 61
11 62
15 62
7 63
8 63
9 63
17 63
41 63
16 64
54 64
16 65
8 66
9 66
46 66
53 66
16 67
6 68
8 68
10 68
51 68
16 69
7 70
1 71
2 71
3 71
7 71
23 71
39 71
51 71
8 72
7 73
5 74
54 75
59 75
63 75
16 76
12 77
66 78
54 79
73 80
7 81
9 81
7 82
7 83
39 84
7 85
3 86
73 86
15 87
16 87
17 87
73 88
16 89
4 90
5 90
18 90
43 90
51 90
86 90
5 91
7 92
54 93
59 93
63 93
3 94
2 95
39 96
39 97
2 98
63 99
97 99
90 100
8 101
2 102
20 103
11 104
1 105
25 105
51 105
86 105
74 106
17 107
15 108
95 108
76 109
14 110
16 110
48 110
62 110
108 110
37 111
2 112
8 112
1 113
4 113
5 113
18 113
43 113
51 113
71 113
105 114
52 115
7 116
54 117
8 118
13 118
14 118
16 118
31 118
78 119
5 120
11 120
14 120
16 120
11 121
7 122
8 123
33 123
68 123
14 124
15 124
31 124
39 125
99 125
4 126
7 126
9 126
10 126
17 126
46 126
76 127
73 128
7 129
12 130
13 130
14 130
15 130
16 130
17 130
22 130
29 130
34 130
120 130
121 130
7 131
25 131
7 132
11 133
103 133
126 133
1 134
3 134
4 134
5 134
6 134
8 134
10 134
14 134
50 134
71 134
98 134
7 135
73 136
85 136
1 137
11 137
118 137
73 138
16 139
11 140
54 141
63 141
1 142
2 142
4 142
7 142
10 142
54 142
61 143
110 143
39 144
85 145
96 146
25 147
8 148
37 149
94 150
66 151
82 152
52 153
54 153
63 153
1 154
51 154
86 154
114 154
16 155
14 156
15 156
8 157
73 158
7 159
85 160
16 161
61 162
16 163
111 164
2 165
5 165
18 165
51 165
59 165
71 165
86 165
134 165
7 166
73 167
120 168
93 169
119 169
118 170
25 171
39 172
82 173
54 174
39 175
7 176
86 176
8 177
8 178
15 179
61 179
7 180
139 180
16 181
2 182
6 182
7 182
9 182
10 182
17 182
38 182
71 182
113 182
134 182
154 182
61 183
5 184
8 184
9 184
126 184
82 185
11 186
116 187
17 188
102 189
7 190
16 191
1 192
2 192
7 192
33 192
68 192
109 192
142 192
2 193
7 193
9 193
10 193
134 193
82 194
85 195
103 196
128 196
46 197
53 197
78 197
147 198
25 199
73 200
93 201
7 202
52 202
2 203
7 203
10 203
71 203
113 203
16 204
7 205
9 205
10 205
25 205
51 205
94 205
31 206
54 206
14 207
17 208
52 208
63 208
1 209
3 209
50 209
193 209
3 210
16 211
118 212
28 213
39 213
16 214
52 215
63 215
8 216
13 216
14 216
16 216
31 216
170 216
135 217
204 217
3 218
1 219
7 219
33 219
142 219
54 220
63 220
16 221
54 221
7 222
66 223
20 224
198 224
8 225
14 225
73 226
99 227
8 228
46 228
151 228
223 228
154 229
109 230
66 231
25 232
177 233
2 234
49 234
57 234
71 234
73 234
81 234
85 234
92 234
122 234
126 234
129 234
131 234
142 234
176 234
180 234
182 234
202 234
222 234
16 235
234 236
7 237
10 237
54 238
16 239
54 239
115 239
16 240
234 241
14 242
16 242
17 242
22 242
26 243
54 243
59 243
63 243
169 243
7 244
234 244
8 245
33 246
146 247
1 248
3 248
4 248
6 248
24 248
45 248
63 248
68 248
72 248
123 248
157 248
184 248
39 249
7 250
54 251
63 251
11 252
54 253
63 253
3 254
5 255
71 255
73 256
9 257
17 257
184 257
234 257
39 258
108 259
106 260
63 261
4 262
18 262
51 262
86 262
100 262
1 263
4 263
5 263
18 263
71 263
20 264
80 264
46 265
11 266
16 266
216 266
1 267
197 267
23 268
16 269
109 269
127 269
131 270
73 271
61 272
234 273
96 274
247 274
22 275
86 275
234 276
39 277
82 278
66 279
54 280
4 281
59 282
63 282
11 283
3 284
63 285
7 286
10 286
134 286
39 287
172 288
175 288
249 288
92 289
227 289
52 290
73 291
16 292
54 293
63 293
3 294
55 294
205 294
130 295
54 296
169 296
1 297
15 297
17 297
130 297
216 297
39 298
171 298
234 299
15 300
17 300
216 300
68 301
248 301
116 302
139 303
66 304
234 305
85 306
172 307
54 308
290 308
11 309
82 310
120 311
184 312
234 312
2 313
5 313
9 313
53 313
134 313
248 313
82 314
65 315
3 316
105 316
147 316
63 317
59 318
110 319
117 319
2 320
4 320
5 320
6 320
9 320
43 320
51 320
59 320
294 320
190 321
127 322
7 323
86 323
59 324
286 324
1 325
2 325
109 325
11 326
54 327
54 328
8 329
7 330
145 330
195 330
234 330
319 331
39 332
118 333
73 334
7 335
32 335
71 335
102 335
142 335
182 335
193 335
203 335
320 335
234 336
1 337
193 337
130 338
11 339
97 339
258 339
277 339
2 340
44 340
49 340
55 340
57 340
59 340
70 340
131 340
132 340
159 340
190 340
205 340
219 340
323 340
335 340
28 341
39 341
340 342
260 343
239 344
11 345
152 346
173 346
194 346
94 347
5 348
191 348
11 349
168 349
311 349
7 350
234 350
273 350
12 351
13 351
16 351
17 351
20 351
22 351
27 351
104 351
121 351
137 351
140 351
345 351
73 352
7 353
16 354
149 354
16 355
15 356
110 356
7 357
340 357
2 358
335 358
8 359
39 360
270 360
234 361
267 362
1 363
3 363
90 363
113 363
134 363
263 363
313 363
320 363
177 364
154 365
51 366
114 366
365 366
122 367
39 368
8 369
10 370
22 370
134 370
66 371
22 372
29 372
34 372
295 372
25 373
271 373
234 374
82 375
354 375
177 376
13 377
17 377
27 377
121 377
140 377
16 378
266 379
198 380
25 381
294 381
350 382
25 383
234 384
360 385
16 386
111 386
147 387
39 388
232 389
140 390
273 390
382 390
227 391
139 392
234 392
234 393
14 394
94 395
197 396
345 396
243 397
7 398
25 399
82 400
196 400
5 401
8 401
9 401
126 401
134 401
237 401
33 402
290 403
1 404
6 404
11 404
12 404
13 404
14 404
40 404
41 404
63 404
126 404
188 404
208 404
257 404
297 404
300 404
377 404
39 405
5 406
86 406
5 407
8 407
165 407
182 407
313 407
370 407
5 408
1 409
12 409
15 409
17 409
351 409
377 409
404 409
266 410
16 411
386 412
360 413
39 414
105 414
116 415
3 416
7 416
17 416
248 416
404 416
66 417
99 418
289 418
391 418
16 419
12 420
16 420
121 420
297 420
338 420
382 420
3 421
23 421
113 421
134 421
165 421
234 422
335 423
197 424
16 425
73 426
196 426
118 427
39 428
40 429
41 429
107 429
130 429
182 429
188 429
242 429
257 429
297 429
234 430
7 431
68 431
109 431
14 432
16 432
130 432
311 432
122 433
5 434
16 435
172 436
10 437
234 437
9 438
53 438
248 438
82 439
7 440
340 440
234 441
52 442
54 443
85 444
330 444
25 445
52 446
7 447
340 447
5 448
27 449
121 449
140 449
2 450
4 450
5 450
8 450
9 450
10 450
210 450
218 450
254 450
294 450
316 450
363 450
416 450
421 450
3 451
66 452
8 453
218 453
254 453
294 453
316 453
33 454
216 454
4 455
2 456
7 456
9 456
10 456
13 456
71 456
113 456
192 456
219 456
248 456
263 456
337 456
409 456
102 457
39 458
234 459
5 460
17 460
118 460
351 460
456 460
248 461
16 462
386 463
12 464
257 464
297 464
300 464
416 464
54 465
115 466
153 466
202 466
446 466
422 467
96 468
125 468
249 468
258 468
277 468
287 468
332 468
341 468
368 468
405 468
118 469
105 470
199 470
381 470
445 470
111 471
463 471
234 472
54 473
7 474
8 474
50 474
59 474
102 474
358 474
456 474
267 475
415 476
475 477
266 478
61 479
440 479
234 480
7 481
25 482
425 482
466 483
16 484
410 484
9 485
479 486
2 487
5 487
7 487
9 487
10 487
17 487
105 487
192 487
267 487
325 487
105 488
147 488
381 488
383 488
445 488
479 489
127 490
52 491
16 492
16 493
429 493
1 494
3 494
5 494
9 494
71 494
182 494
192 494
193 494
487 494
8 495
234 496
54 497
451 498
16 499
5 500
7 501
10 501
17 501
24 501
46 501
234 501
96 502
73 503
85 503
401 503
6 504
10 504
51 504
123 504
192 504
248 504
73 505
1 506
6 506
7 506
8 506
51 506
248 506
262 506
266 507
54 508
120 509
248 509
298 510
3 511
193 511
291 511
11 512
351 512
7 513
10 513
25 513
94 513
63 514
404 514
2 515
7 515
63 516
97 516
188 516
227 516
116 517
14 518
28 518
36 518
37 518
64 518
65 518
67 518
76 518
89 518
118 518
120 518
139 518
161 518
191 518
214 518
221 518
266 518
269 518
292 518
351 518
378 518
432 518
435 518
462 518
234 519
468 519
4 520
7 520
10 520
234 520
39 521
9 522
25 522
340 522
16 523
149 523
375 523
210 524
1 525
109 525
118 526
206 526
17 527
52 527
63 527
59 528
346 529
25 530
39 531
242 532
297 532
396 533
7 534
142 534
234 535
39 536
11 537
59 537
372 537
7 538
10 538
17 538
24 538
234 538
216 539
478 539
507 539
518 539
11 540
15 541
404 541
82 542
39 543
45 543
179 543
96 544
5 545
311 546
425 547
15 548
147 549
383 549
54 550
226 551
539 551
16 552
441 553
440 554
489 554
16 555
65 556
411 557
10 558
103 559
224 559
93 560
16 561
266 562
51 563
61 564
120 564
16 565
94 566
463 567
39 568
242 569
234 570
11 571
53 572
248 572
7 573
324 573
181 574
5 575
4 576
149 577
375 577
7 578
8 579
35 579
52 579
87 579
110 579
118 579
120 579
130 579
155 579
161 579
163 579
181 579
204 579
235 579
266 579
269 579
351 579
355 579
420 579
432 579
452 579
492 579
493 579
523 579
555 579
565 579
35 580
52 580
110 580
130 580
155 580
204 580
266 580
269 580
351 580
492 580
493 580
555 580
565 580
14 581
39 581
139 582
5 583
234 584
61 585
140 586
273 586
382 586
16 587
311 588
23 589
489 590
118 591
61 592
543 592
234 593
588 594
234 595
59 596
54 597
16 598
518 598
8 599
248 599
288 600
234 601
142 602
340 602
73 603
139 604
113 605
164 605
450 605
4 606
234 606
63 607
567 607
248 608
177 609
7 610
10 610
51 610
94 610
294 610
2 611
3 611
113 611
234 611
255 611
263 611
456 611
268 612
589 612
287 613
11 614
346 614
2 615
335 616
287 617
489 618
2 619
10 620
324 620
53 621
223 621
231 621
452 621
68 622
456 622
539 623
17 624
63 624
267 625
26 626
59 626
63 626
169 626
397 626
10 627
134 627
324 627
479 628
119 629
25 630
360 631
39 632
339 633
288 634
633 634
5 635
335 636
534 636
11 637
379 637
478 637
562 637
579 637
580 637
66 638
1 639
182 639
16 640
99 640
574 640
340 641
52 642
2 643
108 643
466 644
116 645
73 646
130 646
234 647
16 648
296 648
518 648
52 649
24 650
234 650
346 651
627 652
9 653
16 654
149 655
7 656
108 657
5 658
8 658
66 659
39 660
82 661
8 662
650 662
7 663
54 664
475 665
627 666
114 667
182 667
229 667
365 667
108 668
7 669
340 669
122 670
165 671
466 672
172 673
463 674
607 674
227 675
626 676
234 677
51 678
108 679
4 680
10 680
219 680
335 680
534 680
470 681
485 682
66 683
396 684
102 685
142 686
1 687
11 687
109 688
173 689
529 689
614 689
16 690
518 691
7 692
8 692
59 692
396 692
65 693
118 694
118 695
108 696
248 697
12 698
192 699
248 699
5 700
234 701
54 702
66 703
346 704
3 705
113 705
234 705
234 706
433 706
367 707
234 708
234 709
17 710
63 710
11 711
431 712
688 712
140 713
382 713
52 714
63 715
16 716
103 717
224 717
7 718
102 719
378 719
52 720
54 721
66 722
25 723
110 724
715 724
66 725
429 726
85 727
11 728
12 728
14 728
15 728
118 728
216 728
351 728
404 728
14 729
15 729
512 730
493 731
346 732
10 733
51 733
463 733
82 734
42 735
627 736
16 737
693 737
142 738
484 739
674 740
90 741
262 741
63 742
39 743
468 743
8 744
7 745
32 745
182 745
203 745
320 745
423 745
636 745
680 745
2 746
39 747
468 747
7 748
61 749
12 750
110 750
118 750
124 750
130 750
225 750
404 750
581 750
54 751
54 752
319 752
5 753
2 754
5 754
9 754
51 754
294 754
381 755
453 755
610 755
2 756
10 756
71 756
113 756
335 756
715 756
4 757
6 757
26 757
55 757
63 757
81 757
116 757
122 757
126 757
131 757
135 757
159 757
192 757
193 757
286 757
330 757
335 757
487 757
515 757
573 757
663 757
718 757
748 757
539 758
2 759
3 759
9 759
75 759
165 759
320 759
626 759
16 760
580 760
324 761
707 761
404 762
234 763
9 764
99 764
215 764
248 764
253 764
261 764
715 764
742 764
413 765
3 766
524 766
5 767
10 768
123 768
219 768
454 768
187 769
2 770
75 770
165 770
243 770
318 770
324 770
340 770
537 770
234 771
73 772
80 773
88 773
128 773
136 773
200 773
256 773
603 773
772 773
11 774
84 774
97 774
125 774
144 774
249 774
258 774
298 774
341 774
368 774
521 774
543 774
743 774
554 775
39 776
774 776
15 777
17 777
404 777
268 778
589 778
10 779
14 779
165 779
193 779
286 779
370 779
401 779
63 780
693 781
3 782
4 782
10 782
17 782
154 782
192 782
209 782
219 782
248 782
494 782
525 782
687 782
39 783
774 783
4 784
5 784
6 784
43 784
59 784
294 784
7 785
116 786
2 787
33 787
68 787
109 787
142 787
494 787
504 787
699 787
712 788
118 789
703 789
418 790
16 791
269 792
94 793
288 794
39 795
177 796
338 796
396 797
1 798
782 798
1 799
12 799
323 799
404 799
511 800
73 801
85 801
773 801
11 802
539 803
51 804
316 804
414 804
8 805
66 806
177 807
621 808
66 809
15 810
404 810
488 811
33 812
297 813
367 813
672 813
109 814
351 815
730 815
366 816
61 817
543 817
82 818
11 819
15 819
16 819
17 819
31 819
77 819
351 819
728 819
16 820
25 821
627 822
108 823
115 824
706 824
579 825
580 825
289 826
516 826
675 826
446 827
346 828
1 829
109 829
234 830
127 831
8 832
13 832
30 832
64 832
69 832
110 832
120 832
155 832
181 832
191 832
211 832
216 832
242 832
269 832
292 832
378 832
419 832
425 832
435 832
484 832
499 832
523 832
555 832
587 832
640 832
716 832
791 832
648 833
16 834
556 834
51 835
360 836
7 837
234 837
15 838
234 839
234 840
340 840
747 840
386 841
228 842
75 843
165 843
243 843
340 843
537 843
73 844
50 845
193 845
440 846
105 847
276 847
453 847
804 847
479 848
554 848
547 849
578 850
248 851
105 852
268 853
394 853
396 854
413 855
54 856
16 857
180 857
392 857
604 857
10 858
7 859
217 859
73 860
168 861
324 861
387 861
20 862
717 862
239 863
5 864
456 864
611 864
7 865
82 866
119 867
828 867
413 868
5 869
59 869
85 870
330 870
489 871
20 872
164 872
559 872
760 873
3 874
9 874
134 874
450 874
778 875
73 876
82 877
5 878
688 879
634 880
66 881
541 881
210 882
367 883
670 883
701 883
39 884
54 885
518 886
832 886
16 887
580 887
16 888
518 888
70 889
774 889
13 890
15 890
16 890
17 890
120 890
134 890
156 890
404 890
581 890
667 890
728 890
103 891
341 891
468 891
8 892
800 893
7 894
234 894
39 895
283 896
415 896
39 897
774 897
892 897
172 898
108 899
12 900
205 900
257 900
450 901
7 902
234 902
53 903
518 903
52 904
17 905
31 905
52 905
404 905
409 905
464 905
750 905
799 905
172 906
110 907
123 908
192 908
248 908
537 908
787 908
127 909
283 910
196 911
614 911
2 912
234 913
616 913
521 914
25 915
274 915
515 915
5 916
262 916
363 916
73 917
675 918
234 919
4 920
54 921
63 921
16 922
873 922
396 923
16 924
213 924
341 924
518 924
234 925
350 925
688 926
788 926
7 927
234 927
686 927
787 927
757 928
788 929
540 930
578 930
738 930
759 930
234 931
20 932
559 932
16 933
39 934
85 935
234 936
25 937
61 938
120 939
489 940
82 941
454 942
340 943
670 944
796 945
104 946
7 947
128 947
138 947
256 947
291 947
503 947
505 947
603 947
860 947
917 947
267 948
774 949
868 950
164 951
5 952
15 953
17 954
118 954
456 954
6 955
66 955
126 955
357 955
453 956
7 957
396 957
39 958
171 958
510 958
16 959
518 959
54 960
270 961
631 961
745 962
554 963
341 964
10 965
234 965
565 965
16 966
518 966
289 967
516 967
925 968
297 969
774 970
387 971
693 972
109 973
1 974
13 974
14 974
188 974
208 974
242 974
257 974
487 974
624 974
819 974
234 975
859 975
239 976
466 976
266 977
539 977
637 977
173 978
194 978
529 978
651 978
704 978
732 978
828 978
287 979
11 980
379 980
54 981
588 982
122 983
464 984
343 985
122 986
267 987
778 987
867 988
5 989
627 990
774 991
586 992
51 993
126 994
452 995
808 995
90 996
381 997
453 997
827 998
5 999
518 999
564 999
832 999
890 999
939 999
268 1000
987 1000
478 1001
580 1001
311 1002
182 1003
365 1003
492 1004
477 1005
600 1006
634 1006
120 1007
39 1008
468 1008
873 1009
59 1010
7 1011
682 1012
154 1013
2 1014
4 1014
7 1014
18 1014
51 1014
209 1014
218 1014
284 1014
416 1014
421 1014
451 1014
494 1014
611 1014
705 1014
782 1014
874 1014
257 1015
118 1016
216 1016
1 1017
63 1017
123 1017
157 1017
301 1017
456 1017
504 1017
506 1017
572 1017
599 1017
697 1017
699 1017
782 1017
908 1017
16 1018
118 1019
778 1020
82 1021
950 1022
234 1023
1 1024
4 1024
81 1024
456 1024
485 1024
764 1024
11 1025
433 1026
824 1026
468 1027
59 1028
620 1028
627 1028
16 1029
580 1029
7 1030
311 1031
54 1032
12 1033
124 1033
130 1033
225 1033
240 1033
404 1033
905 1033
386 1034
119 1035
859 1036
932 1037
386 1038
141 1039
25 1040
757 1040
634 1041
738 1042
311 1043
201 1044
51 1045
340 1046
172 1047
118 1048
169 1049
629 1049
774 1050
404 1051
223 1052
452 1052
266 1053
526 1054
668 1055
764 1055
260 1056
66 1057
8 1058
7 1059
239 1060
53 1061
149 1061
63 1062
346 1063
73 1064
773 1064
425 1065
65 1066
528 1066
154 1067
313 1068
925 1068
339 1069
242 1070
472 1070
94 1071
791 1071
94 1072
791 1072
747 1073
134 1074
234 1075
10 1076
324 1076
652 1076
80 1077
10 1078
54 1079
128 1080
256 1080
772 1080
4 1081
5 1081
68 1081
113 1081
247 1081
262 1081
320 1081
504 1081
754 1081
504 1082
228 1083
15 1084
5 1085
809 1085
456 1086
52 1087
63 1087
404 1087
8 1088
66 1089
228 1089
68 1090
248 1090
232 1091
386 1092
829 1092
3 1093
154 1093
165 1093
275 1093
406 1093
142 1094
177 1095
10 1096
511 1097
214 1098
662 1098
173 1099
488 1100
31 1101
177 1102
486 1103
489 1103
848 1103
381 1104
453 1104
243 1105
627 1106
862 1106
118 1107
290 1108
3 1109
9 1109
10 1109
17 1109
46 1109
53 1109
59 1109
68 1109
182 1109
504 1109
506 1109
757 1109
955 1109
1 1110
10 1111
335 1111
745 1111
75 1112
234 1112
82 1113
3 1114
4 1114
6 1114
53 1114
113 1114
137 1114
142 1114
154 1114
192 1114
209 1114
219 1114
267 1114
325 1114
409 1114
494 1114
506 1114
1024 1114
9 1115
43 1115
51 1115
59 1115
294 1115
152 1116
451 1116
277 1117
1069 1117
39 1118
433 1119
8 1120
4 1121
5 1121
9 1121
43 1121
745 1121
108 1122
526 1123
14 1124
108 1124
143 1124
580 1124
750 1124
907 1124
82 1125
579 1126
248 1127
312 1127
119 1128
1087 1129
634 1130
288 1131
16 1132
688 1133
2 1134
137 1135
267 1135
325 1135
494 1135
108 1136
1080 1136
12 1137
118 1137
1101 1137
688 1138
11 1139
858 1140
243 1141
296 1141
1049 1141
110 1142
342 1142
248 1143
16 1144
859 1145
61 1146
243 1147
61 1148
543 1148
451 1149
124 1150
905 1150
73 1151
335 1152
5 1153
16 1154
75 1155
248 1156
1017 1156
518 1157
248 1158
3 1159
769 1160
518 1161
182 1162
365 1162
890 1162
51 1163
787 1163
1082 1163
578 1164
234 1165
350 1165
968 1165
1068 1165
115 1166
344 1166
863 1166
1060 1166
1 1167
13 1167
188 1167
39 1168
961 1168
8 1169
779 1169
11 1170
128 1171
41 1172
64 1172
141 1172
153 1172
174 1172
206 1172
220 1172
243 1172
328 1172
443 1172
597 1172
721 1172
751 1172
752 1172
856 1172
921 1172
960 1172
981 1172
1032 1172
90 1173
113 1173
489 1174
521 1175
12 1176
819 1176
1175 1177
39 1178
11 1179
73 1180
373 1180
108 1181
288 1182
54 1183
20 1184
468 1185
613 1185
617 1185
54 1186
14 1187
1050 1187
12 1188
17 1188
345 1188
409 1188
518 1188
580 1188
15 1189
219 1190
634 1191
1124 1192
9 1193
99 1193
215 1193
248 1193
261 1193
742 1193
1055 1193
234 1194
278 1194
114 1195
365 1195
201 1196
650 1196
778 1197
1 1198
91 1198
113 1198
165 1198
313 1198
406 1198
434 1198
450 1198
460 1198
487 1198
494 1198
500 1198
545 1198
583 1198
635 1198
767 1198
869 1198
878 1198
943 1198
54 1199
755 1200
391 1201
523 1202
577 1202
655 1202
670 1203
1054 1204
2 1205
3 1205
4 1205
5 1205
6 1205
7 1205
8 1205
33 1205
126 1205
203 1205
205 1205
370 1205
487 1205
501 1205
520 1205
538 1205
620 1205
756 1205
779 1205
1096 1205
1109 1205
100 1206
506 1206
916 1206
1081 1206
524 1207
859 1207
346 1208
978 1208
995 1209
11 1210
311 1210
518 1210
579 1210
32 1211
182 1211
193 1211
340 1211
358 1211
636 1211
756 1211
757 1211
63 1212
764 1212
1193 1212
16 1213
3 1214
266 1215
539 1215
637 1215
177 1216
281 1216
39 1217
113 1218
234 1218
5 1219
638 1220
7 1221
340 1221
118 1222
1 1223
5 1223
8 1223
113 1223
134 1223
248 1223
262 1223
281 1223
455 1223
757 1223
784 1223
920 1223
1014 1223
1114 1223
1121 1223
1205 1223
1117 1224
8 1225
341 1226
297 1227
266 1228
3 1229
90 1229
105 1229
165 1229
176 1229
323 1229
559 1230
1037 1230
429 1231
556 1231
68 1232
504 1232
699 1232
39 1233
579 1234
902 1234
1006 1235
130 1236
372 1236
300 1237
416 1237
350 1238
356 1238
39 1239
16 1240
118 1241
7 1242
51 1243
248 1244
1243 1244
1216 1245
1223 1245
16 1246
518 1246
46 1247
102 1248
378 1248
5 1249
102 1250
579 1251
579 1252
234 1253
657 1254
612 1255
17 1256
216 1256
420 1256
1227 1256
68 1257
479 1257
382 1258
2 1259
10 1259
113 1259
335 1259
1211 1259
234 1260
553 1260
8 1261
61 1262
177 1263
11 1264
130 1264
5 1265
12 1266
13 1266
20 1266
22 1266
104 1266
345 1266
512 1266
728 1266
815 1266
108 1267
143 1267
196 1268
614 1268
518 1269
16 1270
386 1270
75 1271
335 1272
1172 1273
85 1274
572 1275
1 1276
71 1276
234 1277
130 1278
420 1278
268 1279
394 1279
76 1280
269 1280
322 1280
490 1280
831 1280
909 1280
243 1281
941 1281
11 1282
224 1282
872 1282
1184 1282
425 1283
16 1284
316 1285
1166 1285
8 1286
1083 1286
1089 1286
248 1287
501 1287
11 1288
16 1289
109 1289
579 1289
1280 1289
46 1290
223 1290
842 1290
1083 1290
1089 1290
143 1291
1200 1292
82 1293
289 1293
177 1294
930 1294
1146 1294
147 1295
199 1295
232 1295
1040 1295
210 1296
457 1296
54 1297
288 1298
425 1299
1 1300
109 1300
4 1301
9 1301
133 1301
640 1302
201 1303
13 1304
20 1304
22 1304
102 1304
104 1304
25 1305
298 1305
1154 1305
1254 1306
755 1307
122 1308
634 1309
234 1310
903 1310
33 1311
51 1312
197 1312
73 1313
16 1314
39 1315
161 1315
171 1315
1305 1315
154 1316
165 1316
176 1316
262 1316
379 1317
580 1317
977 1317
484 1318
793 1319
234 1320
686 1320
787 1320
933 1321
859 1322
426 1323
335 1324
745 1324
85 1325
1280 1326
52 1327
466 1327
1166 1327
5 1328
16 1329
10 1330
219 1330
454 1330
883 1330
234 1331
791 1332
113 1333
165 1333
313 1333
450 1333
487 1333
583 1333
767 1333
869 1333
878 1333
943 1333
52 1334
197 1334
533 1334
854 1334
923 1334
10 1335
134 1335
779 1335
234 1336
1288 1337
12 1338
498 1338
635 1338
819 1338
450 1339
7 1340
453 1340
103 1341
612 1341
862 1341
1184 1341
1304 1341
96 1342
418 1343
488 1344
97 1345
188 1345
227 1345
826 1345
967 1345
122 1346
4 1347
1216 1347
1223 1347
506 1348
1081 1348
8 1349
39 1350
268 1351
989 1352
518 1353
5 1354
6 1354
8 1354
10 1354
14 1354
71 1354
193 1354
286 1354
363 1354
370 1354
890 1354
1335 1354
54 1355
381 1355
610 1355
63 1356
125 1356
640 1356
2 1357
7 1357
9 1357
34 1357
75 1357
165 1357
324 1357
596 1357
15 1358
14 1359
750 1359
2 1360
7 1360
9 1360
10 1360
14 1360
112 1360
178 1360
225 1360
245 1360
450 1360
692 1360
744 1360
892 1360
1120 1360
1205 1360
1225 1360
1286 1360
450 1361
1145 1361
239 1362
182 1363
229 1363
365 1363
20 1364
891 1364
73 1365
947 1365
441 1366
9 1367
43 1367
59 1367
1039 1367
118 1368
703 1368
172 1369
518 1370
382 1371
828 1372
988 1372
978 1373
422 1374
2 1375
201 1376
243 1377
86 1378
316 1378
470 1378
488 1378
897 1378
113 1379
10 1380
534 1380
745 1380
35 1381
52 1381
130 1381
204 1381
266 1381
269 1381
492 1381
1188 1381
433 1382
82 1383
110 1384
1291 1384
1238 1385
109 1386
82 1387
941 1387
1116 1387
11 1388
118 1388
216 1388
404 1388
890 1388
1266 1388
1 1389
242 1390
518 1391
70 1392
498 1393
887 1393
1014 1393
1116 1393
1 1394
118 1394
1135 1394
177 1395
769 1396
330 1397
1 1398
8 1398
9 1398
10 1398
32 1398
71 1398
192 1398
203 1398
313 1398
340 1398
358 1398
450 1398
456 1398
615 1398
619 1398
759 1398
787 1398
1134 1398
1205 1398
1357 1398
832 1399
577 1400
1 1401
11 1401
1114 1401
17 1402
118 1402
833 1403
4 1404
627 1405
8 1406
12 1406
13 1406
16 1406
110 1406
120 1406
156 1406
216 1406
225 1406
242 1406
394 1406
432 1406
518 1406
728 1406
779 1406
974 1406
1360 1406
56 1407
97 1408
277 1408
1034 1409
226 1410
7 1411
113 1411
192 1411
219 1411
248 1411
409 1411
460 1411
611 1411
622 1411
954 1411
108 1412
947 1413
193 1414
873 1415
229 1416
365 1416
114 1417
414 1417
487 1417
488 1417
1229 1417
85 1418
330 1418
1360 1419
788 1420
9 1421
43 1421
59 1421
1039 1421
12 1422
759 1422
232 1423
1 1424
5 1424
18 1424
71 1424
203 1424
605 1424
611 1424
705 1424
1081 1424
1198 1424
1218 1424
1223 1424
1333 1424
1411 1424
266 1425
239 1426
1166 1426
1406 1427
898 1428
450 1429
1014 1429
14 1430
970 1431
1050 1431
102 1432
859 1433
63 1434
404 1434
974 1434
1406 1435
11 1436
63 1437
3 1438
50 1438
193 1438
782 1438
1114 1438
130 1439
1334 1440
791 1441
66 1442
1 1443
5 1443
8 1443
50 1443
98 1443
313 1443
363 1443
874 1443
1074 1443
1335 1443
51 1444
234 1445
290 1446
188 1447
14 1448
16 1449
149 1449
375 1449
381 1450
130 1451
372 1451
25 1452
757 1453
116 1454
330 1455
192 1456
246 1456
402 1456
454 1456
812 1456
14 1457
16 1457
170 1457
212 1457
460 1457
469 1457
518 1457
579 1457
694 1457
728 1457
789 1457
954 1457
1107 1457
1137 1457
1368 1457
24 1458
177 1459
422 1459
66 1460
159 1461
219 1461
323 1461
440 1461
447 1461
840 1461
1221 1461
54 1462
221 1463
1026 1464
130 1465
119 1466
59 1467
396 1467
755 1468
118 1469
1054 1469
20 1470
1282 1470
171 1471
82 1472
66 1473
260 1474
232 1475
824 1476
1326 1477
1238 1478
5 1479
73 1480
102 1481
1298 1481
16 1482
832 1482
1065 1482
1299 1482
365 1483
63 1484
201 1484
63 1485
123 1485
456 1485
504 1485
572 1485
599 1485
52 1486
63 1486
1461 1487
15 1488
63 1489
165 1490
487 1490
1424 1490
53 1491
135 1492
239 1493
545 1493
59 1494
620 1494
5 1495
173 1496
529 1496
651 1496
828 1496
1326 1497
840 1498
213 1499
51 1500
1124 1501
518 1502
11 1503
16 1504
518 1504
234 1505
54 1506
286 1506
39 1507
8 1508
16 1509
385 1509
1033 1509
11 1510
39 1511
774 1511
56 1512
671 1512
75 1513
268 1514
1461 1515
73 1516
7 1517
234 1517
10 1518
324 1518
652 1518
1 1519
6 1519
14 1519
15 1519
16 1519
126 1519
130 1519
182 1519
297 1519
377 1519
416 1519
501 1519
538 1519
1188 1519
1402 1519
137 1520
142 1520
154 1520
209 1520
396 1520
1024 1520
1223 1520
1401 1520
1438 1520
644 1521
791 1521
949 1522
234 1523
1168 1523
288 1524
54 1525
383 1526
172 1527
579 1528
902 1528
7 1529
340 1529
1461 1529
197 1530
858 1531
201 1532
312 1532
411 1533
131 1534
961 1534
400 1535
742 1535
607 1536
1 1537
3 1537
6 1537
72 1537
123 1537
184 1537
438 1537
509 1537
699 1537
782 1537
851 1537
908 1537
1143 1537
1156 1537
165 1538
39 1539
58 1539
339 1539
468 1539
1117 1539
66 1540
7 1541
86 1541
128 1541
158 1541
167 1541
200 1541
226 1541
291 1541
334 1541
352 1541
426 1541
503 1541
603 1541
646 1541
772 1541
1064 1541
1365 1541
518 1542
177 1543
757 1544
15 1545
54 1546
227 1547
1154 1548
2 1549
1211 1549
1524 1549
627 1550
8 1551
54 1552
25 1553
3 1554
1124 1554
450 1555
16 1556
579 1556
832 1556
66 1557
7 1558
75 1558
141 1558
208 1558
248 1558
253 1558
514 1558
607 1558
715 1558
780 1558
1087 1558
1489 1558
1117 1559
1408 1559
73 1560
999 1561
712 1562
879 1562
1357 1563
15 1564
382 1565
187 1566
1160 1566
1396 1566
9 1567
51 1567
257 1568
1165 1569
54 1570
518 1571
832 1571
1334 1572
5 1573
1493 1573
310 1574
8 1575
52 1576
239 1576
1166 1576
15 1577
17 1577
134 1577
404 1577
581 1577
667 1577
728 1577
1354 1577
8 1578
108 1579
121 1580
382 1580
579 1580
11 1581
168 1581
548 1581
50 1582
59 1582
102 1582
66 1583
518 1584
773 1585
287 1586
1185 1586
1116 1587
774 1588
1522 1588
634 1589
234 1590
1036 1591
16 1592
1539 1592
108 1593
657 1594
234 1595
425 1595
58 1596
339 1596
468 1596
932 1597
949 1598
248 1599
14 1600
15 1600
382 1600
1 1601
13 1601
15 1601
188 1601
208 1601
242 1601
351 1601
487 1601
538 1601
782 1601
954 1601
1109 1601
1188 1601
365 1602
296 1603
511 1604
893 1604
66 1605
11 1606
130 1606
242 1606
351 1606
372 1606
635 1607
1254 1607
12 1608
947 1609
52 1610
808 1611
1209 1611
7 1612
375 1613
12 1614
819 1614
94 1615
1050 1616
173 1617
63 1618
54 1619
1451 1619
2 1620
234 1621
411 1622
122 1623
52 1624
16 1625
234 1626
784 1627
1367 1627
1288 1628
1541 1629
16 1630
411 1631
117 1632
234 1633
7 1634
757 1634
171 1635
774 1636
1172 1637
61 1638
114 1639
487 1639
488 1639
269 1640
1188 1640
756 1641
764 1641
1558 1641
774 1642
479 1643
118 1644
489 1645
764 1645
234 1646
54 1647
319 1647
487 1648
1424 1648
652 1649
16 1650
85 1651
1608 1651
429 1652
486 1653
489 1653
840 1654
82 1655
1116 1655
1 1656
2 1656
3 1656
6 1656
10 1656
90 1656
263 1656
450 1656
520 1656
782 1656
1081 1656
1347 1656
6 1657
40 1657
41 1657
126 1657
257 1657
300 1657
377 1657
409 1657
762 1657
810 1657
905 1657
1033 1657
1051 1657
1087 1657
1388 1657
141 1658
277 1659
1069 1659
1539 1659
1596 1659
1456 1660
634 1661
5 1662
234 1663
66 1664
234 1665
662 1666
456 1667
418 1668
35 1669
130 1669
204 1669
1017 1669
404 1670
420 1670
464 1670
813 1670
969 1670
1519 1670
412 1671
88 1672
426 1672
646 1672
772 1672
1151 1672
66 1673
197 1673
228 1673
501 1673
1109 1673
1247 1673
1290 1673
1357 1674
11 1675
52 1676
85 1677
401 1677
1385 1678
351 1679
372 1679
479 1680
415 1681
418 1681
1414 1681
5 1682
165 1682
205 1682
563 1682
610 1682
754 1682
1045 1682
1163 1682
1243 1682
267 1683
1306 1684
365 1685
1229 1686
39 1687
17 1688
409 1688
464 1688
1150 1688
627 1689
489 1690
1179 1690
415 1691
819 1692
396 1693
20 1694
80 1694
267 1695
554 1696
54 1697
1652 1697
73 1698
1672 1699
479 1700
1103 1700
138 1701
158 1701
167 1701
200 1701
226 1701
234 1701
426 1701
505 1701
801 1701
1064 1701
1516 1701
1698 1701
627 1702
199 1703
586 1704
94 1705
82 1706
1 1707
123 1707
157 1707
301 1707
504 1707
506 1707
572 1707
599 1707
764 1707
1090 1707
1127 1707
1158 1707
1193 1707
1599 1707
5 1708
1198 1708
411 1709
12 1710
1124 1711
15 1712
177 1713
11 1714
283 1715
771 1716
1431 1717
579 1718
120 1719
51 1720
14 1721
16 1721
27 1721
34 1721
39 1721
56 1721
104 1721
121 1721
252 1721
309 1721
326 1721
345 1721
349 1721
614 1721
637 1721
1139 1721
1179 1721
1210 1721
1436 1721
1510 1721
1581 1721
335 1722
913 1722
39 1723
686 1724
116 1725
304 1725
487 1725
1424 1725
266 1726
1317 1726
586 1727
579 1728
902 1728
382 1729
54 1730
518 1731
82 1732
1284 1732
7 1733
182 1733
636 1733
680 1733
1111 1733
1380 1733
15 1734
63 1735
613 1735
1 1736
66 1736
313 1736
621 1736
846 1736
903 1736
115 1737
1060 1737
1327 1737
1333 1738
130 1739
2 1740
1524 1740
7 1741
234 1741
686 1741
688 1742
11 1743
853 1743
346 1744
978 1744
1593 1744
335 1745
118 1746
73 1747
18 1748
71 1748
134 1748
421 1748
671 1748
843 1748
1490 1748
1538 1748
7 1749
226 1749
291 1749
334 1749
426 1749
503 1749
646 1749
1064 1749
1365 1749
596 1750
1701 1750
853 1751
109 1752
1509 1753
39 1754
338 1755
945 1755
1334 1756
774 1757
1356 1757
11 1758
351 1758
396 1758
1721 1758
2 1759
177 1760
91 1761
63 1762
257 1763
728 1764
1339 1764
8 1765
450 1766
283 1767
1163 1768
25 1769
147 1770
383 1770
367 1771
1670 1771
488 1772
479 1773
11 1774
268 1775
588 1776
127 1777
234 1778
379 1779
1072 1780
1615 1780
1705 1780
13 1781
17 1781
22 1781
518 1781
579 1781
580 1781
819 1781
1601 1781
793 1782
53 1783
1521 1784
614 1785
90 1786
263 1786
320 1786
1354 1786
1443 1786
102 1787
5 1788
1559 1789
1026 1790
796 1791
25 1792
82 1793
196 1793
82 1794
51 1795
294 1795
73 1796
1701 1796
118 1797
3 1798
8 1798
53 1798
59 1798
134 1798
504 1798
784 1798
955 1798
1205 1798
1519 1798
11 1799
59 1800
1039 1800
1627 1800
11 1801
1512 1801
518 1802
1202 1802
1615 1803
691 1804
74 1805
8 1806
539 1807
82 1808
292 1808
4 1809
116 1809
122 1809
131 1809
135 1809
335 1809
663 1809
748 1809
928 1809
1109 1809
1211 1809
486 1810
848 1810
454 1811
776 1812
1200 1812
1311 1812
234 1813
787 1813
425 1814
268 1815
54 1816
128 1817
291 1817
503 1817
603 1817
1365 1817
621 1818
1052 1818
13 1819
16 1819
27 1819
104 1819
345 1819
579 1819
728 1819
815 1819
579 1820
832 1820
11 1821
846 1822
1176 1822
267 1823
118 1824
1360 1825
234 1826
809 1826
8 1827
1466 1828
1657 1828
1238 1829
115 1830
863 1830
1060 1830
1285 1830
1170 1831
367 1832
433 1832
757 1832
91 1833
165 1833
313 1833
434 1833
487 1833
500 1833
545 1833
583 1833
635 1833
1708 1833
199 1834
297 1835
487 1836
755 1837
34 1838
1451 1838
1606 1838
1679 1838
554 1839
518 1840
589 1841
1020 1841
1197 1841
346 1842
6 1843
313 1843
1491 1843
1783 1843
111 1844
463 1844
1092 1844
1270 1844
1166 1845
54 1846
16 1847
38 1848
372 1849
1131 1850
82 1851
1721 1852
6 1853
7 1853
17 1853
38 1853
113 1853
154 1853
234 1853
407 1853
494 1853
639 1853
1363 1853
1519 1853
11 1854
1831 1855
858 1856
340 1857
1142 1857
118 1858
554 1859
206 1860
2 1861
7 1861
33 1861
487 1861
782 1861
1114 1861
1398 1861
1456 1861
637 1862
44 1863
49 1863
131 1863
132 1863
159 1863
190 1863
205 1863
323 1863
357 1863
522 1863
641 1863
669 1863
770 1863
943 1863
1046 1863
37 1864
1844 1864
15 1865
1782 1866
243 1867
177 1868
1745 1868
267 1869
539 1869
613 1870
1073 1871
395 1872
1092 1872
1270 1872
1864 1872
25 1873
534 1874
504 1875
1295 1876
350 1877
52 1878
774 1879
110 1880
342 1880
1857 1880
134 1881
1354 1881
10 1882
335 1882
85 1883
609 1884
177 1885
1266 1886
118 1887
923 1888
54 1889
103 1889
381 1889
610 1889
943 1889
425 1890
341 1891
521 1892
379 1893
234 1894
787 1894
1540 1894
234 1895
1320 1896
110 1897
289 1898
1172 1899
39 1900
118 1901
1597 1902
653 1903
1357 1903
39 1904
468 1904
979 1904
793 1905
1866 1905
404 1906
1164 1906
1541 1907
1701 1907
234 1908
11 1909
518 1909
926 1910
929 1910
1420 1910
1341 1911
93 1912
1044 1912
1303 1912
1376 1912
1532 1912
7 1913
9 1913
34 1913
93 1913
243 1913
282 1913
318 1913
320 1913
324 1913
474 1913
596 1913
626 1913
692 1913
784 1913
1115 1913
1467 1913
1494 1913
66 1914
5 1915
518 1916
365 1917
118 1918
902 1919
109 1920
518 1920
627 1921
3 1922
50 1922
193 1922
1114 1922
1520 1922
1766 1922
54 1923
164 1924
1014 1925
1205 1926
9 1927
53 1927
134 1927
363 1927
407 1927
1068 1927
1198 1927
1333 1927
1398 1927
1843 1927
627 1928
270 1929
1168 1929
85 1930
1541 1931
102 1932
234 1933
782 1934
8 1935
118 1936
243 1937
16 1938
1357 1939
807 1940
5 1941
1198 1941
1333 1941
54 1942
1198 1943
12 1944
14 1944
216 1944
351 1944
819 1944
1266 1944
1577 1944
1764 1944
1074 1945
51 1946
787 1946
1082 1946
1682 1946
1768 1946
248 1947
543 1947
15 1948
377 1949
486 1950
580 1951
1 1952
3 1952
50 1952
193 1952
782 1952
489 1953
1176 1954
807 1955
978 1955
90 1956
68 1957
504 1957
699 1957
108 1958
1021 1958
1216 1959
5 1960
113 1961
165 1961
313 1961
767 1961
1424 1961
234 1962
824 1962
266 1963
484 1963
410 1964
739 1964
1963 1964
420 1965
464 1965
813 1965
969 1965
61 1966
25 1967
298 1967
1471 1967
119 1968
1828 1968
107 1969
386 1970
1844 1970
1872 1970
406 1971
450 1971
460 1971
583 1971
635 1971
943 1971
1927 1971
1941 1971
1943 1971
321 1972
17 1973
10 1974
324 1974
652 1974
666 1974
822 1974
1028 1974
1405 1974
1254 1975
1684 1975
296 1976
833 1976
11 1977
518 1977
6 1978
234 1979
2 1980
9 1980
745 1980
1913 1980
82 1981
33 1982
68 1982
142 1982
908 1982
1163 1982
1813 1982
1894 1982
1946 1982
268 1983
1255 1983
1341 1983
8 1984
1009 1985
1415 1985
73 1986
947 1986
1541 1986
1254 1987
478 1988
758 1988
803 1988
1215 1988
1456 1989
2 1990
5 1990
363 1990
407 1990
1068 1990
1398 1990
1736 1990
1833 1990
96 1991
247 1991
300 1992
416 1992
8 1993
1520 1994
396 1995
898 1996
518 1997
326 1998
422 1998
1354 1999
73 2000
215 2001
1212 2001
206 2002
15 2003
66 2004
351 2005
372 2005
776 2006
75 2007
141 2007
208 2007
248 2007
607 2007
1641 2007
94 2008
1872 2008
266 2009
7 2010
9 2010
17 2010
105 2010
192 2010
325 2010
494 2010
974 2010
1205 2010
1725 2010
2 2011
1371 2011
289 2012
391 2012
516 2012
1345 2012
118 2013
2 2014
1 2015
18 2015
605 2015
1081 2015
1198 2015
1648 2015
66 2016
3 2017
524 2017
262 2018
71 2019
421 2019
171 2020
3 2021
59 2021
134 2021
504 2021
784 2021
1519 2021
627 2022
61 2023
1116 2024
677 2025
234 2026
278 2026
15 2027
270 2028
262 2029
3 2030
1818 2030
774 2031
365 2032
620 2033
1298 2033
1913 2033
1707 2034
118 2035
2 2036
4 2036
7 2036
8 2036
10 2036
59 2036
63 2036
66 2036
126 2036
456 2036
494 2036
759 2036
1109 2036
1357 2036
1367 2036
1567 2036
1980 2036
2010 2036
1707 2037
131 2038
301 2038
961 2038
16 2039
6 2040
257 2040
377 2040
810 2040
905 2040
1087 2040
1622 2040
165 2041
262 2041
63 2042
640 2042
16 2043
1753 2043
325 2044
1394 2044
3 2045
105 2045
154 2045
1541 2045
518 2046
1369 2047
40 2048
409 2048
762 2048
905 2048
1087 2048
1828 2048
418 2049
543 2050
11 2051
1304 2051
1819 2051
5 2052
8 2053
1083 2053
1089 2053
96 2054
14 2055
620 2056
1333 2057
1971 2057
54 2058
63 2058
922 2059
429 2060
908 2060
330 2061
655 2061
217 2062
579 2062
580 2062
1669 2062
8 2063
609 2063
807 2063
1095 2063
1102 2063
1395 2063
1543 2063
1868 2063
646 2064
518 2065
792 2065
832 2065
1381 2065
1640 2065
182 2066
229 2066
1990 2067
114 2068
182 2068
229 2068
2009 2068
11 2069
7 2070
340 2070
1764 2071
39 2072
891 2072
964 2072
579 2073
621 2073
995 2073
1452 2074
5 2075
5 2076
68 2076
105 2076
165 2076
205 2076
366 2076
506 2076
610 2076
754 2076
804 2076
835 2076
993 2076
1163 2076
1243 2076
1946 2076
413 2077
4 2078
1223 2078
1701 2079
232 2080
109 2081
518 2081
74 2082
819 2082
1163 2083
1946 2083
234 2084
15 2085
61 2085
1357 2086
1014 2087
15 2088
2024 2088
392 2089
518 2089
582 2089
518 2090
804 2091
1417 2091
73 2092
12 2093
54 2094
63 2095
281 2096
1347 2096
1 2097
3 2097
5 2097
55 2097
71 2097
73 2097
116 2097
122 2097
126 2097
129 2097
159 2097
176 2097
192 2097
202 2097
237 2097
350 2097
357 2097
447 2097
474 2097
487 2097
515 2097
520 2097
656 2097
692 2097
748 2097
785 2097
902 2097
927 2097
947 2097
957 2097
1205 2097
1340 2097
1517 2097
1541 2097
1558 2097
1612 2097
1741 2097
1749 2097
1853 2097
1861 2097
2010 2097
2070 2097
68 2098
109 2098
41 2099
64 2099
206 2099
921 2099
1273 2099
1637 2099
1899 2099
1230 2100
807 2101
1491 2102
11 2103
283 2103
518 2104
589 2104
404 2105
130 2106
188 2106
257 2106
1231 2106
2060 2106
942 2107
1782 2107
411 2108
16 2109
518 2109
1988 2110
411 2111
11 2112
71 2112
144 2112
172 2112
175 2112
287 2112
298 2112
341 2112
360 2112
428 2112
521 2112
581 2112
743 2112
776 2112
795 2112
895 2112
958 2112
1168 2112
1178 2112
1217 2112
1233 2112
1239 2112
1507 2112
1539 2112
1721 2112
1904 2112
589 2113
66 2114
755 2115
1026 2116
689 2117
978 2117
1099 2117
1496 2117
418 2118
1414 2118
1 2119
7 2119
14 2119
50 2119
59 2119
71 2119
95 2119
98 2119
102 2119
112 2119
165 2119
182 2119
203 2119
313 2119
358 2119
450 2119
487 2119
515 2119
611 2119
643 2119
759 2119
787 2119
1014 2119
1134 2119
1205 2119
1259 2119
1360 2119
1759 2119
1861 2119
1980 2119
2011 2119
2014 2119
2 2120
5 2120
7 2120
8 2120
51 2120
113 2120
248 2120
263 2120
455 2120
520 2120
680 2120
920 2120
1014 2120
1024 2120
1114 2120
1301 2120
2036 2120
2078 2120
234 2121
688 2122
59 2123
130 2123
372 2123
1357 2123
1721 2123
1409 2124
146 2125
1081 2125
1992 2126
85 2127
770 2128
253 2129
742 2129
1055 2129
234 2130
619 2131
787 2132
1982 2132
2083 2132
1774 2133
493 2134
90 2135
320 2135
1354 2135
1443 2135
1050 2136
1 2137
3 2137
509 2137
782 2137
851 2137
908 2137
1156 2137
76 2138
831 2138
1289 2138
949 2139
1588 2139
267 2140
296 2141
262 2142
1206 2142
242 2143
1216 2144
1223 2144
234 2145
616 2145
172 2146
11 2147
351 2147
1034 2147
518 2148
1198 2149
130 2150
420 2150
128 2151
772 2151
1136 2151
16 2152
296 2152
518 2152
833 2152
379 2153
489 2154
957 2154
42 2155
1707 2156
1243 2157
54 2158
171 2159
1035 2160
172 2161
5 2162
8 2162
1841 2163
39 2164
7 2165
234 2165
1721 2166
1773 2167
824 2168
82 2169
796 2170
1365 2170
393 2171
1124 2171
260 2172
70 2173
2072 2173
39 2174
774 2174
70 2175
232 2176
819 2177
1334 2178
108 2179
915 2180
330 2181
234 2182
559 2183
25 2184
298 2184
50 2185
102 2185
1074 2185
2097 2185
130 2186
986 2186
267 2187
54 2188
467 2189
1374 2189
1998 2189
5 2190
268 2191
118 2192
216 2192
1024 2192
1457 2192
266 2193
411 2194
1521 2195
7 2196
139 2196
234 2196
1074 2197
586 2198
118 2199
54 2200
54 2201
7 2202
154 2202
1913 2203
1915 2203
675 2204
54 2205
1330 2206
1674 2207
815 2208
14 2209
832 2209
846 2209
974 2209
1406 2209
1601 2209
1606 2209
2143 2209
979 2210
2112 2210
234 2211
247 2212
915 2212
2125 2213
1482 2214
105 2215
147 2215
1378 2215
1639 2215
1772 2215
555 2216
16 2217
580 2217
832 2217
1171 2218
1817 2218
518 2219
757 2220
310 2221
39 2222
288 2222
468 2222
807 2223
234 2224
686 2224
2097 2224
59 2225
96 2226
213 2226
258 2226
277 2226
287 2226
360 2226
368 2226
388 2226
405 2226
521 2226
531 2226
536 2226
743 2226
776 2226
783 2226
795 2226
895 2226
934 2226
1008 2226
1168 2226
1239 2226
1315 2226
1507 2226
1511 2226
1687 2226
1904 2226
2072 2226
2164 2226
957 2227
1166 2228
1073 2229
114 2230
229 2230
365 2230
890 2230
1577 2230
25 2231
52 2232
102 2233
1102 2234
517 2235
273 2236
382 2236
1704 2236
2198 2236
1745 2237
386 2238
725 2238
54 2239
63 2239
1172 2239
85 2240
1701 2240
1163 2241
1946 2241
18 2242
43 2242
100 2242
363 2242
1229 2242
1396 2242
1956 2242
15 2243
7 2244
118 2245
759 2245
1 2246
2 2246
3 2246
39 2247
311 2248
73 2249
1701 2249
7 2250
39 2251
843 2252
788 2253
1910 2253
1166 2254
9 2255
1373 2255
1903 2255
7 2256
142 2256
340 2256
782 2256
1114 2256
1190 2256
832 2257
1318 2257
769 2258
1566 2258
1116 2259
2166 2259
1114 2260
8 2261
16 2262
14 2263
50 2263
71 2263
450 2263
643 2263
759 2263
787 2263
1134 2263
1259 2263
1980 2263
155 2264
133 2265
2097 2265
80 2266
1491 2267
336 2268
1863 2268
311 2269
518 2270
7 2271
634 2272
778 2273
1351 2273
1775 2273
1983 2273
103 2274
482 2274
547 2274
1283 2274
730 2275
54 2276
232 2277
340 2278
2097 2278
11 2279
1512 2279
12 2280
8 2281
1838 2282
1689 2283
1881 2284
172 2285
430 2286
1674 2286
234 2287
1905 2288
334 2289
15 2290
2112 2291
925 2292
1165 2292
1927 2292
85 2293
335 2294
1211 2294
484 2295
1863 2296
1385 2297
16 2298
518 2298
330 2299
1940 2299
739 2300
15 2301
579 2302
1259 2302
410 2303
739 2303
832 2303
2039 2303
2295 2303
9 2304
450 2305
11 2306
16 2306
17 2306
31 2306
77 2306
351 2306
1614 2306
2177 2306
119 2307
54 2308
141 2309
171 2310
99 2311
1681 2311
25 2312
1423 2312
579 2313
8 2314
626 2315
1054 2316
251 2317
1855 2317
139 2318
2050 2318
2110 2319
1052 2320
1290 2320
12 2321
419 2321
1521 2322
742 2323
1055 2323
1899 2323
1839 2324
456 2325
1912 2326
5 2327
9 2327
126 2327
182 2327
286 2327
500 2327
513 2327
520 2327
627 2327
782 2327
1096 2327
1109 2327
1111 2327
1335 2327
1360 2327
1518 2327
1656 2327
2036 2327
288 2328
2112 2328
5 2329
468 2330
165 2331
271 2332
1180 2332
479 2333
613 2334
755 2335
1812 2335
61 2336
283 2337
879 2338
2274 2338
262 2339
456 2340
787 2341
1537 2341
2060 2341
2137 2341
51 2342
2 2343
4 2343
6 2343
43 2343
59 2343
335 2343
363 2343
759 2343
1786 2343
2135 2343
15 2344
667 2344
1581 2344
96 2345
1034 2346
1081 2347
73 2348
783 2349
5 2350
456 2350
1198 2350
1971 2350
128 2351
860 2351
1365 2351
1413 2351
1986 2351
7 2352
708 2352
39 2353
1135 2354
617 2355
267 2356
320 2357
930 2357
1422 2357
2036 2357
774 2358
1812 2358
2006 2358
8 2359
609 2359
1095 2359
1102 2359
1263 2359
1395 2359
1459 2359
1713 2359
1885 2359
627 2360
1974 2360
54 2361
1 2362
782 2362
1801 2362
450 2363
630 2364
504 2365
1163 2365
708 2366
63 2367
1535 2367
2129 2367
518 2368
16 2369
1334 2370
5 2371
1971 2371
115 2372
1026 2372
1476 2372
1026 2373
90 2374
105 2374
165 2374
176 2374
1417 2374
2242 2374
1360 2375
1172 2376
11 2377
54 2378
2017 2379
85 2380
11 2381
1641 2382
13 2383
17 2383
140 2383
409 2383
1519 2383
253 2384
742 2384
1055 2384
2367 2384
1812 2385
243 2386
135 2387
859 2387
2062 2387
2063 2388
2359 2388
518 2389
1773 2390
16 2391
1305 2392
178 2393
425 2393
139 2394
1026 2395
1253 2395
1382 2395
1832 2395
1809 2396
881 2397
127 2398
137 2398
172 2399
145 2400
195 2400
234 2400
1455 2400
2061 2400
2299 2400
3 2401
5 2401
6 2401
10 2401
63 2401
182 2401
205 2401
257 2401
320 2401
456 2401
485 2401
494 2401
874 2401
1115 2401
1121 2401
1193 2401
1398 2401
2255 2401
2304 2401
105 2402
276 2402
206 2403
9 2404
234 2404
757 2404
1024 2404
110 2405
715 2405
1936 2405
999 2406
1910 2407
958 2408
61 2409
1172 2410
8 2411
1083 2411
1089 2411
1360 2411
9 2412
25 2412
43 2412
51 2412
59 2412
134 2412
294 2412
316 2412
416 2412
705 2412
759 2412
1109 2412
1159 2412
1214 2412
1537 2412
1656 2412
2017 2412
2045 2412
2097 2412
108 2413
54 2414
63 2414
1 2415
206 2416
63 2417
1558 2417
94 2418
997 2419
25 2420
1198 2421
1814 2421
1961 2421
102 2422
339 2422
378 2422
248 2423
1707 2423
177 2424
8 2425
16 2426
2042 2426
39 2427
99 2427
516 2427
210 2428
891 2429
1341 2429
1531 2430
1856 2430
1974 2431
433 2432
130 2433
1231 2433
339 2434
1659 2434
1369 2435
1014 2436
288 2437
96 2438
234 2439
118 2440
1164 2441
27 2442
140 2442
759 2443
54 2444
947 2445
762 2446
905 2446
1828 2446
234 2447
335 2448
1733 2448
177 2449
418 2450
489 2450
827 2451
4 2452
10 2452
25 2452
43 2452
59 2452
71 2452
248 2452
316 2452
451 2452
705 2452
759 2452
782 2452
1114 2452
1248 2452
2017 2452
2021 2452
2030 2452
73 2453
947 2453
1701 2453
735 2454
2155 2454
1798 2455
12 2456
257 2456
1902 2456
2446 2457
234 2458
27 2459
140 2459
1670 2460
833 2461
8 2462
1800 2463
338 2464
39 2465
1947 2465
2063 2466
2359 2466
2274 2467
25 2468
1538 2468
50 2469
66 2469
410 2470
739 2470
177 2471
554 2472
154 2473
366 2473
1003 2473
1363 2473
1685 2473
17 2474
63 2474
168 2474
974 2474
16 2475
518 2475
1017 2476
1485 2476
17 2477
429 2477
1912 2478
208 2479
220 2479
248 2479
251 2479
285 2479
742 2479
1356 2479
1484 2479
1485 2479
1735 2479
1762 2479
2095 2479
2367 2479
2414 2479
579 2480
1102 2481
8 2482
185 2483
194 2483
278 2483
310 2483
375 2483
542 2483
734 2483
818 2483
877 2483
1021 2483
1293 2483
1387 2483
1472 2483
1732 2483
1808 2483
234 2484
382 2484
1165 2484
1238 2484
1877 2484
987 2485
46 2486
30 2487
69 2487
181 2487
191 2487
242 2487
378 2487
425 2487
435 2487
523 2487
587 2487
640 2487
1571 2487
1820 2487
2217 2487
2303 2487
7 2488
234 2488
103 2489
224 2489
264 2489
932 2489
1470 2489
1694 2489
8 2490
63 2491
39 2492
1975 2493
234 2494
234 2495
402 2496
234 2497
234 2498
485 2499
1012 2499
1 2500
10 2500
450 2500
520 2500
782 2500
2096 2500
1198 2501
130 2502
2209 2502
339 2503
634 2503
2359 2504
3 2505
1014 2505
2452 2505
1050 2506
63 2507
301 2507
572 2507
599 2507
697 2507
699 2507
1156 2507
1669 2507
579 2508
2448 2509
51 2510
316 2510
414 2510
852 2510
2045 2510
2076 2510
63 2511
764 2511
2001 2511
1223 2512
109 2513
518 2514
1456 2515
52 2516
764 2516
1193 2516
2408 2516
172 2517
1124 2518
1354 2519
2327 2519
451 2520
1387 2520
1825 2520
199 2521
7 2522
539 2523
1229 2524
620 2525
1298 2525
135 2526
254 2526
1109 2526
52 2527
682 2527
109 2528
51 2529
91 2530
165 2530
635 2530
1753 2530
2036 2531
39 2532
73 2533
242 2534
472 2534
923 2535
188 2536
15 2537
2359 2538
281 2539
1347 2539
2500 2539
2357 2540
1223 2541
396 2542
1030 2542
130 2543
7 2544
340 2544
1461 2544
232 2545
11 2546
1690 2546
2168 2546
890 2547
1577 2547
1538 2548
51 2549
192 2549
787 2549
1082 2549
1232 2549
1798 2549
1875 2549
2021 2549
2365 2549
627 2550
2 2551
1398 2551
2131 2551
1520 2552
119 2553
2160 2553
1607 2554
910 2555
16 2556
63 2557
5 2558
75 2559
10 2560
1531 2560
1856 2560
1034 2561
63 2562
1558 2562
54 2563
9 2564
75 2564
320 2564
626 2564
1398 2564
2119 2564
2245 2564
2412 2564
2443 2564
45 2565
774 2565
817 2565
61 2566
75 2567
7 2568
2175 2568
1657 2569
130 2570
351 2570
449 2570
1580 2570
234 2571
787 2571
2097 2571
1146 2572
154 2573
165 2573
313 2574
434 2574
487 2574
1708 2574
1990 2574
1474 2575
2172 2575
239 2576
1166 2576
5 2577
267 2578
1124 2579
938 2580
1562 2581
657 2582
1306 2582
147 2583
450 2583
2412 2583
2452 2583
63 2584
859 2585
640 2586
471 2587
674 2587
1910 2588
177 2589
2063 2589
2359 2589
2481 2589
1089 2590
25 2591
135 2592
316 2593
852 2593
2012 2593
54 2594
20 2595
22 2595
102 2595
104 2595
2051 2595
260 2596
985 2596
73 2597
1541 2597
1672 2597
2064 2597
10 2598
2412 2599
1992 2600
1508 2601
316 2602
270 2603
17 2604
63 2604
73 2605
335 2606
719 2606
1248 2606
1432 2606
1481 2606
1582 2606
1787 2606
9 2607
130 2607
215 2607
1055 2607
1212 2607
1707 2607
2017 2608
141 2609
360 2610
335 2611
381 2612
453 2612
1200 2612
1307 2612
1837 2612
3 2613
8 2613
9 2613
50 2613
95 2613
112 2613
234 2613
313 2613
325 2613
340 2613
358 2613
456 2613
515 2613
759 2613
770 2613
1134 2613
1357 2613
1360 2613
1375 2613
1656 2613
1980 2613
2014 2613
2036 2613
2551 2613
39 2614
468 2614
2226 2614
774 2615
63 2616
759 2616
770 2616
843 2616
1112 2616
2559 2616
2567 2616
102 2617
1296 2617
262 2618
742 2619
2367 2619
248 2620
8 2621
147 2622
804 2622
1360 2622
1378 2622
2412 2622
2452 2622
125 2623
172 2623
175 2623
298 2623
332 2623
388 2623
428 2623
458 2623
531 2623
543 2623
632 2623
660 2623
776 2623
795 2623
884 2623
934 2623
1178 2623
1217 2623
1315 2623
1350 2623
1507 2623
1721 2623
1723 2623
2072 2623
2164 2623
2251 2623
2614 2623
269 2624
334 2624
2 2625
34 2625
1563 2625
1674 2625
2036 2625
2613 2625
262 2626
708 2627
4 2628
1431 2628
111 2629
1864 2629
479 2630
110 2631
16 2632
385 2632
17 2633
464 2633
139 2634
234 2635
1977 2635
1979 2636
494 2637
588 2637
17 2638
52 2638
758 2639
7 2640
2227 2640
248 2641
111 2642
872 2642
1400 2643
2274 2643
2279 2643
267 2644
1558 2645
109 2646
2299 2646
1672 2647
25 2648
7 2649
1238 2649
1266 2650
16 2651
832 2651
1065 2651
2214 2651
800 2652
1604 2652
118 2653
1024 2653
518 2654
41 2655
188 2655
377 2655
409 2655
514 2655
541 2655
728 2655
762 2655
810 2655
905 2655
1087 2655
1388 2655
1483 2655
2105 2655
233 2656
376 2656
796 2656
807 2656
1102 2656
1216 2656
1294 2656
1395 2656
1459 2656
1543 2656
1868 2656
1885 2656
2471 2656
73 2657
757 2658
34 2659
1606 2659
691 2660
11 2661
2479 2661
640 2662
1577 2662
54 2663
63 2664
1720 2664
1 2665
611 2665
705 2665
1223 2665
1490 2665
1648 2665
1961 2665
340 2666
832 2667
16 2668
94 2668
903 2669
1464 2670
2372 2670
16 2671
832 2671
2303 2672
25 2673
778 2674
1000 2674
1514 2674
2191 2674
59 2675
2549 2675
521 2676
128 2677
321 2678
2643 2679
3 2680
90 2680
205 2680
262 2680
320 2680
506 2680
563 2680
804 2680
993 2680
1014 2680
1243 2680
1444 2680
1720 2680
2342 2680
54 2681
1141 2681
1976 2681
2141 2681
248 2682
1537 2682
1913 2683
82 2684
1172 2685
243 2686
108 2687
12 2688
14 2688
890 2688
1764 2688
2655 2688
2349 2689
20 2690
2489 2690
375 2691
16 2692
554 2693
234 2694
66 2695
563 2695
73 2696
773 2696
1541 2696
127 2697
564 2697
1280 2697
39 2698
2112 2698
1198 2699
144 2700
172 2700
175 2700
428 2700
521 2700
743 2700
1168 2700
1539 2700
2210 2700
2291 2700
7 2701
1024 2701
77 2702
409 2703
810 2703
1051 2703
1087 2703
1388 2703
1828 2703
2581 2704
298 2705
1315 2705
1635 2705
2020 2705
2159 2705
2310 2705
1299 2706
1695 2707
2640 2707
386 2708
543 2709
607 2709
382 2710
2580 2711
9 2712
407 2712
2292 2712
4 2713
759 2713
1508 2713
1786 2713
2135 2713
54 2714
504 2715
1163 2715
1813 2715
1894 2715
1946 2715
2263 2715
2571 2715
234 2716
1581 2717
674 2718
396 2719
1331 2719
3 2720
113 2720
134 2720
263 2720
1354 2720
1443 2720
1990 2720
2343 2720
999 2721
82 2722
2063 2723
559 2724
1341 2724
1889 2724
2489 2724
1704 2725
941 2726
1963 2727
1200 2728
903 2729
16 2730
832 2730
269 2731
322 2731
490 2731
831 2731
334 2732
266 2733
130 2734
1330 2735
63 2736
2479 2736
707 2737
818 2738
12 2739
984 2739
1688 2739
627 2740
698 2740
1082 2740
66 2741
1172 2742
832 2743
466 2744
2 2745
9 2745
51 2745
71 2745
86 2745
94 2745
210 2745
294 2745
363 2745
451 2745
611 2745
759 2745
1093 2745
1109 2745
1114 2745
1159 2745
1798 2745
2045 2745
2137 2745
2401 2745
2613 2745
2720 2745
242 2746
15 2747
346 2748
276 2749
804 2749
12 2750
266 2751
73 2752
196 2752
1541 2752
2351 2752
8 2753
54 2754
1 2755
6 2755
11 2755
12 2755
15 2755
63 2755
257 2755
377 2755
416 2755
487 2755
624 2755
1188 2755
1256 2755
1402 2755
2306 2755
2474 2755
2604 2755
2633 2755
2638 2755
2076 2756
688 2757
1617 2758
112 2759
430 2759
1513 2759
404 2760
15 2761
322 2761
351 2762
2177 2762
232 2763
518 2764
325 2765
1349 2766
2017 2767
1051 2768
1828 2768
1330 2769
52 2770
63 2770
1657 2770
2040 2770
2048 2770
2703 2770
1690 2771
267 2772
11 2773
351 2773
1319 2774
1905 2774
1103 2775
54 2776
7 2777
234 2777
521 2778
66 2779
14 2780
1330 2781
2448 2782
360 2783
857 2784
1384 2785
478 2786
73 2787
773 2787
82 2788
1188 2789
507 2790
1223 2791
271 2792
2727 2792
320 2793
1354 2793
96 2794
125 2794
258 2794
277 2794
519 2794
743 2794
891 2794
1008 2794
1027 2794
2222 2794
1044 2795
1303 2795
1376 2795
2478 2795
1299 2796
39 2797
45 2797
1148 2797
2709 2797
2489 2798
61 2799
2797 2799
91 2800
102 2801
1244 2802
2076 2802
2157 2802
118 2803
809 2804
2801 2804
242 2805
16 2806
2476 2807
796 2808
1755 2808
745 2809
193 2810
234 2811
16 2812
17 2812
1 2813
63 2813
157 2813
301 2813
456 2813
504 2813
506 2813
599 2813
697 2813
699 2813
782 2813
248 2814
1166 2815
209 2816
284 2816
494 2816
705 2816
1223 2816
1393 2816
1429 2816
2505 2816
1 2817
5 2817
8 2817
262 2817
281 2817
1014 2817
1114 2817
1121 2817
1245 2817
5 2818
809 2818
2734 2818
425 2819
2651 2819
1456 2820
85 2821
760 2822
559 2823
39 2824
288 2824
2794 2824
145 2825
444 2825
16 2826
579 2826
580 2826
2134 2826
2 2827
339 2828
760 2829
198 2830
1577 2831
234 2832
772 2833
1136 2833
103 2834
224 2834
862 2834
1249 2834
1058 2835
107 2836
479 2837
363 2838
1068 2838
1736 2838
2063 2839
2359 2839
90 2840
415 2841
177 2842
1369 2843
311 2844
54 2845
2597 2846
234 2847
54 2848
1172 2848
198 2849
110 2850
1238 2850
104 2851
1254 2851
1305 2852
287 2853
75 2854
2499 2854
539 2855
2834 2856
105 2857
804 2857
11 2858
13 2858
16 2858
47 2858
48 2858
62 2858
87 2858
108 2858
156 2858
541 2858
729 2858
890 2858
953 2858
2003 2858
2027 2858
2085 2858
2088 2858
2747 2858
1238 2859
54 2860
409 2861
1150 2861
39 2862
15 2863
774 2864
1187 2864
2136 2864
2506 2864
800 2865
1604 2865
468 2866
1154 2867
688 2868
1493 2868
518 2869
2818 2870
172 2871
2818 2872
923 2873
2701 2874
5 2875
820 2876
63 2877
2479 2877
11 2878
518 2878
518 2879
1286 2879
759 2880
449 2881
2419 2881
879 2882
16 2883
5 2884
2530 2884
2800 2884
2428 2885
2518 2885
201 2886
149 2887
518 2888
61 2889
757 2890
82 2891
978 2891
11 2892
518 2892
2074 2893
1616 2894
2506 2894
2 2895
652 2895
2119 2895
1229 2896
413 2897
950 2897
610 2898
1124 2899
2112 2900
1417 2901
479 2902
2022 2902
1912 2903
112 2904
1798 2905
995 2906
1611 2906
75 2907
1609 2907
141 2908
1906 2908
2359 2909
2656 2909
7 2910
1955 2911
262 2912
755 2912
1360 2913
1385 2914
2878 2915
294 2916
488 2916
755 2916
1104 2916
1355 2916
1450 2916
1889 2916
234 2917
365 2918
2817 2918
54 2919
25 2920
688 2921
54 2922
52 2923
169 2923
774 2924
1431 2924
433 2925
39 2926
18 2927
203 2927
1218 2927
1223 2927
1411 2927
2606 2928
335 2929
196 2930
1456 2931
243 2932
8 2933
339 2934
24 2935
234 2935
234 2936
1887 2937
1202 2938
2599 2938
1328 2939
1228 2940
712 2941
929 2941
1172 2942
2189 2943
138 2944
200 2944
234 2944
426 2944
1064 2944
1516 2944
1750 2944
2240 2944
2249 2944
2453 2944
16 2945
2909 2945
634 2946
832 2947
1318 2947
1541 2948
116 2949
54 2950
1089 2951
131 2952
961 2952
104 2953
5 2954
25 2955
96 2956
258 2956
277 2956
360 2956
405 2956
795 2956
1168 2956
1904 2956
2164 2956
440 2957
1736 2957
2209 2957
518 2958
896 2959
1054 2960
3 2961
360 2961
453 2961
2526 2961
16 2962
386 2962
1872 2962
1701 2963
224 2964
179 2965
234 2965
627 2966
640 2967
54 2968
509 2969
1457 2970
63 2971
45 2972
774 2972
817 2972
2483 2973
243 2974
113 2975
165 2975
313 2975
406 2975
434 2975
450 2975
545 2975
635 2975
767 2975
869 2975
878 2975
1927 2975
1941 2975
2015 2975
2149 2975
234 2976
16 2977
518 2977
799 2977
5 2978
572 2979
12 2980
1238 2981
2846 2982
234 2983
2719 2983
2476 2984
9 2985
1212 2985
1707 2985
39 2986
468 2986
2956 2986
11 2987
12 2987
15 2987
16 2987
41 2987
87 2987
130 2987
242 2987
257 2987
377 2987
416 2987
460 2987
487 2987
538 2987
624 2987
819 2987
1109 2987
1188 2987
1402 2987
1688 2987
1853 2987
2306 2987
2477 2987
2812 2987
6 2988
639 2988
1519 2988
2064 2988
39 2989
487 2990
1708 2990
8 2991
14 2991
1360 2991
1406 2991
94 2992
102 2993
2606 2993
210 2994
2017 2994
2279 2994
997 2995
2809 2995
2017 2996
1798 2997
394 2998
640 2999
103 3000
224 3000
1249 3000
12 3001
1073 3002
2258 3003
7 3004
73 3005
773 3005
621 3006
119 3007
2160 3007
266 3008
2940 3008
234 3009
1857 3009
2668 3009
670 3010
268 3011
2273 3011
39 3012
1166 3013
54 3014
114 3015
365 3015
890 3015
1577 3015
759 3016
2854 3017
411 3018
112 3019
1 3020
7 3020
50 3020
59 3020
71 3020
112 3020
182 3020
313 3020
358 3020
759 3020
1134 3020
1205 3020
2014 3020
2564 3020
2895 3020
110 3021
1627 3022
2881 3023
382 3024
2570 3024
769 3025
1834 3025
450 3026
128 3027
1136 3027
1800 3028
149 3029
2061 3029
518 3030
2917 3030
2723 3031
745 3032
347 3033
2234 3034
2481 3034
2656 3034
63 3035
234 3036
365 3037
2817 3037
11 3038
896 3038
1715 3038
172 3039
2372 3040
1954 3041
102 3042
511 3043
2865 3043
1715 3044
2334 3044
2862 3044
454 3045
33 3046
229 3047
450 3048
1374 3049
1998 3049
61 3050
1198 3051
2574 3051
2975 3051
1244 3052
340 3053
2097 3053
1808 3054
386 3055
1347 3056
2175 3057
774 3058
54 3059
511 3060
167 3061
801 3061
1516 3061
1698 3061
1750 3061
2453 3061
2963 3061
774 3062
1009 3063
234 3064
1014 3065
2816 3065
2164 3066
73 3067
134 3068
843 3068
1490 3068
52 3069
518 3070
832 3070
16 3071
234 3072
201 3073
14 3074
2794 3075
1971 3076
82 3077
196 3077
2858 3078
86 3079
182 3079
365 3079
782 3079
1013 3079
1093 3079
1520 3079
1853 3079
1172 3080
16 3081
574 3081
1356 3081
2042 3081
2487 3081
2586 3081
2967 3081
2448 3082
172 3083
731 3083
877 3084
1472 3084
1808 3084
1338 3085
108 3086
1229 3087
3084 3088
2402 3089
59 3090
1271 3090
1357 3090
1558 3090
2559 3090
2907 3090
1054 3091
182 3092
636 3092
1111 3092
1380 3092
2448 3092
168 3093
311 3093
1721 3093
579 3094
450 3095
1051 3096
1721 3097
212 3098
234 3098
460 3098
469 3098
728 3098
954 3098
1107 3098
1368 3098
627 3099
16 3100
17 3100
2344 3100
3086 3101
12 3102
984 3102
1670 3102
494 3103
908 3103
1320 3103
1946 3103
2132 3103
2341 3103
2571 3103
63 3104
39 3105
1707 3106
102 3107
339 3107
7 3108
105 3108
833 3109
2681 3109
1967 3110
218 3111
847 3111
956 3111
997 3111
1104 3111
2961 3111
1286 3112
1290 3112
2411 3112
5 3113
8 3113
518 3114
15 3115
17 3115
216 3115
456 3115
974 3115
1266 3115
1304 3115
1887 3116
8 3117
2951 3117
10 3118
2364 3118
1780 3119
111 3120
872 3120
266 3121
634 3122
54 3123
1408 3124
1789 3124
468 3125
849 3126
2483 3126
2738 3126
1052 3127
1290 3127
82 3128
9 3129
2036 3129
1839 3130
1 3131
2961 3132
365 3133
2226 3134
2595 3134
2623 3134
1223 3135
7 3136
214 3137
637 3138
1988 3138
2786 3138
755 3139
1104 3139
1450 3139
518 3140
1872 3141
1431 3142
234 3143
688 3144
1408 3145
16 3146
2546 3147
2149 3148
2106 3149
16 3150
833 3150
103 3151
224 3151
932 3151
2690 3151
2724 3151
2798 3151
2395 3152
59 3153
1721 3153
433 3154
457 3155
2854 3156
346 3157
471 3157
518 3158
1830 3159
1333 3160
7 3161
16 3162
1280 3162
460 3163
728 3163
1107 3163
51 3164
2680 3164
2132 3165
1260 3166
339 3167
634 3167
11 3168
1124 3169
232 3170
195 3171
870 3171
1397 3171
1418 3171
1455 3171
539 3172
627 3173
1201 3174
2012 3174
159 3175
840 3175
1487 3175
274 3176
436 3177
673 3177
906 3177
2161 3177
3083 3177
242 3178
2209 3178
1 3179
115 3179
153 3179
446 3179
491 3179
579 3179
642 3179
714 3179
1610 3179
1624 3179
2516 3179
2923 3179
1681 3180
688 3181
847 3181
12 3182
2483 3183
429 3184
1697 3184
234 3185
114 3186
7 3187
335 3188
1050 3189
1946 3190
3 3191
2452 3191
2189 3192
82 3193
978 3193
580 3194
63 3195
755 3196
2612 3196
341 3197
118 3198
3116 3198
422 3199
1531 3199
15 3200
1216 3201
16 3202
1280 3203
1497 3203
1531 3204
1856 3204
1253 3205
1830 3206
712 3207
2581 3207
2956 3207
1267 3208
1291 3208
59 3209
479 3210
493 3211
903 3211
52 3212
3138 3213
1910 3214
2226 3215
1485 3216
1707 3216
103 3217
2429 3217
2724 3217
7 3218
8 3218
51 3218
520 3218
680 3218
920 3218
1301 3218
2462 3219
316 3220
897 3220
2622 3220
2751 3220
12 3221
128 3222
1986 3222
8 3223
2121 3224
2717 3224
792 3225
539 3226
1896 3226
340 3227
782 3227
1114 3227
518 3228
102 3229
2128 3230
2692 3231
54 3232
630 3233
63 3234
764 3234
1223 3235
128 3236
630 3237
11 3238
2739 3239
3102 3239
73 3240
94 3241
967 3242
198 3243
8 3244
1744 3244
2951 3244
2816 3245
708 3246
2969 3246
9 3247
1913 3247
2263 3247
2613 3247
2210 3248
7 3249
999 3250
9 3251
51 3251
59 3251
294 3251
2401 3251
248 3252
487 3253
1319 3254
1081 3255
1212 3256
2922 3256
1961 3257
3206 3257
7 3258
468 3259
11 3260
1721 3260
16 3261
86 3261
832 3261
1363 3261
82 3262
234 3263
311 3264
16 3265
898 3265
297 3266
338 3266
382 3266
3227 3266
1198 3267
1833 3267
1238 3268
39 3269
2164 3269
2623 3269
944 3270
221 3271
3052 3272
3173 3272
330 3273
3171 3273
52 3274
372 3275
1357 3275
2625 3275
349 3276
1581 3276
234 3277
335 3278
1248 3278
1481 3278
1582 3278
2993 3278
16 3279
122 3280
2186 3280
52 3281
829 3282
277 3283
670 3284
52 3285
3177 3285
120 3286
134 3286
156 3286
404 3286
581 3286
667 3286
1354 3286
2688 3286
82 3287
39 3288
924 3288
1226 3288
1891 3288
2112 3288
1457 3289
3098 3289
128 3290
860 3290
1365 3290
2752 3290
1334 3291
442 3292
2129 3292
2323 3292
297 3293
1256 3293
1965 3293
1657 3294
16 3295
827 3296
454 3297
1802 3298
1320 3299
1724 3299
1741 3299
950 3300
2846 3300
418 3301
134 3302
455 3302
920 3302
1114 3302
1245 3302
1347 3302
2665 3302
2791 3302
160 3303
503 3303
1325 3303
1418 3303
1677 3303
2240 3303
90 3304
39 3305
2956 3305
518 3306
2918 3306
1877 3307
39 3308
468 3308
518 3309
27 3310
262 3311
580 3312
1381 3312
1669 3312
346 3313
234 3314
214 3315
662 3315
234 3316
2097 3316
539 3317
360 3318
121 3319
2570 3319
1657 3320
39 3321
75 3322
208 3322
1641 3322
108 3323
551 3324
623 3324
1215 3324
1807 3324
4 3325
916 3325
1223 3325
2029 3325
2339 3325
2817 3325
2912 3325
3311 3325
118 3326
94 3327
2975 3328
1800 3329
1773 3330
2992 3330
16 3331
2843 3332
9 3333
34 3333
243 3333
596 3333
626 3333
692 3333
2033 3333
2203 3333
2683 3333
3247 3333
2099 3334
3 3335
7 3335
248 3335
404 3335
450 3335
1519 3335
2412 3335
2755 3335
16 3336
807 3337
232 3338
8 3339
262 3339
1014 3339
1205 3339
1245 3339
1520 3339
2791 3339
2816 3339
2927 3339
3135 3339
149 3340
2757 3340
91 3341
54 3342
2149 3343
2535 3344
1187 3345
2136 3345
18 3346
71 3346
134 3346
203 3346
363 3346
756 3346
1081 3346
2720 3346
1116 3347
214 3348
268 3349
2674 3349
674 3350
395 3351
1092 3351
1270 3351
1864 3351
2962 3351
16 3352
1260 3353
334 3354
3198 3355
2067 3356
1889 3357
17 3358
2755 3358
2125 3359
63 3360
1558 3360
274 3361
2212 3361
234 3362
815 3363
2275 3363
1 3364
323 3364
905 3364
2977 3364
192 3365
1017 3365
1957 3365
1604 3366
573 3367
770 3367
1076 3367
1518 3367
1913 3367
266 3368
539 3368
2790 3368
25 3369
450 3370
118 3371
268 3372
99 3373
1024 3373
2516 3373
171 3374
429 3375
3184 3376
39 3377
339 3377
1659 3377
2226 3377
108 3378
3101 3378
2359 3379
54 3380
16 3381
216 3381
379 3381
1215 3381
1381 3381
3368 3381
16 3382
579 3382
1114 3383
7 3384
978 3385
688 3386
1073 3387
1573 3388
1657 3388
2048 3388
2655 3388
2703 3388
266 3389
2790 3389
3381 3389
11 3390
97 3390
258 3390
277 3390
633 3390
1539 3390
2434 3390
2828 3390
3167 3390
3377 3390
518 3391
792 3391
832 3391
1381 3391
807 3392
2554 3393
1024 3394
2401 3394
2499 3394
289 3395
391 3395
351 3396
1831 3397
518 3398
1363 3399
6 3400
66 3400
621 3400
903 3400
1061 3400
1114 3400
1491 3400
1927 3400
288 3401
468 3401
774 3401
391 3402
16 3403
1732 3403
1216 3404
2096 3404
2150 3404
3302 3404
118 3405
8 3406
288 3407
2606 3408
382 3409
2141 3409
12 3410
2702 3410
234 3411
2067 3412
73 3413
234 3414
278 3414
796 3414
2359 3415
20 3416
2489 3416
826 3417
1334 3418
85 3419
1918 3419
134 3420
407 3420
1398 3420
1971 3420
2292 3420
3400 3420
1384 3421
579 3422
339 3423
950 3424
54 3425
385 3426
414 3426
1753 3426
66 3427
691 3428
3022 3429
16 3430
518 3430
2535 3431
1408 3432
3283 3432
8 3433
2374 3434
1073 3435
340 3436
1333 3436
1860 3437
2448 3438
94 3439
1509 3440
2530 3440
234 3441
1516 3441
2240 3441
2249 3441
450 3442
640 3443
3081 3443
518 3444
1 3445
2 3445
3 3445
15 3446
368 3447
1185 3447
1596 3447
1904 3447
2222 3447
2866 3447
2986 3447
3125 3447
3401 3447
1593 3448
2656 3448
518 3449
3268 3449
903 3450
2662 3450
4 3451
6 3451
55 3451
159 3451
193 3451
330 3451
515 3451
663 3451
1109 3451
1211 3451
2404 3451
2890 3451
2 3452
4 3452
6 3452
43 3452
59 3452
1786 3452
1672 3453
450 3454
639 3454
1000 3455
2485 3455
382 3456
2011 3456
2164 3457
149 3458
1356 3459
2623 3459
2794 3459
75 3460
208 3460
1641 3460
2051 3461
15 3462
108 3463
3027 3463
3116 3464
3175 3464
2758 3465
2506 3466
2125 3467
208 3468
1406 3468
1434 3468
3115 3468
68 3469
7 3470
2555 3471
26 3472
54 3472
59 3472
1141 3472
1867 3472
1913 3472
54 3473
110 3474
16 3475
210 3476
2017 3476
1406 3477
386 3478
1280 3479
85 3480
2400 3480
1050 3481
17 3482
48 3482
108 3482
124 3482
130 3482
156 3482
179 3482
297 3482
356 3482
548 3482
819 3482
890 3482
953 3482
1084 3482
1358 3482
1577 3482
1600 3482
1601 3482
1712 3482
1865 3482
1948 3482
2003 3482
2088 3482
2243 3482
2290 3482
2344 3482
2987 3482
3115 3482
3446 3482
3462 3482
381 3483
453 3483
3111 3483
1988 3484
613 3485
262 3486
65 3487
942 3487
3006 3487
2226 3488
738 3489
756 3489
2059 3489
1297 3490
8 3491
1083 3491
1089 3491
2852 3491
3112 3491
7 3492
2542 3492
341 3493
118 3494
1457 3494
1243 3495
290 3496
113 3497
2885 3498
691 3499
487 3500
1715 3501
193 3502
1520 3502
2575 3503
460 3504
1943 3504
2371 3504
3076 3504
3420 3504
2574 3505
109 3506
142 3506
927 3506
1398 3506
196 3507
1535 3507
487 3508
108 3509
396 3510
11 3511
2995 3512
450 3513
1188 3514
1266 3514
1936 3515
1992 3516
14 3517
39 3517
1614 3518
1459 3519
1998 3519
3199 3519
367 3520
1505 3520
1288 3521
521 3522
229 3523
54 3524
489 3525
2366 3526
672 3527
146 3528
544 3528
2226 3528
2345 3528
2438 3528
2956 3528
926 3529
929 3529
1420 3529
2253 3529
2407 3529
2857 3530
2975 3530
1198 3531
2975 3531
1670 3532
3239 3532
487 3533
1054 3534
372 3535
1 3536
313 3536
903 3536
1990 3536
2957 3536
970 3537
2452 3537
19 3538
2473 3538
24 3539
234 3540
2928 3540
234 3541
565 3541
1955 3542
340 3543
1461 3543
1654 3543
3175 3543
311 3544
518 3544
1721 3544
243 3545
340 3545
537 3545
2128 3545
2616 3545
3367 3545
16 3546
12 3547
118 3547
1101 3547
5 3548
757 3548
784 3548
1121 3548
1205 3548
1520 3548
2078 3548
2144 3548
3135 3548
3325 3548
141 3549
112 3550
1243 3551
2802 3551
1334 3552
112 3553
784 3554
1990 3555
3412 3555
2448 3556
2022 3557
2559 3558
54 3559
66 3560
849 3561
2738 3561
1 3562
102 3563
1228 3564
1521 3564
2166 3564
2112 3565
96 3566
258 3566
332 3566
341 3566
405 3566
747 3566
1027 3566
1539 3566
1904 3566
2222 3566
2330 3566
2335 3566
2866 3566
3401 3566
897 3567
1360 3567
16 3568
14 3569
853 3569
96 3570
3528 3570
521 3571
16 3572
267 3573
1657 3574
1230 3575
2183 3575
2823 3575
51 3576
248 3576
1017 3576
1082 3576
1109 3576
2813 3576
5 3577
2574 3577
3360 3577
266 3578
1034 3579
5 3580
3102 3581
63 3582
724 3582
756 3582
764 3582
2405 3582
772 3583
442 3584
404 3585
144 3586
175 3586
428 3586
455 3586
1168 3586
2291 3586
579 3587
63 3588
764 3588
1193 3588
2203 3589
340 3590
1142 3590
2680 3591
2695 3591
5 3592
9 3592
53 3592
407 3592
1068 3592
1398 3592
1736 3592
2119 3592
2574 3592
2975 3592
234 3593
130 3594
63 3595
1796 3595
957 3596
2833 3597
897 3598
2097 3599
108 3600
1223 3601
3339 3601
16 3602
3464 3603
4 3604
6 3604
26 3604
122 3604
135 3604
159 3604
330 3604
335 3604
487 3604
515 3604
573 3604
1223 3604
2658 3604
2890 3604
367 3605
757 3605
66 3606
2149 3607
384 3608
1755 3608
105 3609
1780 3610
2082 3611
63 3612
267 3613
52 3614
5 3615
2530 3615
1264 3616
313 3617
16 3618
518 3618
54 3619
1165 3620
3449 3621
15 3622
9 3623
59 3623
774 3624
1077 3624
39 3625
10 3626
520 3626
2539 3626
22 3627
34 3627
537 3627
1236 3627
1451 3627
1679 3627
1849 3627
2005 3627
2123 3627
386 3628
1783 3629
2110 3629
54 3630
234 3631
7 3632
128 3632
158 3632
291 3632
352 3632
646 3632
772 3632
1064 3632
1629 3632
1907 3632
1931 3632
2045 3632
2696 3632
2948 3632
1773 3633
25 3634
2756 3635
135 3636
335 3637
3438 3637
267 3638
63 3639
404 3640
974 3640
646 3641
5 3642
3245 3643
6 3644
17 3644
234 3644
1363 3644
3079 3644
755 3645
1104 3645
1450 3645
3363 3646
1384 3647
130 3648
1102 3649
3034 3649
1373 3650
1649 3650
1903 3650
1809 3651
2971 3651
1457 3652
86 3653
182 3653
365 3653
1013 3653
2125 3654
54 3655
192 3656
335 3656
787 3656
772 3657
1357 3658
745 3659
109 3660
925 3661
3420 3661
12 3662
33 3663
1812 3663
54 3664
1248 3665
267 3666
11 3667
1905 3668
2908 3668
1615 3669
2183 3670
2823 3670
3412 3671
311 3672
404 3673
2894 3674
1216 3675
2096 3675
3302 3675
840 3676
3566 3676
216 3677
768 3677
1811 3677
147 3678
2452 3678
1701 3679
1910 3680
2941 3680
387 3681
1052 3681
221 3682
1674 3683
11 3684
168 3684
311 3684
3120 3684
412 3685
5 3686
1333 3686
1961 3686
66 3687
39 3688
2956 3688
8 3689
3213 3689
947 3690
755 3691
2713 3692
3208 3693
351 3694
372 3694
2 3695
7 3695
1114 3695
2119 3695
4 3696
10 3696
66 3696
126 3696
456 3696
1357 3696
1367 3696
1567 3696
1980 3696
2010 3696
2120 3696
2625 3696
135 3697
859 3697
3624 3698
82 3699
873 3700
2822 3700
2823 3701
107 3702
68 3703
73 3704
373 3704
193 3705
2881 3706
1207 3707
1433 3707
2585 3707
638 3708
2612 3708
3558 3709
2 3710
3 3710
640 3711
3512 3712
1755 3713
518 3714
3448 3715
122 3716
1330 3717
1230 3718
2183 3718
2823 3718
3138 3719
73 3720
1694 3720
2266 3720
82 3721
3159 3722
3699 3722
12 3723
82 3724
670 3725
8 3726
1360 3726
1260 3727
39 3728
3586 3728
3363 3729
33 3730
507 3731
3368 3731
3389 3731
2448 3732
3111 3733
2587 3734
1234 3735
770 3736
2559 3736
2567 3736
15 3737
61 3737
294 3737
3482 3737
1172 3738
1419 3739
16 3740
182 3741
229 3741
2344 3741
554 3742
1284 3743
96 3744
39 3745
16 3746
2 3747
9 3747
51 3747
210 3747
363 3747
611 3747
1093 3747
1109 3747
1798 3747
2137 3747
2401 3747
2720 3747
3 3748
291 3748
1604 3748
16 3749
518 3749
832 3749
2226 3750
947 3751
33 3752
340 3752
680 3752
782 3752
1330 3752
1411 3752
486 3753
232 3754
1081 3755
793 3756
2873 3756
3668 3756
456 3757
1041 3758
372 3759
1678 3760
2914 3760
2141 3761
130 3762
2306 3763
2702 3763
381 3764
1200 3764
1307 3764
3196 3764
3708 3764
172 3765
731 3765
411 3766
118 3767
1254 3768
2554 3768
3304 3769
269 3770
334 3770
1219 3770
234 3771
232 3772
63 3773
1 3774
4 3774
45 3774
438 3774
456 3774
504 3774
506 3774
699 3774
764 3774
908 3774
1090 3774
1127 3774
1223 3774
2452 3774
2682 3774
3576 3774
1333 3775
1971 3775
73 3776
199 3777
445 3777
681 3777
85 3778
1172 3779
59 3780
431 3781
688 3781
335 3782
3044 3782
82 3783
168 3784
1284 3785
3359 3786
130 3787
2818 3787
5 3788
7 3788
9 3788
10 3788
105 3788
267 3788
325 3788
974 3788
1333 3788
1490 3788
1601 3788
1725 3788
1833 3788
2097 3788
2574 3788
2755 3788
3500 3788
3508 3788
3533 3788
122 3789
208 3790
248 3790
251 3790
742 3790
1485 3790
2095 3790
2661 3790
487 3791
488 3791
745 3792
627 3793
518 3794
1297 3795
979 3796
579 3797
2802 3798
86 3799
470 3799
488 3799
897 3799
554 3800
774 3801
2286 3801
25 3802
2737 3803
3538 3804
640 3805
686 3806
3299 3806
73 3807
1323 3807
1541 3807
1701 3807
1749 3807
2944 3807
39 3808
1 3809
674 3810
96 3811
586 3812
3536 3813
394 3814
188 3815
16 3816
2344 3816
103 3817
3651 3817
1384 3818
3036 3818
63 3819
5 3820
273 3820
298 3820
1471 3820
1202 3821
15 3822
3482 3822
1531 3823
518 3824
2282 3825
3112 3826
52 3827
2703 3827
54 3828
1976 3829
108 3830
66 3831
3689 3832
2105 3833
3326 3833
147 3834
1357 3835
35 3836
52 3836
118 3836
130 3836
163 3836
204 3836
269 3836
432 3836
493 3836
523 3836
1126 3836
1252 3836
1457 3836
1556 3836
1820 3836
2062 3836
2073 3836
2480 3836
3179 3836
3422 3836
3689 3837
7 3838
94 3838
294 3838
755 3838
1682 3838
729 3839
300 3840
2126 3840
2600 3840
3516 3840
613 3841
10 3842
54 3843
10 3844
996 3844
16 3845
311 3846
343 3846
3536 3846
16 3847
1054 3848
1457 3849
3098 3849
3130 3849
486 3850
2775 3850
2489 3851
229 3852
633 3853
1415 3853
2374 3854
3824 3855
635 3856
1254 3856
1419 3857
521 3858
2448 3859
112 3860
3405 3860
521 3861
56 3862
3219 3862
324 3863
2056 3863
1721 3864
1955 3865
73 3866
196 3866
1817 3866
2151 3866
3027 3866
3632 3866
2866 3867
16 3868
965 3868
3541 3868
3351 3869
1005 3870
657 3871
1558 3871
142 3872
1024 3872
1994 3872
2067 3873
104 3874
425 3875
109 3876
2299 3876
15 3877
12 3878
335 3879
2341 3880
1508 3881
233 3882
364 3882
609 3882
796 3882
807 3882
1102 3882
1233 3882
1263 3882
1459 3882
1543 3882
1868 3882
1885 3882
2449 3882
1285 3883
634 3884
3575 3884
234 3885
223 3886
2320 3886
3127 3886
518 3887
267 3888
376 3888
7 3889
10 3890
178 3890
692 3890
1120 3890
1225 3890
1286 3890
1406 3890
1419 3890
2375 3890
2411 3890
3567 3890
2995 3891
873 3892
2234 3893
2481 3893
2692 3894
3083 3894
1958 3895
268 3896
1558 3897
2748 3897
11 3898
15 3899
1365 3900
3 3901
54 3902
99 3903
574 3903
832 3903
1302 3903
1356 3903
2662 3903
2967 3903
3805 3903
216 3904
379 3904
410 3904
507 3904
562 3904
580 3904
1053 3904
1215 3904
1963 3904
2751 3904
2986 3905
1906 3906
3668 3906
14 3907
7 3908
1912 3909
9 3910
184 3910
234 3910
464 3910
1568 3910
1657 3910
1763 3910
2456 3910
2987 3910
271 3911
479 3911
239 3912
1166 3912
1517 3913
978 3914
14 3915
450 3915
643 3915
1259 3915
1980 3915
2905 3915
2535 3916
1509 3917
2043 3917
2530 3917
2606 3918
3295 3919
3283 3920
489 3921
1137 3922
3547 3922
9 3923
3696 3923
234 3924
3246 3924
1166 3925
1737 3925
1830 3925
518 3926
379 3927
198 3928
2989 3928
2758 3929
3871 3930
783 3931
1537 3932
2969 3932
745 3933
483 3934
1198 3935
1457 3935
2987 3935
4 3936
412 3936
25 3937
1423 3937
2505 3937
3583 3937
1315 3938
1471 3938
1635 3938
2310 3938
757 3939
2412 3939
3746 3939
2352 3940
2627 3940
3246 3940
118 3941
179 3942
592 3942
774 3942
1148 3942
1947 3942
2050 3942
2389 3942
2623 3942
66 3943
2067 3944
188 3945
2427 3945
297 3946
502 3946
1965 3946
127 3947
1216 3948
102 3949
2068 3949
543 3950
2318 3950
3942 3950
2985 3951
699 3952
3365 3952
206 3953
3095 3953
487 3954
11 3955
130 3955
168 3955
564 3955
890 3955
1406 3955
1719 3955
3286 3955
3179 3956
82 3957
7 3958
518 3959
234 3960
824 3960
510 3961
635 3962
680 3962
2334 3963
2862 3963
518 3964
2915 3964
782 3965
1114 3965
382 3966
2452 3966
82 3967
1154 3968
985 3969
2992 3970
118 3971
1519 3971
1244 3972
269 3973
739 3974
73 3975
1701 3975
1243 3976
1975 3976
2802 3976
33 3977
2 3978
2809 3979
3891 3979
2242 3980
539 3981
25 3982
153 3982
2438 3982
267 3983
1384 3984
20 3985
450 3985
1282 3985
1341 3985
1780 3986
147 3987
2412 3987
1345 3988
660 3989
1356 3989
823 3990
2560 3991
1166 3992
450 3993
453 3993
1014 3993
308 3994
1446 3994
1188 3995
1266 3995
3156 3996
774 3997
1782 3997
116 3998
3487 3999
73 4000
3441 4000
