5 12
10 15
12 22
11 44
17 52
51 55
13 61
3 63
14 67
34 69
38 69
44 69
37 70
69 70
6 74
34 78
53 78
52 87
5 92
25 95
66 95
81 103
95 107
6 110
5 111
23 111
41 111
95 111
5 120
11 120
16 120
24 120
48 120
72 124
80 124
95 124
119 124
29 131
95 132
129 133
96 135
5 139
111 139
10 140
100 140
124 140
130 140
5 147
15 147
22 147
103 147
120 147
34 148
11 149
43 151
120 154
95 157
95 159
12 161
20 161
120 161
126 161
5 164
6 166
108 167
95 168
6 169
160 172
111 173
43 174
120 175
80 178
147 178
148 185
140 187
187 188
8 197
129 197
139 197
111 199
139 199
169 199
80 200
120 201
95 206
2 207
27 207
112 207
197 207
199 207
131 210
71 216
6 217
156 219
145 221
111 222
8 223
199 224
104 226
172 231
107 232
172 232
103 234
205 237
199 240
111 241
54 242
172 242
111 243
35 244
223 245
95 248
242 249
3 250
95 251
60 252
223 252
43 253
242 255
44 257
120 260
175 260
111 261
95 262
5 264
111 264
124 264
43 266
131 270
52 276
43 277
16 278
5 279
161 283
111 287
213 287
5 289
56 289
76 289
113 289
230 289
95 290
111 291
139 291
111 296
187 296
135 300
111 301
225 303
178 309
289 309
12 311
69 313
120 316
148 325
148 329
68 330
103 330
146 330
10 332
155 333
220 333
148 339
153 340
48 342
260 342
316 342
11 343
249 348
12 349
130 349
147 349
212 349
260 349
3 351
111 351
52 352
176 354
77 355
242 355
333 355
100 357
123 357
127 357
138 357
169 357
180 357
296 357
43 358
253 358
95 360
111 361
223 364
199 365
111 366
37 367
70 367
354 367
153 368
208 368
347 369
355 369
95 370
223 371
43 376
90 377
118 377
349 378
135 379
95 381
109 381
232 381
139 384
289 384
7 386
153 386
199 386
12 388
192 388
284 388
292 388
379 388
72 389
287 389
6 390
120 391
147 391
183 391
234 391
252 391
328 391
342 391
375 391
145 393
147 394
32 395
95 395
140 395
200 395
386 395
40 396
64 396
323 396
356 396
16 400
136 400
163 400
304 400
6 401
337 404
46 405
83 405
101 405
309 405
374 406
43 408
64 409
190 409
207 409
43 410
341 410
205 412
187 413
232 413
381 413
95 416
208 416
261 416
291 416
386 416
124 417
336 419
136 421
319 421
400 421
103 422
111 424
169 426
180 426
349 426
111 427
248 427
349 429
161 431
29 433
52 434
147 434
139 435
381 435
124 436
79 437
3 438
3 440
74 440
129 440
139 440
190 440
289 440
362 440
386 440
71 441
57 443
111 443
140 443
296 443
174 444
242 445
103 447
6 449
95 449
172 449
197 449
309 449
413 449
9 451
249 451
320 451
386 451
129 452
6 453
384 453
223 456
5 458
202 458
428 458
16 459
97 460
140 460
416 460
427 460
161 461
103 463
422 463
69 465
289 466
174 467
120 469
74 470
139 470
449 470
410 471
28 475
198 475
322 475
339 475
464 475
416 480
410 481
16 483
15 486
120 486
161 487
147 488
458 488
8 489
129 489
223 489
296 489
87 492
124 492
350 492
232 494
101 496
93 498
94 498
207 498
246 498
249 498
331 498
338 498
355 498
404 498
120 501
207 502
346 503
289 506
199 510
421 513
3 514
76 514
111 514
197 514
440 514
446 515
111 516
11 520
69 520
260 520
95 524
289 525
111 527
130 527
187 527
291 527
120 528
34 529
185 529
195 529
411 529
1 530
54 530
95 530
172 530
208 530
237 530
249 530
255 530
320 530
331 530
355 530
386 530
404 530
3 531
242 531
498 531
110 532
192 533
147 534
234 534
333 534
372 534
463 534
101 536
5 540
124 542
116 543
289 543
458 544
43 545
232 547
101 549
309 549
440 549
522 549
384 550
413 550
440 550
425 551
124 552
475 555
340 556
409 556
443 558
460 558
453 559
7 560
88 560
458 562
269 563
421 563
10 564
97 564
261 564
291 564
443 564
58 565
215 565
287 565
307 565
363 565
476 565
508 565
475 566
529 566
534 567
296 569
26 571
55 571
120 571
260 571
304 571
357 571
386 571
447 571
448 571
463 571
556 571
563 571
6 572
111 573
161 574
332 575
468 576
1 578
111 578
248 578
551 578
275 579
422 581
11 582
19 582
347 582
463 582
451 586
169 590
349 590
43 593
407 594
52 595
169 597
259 597
3 598
264 598
296 598
153 599
172 599
199 599
289 599
416 599
435 599
530 599
143 601
196 601
15 602
108 602
164 602
207 602
279 602
296 602
309 602
333 603
55 605
147 605
234 605
260 605
316 605
391 605
447 605
16 606
135 606
582 608
192 610
354 611
10 613
139 613
489 613
124 619
289 622
535 623
289 627
69 628
529 628
10 630
332 630
565 631
3 633
109 633
296 633
413 633
435 633
458 634
11 635
69 635
147 635
212 635
207 636
6 637
9 638
235 638
492 639
95 640
3 643
95 643
296 643
393 645
188 647
354 649
487 652
148 653
178 654
199 655
498 656
6 657
79 657
101 657
107 657
111 657
132 657
134 657
147 657
157 657
165 657
168 657
193 657
197 657
206 657
209 657
232 657
242 657
248 657
252 657
262 657
265 657
290 657
370 657
373 657
381 657
399 657
437 657
449 657
478 657
498 657
524 657
561 657
599 657
618 657
95 660
657 660
498 661
530 661
145 663
645 663
136 664
15 665
396 666
129 667
178 667
8 668
129 668
392 668
405 668
489 668
549 668
613 668
498 669
571 672
410 676
475 677
192 680
193 682
498 682
44 685
55 686
316 686
391 686
422 686
200 687
320 687
384 687
427 687
675 687
381 688
449 688
598 688
633 688
12 690
458 690
147 691
400 691
421 691
43 692
174 692
410 692
95 693
95 694
129 695
498 696
289 699
6 700
619 701
687 701
80 702
16 703
81 703
349 703
391 703
571 703
19 706
147 706
330 706
463 706
608 706
148 707
72 708
287 708
706 710
80 711
111 711
124 711
190 711
357 711
633 711
299 712
357 712
120 713
440 716
120 717
522 719
498 720
95 721
530 721
80 723
111 723
296 723
458 723
185 724
314 724
334 724
621 724
571 725
351 728
460 728
530 728
657 731
12 732
129 733
178 735
453 735
122 736
537 736
86 738
146 738
577 738
706 738
571 740
144 741
163 742
129 743
180 745
590 745
52 746
724 747
12 749
147 749
192 749
292 749
431 749
95 752
416 753
722 753
95 757
172 757
15 758
69 759
77 759
388 759
394 759
691 759
207 760
489 760
651 763
121 764
180 764
200 764
405 764
526 764
95 765
77 766
289 766
551 768
148 770
571 771
692 772
43 774
188 775
287 775
498 775
602 775
357 777
120 778
773 779
120 781
175 781
212 781
127 783
19 784
582 784
10 785
111 786
458 786
111 787
150 787
169 787
180 787
386 787
526 787
613 787
135 788
251 791
67 792
69 792
87 792
178 792
347 792
1 794
3 794
92 794
147 794
197 794
279 794
309 794
427 794
540 794
789 794
406 797
10 799
80 799
179 799
190 799
598 799
633 799
687 799
794 799
111 800
5 801
10 801
197 801
489 801
602 801
607 801
695 801
101 802
197 802
207 803
738 805
44 806
354 807
200 809
799 809
199 810
242 810
251 810
312 810
530 810
607 810
636 810
513 811
563 811
223 812
105 813
810 813
416 814
8 815
129 815
207 815
622 815
232 816
58 817
67 817
111 817
153 817
207 817
215 817
243 817
359 817
380 817
398 817
432 817
443 817
476 817
484 817
510 817
612 817
796 817
810 817
458 818
129 821
77 822
369 822
95 824
657 824
817 826
59 828
383 828
388 828
691 828
736 828
421 829
207 831
551 831
223 832
88 833
422 834
242 835
492 835
80 836
78 837
148 837
415 837
749 838
120 839
394 840
513 840
12 841
51 841
98 841
147 841
161 841
175 841
199 841
233 841
260 841
298 841
349 841
386 841
391 841
486 841
512 841
528 841
541 841
571 841
602 841
778 841
794 841
820 841
839 841
748 842
261 843
564 843
163 844
269 844
749 845
152 846
426 846
745 846
43 847
444 847
671 847
692 847
772 847
111 848
517 848
349 849
520 849
571 849
215 850
817 850
174 852
410 852
199 854
120 855
274 855
503 855
755 855
841 855
252 856
686 856
161 857
357 858
817 860
841 861
111 862
296 862
71 863
396 863
474 866
73 867
571 867
74 868
111 868
129 868
259 868
285 868
295 868
514 868
591 868
823 868
83 869
489 869
815 869
43 870
467 871
148 872
33 873
115 873
120 873
181 873
196 873
280 873
281 873
302 873
387 873
388 873
400 873
430 873
459 873
497 873
580 873
606 873
795 873
811 873
131 874
462 874
560 875
3 877
78 878
418 880
441 880
629 880
666 880
674 880
863 880
336 881
652 881
737 881
241 883
199 884
43 887
3 889
498 889
530 889
16 891
84 891
135 891
873 891
289 892
514 892
184 893
828 893
391 894
37 895
146 895
706 895
397 896
450 896
519 896
648 896
709 896
498 897
148 898
475 898
873 899
148 900
10 903
551 904
209 905
757 907
467 908
671 908
692 908
847 908
284 910
793 910
838 910
840 910
910 911
60 913
248 914
386 914
77 915
355 915
369 915
582 915
80 916
153 916
31 917
109 917
111 917
435 917
565 917
688 917
810 917
1 918
124 918
753 918
868 919
799 920
846 922
167 923
458 923
873 924
514 925
111 926
296 926
458 926
558 926
440 927
470 927
213 928
565 928
873 929
498 932
71 933
419 935
737 935
739 935
207 938
264 938
801 938
129 939
388 940
440 941
14 942
855 942
34 943
203 943
411 943
628 943
878 943
31 944
109 944
551 944
565 944
176 945
354 945
396 946
440 948
687 949
15 950
520 950
571 950
841 950
120 951
433 952
462 952
77 953
680 955
223 956
422 958
120 959
841 959
3 960
670 960
413 961
638 964
6 965
817 966
386 968
560 968
695 968
234 970
391 970
422 971
57 972
111 972
139 972
140 972
535 972
443 973
638 973
786 973
8 974
309 974
815 974
551 975
478 977
657 977
194 978
416 978
527 978
813 978
403 979
515 979
590 979
642 979
709 979
745 979
888 979
124 980
140 980
199 980
200 980
357 980
44 981
333 982
470 983
453 984
520 985
571 985
124 986
753 986
639 987
79 988
95 988
381 989
449 989
633 989
944 989
657 990
43 991
136 992
571 992
147 994
372 994
710 994
490 995
52 997
180 998
200 998
718 998
111 1001
498 1002
698 1002
95 1003
186 1004
779 1004
11 1007
12 1007
45 1007
147 1007
225 1007
260 1007
463 1007
511 1007
541 1007
602 1007
614 1007
665 1007
856 1007
928 1008
111 1009
708 1010
111 1011
16 1012
108 1012
457 1012
377 1013
16 1014
389 1015
708 1015
1007 1019
111 1020
810 1020
1009 1020
153 1021
357 1021
841 1022
409 1023
722 1024
986 1024
139 1026
917 1026
873 1027
259 1028
643 1028
722 1030
188 1031
223 1032
722 1033
986 1033
987 1033
514 1034
223 1035
1007 1036
223 1037
571 1038
605 1039
635 1039
717 1039
148 1040
52 1041
475 1042
16 1045
391 1045
792 1045
571 1047
605 1047
635 1047
781 1047
951 1047
95 1048
148 1049
139 1050
187 1050
920 1050
980 1050
161 1051
67 1052
147 1052
183 1052
349 1052
503 1052
1045 1052
379 1053
838 1053
196 1055
221 1055
393 1055
873 1055
50 1056
147 1056
315 1056
355 1056
595 1056
603 1056
1044 1056
177 1059
202 1059
488 1059
569 1059
396 1060
880 1060
299 1061
111 1062
291 1063
291 1064
163 1065
880 1066
657 1068
111 1069
140 1069
527 1069
622 1069
342 1070
605 1070
970 1070
1032 1071
1035 1071
873 1072
229 1074
246 1074
337 1074
404 1074
811 1075
3 1076
92 1076
139 1076
140 1076
147 1076
279 1076
309 1076
540 1076
622 1076
633 1076
775 1076
799 1076
801 1076
841 1076
111 1077
172 1080
88 1081
522 1081
565 1082
657 1083
868 1084
760 1085
16 1086
13 1088
589 1088
710 1088
321 1089
840 1089
3 1090
357 1091
1021 1091
111 1092
306 1093
419 1093
487 1093
881 1093
385 1094
204 1095
218 1095
327 1095
406 1096
5 1097
210 1097
607 1097
794 1097
938 1097
153 1098
261 1098
843 1098
706 1099
291 1100
242 1101
451 1101
492 1101
582 1101
722 1101
12 1102
30 1102
36 1102
84 1102
189 1102
227 1102
236 1102
300 1102
330 1102
400 1102
402 1102
430 1102
483 1102
491 1102
606 1102
703 1102
788 1102
838 1102
891 1102
936 1102
985 1102
421 1103
357 1104
556 1104
783 1104
103 1105
293 1105
349 1105
703 1105
921 1105
1046 1105
841 1107
129 1108
178 1108
207 1108
264 1108
309 1108
453 1108
587 1108
719 1108
744 1108
799 1108
879 1108
916 1108
13 1109
241 1111
120 1112
183 1112
289 1112
942 1112
873 1114
908 1115
11 1116
457 1116
798 1116
43 1117
18 1118
47 1118
74 1118
129 1118
166 1118
169 1118
217 1118
297 1118
453 1118
700 1118
801 1118
1097 1118
422 1119
404 1120
1074 1120
498 1121
396 1122
139 1124
489 1124
668 1124
833 1124
106 1127
156 1127
193 1127
457 1127
503 1127
606 1127
136 1129
349 1129
571 1129
1007 1129
10 1130
80 1130
591 1130
598 1130
745 1130
980 1130
638 1132
582 1133
709 1134
630 1135
787 1135
560 1136
8 1138
1054 1138
403 1139
642 1139
885 1139
71 1140
475 1141
167 1142
458 1142
1059 1142
69 1143
465 1143
421 1145
811 1145
1075 1145
349 1146
571 1146
54 1147
94 1147
95 1147
226 1147
255 1147
256 1147
404 1147
531 1147
657 1147
810 1147
835 1147
1101 1147
465 1148
223 1150
197 1151
688 1151
810 1151
817 1151
1 1152
211 1152
386 1152
657 1152
801 1152
892 1152
978 1152
77 1153
355 1153
915 1153
1133 1153
801 1154
902 1154
37 1155
149 1155
317 1155
534 1155
691 1155
730 1155
1088 1155
1109 1155
530 1156
578 1156
975 1156
935 1157
657 1159
697 1159
460 1161
584 1161
498 1163
530 1163
498 1164
111 1165
271 1166
320 1166
499 1166
658 1166
728 1166
1132 1166
16 1168
124 1169
842 1169
416 1172
492 1172
1152 1172
77 1173
199 1174
557 1174
80 1175
1079 1175
43 1176
657 1177
242 1178
101 1179
974 1179
560 1180
11 1181
106 1181
759 1181
1102 1181
868 1182
941 1182
1033 1183
422 1184
357 1185
405 1186
694 1186
869 1186
435 1187
149 1188
1116 1188
1 1189
124 1189
639 1189
475 1190
59 1192
691 1192
736 1192
893 1192
199 1193
722 1194
638 1195
291 1196
443 1196
498 1198
897 1198
81 1199
422 1199
759 1199
460 1201
564 1201
275 1202
289 1202
543 1202
619 1203
117 1204
388 1204
1088 1204
475 1206
15 1207
223 1208
1118 1209
207 1210
111 1211
1007 1212
546 1213
768 1213
1030 1213
127 1214
140 1214
180 1214
264 1214
296 1214
299 1214
349 1214
427 1214
564 1214
571 1214
596 1214
626 1214
711 1214
712 1214
777 1214
799 1214
980 1214
120 1215
15 1216
32 1216
111 1216
207 1216
264 1216
309 1216
384 1216
427 1216
787 1216
801 1216
207 1217
960 1218
1102 1220
533 1221
749 1221
78 1222
148 1222
943 1222
212 1223
841 1223
1038 1223
1047 1223
1007 1224
657 1225
104 1226
172 1226
249 1226
404 1226
499 1226
568 1226
1034 1226
1101 1226
1123 1226
1161 1227
498 1228
813 1228
1147 1228
458 1229
1214 1232
749 1233
263 1234
643 1234
223 1235
355 1238
1153 1238
724 1239
451 1241
530 1241
207 1243
343 1244
1188 1244
210 1245
296 1245
527 1245
578 1245
691 1246
947 1246
1116 1246
565 1247
207 1248
253 1249
706 1251
994 1251
1088 1251
108 1252
792 1252
873 1253
37 1254
354 1254
111 1255
130 1255
197 1255
556 1255
591 1255
863 1255
948 1255
1171 1255
140 1256
858 1256
199 1257
691 1258
16 1259
571 1260
404 1261
1074 1261
199 1263
172 1264
470 1265
1102 1266
148 1267
837 1267
943 1267
792 1268
817 1268
289 1269
289 1270
232 1272
710 1274
16 1275
873 1276
873 1277
346 1278
391 1278
1116 1278
192 1280
955 1280
124 1281
389 1281
615 1282
918 1282
1030 1282
462 1283
139 1284
140 1284
535 1284
623 1284
565 1285
19 1286
355 1286
111 1287
817 1287
95 1288
152 1290
357 1290
450 1290
515 1290
624 1290
882 1290
912 1290
931 1290
934 1290
969 1290
1205 1290
1256 1290
130 1291
207 1291
556 1291
591 1291
874 1291
1214 1291
1256 1291
148 1293
529 1293
724 1293
873 1294
1290 1295
1268 1296
522 1297
1108 1297
520 1299
635 1299
781 1299
959 1299
764 1300
129 1301
133 1301
69 1302
108 1302
602 1302
1012 1302
1116 1302
1199 1302
1252 1302
873 1303
749 1304
69 1305
1252 1305
1302 1305
1074 1306
197 1307
413 1307
435 1307
123 1309
127 1309
138 1309
169 1309
296 1309
349 1309
427 1309
564 1309
709 1309
711 1309
777 1309
896 1309
1185 1309
199 1310
1174 1310
288 1311
51 1312
349 1312
520 1312
605 1312
635 1312
686 1312
87 1313
108 1313
137 1313
315 1313
353 1313
571 1313
592 1313
595 1313
766 1313
769 1313
890 1313
954 1313
997 1313
1000 1313
1007 1313
1101 1313
1155 1314
817 1316
291 1320
1284 1320
347 1322
582 1322
1173 1322
289 1323
355 1324
582 1324
172 1326
422 1327
921 1327
12 1328
120 1328
126 1328
182 1328
283 1328
455 1328
461 1328
570 1328
704 1328
793 1328
175 1329
1039 1329
1047 1329
1328 1331
21 1333
69 1333
161 1333
311 1333
569 1333
582 1333
634 1333
862 1333
926 1333
1142 1333
1273 1333
560 1334
260 1335
985 1335
1047 1335
1299 1335
49 1337
67 1337
120 1337
234 1337
6 1338
470 1338
1118 1338
124 1339
190 1339
259 1339
362 1339
453 1339
591 1339
823 1339
941 1339
128 1340
440 1340
571 1341
475 1342
451 1343
349 1344
1291 1344
333 1345
124 1346
140 1346
147 1346
384 1346
458 1346
527 1346
1050 1346
1214 1346
368 1347
987 1347
1152 1347
406 1349
95 1350
124 1352
199 1352
296 1352
1050 1352
1333 1352
468 1353
876 1353
161 1354
388 1354
793 1354
910 1354
1328 1354
844 1355
406 1356
79 1357
395 1358
602 1358
1216 1358
855 1359
905 1360
172 1364
148 1366
199 1367
1265 1369
817 1370
197 1371
489 1371
199 1372
868 1374
123 1377
87 1379
95 1379
208 1379
392 1379
460 1379
480 1379
584 1379
657 1379
688 1379
801 1379
529 1380
943 1380
120 1381
841 1381
1231 1381
435 1382
1379 1382
233 1383
841 1383
69 1384
100 1384
428 1384
488 1384
582 1384
634 1384
926 1384
1142 1384
1229 1384
199 1385
780 1385
94 1386
282 1387
1296 1388
1156 1389
10 1390
124 1390
633 1390
794 1390
809 1390
920 1390
948 1390
1076 1390
1108 1390
1317 1390
741 1391
1032 1391
1035 1391
1208 1391
817 1392
199 1393
475 1394
935 1395
1093 1395
111 1396
719 1396
1081 1396
1175 1396
1297 1396
377 1397
532 1397
44 1398
103 1398
391 1398
520 1398
534 1398
582 1398
605 1398
635 1398
1199 1398
714 1399
906 1399
72 1401
287 1401
657 1403
226 1404
404 1404
522 1405
199 1406
199 1407
69 1408
78 1408
148 1408
943 1408
8 1409
549 1409
104 1410
1226 1410
470 1411
111 1412
1011 1412
841 1413
377 1414
78 1415
148 1415
724 1415
124 1416
386 1417
392 1417
810 1417
489 1419
16 1420
153 1421
978 1421
1 1422
35 1422
76 1422
208 1422
386 1422
443 1422
657 1422
801 1422
810 1422
978 1422
1194 1422
1347 1422
1290 1423
657 1424
413 1426
1191 1426
619 1427
939 1427
1102 1428
99 1429
101 1429
130 1429
294 1429
364 1429
456 1429
549 1429
641 1429
654 1429
668 1429
1035 1429
1073 1429
1208 1429
1235 1429
1279 1429
1302 1429
129 1430
821 1430
16 1431
810 1432
149 1434
1181 1434
873 1435
498 1436
364 1437
868 1437
1339 1437
638 1441
817 1442
657 1443
9 1444
62 1444
320 1444
345 1444
386 1444
480 1444
586 1444
728 1444
753 1444
1101 1444
1123 1444
1241 1444
1343 1444
1404 1444
289 1445
349 1446
520 1446
951 1446
1047 1446
1329 1446
1108 1447
1152 1448
207 1449
55 1450
130 1450
212 1450
745 1450
1106 1450
1214 1450
1256 1450
421 1452
571 1452
811 1452
1258 1452
6 1454
1118 1454
1209 1454
82 1455
151 1455
174 1455
358 1455
505 1455
673 1455
683 1455
692 1455
761 1455
774 1455
1117 1455
1176 1455
1249 1455
1362 1455
32 1456
289 1456
309 1456
384 1456
598 1456
775 1456
101 1457
197 1457
489 1457
1271 1458
357 1459
148 1460
565 1461
223 1462
246 1463
1074 1463
1444 1463
873 1464
935 1465
347 1466
1173 1466
1384 1467
868 1468
941 1468
386 1469
643 1469
199 1470
135 1471
406 1472
6 1473
565 1473
1118 1473
199 1477
391 1478
1282 1479
1226 1480
828 1481
873 1482
43 1484
530 1485
1163 1485
1226 1485
52 1486
12 1487
355 1487
953 1487
1101 1487
1133 1487
1173 1487
43 1488
82 1488
341 1488
471 1488
676 1488
692 1488
871 1488
1455 1488
16 1489
400 1489
513 1489
563 1489
1102 1489
1103 1489
1145 1489
1452 1489
163 1490
252 1491
289 1491
492 1491
530 1491
1056 1491
1102 1491
1147 1491
1161 1491
1313 1491
1328 1491
1487 1491
406 1492
657 1493
1118 1494
153 1495
1263 1496
172 1497
1113 1497
127 1498
409 1498
571 1498
1104 1498
604 1500
1455 1501
1488 1501
11 1502
457 1502
1188 1502
1244 1502
571 1503
724 1504
602 1505
1012 1505
1018 1505
1101 1505
1252 1505
1313 1505
111 1507
108 1508
458 1508
923 1508
1302 1508
289 1509
543 1509
579 1509
129 1511
427 1511
701 1511
1179 1511
1203 1511
1427 1511
1296 1512
86 1514
103 1514
706 1514
1126 1514
873 1515
155 1516
315 1516
355 1516
407 1516
603 1516
729 1516
873 1516
1101 1516
131 1517
433 1517
952 1517
619 1519
939 1519
114 1520
199 1521
94 1522
349 1523
745 1523
1255 1525
460 1526
1101 1526
1172 1526
1227 1526
1379 1526
579 1527
327 1528
412 1528
1095 1528
1500 1528
150 1529
169 1529
332 1529
1135 1529
155 1530
534 1530
804 1530
1345 1530
289 1531
565 1533
817 1533
657 1535
914 1535
571 1536
828 1537
1162 1537
199 1539
101 1540
197 1540
111 1541
1246 1542
749 1543
873 1544
172 1547
1108 1548
223 1549
1462 1549
1007 1550
1192 1551
498 1552
289 1553
355 1553
1226 1553
77 1554
1089 1554
1487 1554
1095 1555
873 1556
6 1557
1339 1557
749 1558
1387 1559
1251 1560
244 1561
416 1561
1379 1561
67 1564
69 1564
87 1564
178 1564
391 1564
792 1564
1045 1564
1172 1564
1252 1564
44 1565
533 1566
610 1566
680 1566
749 1566
43 1567
252 1568
792 1568
10 1569
11 1569
147 1569
260 1569
602 1569
665 1569
856 1569
1207 1569
1216 1569
1529 1569
565 1570
111 1571
396 1572
418 1572
880 1572
288 1573
108 1574
416 1574
1101 1574
1305 1574
1313 1574
1505 1574
1516 1574
579 1575
477 1577
515 1577
616 1577
734 1577
999 1577
1290 1577
29 1578
433 1578
492 1579
333 1580
43 1581
64 1582
190 1582
305 1582
863 1582
1361 1582
1498 1582
458 1583
1059 1583
1333 1583
1384 1583
180 1585
207 1585
405 1585
575 1585
630 1585
718 1585
948 1585
1300 1585
1456 1585
244 1587
368 1587
1422 1587
84 1588
135 1588
300 1588
10 1589
357 1589
1214 1589
233 1590
1383 1590
560 1591
574 1592
89 1593
236 1593
400 1593
402 1593
439 1593
479 1593
483 1593
703 1593
742 1593
811 1593
1012 1593
1086 1593
1116 1593
1275 1593
1321 1593
1420 1593
1476 1593
1489 1593
1078 1594
357 1595
1309 1595
565 1597
817 1597
406 1598
172 1599
43 1600
207 1601
1199 1602
1213 1603
1339 1604
16 1605
108 1605
1102 1605
1593 1605
1007 1606
241 1608
1593 1609
95 1610
121 1611
180 1611
200 1611
575 1611
591 1611
1130 1611
1226 1612
103 1613
342 1613
686 1613
970 1613
56 1614
63 1614
76 1614
111 1614
116 1614
248 1614
250 1614
420 1614
438 1614
440 1614
525 1614
670 1614
727 1614
762 1614
877 1614
889 1614
960 1614
1076 1614
1125 1614
15 1615
571 1615
959 1615
792 1616
817 1616
873 1616
1296 1616
10 1617
368 1617
502 1617
578 1617
668 1617
813 1617
914 1617
1020 1617
1076 1617
1118 1617
1291 1617
1417 1617
1469 1617
242 1618
445 1618
498 1618
95 1619
72 1620
100 1620
140 1620
200 1620
238 1620
264 1620
268 1620
289 1620
308 1620
440 1620
492 1620
522 1620
542 1620
552 1620
644 1620
799 1620
864 1620
918 1620
980 1620
1130 1620
1138 1620
1169 1620
1242 1620
1245 1620
1281 1620
1346 1620
1352 1620
1390 1620
1396 1620
1402 1620
1535 1620
480 1621
830 1621
687 1622
1053 1623
582 1624
1620 1627
1516 1629
95 1630
868 1632
941 1632
43 1633
714 1634
906 1634
52 1635
851 1635
351 1636
169 1638
180 1638
207 1638
526 1638
613 1638
1130 1638
1135 1638
16 1639
232 1640
388 1641
1053 1641
1108 1643
817 1644
223 1645
110 1648
174 1649
410 1649
467 1649
908 1649
657 1650
703 1651
1129 1651
1344 1651
1536 1651
12 1652
22 1652
311 1652
388 1652
428 1652
732 1652
841 1652
1102 1652
1467 1652
1487 1652
755 1653
855 1653
416 1654
1102 1655
1444 1656
817 1657
1370 1657
475 1658
12 1659
120 1659
126 1659
182 1659
283 1659
962 1659
1029 1659
1101 1659
1331 1659
1491 1659
228 1660
1488 1660
123 1661
197 1661
340 1661
368 1661
1021 1661
1061 1661
1113 1661
1459 1661
463 1662
759 1662
619 1664
687 1664
410 1665
1530 1666
140 1667
507 1667
801 1667
902 1667
34 1668
78 1668
529 1668
943 1668
873 1669
686 1670
970 1670
3 1671
514 1671
104 1672
1147 1672
1102 1673
551 1675
1213 1675
357 1676
207 1677
288 1678
1290 1678
129 1679
289 1679
1216 1679
757 1680
817 1681
402 1683
232 1684
187 1685
726 1685
1160 1685
619 1686
939 1686
126 1687
147 1687
461 1687
487 1687
548 1687
570 1687
793 1687
841 1687
857 1687
1158 1687
1240 1687
1333 1687
1491 1687
1510 1687
241 1688
34 1689
70 1689
354 1689
520 1689
635 1689
646 1689
792 1689
1143 1689
1219 1689
1408 1689
1569 1689
1647 1689
1174 1690
1328 1691
1333 1692
140 1693
188 1693
46 1694
405 1694
763 1695
377 1696
223 1698
409 1699
881 1700
736 1701
199 1702
199 1703
657 1704
111 1705
124 1705
357 1705
598 1705
1214 1705
213 1706
565 1706
207 1707
218 1708
1271 1708
1458 1708
1634 1709
1313 1711
405 1713
131 1714
286 1714
132 1715
158 1715
657 1715
1387 1715
1559 1715
386 1716
395 1716
120 1717
167 1717
391 1717
488 1717
794 1717
1007 1717
1056 1717
1112 1717
1651 1717
1687 1717
187 1718
296 1718
914 1718
1050 1718
1469 1718
111 1719
187 1719
263 1719
647 1719
1718 1719
978 1720
95 1721
199 1722
1333 1723
349 1724
571 1724
188 1725
1118 1726
101 1727
197 1727
15 1728
1569 1728
467 1729
124 1730
880 1731
1102 1732
1673 1732
619 1734
939 1734
1511 1734
939 1735
1203 1735
681 1736
1127 1737
1296 1737
44 1738
197 1739
413 1739
1528 1740
1708 1740
873 1741
453 1742
560 1742
11 1743
798 1743
111 1744
187 1744
263 1744
1718 1744
69 1745
1689 1745
1213 1747
1586 1748
261 1749
972 1749
978 1749
980 1749
1245 1749
1346 1749
1056 1751
1397 1752
1746 1752
633 1753
917 1753
433 1755
1517 1755
199 1756
213 1756
1593 1757
52 1758
1118 1759
111 1760
72 1761
111 1761
591 1761
1156 1761
1171 1761
1255 1761
1344 1761
657 1762
406 1763
797 1763
446 1764
709 1764
885 1764
912 1764
931 1764
1043 1764
1289 1764
1311 1764
1344 1764
1573 1764
1584 1764
1710 1764
392 1765
810 1765
1440 1765
687 1766
1138 1766
137 1767
1313 1767
183 1768
252 1768
942 1768
1388 1768
1616 1768
1737 1768
294 1769
1118 1770
446 1771
1577 1771
930 1772
1458 1772
1528 1772
156 1773
219 1773
457 1773
873 1774
805 1776
289 1777
543 1777
579 1777
44 1779
223 1780
453 1780
833 1780
1085 1780
1644 1781
1674 1782
1764 1782
1221 1783
409 1784
1582 1784
1134 1785
1139 1785
1674 1785
718 1786
1300 1786
241 1788
1025 1789
1313 1789
498 1790
1187 1790
1761 1792
529 1795
458 1796
1321 1797
1593 1797
1313 1799
714 1800
1399 1800
421 1802
111 1803
129 1803
560 1803
1175 1803
1167 1804
52 1805
1313 1805
422 1807
480 1808
584 1808
657 1808
1382 1808
841 1809
460 1810
530 1810
1166 1810
58 1812
111 1812
153 1812
207 1812
363 1812
423 1812
432 1812
443 1812
476 1812
485 1812
510 1812
705 1812
819 1812
860 1812
886 1812
917 1812
1151 1812
1236 1812
1247 1812
1370 1812
1392 1812
1473 1812
1532 1812
1533 1812
1562 1812
1616 1812
1644 1812
1657 1812
1661 1812
1681 1812
1794 1812
412 1813
1659 1814
1102 1816
153 1817
136 1818
473 1818
513 1818
582 1818
1811 1818
140 1819
188 1819
413 1819
435 1819
1469 1819
12 1820
147 1820
1516 1821
1530 1821
287 1822
874 1822
1116 1823
1743 1823
1147 1824
717 1825
1039 1825
1329 1825
708 1826
1399 1827
1634 1827
147 1828
422 1828
463 1828
1313 1828
1398 1828
124 1829
1644 1830
3 1831
4 1831
188 1831
296 1831
578 1831
914 1831
1234 1831
80 1832
200 1832
309 1832
549 1832
587 1832
801 1832
836 1832
909 1832
926 1832
1130 1832
1705 1832
1516 1833
5 1834
197 1834
267 1834
530 1834
944 1834
975 1834
1761 1834
161 1835
475 1836
817 1837
1181 1838
1475 1839
934 1840
1102 1842
979 1843
95 1844
187 1845
726 1845
368 1846
386 1846
1021 1846
1061 1846
1812 1846
289 1847
111 1848
873 1849
473 1850
840 1850
103 1851
391 1851
582 1851
635 1851
970 1851
1560 1851
1662 1851
111 1852
1077 1852
28 1853
203 1853
322 1853
339 1853
454 1853
553 1853
566 1853
617 1853
628 1853
653 1853
678 1853
707 1853
767 1853
770 1853
776 1853
853 1853
898 1853
900 1853
937 1853
963 1853
1005 1853
1137 1853
1206 1853
1230 1853
1250 1853
1319 1853
1342 1853
1408 1853
1453 1853
1460 1853
1474 1853
1625 1853
1642 1853
1745 1853
1836 1853
95 1854
265 1855
657 1855
187 1856
489 1856
527 1856
1069 1856
1284 1856
171 1857
315 1857
355 1857
407 1857
534 1857
982 1857
1044 1857
1172 1857
1308 1857
1330 1857
1717 1857
1841 1857
1812 1859
289 1861
199 1862
1593 1864
381 1865
449 1865
598 1865
917 1865
944 1865
565 1866
1834 1867
498 1868
1198 1868
197 1869
1147 1871
357 1872
289 1873
1614 1873
27 1874
207 1874
153 1875
522 1875
1396 1875
1832 1875
520 1876
520 1877
1039 1877
111 1878
43 1879
153 1880
556 1880
443 1881
460 1881
569 1881
638 1881
862 1881
1166 1881
1352 1881
1418 1882
1155 1883
129 1884
1378 1884
520 1885
841 1885
80 1886
349 1887
858 1887
1291 1887
1761 1887
1614 1888
60 1889
252 1889
498 1890
1002 1890
336 1891
737 1891
935 1891
1093 1891
94 1892
355 1893
463 1893
582 1893
1634 1894
396 1895
135 1896
300 1896
873 1896
957 1896
1102 1896
333 1897
1530 1897
1577 1898
518 1899
1857 1900
1004 1901
1102 1902
1673 1902
1024 1903
717 1904
1825 1904
1877 1904
10 1905
251 1905
578 1905
668 1905
1020 1905
1118 1905
1379 1905
1469 1905
1801 1905
8 1906
91 1906
129 1906
405 1906
460 1906
585 1906
657 1906
679 1906
794 1906
802 1906
1076 1906
1085 1906
1097 1906
1108 1906
1151 1906
1156 1906
1291 1906
1307 1906
1351 1906
1426 1906
1457 1906
1524 1906
1661 1906
249 1907
1226 1907
450 1908
709 1908
885 1908
931 1908
1043 1908
1289 1908
1344 1908
1573 1908
1584 1908
412 1909
828 1910
1537 1910
130 1911
429 1911
745 1911
1052 1911
1256 1911
1299 1911
1312 1911
52 1912
560 1913
801 1914
147 1915
994 1915
1155 1915
1251 1915
1577 1916
422 1917
136 1918
304 1918
400 1918
1007 1918
70 1919
354 1919
565 1920
817 1920
1812 1920
291 1921
43 1922
174 1923
551 1924
876 1925
475 1926
776 1926
1530 1927
172 1928
1113 1928
349 1929
1512 1929
475 1930
6 1931
95 1931
109 1931
172 1931
197 1931
309 1931
357 1931
413 1931
530 1931
657 1931
989 1931
1444 1931
31 1932
197 1932
413 1932
613 1932
760 1932
868 1932
972 1932
1026 1932
1076 1932
1248 1932
172 1933
435 1933
1161 1933
1379 1933
458 1934
973 1934
1059 1934
1333 1934
406 1935
224 1936
43 1937
87 1938
289 1938
492 1938
1147 1938
1313 1938
1379 1938
1564 1938
104 1940
492 1940
722 1940
986 1940
1030 1940
1074 1940
1404 1940
44 1941
252 1942
289 1942
291 1942
351 1942
460 1942
530 1942
1166 1942
1444 1942
377 1943
750 1944
1551 1944
755 1945
855 1945
1296 1945
868 1947
1339 1947
14 1948
1296 1948
1768 1948
156 1950
1188 1950
1773 1950
124 1951
100 1952
102 1952
111 1952
139 1952
141 1952
169 1952
239 1952
240 1952
261 1952
289 1952
320 1952
324 1952
414 1952
472 1952
495 1952
521 1952
572 1952
583 1952
599 1952
600 1952
609 1952
620 1952
681 1952
721 1952
723 1952
790 1952
854 1952
862 1952
901 1952
1006 1952
1016 1952
1082 1952
1174 1952
1263 1952
1310 1952
1315 1952
1316 1952
1346 1952
1348 1952
1392 1952
1406 1952
1407 1952
1433 1952
1442 1952
1451 1952
1477 1952
1499 1952
1518 1952
1521 1952
1532 1952
1545 1952
1576 1952
1585 1952
1611 1952
1722 1952
1736 1952
1786 1952
1936 1952
1942 1952
1949 1952
223 1953
453 1953
422 1954
1246 1955
1481 1956
1537 1956
513 1957
840 1957
1850 1957
847 1958
908 1958
13 1959
52 1960
1313 1960
207 1961
752 1962
410 1963
935 1964
289 1965
543 1965
579 1965
1118 1966
460 1967
480 1967
657 1967
153 1968
242 1969
1101 1969
1505 1969
6 1970
1118 1970
100 1971
103 1971
120 1971
178 1971
342 1971
391 1971
428 1971
569 1971
602 1971
605 1971
691 1971
794 1971
841 1971
1076 1971
1346 1971
1569 1971
1687 1971
1689 1971
1929 1971
817 1972
819 1972
1812 1972
172 1973
1113 1973
95 1974
640 1974
37 1975
1221 1976
207 1977
668 1977
833 1977
1932 1977
416 1978
95 1979
868 1980
941 1980
1339 1980
1632 1980
163 1981
269 1981
840 1981
1516 1982
896 1983
51 1984
1007 1984
519 1985
590 1985
882 1985
912 1985
1067 1985
1523 1985
1785 1985
16 1986
391 1986
520 1986
635 1986
1102 1986
1613 1986
1815 1986
1095 1987
101 1988
1853 1989
407 1990
5 1991
188 1991
287 1991
794 1991
1076 1991
1516 1992
16 1994
391 1994
792 1994
873 1994
1045 1994
1052 1994
1593 1994
1857 1995
1153 1996
72 1997
172 1997
874 1997
1015 1997
1516 1998
582 1999
15 2000
1007 2000
1102 2000
805 2001
11 2003
69 2003
234 2003
985 2003
1047 2003
1312 2003
1398 2003
64 2004
396 2004
409 2004
1582 2004
1313 2005
120 2006
145 2006
181 2006
280 2006
387 2006
388 2006
400 2006
430 2006
483 2006
491 2006
497 2006
625 2006
782 2006
811 2006
1027 2006
1072 2006
1110 2006
1294 2006
1376 2006
1435 2006
1530 2006
1717 2006
1774 2006
1896 2006
1113 2007
520 2008
781 2010
959 2010
1333 2011
392 2012
791 2012
618 2013
657 2013
124 2014
1853 2015
124 2016
404 2017
1074 2017
260 2018
985 2018
1047 2018
1299 2018
1312 2018
1689 2018
480 2019
95 2020
869 2020
1429 2020
1853 2021
145 2022
199 2023
200 2023
207 2023
405 2023
718 2023
948 2023
336 2024
1093 2024
1748 2025
2002 2025
120 2026
181 2026
214 2026
236 2026
280 2026
302 2026
387 2026
388 2026
430 2026
442 2026
483 2026
491 2026
497 2026
751 2026
782 2026
811 2026
891 2026
929 2026
1027 2026
1072 2026
1110 2026
1144 2026
1149 2026
1294 2026
1376 2026
1435 2026
1669 2026
1717 2026
1774 2026
1775 2026
1849 2026
1864 2026
1994 2026
120 2027
349 2028
1634 2029
386 2030
584 2030
1227 2030
571 2031
1260 2031
199 2032
1470 2032
1429 2033
299 2034
846 2034
724 2035
1689 2035
1853 2035
12 2036
120 2036
182 2036
283 2036
461 2036
1029 2036
1331 2036
1425 2036
1491 2036
1652 2036
1858 2036
1644 2037
433 2039
1418 2040
123 2041
865 2041
1309 2041
1459 2041
207 2043
405 2043
718 2043
634 2044
1333 2044
120 2046
314 2046
325 2046
334 2046
415 2046
628 2046
724 2046
747 2046
841 2046
1040 2046
1293 2046
1415 2046
1504 2046
1745 2046
2035 2046
1985 2047
475 2049
2046 2049
199 2050
2032 2050
12 2051
199 2052
1952 2052
974 2053
1511 2053
142 2054
248 2054
250 2054
351 2054
406 2054
420 2054
531 2054
598 2054
632 2054
643 2054
794 2054
877 2054
1509 2054
1513 2054
1777 2054
111 2055
1488 2056
817 2057
905 2058
58 2059
287 2059
307 2059
344 2059
359 2059
363 2059
398 2059
443 2059
476 2059
521 2059
539 2059
565 2059
612 2059
808 2059
850 2059
1058 2059
1151 2059
1247 2059
1373 2059
1442 2059
1532 2059
1533 2059
1538 2059
1570 2059
1596 2059
1597 2059
1899 2059
1181 2060
2002 2060
204 2061
1528 2061
1555 2061
498 2062
1985 2063
242 2064
1147 2064
196 2065
1313 2066
1516 2066
35 2067
153 2067
392 2067
657 2067
1172 2067
1587 2067
1778 2067
251 2068
289 2068
813 2068
1417 2068
95 2069
68 2070
706 2070
289 2071
578 2071
873 2074
289 2075
127 2076
571 2076
1516 2077
95 2078
406 2079
83 2080
130 2080
294 2080
364 2080
456 2080
489 2080
641 2080
654 2080
792 2080
956 2080
1035 2080
1235 2080
1279 2080
1302 2080
1564 2080
1628 2080
2020 2080
6 2081
1290 2082
873 2083
2026 2083
80 2084
1832 2084
706 2085
576 2086
1353 2086
571 2087
867 2087
187 2088
726 2088
2080 2089
114 2090
1078 2090
357 2091
1214 2091
1256 2091
1887 2091
172 2092
199 2092
440 2092
498 2092
1050 2092
5 2093
546 2093
2009 2093
409 2094
71 2095
1140 2095
67 2096
942 2096
1948 2096
879 2097
1108 2097
199 2098
1593 2099
876 2100
1719 2102
124 2103
1951 2103
1861 2104
565 2105
1152 2106
1518 2107
1952 2107
135 2108
197 2109
1187 2109
1552 2109
1906 2109
560 2110
679 2110
492 2111
987 2111
1074 2111
1621 2111
29 2112
286 2112
952 2112
1234 2112
1439 2112
1804 2112
2038 2112
2039 2112
288 2115
896 2115
44 2116
615 2117
1282 2117
199 2118
1967 2118
724 2119
2046 2119
722 2120
95 2121
764 2123
1585 2123
43 2124
111 2125
132 2125
159 2125
197 2125
206 2125
209 2125
252 2125
265 2125
290 2125
416 2125
449 2125
524 2125
530 2125
640 2125
660 2125
662 2125
693 2125
715 2125
752 2125
757 2125
765 2125
824 2125
977 2125
988 2125
1003 2125
1118 2125
1147 2125
1186 2125
1288 2125
1379 2125
1438 2125
1483 2125
1497 2125
1607 2125
1610 2125
1630 2125
1704 2125
1715 2125
1717 2125
1931 2125
1971 2125
1974 2125
1979 2125
2020 2125
2078 2125
2122 2125
37 2126
354 2126
529 2127
943 2127
1795 2127
1748 2128
391 2129
1116 2129
1677 2130
5 2131
1298 2131
169 2132
180 2132
200 2132
296 2132
590 2132
1134 2132
2112 2133
1 2134
39 2134
95 2134
153 2134
208 2134
246 2134
386 2134
413 2134
661 2134
1500 2134
1561 2134
1740 2134
1987 2134
2048 2134
515 2135
616 2135
734 2135
993 2135
475 2136
1206 2136
1318 2136
203 2137
339 2137
1293 2137
1415 2137
1772 2138
873 2139
124 2140
345 2140
657 2140
661 2140
682 2140
801 2140
1740 2140
1978 2140
1896 2141
172 2142
249 2142
386 2142
404 2142
449 2142
499 2142
568 2142
586 2142
1034 2142
1101 2142
1123 2142
1163 2142
1262 2142
1404 2142
1410 2142
1480 2142
1553 2142
1656 2142
1824 2142
1903 2142
1907 2142
1942 2142
52 2144
794 2145
336 2146
419 2146
881 2146
1157 2146
1964 2146
1094 2147
1204 2147
1246 2147
546 2148
2131 2148
140 2149
340 2149
409 2149
1104 2149
1880 2149
480 2150
1614 2151
492 2152
1074 2152
69 2153
565 2154
289 2156
722 2156
1152 2156
1422 2156
923 2157
1934 2157
1271 2158
1528 2158
2061 2158
8 2159
309 2159
815 2159
1812 2160
1118 2161
140 2162
296 2162
1469 2162
1667 2163
1914 2163
124 2164
345 2164
657 2164
1127 2164
1740 2164
2140 2164
289 2165
749 2166
386 2168
560 2168
875 2168
1246 2169
582 2170
1153 2170
1577 2171
78 2172
475 2172
529 2172
943 2172
1853 2172
251 2173
148 2175
1674 2176
1512 2177
1616 2177
377 2178
1943 2178
873 2179
498 2181
530 2181
602 2181
794 2181
1812 2182
6 2183
1118 2183
120 2184
175 2184
212 2184
614 2184
841 2184
1299 2184
638 2185
207 2186
3 2187
289 2187
2054 2187
396 2188
406 2189
406 2190
873 2191
2026 2191
1476 2192
2026 2192
794 2194
172 2195
384 2196
391 2197
520 2197
571 2197
1602 2197
1213 2199
1147 2200
108 2201
155 2201
171 2201
191 2201
315 2201
355 2201
407 2201
873 2201
1101 2201
1580 2201
1629 2201
1646 2201
1697 2201
1939 2201
1982 2201
2066 2201
2077 2201
2193 2201
207 2202
288 2203
450 2203
896 2203
1290 2203
1764 2203
120 2204
9 2205
65 2205
249 2205
320 2205
586 2205
1123 2205
1343 2205
1491 2205
1942 2205
673 2206
1455 2206
1567 2206
764 2207
199 2208
1952 2208
865 2209
1214 2209
1309 2209
1459 2209
1812 2210
488 2211
569 2211
582 2211
1820 2211
1934 2211
817 2212
1812 2212
880 2213
1134 2214
1985 2214
43 2215
3 2216
289 2216
2054 2216
241 2217
1596 2218
939 2219
1203 2219
686 2220
651 2221
468 2222
876 2222
2086 2222
95 2223
232 2224
232 2225
100 2226
139 2226
187 2226
232 2226
381 2226
633 2226
980 2226
1346 2226
199 2227
1748 2228
369 2229
582 2229
10 2230
357 2230
1256 2230
1344 2230
1166 2231
1032 2232
1035 2232
1071 2232
357 2233
1214 2234
1309 2234
1887 2234
1530 2235
1112 2236
1853 2237
1832 2238
129 2239
873 2241
2006 2241
2026 2241
381 2242
633 2242
917 2242
1287 2242
2125 2243
1853 2244
357 2245
1906 2246
2109 2246
2240 2246
172 2247
120 2248
139 2249
289 2249
1932 2249
357 2250
841 2251
94 2252
161 2253
1687 2253
9 2254
451 2254
530 2254
1166 2254
405 2255
549 2255
1004 2255
1752 2256
425 2257
1213 2257
2093 2257
2148 2257
2180 2257
459 2258
825 2258
1200 2258
1695 2258
2006 2258
2065 2258
1569 2259
1271 2260
2073 2260
123 2261
498 2262
687 2263
873 2264
817 2265
1313 2266
413 2267
1159 2268
1152 2269
2067 2269
63 2270
248 2270
250 2270
351 2270
438 2270
514 2270
633 2270
643 2270
727 2270
794 2270
877 2270
889 2270
1509 2270
1777 2270
1870 2270
2151 2270
2187 2270
2216 2270
223 2271
294 2271
1313 2272
1857 2272
657 2273
12 2274
22 2274
732 2274
2036 2274
582 2275
318 2276
403 2276
912 2276
931 2276
1573 2276
1584 2276
1710 2276
2135 2276
147 2277
349 2277
1948 2277
1971 2277
560 2278
817 2279
1644 2279
1972 2279
943 2280
2 2281
10 2281
27 2281
112 2281
254 2281
309 2281
361 2281
409 2281
498 2281
522 2281
530 2281
602 2281
636 2281
760 2281
768 2281
803 2281
815 2281
817 2281
831 2281
938 2281
998 2281
1108 2281
1124 2281
1243 2281
1339 2281
1396 2281
1534 2281
1601 2281
1622 2281
1638 2281
1716 2281
1874 2281
1952 2281
1961 2281
2023 2281
2114 2281
2130 2281
2186 2281
2202 2281
123 2282
247 2282
368 2282
386 2282
1021 2282
817 2283
1812 2283
565 2284
817 2284
2059 2284
69 2285
202 2285
311 2285
488 2285
634 2285
723 2285
926 2285
1142 2285
1229 2285
1346 2285
1583 2285
1692 2285
2111 2286
258 2287
288 2287
515 2287
616 2287
1400 2287
1712 2287
1764 2287
1772 2288
1197 2289
1118 2290
130 2291
291 2291
972 2291
978 2291
1069 2291
1245 2291
1284 2291
1346 2291
1853 2292
111 2293
647 2293
2102 2293
810 2294
560 2295
679 2295
2110 2295
571 2296
43 2297
161 2298
377 2299
2072 2299
143 2300
825 2300
873 2300
1695 2300
1839 2300
2065 2300
873 2301
2026 2301
873 2302
2026 2302
48 2303
212 2303
234 2303
588 2303
1312 2303
1398 2303
1546 2303
1851 2303
1271 2304
1528 2304
1740 2304
2158 2304
406 2305
817 2306
289 2307
1812 2308
873 2309
170 2310
1906 2310
2295 2310
170 2311
1906 2311
1767 2312
1620 2313
6 2314
111 2315
517 2315
848 2315
293 2316
349 2316
686 2316
1046 2316
1593 2317
1487 2319
383 2320
684 2320
691 2320
736 2320
750 2320
828 2320
1701 2320
1733 2320
750 2321
1944 2321
873 2322
1614 2323
1 2324
392 2324
978 2324
1228 2324
1386 2324
1905 2324
2252 2324
120 2326
293 2327
686 2327
1853 2328
1687 2329
458 2331
69 2332
199 2333
1310 2333
1952 2333
124 2334
602 2334
794 2334
12 2335
1333 2335
1652 2335
2157 2335
2211 2335
2274 2335
69 2336
602 2336
1313 2336
1491 2336
1689 2336
2000 2336
1 2337
76 2337
261 2337
443 2337
460 2337
801 2337
1172 2337
1661 2337
1938 2337
136 2339
736 2339
1192 2339
104 2340
172 2340
249 2340
449 2340
1101 2340
1123 2340
1485 2340
1553 2340
1612 2340
1942 2340
1302 2342
1305 2342
1564 2342
1985 2343
135 2344
300 2344
606 2344
891 2344
1102 2344
2141 2344
288 2345
1311 2345
1764 2345
1908 2345
498 2346
224 2347
1325 2347
1496 2347
1952 2347
289 2348
417 2349
1620 2349
1429 2350
120 2351
841 2351
530 2352
1147 2352
2164 2352
43 2353
1290 2354
1295 2354
1102 2355
147 2356
1354 2356
1717 2356
1818 2356
1952 2357
10 2358
764 2358
1585 2358
1611 2358
2043 2358
15 2359
32 2359
95 2359
264 2359
309 2359
427 2359
598 2359
613 2359
711 2359
775 2359
787 2359
968 2359
976 2359
1358 2359
1505 2359
1569 2359
1679 2359
1716 2359
1991 2359
2125 2359
657 2360
508 2361
565 2361
943 2362
121 2363
140 2363
395 2363
718 2363
1611 2363
2281 2363
986 2364
1030 2364
2137 2365
169 2366
613 2366
1135 2366
1569 2366
15 2367
16 2367
1102 2367
1313 2368
1516 2369
2201 2369
43 2370
52 2371
1758 2371
384 2372
440 2372
868 2372
1339 2372
1679 2372
2161 2372
1007 2373
1831 2374
1091 2375
1006 2376
1952 2376
51 2377
2184 2377
223 2378
1834 2379
2295 2380
763 2381
825 2381
1475 2381
1839 2381
2006 2381
2221 2381
780 2382
1952 2382
1108 2383
1643 2383
272 2384
289 2384
296 2384
1009 2384
1028 2384
1469 2384
2054 2384
443 2385
460 2385
786 2385
1166 2385
846 2386
1561 2387
1587 2387
2320 2388
129 2389
453 2389
482 2389
549 2389
585 2389
1368 2389
1371 2389
1429 2389
1457 2389
1806 2389
2330 2389
2341 2389
2112 2390
1952 2391
43 2392
1488 2393
1660 2393
120 2394
120 2395
841 2395
1381 2395
130 2396
147 2396
212 2396
429 2396
1105 2396
1344 2396
1536 2396
1717 2396
50 2397
147 2397
191 2397
355 2397
407 2397
534 2397
594 2397
603 2397
1044 2397
1172 2397
1308 2397
1491 2397
1717 2397
1971 2397
2066 2397
2193 2397
2272 2397
242 2398
445 2398
498 2398
1102 2399
440 2400
1761 2400
2023 2400
2043 2400
842 2401
181 2402
280 2402
388 2402
430 2402
483 2402
491 2402
500 2402
580 2402
811 2402
924 2402
929 2402
1056 2402
1110 2402
1376 2402
1530 2402
1669 2402
1774 2402
1863 2402
1896 2402
1994 2402
2139 2402
2167 2402
2191 2402
2241 2402
2381 2402
1 2403
105 2403
153 2403
810 2403
978 2403
1386 2403
348 2405
498 2405
530 2405
1226 2405
2340 2405
2026 2406
571 2407
740 2407
69 2408
77 2408
388 2408
394 2408
691 2408
859 2408
1127 2408
1199 2408
1237 2408
1689 2408
1893 2408
433 2409
42 2410
152 2410
745 2410
996 2410
2132 2410
1328 2411
1444 2412
2205 2412
749 2413
1506 2413
1976 2413
214 2414
236 2414
273 2414
281 2414
439 2414
479 2414
483 2414
703 2414
742 2414
1012 2414
1116 2414
1259 2414
1275 2414
1321 2414
1476 2414
1489 2414
1864 2414
1994 2414
2192 2414
2317 2414
1512 2415
1616 2415
377 2416
248 2417
1245 2417
1617 2417
1718 2417
1530 2418
1456 2419
1255 2420
722 2421
291 2422
443 2422
638 2422
926 2422
349 2423
1911 2423
52 2424
1593 2425
514 2426
1166 2426
193 2427
199 2427
578 2427
794 2427
918 2427
1152 2427
1389 2427
2134 2427
2140 2427
1831 2428
1687 2429
422 2430
101 2431
309 2431
440 2431
522 2431
622 2431
668 2431
815 2431
1409 2431
1429 2431
1694 2431
1832 2431
2389 2431
498 2432
1152 2432
35 2433
76 2433
153 2433
211 2433
801 2433
978 2433
1131 2433
1347 2433
2092 2433
2269 2433
3 2434
514 2434
1614 2434
2389 2435
37 2436
111 2437
718 2438
123 2439
1061 2439
1812 2439
492 2440
987 2440
1152 2440
75 2441
169 2442
349 2442
896 2442
1390 2442
1 2443
124 2443
657 2443
2427 2443
897 2444
722 2445
1194 2445
1716 2446
2359 2446
318 2447
882 2447
931 2447
1043 2447
1311 2447
1710 2447
1887 2447
2203 2447
618 2448
657 2449
136 2451
75 2452
706 2453
68 2454
69 2454
77 2454
149 2454
394 2454
691 2454
859 2454
1199 2454
1237 2454
1689 2454
1981 2454
657 2455
333 2456
1530 2456
734 2457
1290 2457
2155 2457
2276 2457
131 2458
433 2458
1755 2458
2112 2458
80 2459
35 2460
95 2460
208 2460
261 2460
599 2460
753 2460
801 2460
810 2460
978 2460
1172 2460
1491 2460
1561 2460
1574 2460
1978 2460
129 2461
821 2461
623 2462
1284 2462
2112 2463
153 2464
247 2464
522 2464
1832 2464
120 2465
147 2466
192 2466
388 2466
873 2466
940 2466
1204 2466
2006 2466
2274 2466
2408 2466
172 2467
69 2468
465 2468
111 2469
305 2469
591 2469
863 2469
1156 2469
1171 2469
1255 2469
1344 2469
1754 2469
1834 2469
1887 2469
2400 2469
335 2470
2125 2470
403 2471
885 2471
2214 2471
1790 2472
2240 2472
1156 2473
2427 2473
1194 2474
817 2475
1290 2476
131 2477
1517 2477
582 2478
759 2478
453 2479
560 2479
347 2480
369 2480
582 2480
792 2480
1322 2480
1564 2480
582 2481
12 2482
355 2482
953 2482
1101 2482
1133 2482
1491 2482
1554 2482
1652 2482
2170 2482
1271 2483
2260 2483
551 2484
830 2484
1024 2484
1479 2484
1940 2484
2364 2484
2421 2484
388 2485
844 2485
1170 2485
1490 2485
1981 2485
2101 2485
602 2486
1216 2486
52 2487
396 2488
1290 2489
1764 2491
2276 2491
2471 2491
615 2492
291 2493
972 2493
1877 2494
1904 2494
406 2495
1429 2496
2174 2496
1620 2497
269 2498
759 2498
840 2498
2485 2498
108 2499
722 2499
1505 2499
1516 2499
197 2501
1906 2501
799 2502
989 2502
1076 2502
1390 2502
1614 2502
1753 2502
1865 2502
2270 2502
124 2503
172 2504
2036 2505
120 2506
2395 2506
351 2507
638 2507
1934 2507
435 2508
1191 2508
1307 2508
1739 2508
537 2509
1192 2509
582 2510
354 2511
468 2512
876 2512
1853 2513
817 2514
85 2515
151 2515
253 2515
266 2515
408 2515
683 2515
692 2515
754 2515
870 2515
887 2515
991 2515
1249 2515
1375 2515
1484 2515
1600 2515
1633 2515
2124 2515
2198 2515
2215 2515
2297 2515
2353 2515
2490 2515
2500 2515
12 2516
192 2516
388 2516
838 2516
845 2516
1192 2516
1623 2516
2006 2516
2402 2516
2408 2516
2466 2516
1593 2517
2192 2517
865 2518
1377 2518
412 2519
1772 2519
111 2520
435 2520
1226 2521
1480 2521
2340 2521
199 2522
967 2522
1952 2522
440 2523
716 2523
1255 2524
1761 2524
2469 2524
1644 2525
1781 2525
534 2526
706 2526
994 2526
1088 2526
2125 2527
52 2528
289 2529
579 2529
1620 2530
462 2531
435 2532
565 2533
817 2533
2059 2533
530 2534
422 2535
834 2535
1516 2536
10 2537
100 2537
139 2537
207 2537
289 2537
550 2537
1073 2537
1346 2537
2161 2537
2359 2537
1943 2538
406 2539
706 2540
178 2541
71 2542
1634 2543
470 2544
43 2545
389 2546
708 2546
1822 2546
1997 2546
107 2547
357 2548
1536 2549
241 2550
445 2551
873 2552
1455 2553
1861 2554
1263 2555
66 2556
490 2556
1520 2556
1594 2556
2090 2556
2201 2557
172 2558
287 2558
874 2558
1015 2558
1281 2558
1348 2558
1756 2558
2546 2558
71 2559
396 2559
391 2560
6 2561
139 2563
207 2563
289 2563
1932 2563
10 2564
357 2564
1256 2564
1887 2564
2130 2565
582 2566
759 2566
1710 2567
2447 2567
1455 2568
1952 2569
148 2570
1587 2571
169 2572
349 2572
1290 2572
759 2573
435 2574
1906 2574
943 2575
2137 2575
520 2576
1102 2576
1986 2576
2003 2576
188 2577
2059 2578
241 2579
2281 2580
1857 2581
2397 2581
132 2582
437 2582
657 2582
988 2582
10 2583
80 2583
591 2583
598 2583
745 2583
787 2583
1346 2583
1611 2583
1638 2583
2201 2584
409 2585
1582 2585
2125 2586
147 2587
234 2587
422 2587
463 2587
1851 2587
1174 2588
386 2589
1440 2589
1617 2589
242 2590
1147 2590
223 2591
129 2592
1378 2592
874 2593
952 2593
1283 2593
1517 2593
1714 2593
1860 2593
2390 2593
2458 2593
186 2594
2289 2594
2441 2594
2452 2594
1455 2595
2515 2595
287 2596
2546 2596
400 2597
1065 2597
1490 2597
2099 2597
453 2598
1012 2598
1116 2598
1199 2598
1429 2598
2336 2598
2342 2598
111 2599
799 2600
106 2601
759 2601
1102 2601
1188 2601
1514 2601
1737 2601
1896 2601
2325 2601
1952 2602
351 2603
460 2603
388 2604
1053 2604
458 2605
2201 2606
2006 2607
2026 2607
571 2608
197 2609
1906 2609
2389 2609
1263 2610
2347 2610
207 2611
289 2611
687 2611
2359 2611
2372 2611
10 2612
858 2612
1033 2613
1951 2613
2103 2613
95 2614
2125 2614
474 2615
397 2616
590 2616
709 2616
745 2616
912 2616
1067 2616
1782 2616
1785 2616
2047 2616
2176 2616
2442 2616
1831 2617
2112 2617
310 2618
492 2618
578 2618
768 2618
827 2618
904 2618
975 2618
1603 2618
1637 2618
1924 2618
2484 2618
248 2619
386 2619
1245 2619
1617 2619
1634 2620
161 2621
2068 2622
95 2623
694 2623
2408 2624
2454 2624
1857 2625
2397 2625
80 2626
1832 2626
147 2627
1059 2627
2211 2627
618 2628
1443 2628
2036 2629
223 2630
384 2630
714 2630
1429 2630
2537 2630
470 2631
101 2632
695 2632
1906 2632
2389 2632
1032 2633
2232 2633
1290 2634
1710 2634
2276 2634
11 2635
346 2635
457 2635
503 2635
1127 2635
1155 2635
1514 2635
1773 2635
2134 2635
2164 2635
2408 2635
2443 2635
2454 2635
1577 2636
1853 2637
120 2638
252 2638
289 2638
855 2638
942 2638
1017 2638
1948 2638
2236 2638
120 2639
2025 2640
2060 2640
111 2641
688 2641
817 2641
1865 2641
943 2642
2013 2643
2628 2643
490 2644
995 2644
748 2645
842 2645
1169 2645
1750 2645
2401 2645
520 2646
1986 2646
2018 2646
124 2647
639 2647
357 2648
52 2649
289 2650
492 2650
237 2651
413 2652
16 2653
150 2654
169 2654
386 2654
903 2654
1569 2654
35 2655
261 2655
443 2655
460 2655
801 2655
1938 2655
2337 2655
1290 2656
241 2657
1004 2658
480 2659
349 2660
1717 2660
1689 2661
342 2662
520 2662
605 2662
43 2663
71 2664
440 2665
1339 2665
186 2666
2289 2666
2441 2666
1108 2667
1102 2668
108 2669
167 2669
458 2669
1142 2669
1302 2669
1384 2669
1717 2669
2598 2669
2006 2670
2402 2670
298 2671
841 2671
1257 2672
101 2673
1152 2674
343 2675
1188 2675
1244 2675
1514 2675
841 2676
1429 2677
2496 2677
147 2678
171 2678
191 2678
315 2678
603 2678
1302 2678
1308 2678
1363 2678
1717 2678
1751 2678
2006 2678
2402 2678
1102 2679
2006 2679
2026 2679
2402 2679
2414 2679
571 2680
1105 2680
2220 2680
2327 2680
1032 2681
2232 2681
1191 2682
1307 2682
1290 2683
409 2684
134 2685
657 2685
44 2686
1738 2686
223 2687
1952 2688
1313 2689
433 2690
1517 2690
2112 2690
207 2691
1617 2691
757 2692
1680 2692
188 2693
753 2694
1024 2694
1194 2694
1574 2694
1940 2694
2156 2694
2421 2694
2499 2694
520 2695
571 2695
1374 2696
2125 2697
1152 2698
763 2699
199 2700
1952 2700
498 2701
1057 2701
1198 2701
1626 2701
2262 2701
2444 2701
2402 2702
1056 2703
873 2704
2257 2705
659 2706
714 2706
1634 2706
1709 2706
1798 2706
1827 2706
1894 2706
2029 2706
2543 2706
120 2707
342 2707
2018 2707
794 2708
2125 2709
955 2710
1566 2710
1387 2711
1834 2712
515 2713
912 2713
1311 2713
1573 2713
1584 2713
2115 2713
2203 2713
2287 2713
2345 2713
187 2714
74 2715
125 2715
139 2715
162 2715
362 2715
453 2715
504 2715
509 2715
523 2715
538 2715
569 2715
572 2715
650 2715
657 2715
689 2715
787 2715
927 2715
983 2715
1265 2715
1338 2715
1369 2715
1411 2715
1620 2715
1638 2715
2081 2715
2125 2715
2314 2715
2318 2715
2366 2715
2564 2715
2631 2715
2696 2715
2026 2716
1203 2717
1735 2717
692 2718
2246 2719
2472 2719
2574 2719
1853 2720
1952 2721
6 2722
2715 2722
470 2723
1884 2724
475 2725
1853 2725
1206 2726
2136 2726
169 2727
296 2727
745 2727
896 2727
1390 2727
1985 2727
2132 2727
498 2728
498 2729
2615 2729
228 2730
847 2730
1488 2730
186 2731
779 2731
1713 2731
1901 2731
2255 2731
2452 2731
530 2732
602 2732
1687 2733
2093 2734
2427 2734
2287 2735
513 2736
582 2736
1089 2736
1818 2736
1244 2737
498 2738
530 2738
602 2738
188 2739
264 2739
578 2739
657 2739
1028 2739
1181 2740
2060 2740
248 2741
643 2741
1028 2741
1831 2741
403 2742
885 2742
1785 2742
2132 2742
2214 2742
2491 2742
2026 2743
87 2744
95 2744
208 2744
392 2744
460 2744
480 2744
584 2744
688 2744
721 2744
801 2744
1069 2744
1161 2744
1172 2744
1379 2744
1382 2744
1418 2744
1526 2744
1865 2744
1882 2744
1905 2744
1933 2744
1938 2744
2118 2744
2125 2744
767 2745
207 2746
1418 2747
1118 2748
1812 2749
32 2750
200 2750
264 2750
289 2750
598 2750
775 2750
1991 2750
2125 2750
2537 2750
95 2751
1812 2752
248 2753
643 2753
1617 2753
1905 2753
1006 2754
124 2755
2130 2756
2565 2756
1857 2757
799 2758
1516 2759
465 2760
1689 2760
244 2761
416 2761
1379 2761
2134 2761
2460 2761
2744 2761
1853 2762
873 2763
124 2764
2289 2765
216 2766
493 2766
863 2766
1140 2766
1791 2766
2338 2766
2559 2766
2664 2766
1659 2767
2629 2767
148 2768
475 2768
1853 2768
979 2769
1139 2769
2616 2769
1812 2770
15 2771
1007 2771
1569 2771
2111 2772
311 2773
488 2773
582 2773
723 2773
923 2773
926 2773
1346 2773
1467 2773
1583 2773
1692 2773
2335 2773
2134 2774
2164 2774
2443 2774
1855 2775
2125 2775
1091 2776
199 2777
817 2777
199 2778
498 2779
2059 2782
2112 2783
1593 2784
908 2785
830 2786
1226 2786
2142 2786
71 2787
95 2788
657 2788
2582 2788
422 2789
2059 2790
535 2791
78 2792
943 2792
2137 2792
736 2793
1192 2793
289 2794
506 2794
8 2795
405 2795
1004 2795
1694 2795
2731 2795
657 2796
1339 2797
435 2798
1790 2798
2719 2798
1313 2799
1789 2799
2715 2800
994 2801
1088 2801
2715 2802
124 2803
657 2804
212 2805
1106 2805
1256 2805
1299 2805
1312 2805
1536 2805
5 2806
12 2806
111 2806
139 2806
197 2806
264 2806
279 2806
289 2806
458 2806
551 2806
756 2806
801 2806
1097 2806
1390 2806
1906 2806
1971 2806
1991 2806
2093 2806
2131 2806
44 2807
2686 2807
124 2808
44 2809
172 2810
199 2810
289 2810
498 2810
1906 2810
764 2811
1611 2811
1786 2811
498 2812
710 2813
1536 2814
213 2815
2059 2815
135 2816
421 2817
686 2818
1986 2818
492 2819
1579 2819
1290 2820
31 2821
565 2821
810 2821
989 2821
1026 2821
1812 2821
1865 2821
2242 2821
43 2822
2515 2822
74 2823
95 2823
125 2823
139 2823
362 2823
504 2823
549 2823
572 2823
941 2823
983 2823
1182 2823
1265 2823
1338 2823
1529 2823
1682 2823
1787 2823
1970 2823
2081 2823
2366 2823
2564 2823
2696 2823
2802 2823
1516 2824
1582 2825
943 2826
896 2827
741 2828
1007 2829
2184 2829
17 2830
276 2830
326 2830
349 2830
353 2830
382 2830
434 2830
595 2830
746 2830
851 2830
954 2830
1041 2830
1302 2830
1631 2830
1635 2830
1758 2830
1799 2830
1828 2830
1938 2830
1960 2830
2143 2830
2371 2830
2424 2830
2487 2830
2649 2830
2347 2831
392 2832
480 2832
791 2832
2068 2832
2125 2833
2243 2833
163 2834
2485 2834
2597 2834
865 2835
1309 2835
1459 2835
2209 2835
1767 2836
876 2837
2134 2838
565 2839
1812 2839
1587 2840
1986 2841
111 2842
1290 2843
416 2844
422 2845
2430 2845
842 2846
2645 2846
172 2847
349 2848
520 2848
571 2848
1007 2848
2423 2848
2485 2849
207 2850
810 2851
1753 2851
131 2852
169 2852
187 2852
259 2852
1693 2852
1819 2852
43 2853
2515 2853
212 2854
1129 2854
1299 2854
1344 2854
1717 2854
817 2855
686 2856
1613 2856
148 2857
1049 2857
111 2858
261 2858
291 2858
460 2858
556 2858
939 2858
1076 2858
1138 2858
1309 2858
1498 2858
2359 2858
9 2859
249 2859
586 2859
728 2859
1241 2859
1343 2859
2254 2859
841 2860
71 2861
386 2862
435 2863
1906 2863
2719 2863
357 2864
2261 2864
249 2865
530 2865
1907 2865
1715 2866
120 2867
2701 2868
490 2869
2644 2869
225 2870
1007 2870
2259 2870
750 2871
1944 2871
386 2872
392 2872
1440 2872
1617 2872
2068 2872
749 2873
1812 2874
1853 2875
710 2876
1251 2876
1851 2876
291 2877
972 2877
935 2878
457 2879
1188 2879
253 2880
2515 2880
2718 2880
1455 2881
657 2882
1175 2883
1213 2884
2148 2884
2427 2884
2427 2885
37 2886
131 2887
2112 2887
2458 2887
2593 2887
1007 2888
841 2889
1039 2889
1825 2889
94 2890
2324 2890
241 2891
1834 2892
817 2893
1812 2893
1952 2894
83 2895
619 2895
939 2895
974 2895
1118 2896
2823 2896
16 2897
1007 2897
1102 2897
1593 2897
2414 2897
16 2898
873 2898
1102 2898
1169 2899
2045 2899
2645 2899
724 2900
738 2901
1514 2901
91 2902
100 2902
124 2902
139 2902
199 2902
207 2902
239 2902
240 2902
289 2902
324 2902
359 2902
365 2902
386 2902
764 2902
780 2902
810 2902
841 2902
884 2902
967 2902
980 2902
1087 2902
1174 2902
1193 2902
1292 2902
1315 2902
1336 2902
1346 2902
1367 2902
1385 2902
1393 2902
1406 2902
1433 2902
1470 2902
1539 2902
1611 2902
1663 2902
1702 2902
1722 2902
1793 2902
1862 2902
1932 2902
2032 2902
2043 2902
2052 2902
2092 2902
2208 2902
2347 2902
2363 2902
2522 2902
2672 2902
2700 2902
2777 2902
2778 2902
2780 2902
2810 2902
868 2903
1339 2903
58 2904
215 2904
476 2904
508 2904
518 2904
554 2904
612 2904
917 2904
944 2904
1082 2904
1247 2904
1285 2904
1316 2904
1461 2904
1532 2904
1533 2904
1563 2904
1866 2904
1993 2904
2105 2904
2113 2904
2154 2904
2218 2904
2227 2904
2284 2904
2361 2904
2839 2904
388 2905
1170 2905
1981 2905
2099 2905
2498 2905
2597 2905
2834 2905
3 2906
578 2906
1028 2906
2374 2906
103 2907
120 2907
178 2907
342 2907
391 2907
488 2907
691 2907
794 2907
873 2907
910 2907
1346 2907
1569 2907
1651 2907
1857 2907
2006 2907
2026 2907
2125 2907
2303 2907
2356 2907
2660 2907
2669 2907
2678 2907
2854 2907
619 2908
974 2908
574 2909
1592 2909
289 2910
699 2910
2515 2911
2006 2912
2402 2912
1952 2913
1577 2914
37 2915
95 2916
2121 2916
1381 2917
111 2918
1093 2919
192 2920
1221 2920
1620 2921
2349 2921
103 2922
1199 2922
1257 2923
2243 2924
2833 2924
377 2925
256 2926
1147 2926
579 2927
1246 2928
2169 2928
15 2929
1569 2929
2870 2929
2036 2930
223 2931
384 2931
714 2931
2537 2931
120 2932
1047 2932
1446 2932
85 2933
253 2933
376 2933
408 2933
683 2933
847 2933
870 2933
991 2933
1128 2933
1176 2933
1332 2933
1375 2933
1600 2933
1633 2933
1937 2933
1946 2933
2124 2933
2297 2933
2353 2933
2370 2933
2500 2933
2822 2933
2853 2933
2880 2933
1221 2934
1577 2935
874 2936
2546 2936
140 2937
801 2937
2163 2937
1317 2938
1390 2938
1834 2939
2125 2940
1853 2941
817 2942
1052 2942
1337 2942
1564 2942
1812 2942
2096 2942
1181 2943
2281 2944
1577 2945
868 2946
1339 2946
1980 2946
140 2947
200 2947
357 2947
980 2947
1050 2947
1130 2947
1214 2947
1620 2947
1749 2947
1853 2948
1 2949
35 2949
76 2949
208 2949
386 2949
392 2949
443 2949
657 2949
801 2949
810 2949
1194 2949
1347 2949
1617 2949
2432 2949
2650 2949
32 2950
95 2950
140 2950
200 2950
427 2950
764 2950
1365 2950
1611 2950
2125 2950
2363 2950
2419 2950
2486 2950
2858 2950
15 2951
111 2952
1790 2953
2240 2953
2719 2953
873 2954
2026 2954
12 2955
77 2955
732 2955
2466 2955
2805 2955
223 2956
10 2957
526 2957
787 2957
1638 2957
52 2958
2830 2958
619 2959
974 2959
1511 2959
2389 2959
386 2960
1061 2960
2439 2960
462 2961
2458 2961
2593 2961
797 2962
749 2963
2470 2964
2586 2964
1952 2965
386 2966
2862 2966
111 2967
753 2968
1101 2968
1172 2968
1194 2968
1574 2968
2421 2968
1108 2969
1548 2969
2080 2970
343 2971
1102 2971
1244 2971
56 2972
63 2972
111 2972
320 2972
406 2972
438 2972
440 2972
525 2972
670 2972
727 2972
762 2972
877 2972
960 2972
1076 2972
1831 2972
1870 2972
1873 2972
1888 2972
2042 2972
2071 2972
2323 2972
2384 2972
2404 2972
2450 2972
2502 2972
2562 2972
2781 2972
74 2973
125 2973
139 2973
470 2973
572 2973
1182 2973
1265 2973
1682 2973
1787 2973
1970 2973
2366 2973
2544 2973
2564 2973
2696 2973
2800 2973
193 2974
498 2974
172 2975
152 2976
996 2976
2410 2976
489 2977
1419 2977
1387 2978
391 2979
1660 2980
2730 2980
124 2981
200 2981
320 2981
405 2981
427 2981
675 2981
701 2981
799 2981
801 2981
949 2981
1390 2981
1622 2981
1664 2981
2537 2981
2611 2981
2858 2981
738 2982
805 2982
144 2983
741 2983
207 2984
289 2984
291 2984
405 2984
815 2984
974 2984
1069 2984
1076 2984
1284 2984
2159 2984
2431 2984
199 2985
2036 2986
1118 2987
246 2988
404 2988
1444 2988
1940 2988
2142 2988
2295 2989
449 2990
657 2990
1123 2990
1656 2990
1907 2990
1942 2990
2521 2990
2691 2991
873 2992
199 2993
1952 2993
2902 2993
2830 2994
847 2995
635 2996
1450 2996
2805 2996
1214 2997
1887 2997
1577 2998
406 2999
147 3000
315 3000
355 3000
595 3000
603 3000
982 3000
1044 3000
1056 3000
1308 3000
1363 3000
1491 3000
1717 3000
2006 3000
2402 3000
