12 22
11 44
8 46
51 55
13 61
3 63
14 67
34 69
38 69
44 69
37 70
69 70
40 71
6 74
34 78
43 85
52 87
25 95
66 95
83 95
81 103
95 107
6 110
5 111
23 111
41 111
5 120
11 120
72 124
95 124
101 129
29 131
79 132
95 132
129 133
122 136
111 139
130 140
3 142
15 147
22 147
103 147
34 148
11 149
43 151
42 152
120 154
95 157
95 159
20 161
126 161
5 164
124 164
108 167
95 168
111 173
43 174
80 178
147 178
148 185
75 186
140 187
187 188
1 193
143 196
5 197
8 197
95 197
129 197
139 197
148 198
100 199
111 199
124 199
139 199
80 200
2 207
27 207
112 207
197 207
95 209
187 210
71 216
6 217
145 221
111 222
8 223
104 226
172 231
107 232
172 232
103 234
54 242
172 242
111 243
223 245
153 247
3 248
95 248
242 249
95 251
105 251
60 252
95 252
223 252
207 254
242 255
242 256
44 257
210 259
120 260
175 260
111 261
95 262
5 264
111 264
95 265
43 266
248 272
52 276
43 277
16 278
161 283
111 287
213 287
5 289
65 289
91 289
105 289
199 289
230 289
95 290
57 291
111 291
139 291
111 296
135 300
111 301
225 303
207 309
289 309
12 311
69 313
148 325
148 329
68 330
103 330
155 333
220 333
95 335
78 339
148 339
153 340
260 342
316 342
11 343
193 345
52 349
130 349
147 349
212 349
260 349
3 351
111 351
52 352
176 354
242 355
333 355
100 357
180 357
253 358
199 359
111 361
207 361
199 365
111 366
37 367
354 367
35 368
153 368
95 370
223 371
43 376
90 377
118 377
135 379
232 381
52 382
100 384
207 384
12 388
163 388
192 388
292 388
379 388
6 390
120 391
147 391
183 391
234 391
252 391
328 391
342 391
251 392
145 393
147 394
32 395
95 395
200 395
386 395
64 396
323 396
356 396
136 400
6 401
337 404
46 405
83 405
101 405
309 405
3 406
374 406
43 408
64 409
190 409
207 409
43 410
341 410
205 412
193 413
35 416
291 416
386 416
406 420
136 421
319 421
103 422
111 424
169 426
180 426
349 426
111 427
291 427
395 427
147 434
139 435
243 435
124 436
79 437
3 440
74 440
91 440
129 440
139 440
190 440
362 440
71 441
57 443
111 443
296 443
368 443
174 444
242 445
258 446
103 447
95 449
172 449
197 449
288 450
9 451
62 451
65 451
249 451
320 451
386 451
129 452
223 456
5 458
167 458
202 458
428 458
16 459
196 459
97 460
368 460
416 460
103 463
69 465
289 466
174 467
120 469
74 470
95 470
125 470
139 470
162 470
362 470
449 470
410 471
28 475
198 475
314 475
322 475
339 475
464 475
251 480
416 480
410 481
15 486
147 488
458 488
8 489
129 489
223 489
87 492
124 492
350 492
71 493
232 494
101 496
91 498
164 498
249 498
331 498
338 498
355 498
404 498
474 498
120 501
207 502
346 503
470 504
502 507
470 509
199 510
421 513
3 514
111 514
197 514
271 514
446 515
111 516
111 517
11 520
69 520
260 520
207 522
247 522
470 523
3 525
289 525
111 527
130 527
187 527
291 527
34 529
195 529
9 530
54 530
164 530
207 530
237 530
249 530
255 530
320 530
345 530
348 530
355 530
386 530
404 530
3 531
147 534
234 534
463 534
470 538
5 540
124 542
116 543
289 543
458 544
43 545
107 547
161 548
101 549
440 549
470 549
522 549
413 550
440 550
310 551
492 551
475 555
427 556
291 558
443 558
460 558
453 559
7 560
88 560
170 560
458 562
421 563
443 564
58 565
215 565
287 565
307 565
344 565
359 565
363 565
398 565
443 565
508 565
518 565
521 565
539 565
554 565
475 566
534 567
470 569
26 571
55 571
120 571
260 571
293 571
357 571
386 571
447 571
463 571
6 572
470 572
111 573
161 574
468 576
248 578
275 579
422 581
347 582
463 582
451 586
169 590
43 593
52 595
169 597
3 598
264 598
296 598
153 599
199 599
289 599
416 599
435 599
530 599
143 601
196 601
15 602
164 602
279 602
296 602
309 602
333 603
55 605
234 605
260 605
391 605
16 606
135 606
192 610
354 611
565 612
10 613
51 614
446 616
549 622
291 623
535 623
289 627
10 630
565 631
3 632
458 634
48 635
69 635
147 635
212 635
234 635
588 635
9 638
235 638
558 638
492 639
3 643
95 643
272 643
296 643
145 645
393 645
188 647
354 649
470 650
196 651
487 652
475 653
178 654
199 655
498 656
79 657
101 657
107 657
134 657
157 657
165 657
168 657
209 657
262 657
265 657
290 657
370 657
373 657
399 657
437 657
449 657
478 657
498 657
561 657
618 657
95 660
657 660
530 661
145 663
645 663
15 665
396 666
129 667
178 667
8 668
129 668
392 668
405 668
489 668
549 668
613 668
498 669
475 677
170 679
43 683
44 685
55 686
316 686
391 686
422 686
124 687
200 687
320 687
384 687
405 687
675 687
381 688
633 688
470 689
458 690
147 691
421 691
174 692
253 692
95 693
95 694
129 695
498 696
687 701
80 702
16 703
571 703
147 706
567 706
608 706
148 707
80 711
111 711
124 711
190 711
299 712
357 712
120 713
95 715
440 716
120 717
522 719
498 720
95 721
530 721
80 723
111 723
296 723
458 723
314 724
334 724
415 724
628 724
571 725
3 727
351 728
451 728
460 728
530 728
129 733
178 735
122 736
577 738
571 740
144 741
163 742
129 743
42 745
169 745
180 745
200 745
296 745
590 745
52 746
724 747
12 749
147 749
192 749
292 749
431 749
95 752
416 753
43 754
5 756
95 757
15 758
68 759
69 759
77 759
149 759
388 759
394 759
691 759
489 760
196 763
180 764
200 764
405 764
148 770
571 771
75 773
188 775
498 775
357 777
773 779
199 780
175 781
212 781
127 783
582 784
10 785
111 786
558 786
150 787
180 787
470 787
613 787
135 788
251 791
67 792
69 792
87 792
178 792
1 794
3 794
92 794
147 794
164 794
197 794
279 794
309 794
540 794
789 794
406 797
80 799
179 799
190 799
598 799
687 799
794 799
111 800
5 801
193 801
197 801
368 801
416 801
489 801
602 801
607 801
687 801
695 801
101 802
197 802
44 806
37 807
354 807
565 808
200 809
799 809
199 810
242 810
251 810
312 810
530 810
607 810
636 810
513 811
223 812
105 813
153 813
392 813
8 815
129 815
207 815
549 815
232 816
58 817
67 817
111 817
153 817
157 817
207 817
243 817
359 817
380 817
398 817
432 817
443 817
484 817
485 817
510 817
612 817
705 817
796 817
810 817
458 818
817 819
369 822
196 825
817 826
551 827
383 828
388 828
684 828
691 828
736 828
750 828
421 829
492 830
722 830
551 831
223 832
422 834
492 835
80 836
78 837
148 837
415 837
388 838
120 839
394 840
513 840
12 841
51 841
98 841
147 841
175 841
199 841
233 841
260 841
298 841
386 841
391 841
486 841
512 841
528 841
541 841
571 841
602 841
717 841
778 841
794 841
820 841
261 843
564 843
163 844
388 845
749 845
152 846
745 846
43 847
444 847
671 847
692 847
111 848
517 848
349 849
571 849
215 850
565 850
52 851
174 852
410 852
817 854
274 855
503 855
755 855
841 855
252 856
686 856
161 857
357 858
470 858
759 859
817 860
841 861
111 862
296 862
71 863
396 863
474 866
73 867
74 868
111 868
129 868
285 868
295 868
550 868
591 868
823 868
83 869
815 869
43 870
467 871
148 872
115 873
120 873
145 873
181 873
196 873
214 873
236 873
280 873
281 873
302 873
387 873
388 873
400 873
430 873
442 873
483 873
491 873
497 873
500 873
580 873
606 873
625 873
751 873
782 873
795 873
811 873
462 874
576 876
3 877
418 880
441 880
629 880
674 880
336 881
652 881
737 881
288 882
241 883
199 884
43 887
3 889
498 889
16 891
84 891
135 891
289 892
514 892
184 893
828 893
391 894
37 895
706 895
397 896
450 896
519 896
648 896
498 897
148 898
873 899
148 900
10 903
551 904
209 905
671 908
692 908
147 910
793 910
838 910
840 910
910 911
60 913
248 914
369 915
582 915
153 916
31 917
111 917
565 917
688 917
810 917
1 918
753 918
868 919
799 920
299 922
846 922
167 923
458 923
873 924
111 926
458 926
558 926
440 927
470 927
565 928
873 929
498 932
71 933
264 938
801 938
129 939
869 939
440 941
470 941
14 942
34 943
628 943
878 943
31 944
109 944
551 944
565 944
810 944
354 945
396 946
440 948
15 950
841 950
462 952
610 955
680 955
223 956
422 958
841 959
3 960
670 960
638 964
817 966
199 967
386 968
560 968
695 968
391 970
422 971
57 972
111 972
139 972
140 972
527 972
535 972
623 972
443 973
8 974
309 974
815 974
869 974
551 975
657 977
194 978
416 978
527 978
813 978
515 979
590 979
642 979
745 979
200 980
44 981
333 982
470 983
520 985
571 985
124 986
753 986
639 987
830 987
79 988
657 988
381 989
449 989
944 989
43 991
136 992
710 994
490 995
42 996
52 997
121 998
140 998
180 998
199 998
200 998
207 998
395 998
718 998
111 1001
698 1002
95 1003
46 1004
186 1004
779 1004
147 1007
511 1007
602 1007
665 1007
928 1008
111 1009
643 1009
111 1011
16 1012
108 1012
377 1013
16 1014
111 1020
810 1020
1009 1020
153 1021
357 1021
841 1022
409 1023
986 1024
139 1026
917 1026
873 1027
248 1028
259 1028
643 1028
551 1030
722 1030
830 1030
1024 1030
188 1031
223 1032
722 1033
986 1033
987 1033
514 1034
223 1035
223 1037
959 1038
148 1040
724 1040
475 1042
16 1045
391 1045
792 1045
571 1047
635 1047
781 1047
95 1048
148 1049
91 1050
139 1050
232 1050
633 1050
980 1050
147 1052
183 1052
349 1052
503 1052
1045 1052
379 1053
196 1055
393 1055
873 1055
50 1056
147 1056
171 1056
191 1056
355 1056
595 1056
603 1056
873 1056
982 1056
1044 1056
897 1057
565 1058
177 1059
202 1059
311 1059
488 1059
569 1059
582 1059
396 1060
880 1060
299 1061
111 1062
291 1063
291 1064
163 1065
111 1069
140 1069
527 1069
970 1070
1032 1071
1035 1071
873 1072
223 1073
384 1073
714 1073
229 1074
246 1074
337 1074
404 1074
830 1074
3 1076
92 1076
140 1076
147 1076
540 1076
622 1076
841 1076
111 1077
66 1078
490 1078
172 1080
522 1081
565 1082
868 1084
16 1086
13 1088
372 1088
567 1088
589 1088
321 1089
840 1089
3 1090
996 1091
111 1092
306 1093
881 1093
385 1094
204 1095
218 1095
210 1097
607 1097
794 1097
938 1097
153 1098
261 1098
706 1099
291 1100
492 1101
582 1101
722 1101
12 1102
30 1102
36 1102
84 1102
189 1102
227 1102
236 1102
330 1102
343 1102
402 1102
430 1102
483 1102
606 1102
788 1102
891 1102
985 1102
421 1103
556 1104
783 1104
293 1105
349 1105
686 1105
1046 1105
841 1107
129 1108
178 1108
207 1108
264 1108
309 1108
587 1108
719 1108
744 1108
799 1108
879 1108
13 1109
873 1110
49 1112
120 1112
183 1112
252 1112
289 1112
855 1112
942 1112
1017 1112
873 1114
908 1115
11 1116
375 1116
457 1116
798 1116
47 1118
129 1118
166 1118
550 1118
801 1118
422 1119
1074 1120
498 1121
396 1122
451 1123
139 1124
207 1124
489 1124
11 1127
106 1127
156 1127
346 1127
606 1127
759 1127
43 1128
349 1129
1007 1129
80 1130
591 1130
598 1130
745 1130
787 1130
980 1130
638 1132
397 1134
709 1134
745 1134
885 1134
630 1135
178 1136
560 1136
427 1138
1054 1138
403 1139
642 1139
885 1139
888 1139
71 1140
475 1141
167 1142
458 1142
1059 1142
69 1143
873 1144
54 1147
95 1147
255 1147
345 1147
531 1147
465 1148
873 1149
223 1150
197 1151
565 1151
688 1151
810 1151
817 1151
35 1152
76 1152
91 1152
153 1152
211 1152
386 1152
392 1152
657 1152
801 1152
892 1152
978 1152
1131 1152
915 1153
1133 1153
801 1154
37 1155
149 1155
534 1155
691 1155
1127 1155
530 1156
578 1156
975 1156
935 1157
657 1159
697 1159
460 1161
584 1161
498 1163
530 1163
498 1164
111 1165
9 1166
320 1166
658 1166
1132 1166
16 1168
124 1169
842 1169
163 1170
368 1172
492 1172
722 1172
1152 1172
1079 1175
43 1176
242 1178
101 1179
560 1180
106 1181
759 1181
1102 1181
470 1182
868 1182
941 1182
1033 1183
422 1184
357 1185
95 1186
405 1186
694 1186
869 1186
149 1188
1181 1188
639 1189
475 1190
59 1192
388 1192
537 1192
691 1192
736 1192
199 1193
492 1194
638 1195
291 1196
443 1196
75 1197
897 1198
422 1199
759 1199
196 1200
460 1201
275 1202
289 1202
543 1202
385 1204
1088 1204
15 1207
223 1208
207 1210
111 1211
546 1213
768 1213
127 1214
180 1214
264 1214
299 1214
349 1214
564 1214
596 1214
626 1214
711 1214
712 1214
777 1214
799 1214
858 1214
980 1214
120 1215
15 1216
32 1216
111 1216
264 1216
309 1216
384 1216
598 1216
613 1216
711 1216
801 1216
968 1216
976 1216
207 1217
960 1218
78 1222
943 1222
212 1223
614 1223
1038 1223
1047 1223
249 1226
386 1226
404 1226
449 1226
568 1226
586 1226
657 1226
1161 1227
498 1228
813 1228
458 1229
120 1231
841 1231
1214 1232
749 1233
263 1234
643 1234
223 1235
759 1237
724 1239
530 1241
207 1243
343 1244
1188 1244
527 1245
914 1245
385 1246
691 1246
947 1246
1116 1246
565 1247
207 1248
43 1249
706 1251
1088 1251
108 1252
873 1253
37 1254
111 1255
130 1255
197 1255
556 1255
591 1255
863 1255
948 1255
1171 1255
858 1256
199 1257
691 1258
16 1259
571 1260
404 1261
1074 1261
1226 1262
199 1263
224 1263
172 1264
470 1265
1102 1266
78 1267
148 1267
837 1267
943 1267
792 1268
817 1268
232 1272
710 1274
16 1275
873 1276
873 1277
1116 1278
192 1280
955 1280
389 1281
708 1281
918 1282
1030 1282
462 1283
535 1284
623 1284
565 1285
109 1287
111 1287
688 1287
817 1287
152 1290
357 1290
426 1290
446 1290
450 1290
515 1290
624 1290
882 1290
912 1290
931 1290
934 1290
969 1290
1205 1290
1256 1290
130 1291
556 1291
874 1291
1214 1291
1256 1291
78 1293
148 1293
529 1293
724 1293
873 1294
1290 1295
1268 1296
522 1297
1108 1297
781 1299
129 1301
133 1301
52 1302
69 1302
167 1302
602 1302
1012 1302
1056 1302
1116 1302
1252 1302
873 1303
749 1304
1030 1306
1074 1306
197 1307
435 1307
1056 1308
123 1309
127 1309
349 1309
709 1309
777 1309
199 1310
288 1311
51 1312
349 1312
520 1312
605 1312
635 1312
686 1312
87 1313
571 1313
769 1313
890 1313
997 1313
1025 1313
1101 1313
1155 1314
199 1315
565 1316
817 1316
799 1317
475 1318
291 1320
347 1322
1173 1322
355 1324
582 1324
1263 1325
422 1327
12 1328
120 1328
126 1328
182 1328
283 1328
455 1328
461 1328
570 1328
704 1328
793 1328
175 1329
1047 1329
1328 1331
43 1332
21 1333
69 1333
582 1333
634 1333
862 1333
926 1333
1142 1333
1273 1333
560 1334
11 1335
48 1335
69 1335
234 1335
260 1335
985 1335
1047 1335
1299 1335
1312 1335
120 1337
6 1338
470 1338
1118 1338
124 1339
190 1339
207 1339
259 1339
285 1339
362 1339
453 1339
550 1339
591 1339
823 1339
941 1339
128 1340
440 1340
571 1341
349 1344
1291 1344
333 1345
147 1346
384 1346
458 1346
527 1346
1050 1346
1130 1346
1214 1346
368 1347
492 1347
987 1347
1152 1347
708 1348
406 1349
95 1350
695 1351
199 1352
296 1352
1050 1352
468 1353
876 1353
388 1354
793 1354
910 1354
1328 1354
582 1355
844 1355
79 1357
395 1358
602 1358
1216 1358
855 1359
905 1360
1056 1363
172 1364
395 1365
148 1366
199 1367
817 1370
101 1371
197 1371
489 1371
199 1372
565 1373
817 1373
868 1374
43 1375
873 1376
123 1377
357 1377
865 1377
1214 1377
1309 1377
87 1379
95 1379
208 1379
392 1379
460 1379
480 1379
584 1379
688 1379
721 1379
801 1379
1069 1379
1161 1379
1172 1379
529 1380
943 1380
120 1381
841 1381
1231 1381
1379 1382
233 1383
841 1383
69 1384
100 1384
167 1384
202 1384
311 1384
428 1384
488 1384
582 1384
634 1384
723 1384
923 1384
926 1384
1142 1384
1229 1384
1346 1384
199 1385
780 1385
94 1386
813 1386
282 1387
1 1389
1156 1389
633 1390
687 1390
794 1390
920 1390
948 1390
1076 1390
1108 1390
1317 1390
741 1391
1032 1391
1208 1391
817 1392
199 1393
475 1394
111 1396
207 1396
719 1396
1081 1396
1175 1396
1297 1396
377 1397
532 1397
391 1398
605 1398
1335 1398
714 1399
906 1399
446 1400
72 1401
287 1401
657 1403
404 1404
1226 1404
522 1405
199 1406
967 1406
69 1408
78 1408
148 1408
943 1408
8 1409
549 1409
815 1409
104 1410
470 1411
111 1412
841 1413
110 1414
377 1414
78 1415
148 1415
724 1415
1183 1416
810 1417
1379 1418
16 1420
978 1421
1 1422
35 1422
76 1422
93 1422
386 1422
392 1422
443 1422
657 1422
801 1422
810 1422
978 1422
1194 1422
1347 1422
1290 1423
1191 1426
939 1427
1102 1428
83 1429
99 1429
364 1429
654 1429
668 1429
1235 1429
1279 1429
1302 1429
129 1430
821 1430
16 1431
810 1432
199 1433
873 1435
498 1436
364 1437
868 1437
1339 1437
433 1439
638 1441
565 1442
817 1442
1177 1443
9 1444
62 1444
320 1444
345 1444
480 1444
586 1444
728 1444
1123 1444
1241 1444
1343 1444
349 1446
1047 1446
1108 1447
1152 1448
207 1449
55 1450
130 1450
745 1450
1256 1450
421 1452
571 1452
1258 1452
1118 1454
82 1455
151 1455
174 1455
505 1455
673 1455
683 1455
761 1455
774 1455
1117 1455
1176 1455
1249 1455
1362 1455
32 1456
264 1456
309 1456
384 1456
598 1456
775 1456
1365 1456
101 1457
197 1457
489 1457
1271 1458
357 1459
1377 1459
148 1460
565 1461
223 1462
1074 1463
1444 1463
873 1464
347 1466
1173 1466
12 1467
1384 1467
868 1468
941 1468
386 1469
643 1469
199 1470
135 1471
406 1472
6 1473
565 1473
1118 1473
196 1475
873 1476
199 1477
391 1478
615 1479
1030 1479
1226 1480
828 1481
873 1482
95 1483
43 1484
530 1485
1163 1485
1226 1485
355 1487
953 1487
43 1488
82 1488
228 1488
341 1488
471 1488
676 1488
692 1488
871 1488
1455 1488
16 1489
513 1489
563 1489
1103 1489
1145 1489
163 1490
252 1491
530 1491
1056 1491
1161 1491
1328 1491
1487 1491
657 1493
1118 1494
153 1495
1263 1496
95 1497
172 1497
127 1498
409 1498
427 1498
193 1500
1455 1501
1488 1501
11 1502
457 1502
1188 1502
1244 1502
724 1504
602 1505
1012 1505
1018 1505
1252 1505
1221 1506
111 1507
108 1508
458 1508
1302 1508
3 1509
289 1509
543 1509
129 1511
701 1511
1296 1512
3 1513
86 1514
103 1514
343 1514
1126 1514
1127 1514
1181 1514
873 1515
171 1516
191 1516
315 1516
355 1516
729 1516
873 1516
462 1517
952 1517
939 1519
114 1520
1078 1520
199 1521
349 1523
745 1523
896 1523
1390 1523
101 1524
197 1524
1255 1525
386 1526
460 1526
584 1526
1101 1526
1172 1526
1227 1526
1379 1526
579 1527
327 1528
412 1528
1095 1528
150 1529
169 1529
332 1529
386 1529
470 1529
613 1529
903 1529
1135 1529
155 1530
534 1530
873 1530
565 1532
565 1533
817 1533
207 1534
657 1535
571 1536
828 1537
1162 1537
565 1538
199 1539
197 1540
111 1541
1246 1542
749 1543
873 1544
635 1546
223 1549
1462 1549
750 1551
1192 1551
498 1552
355 1553
1226 1553
1095 1555
873 1556
6 1557
1339 1557
749 1558
1251 1560
193 1561
244 1561
416 1561
1379 1561
565 1563
67 1564
69 1564
87 1564
347 1564
792 1564
44 1565
136 1565
533 1566
610 1566
680 1566
749 1566
43 1567
673 1567
252 1568
10 1569
11 1569
147 1569
260 1569
665 1569
856 1569
1207 1569
1529 1569
565 1570
111 1571
396 1572
288 1573
108 1574
1101 1574
1313 1574
1505 1574
1516 1574
579 1575
477 1577
515 1577
616 1577
734 1577
999 1577
1290 1577
492 1579
1074 1579
333 1580
1516 1580
43 1581
64 1582
190 1582
305 1582
863 1582
1361 1582
458 1583
1059 1583
1333 1583
1384 1583
288 1584
180 1585
405 1585
575 1585
630 1585
718 1585
948 1585
1300 1585
244 1587
368 1587
1152 1587
1422 1587
84 1588
135 1588
300 1588
357 1589
1214 1589
1256 1589
1344 1589
233 1590
1383 1590
560 1591
574 1592
89 1593
214 1593
236 1593
273 1593
402 1593
439 1593
479 1593
483 1593
742 1593
811 1593
1012 1593
1116 1593
1275 1593
1321 1593
1420 1593
1476 1593
1489 1593
1078 1594
357 1595
1309 1595
565 1596
565 1597
817 1597
43 1600
207 1601
103 1602
293 1602
551 1603
1339 1604
16 1605
108 1605
1102 1605
1593 1605
241 1608
1593 1609
121 1611
180 1611
199 1611
200 1611
998 1611
1300 1611
1226 1612
103 1613
342 1613
970 1613
56 1614
63 1614
111 1614
116 1614
248 1614
320 1614
420 1614
440 1614
633 1614
670 1614
727 1614
762 1614
15 1615
571 1615
817 1616
873 1616
1296 1616
368 1617
502 1617
668 1617
813 1617
914 1617
1020 1617
1076 1617
1118 1617
1291 1617
1417 1617
1469 1617
445 1618
95 1619
72 1620
200 1620
238 1620
264 1620
289 1620
308 1620
470 1620
522 1620
542 1620
552 1620
799 1620
864 1620
980 1620
1169 1620
1242 1620
1281 1620
1402 1620
1535 1620
830 1621
207 1622
687 1622
388 1623
897 1626
1620 1627
1429 1628
1516 1629
52 1631
941 1632
43 1633
659 1634
714 1634
1197 1634
851 1635
351 1636
460 1636
551 1637
180 1638
207 1638
470 1638
613 1638
1130 1638
1135 1638
15 1639
16 1639
232 1640
1053 1641
1108 1643
1548 1643
817 1644
819 1644
223 1645
1516 1646
174 1649
410 1649
908 1649
657 1650
147 1651
212 1651
429 1651
1105 1651
1129 1651
12 1652
22 1652
311 1652
388 1652
428 1652
732 1652
841 1652
1102 1652
1450 1652
1467 1652
755 1653
855 1653
416 1654
1102 1655
1226 1656
1444 1656
817 1657
475 1658
12 1659
120 1659
126 1659
283 1659
461 1659
1029 1659
1101 1659
1425 1659
1491 1659
1652 1659
228 1660
1488 1660
123 1661
197 1661
368 1661
1021 1661
1061 1661
1459 1661
147 1662
234 1662
422 1662
759 1662
199 1663
619 1664
687 1664
410 1665
1530 1666
507 1667
801 1667
902 1667
34 1668
78 1668
529 1668
873 1669
686 1670
970 1670
3 1671
514 1671
1147 1672
397 1674
745 1674
885 1674
551 1675
1213 1675
207 1677
1290 1678
129 1679
139 1679
207 1679
550 1679
687 1679
1216 1679
757 1680
817 1681
470 1682
232 1684
726 1685
1160 1685
939 1686
126 1687
147 1687
548 1687
793 1687
857 1687
1333 1687
1491 1687
1510 1687
241 1688
34 1689
354 1689
635 1689
646 1689
759 1689
792 1689
1148 1689
1219 1689
1305 1689
1335 1689
1408 1689
1569 1689
1647 1689
1328 1691
1333 1692
1384 1692
140 1693
46 1694
405 1694
1004 1694
196 1695
763 1695
377 1696
1516 1697
223 1698
409 1699
881 1700
736 1701
828 1701
199 1702
199 1703
95 1704
657 1704
111 1705
357 1705
213 1706
565 1706
207 1707
1458 1708
1634 1709
1290 1710
446 1712
405 1713
1004 1713
131 1714
286 1714
95 1715
132 1715
158 1715
1387 1715
207 1716
395 1716
103 1717
120 1717
167 1717
178 1717
342 1717
391 1717
488 1717
691 1717
794 1717
873 1717
1007 1717
1056 1717
1112 1717
1346 1717
1569 1717
1651 1717
1687 1717
296 1718
914 1718
1050 1718
111 1719
187 1719
647 1719
1718 1719
978 1720
95 1721
199 1722
1333 1723
349 1724
188 1725
197 1727
15 1728
1569 1728
1102 1732
828 1733
939 1735
1203 1735
681 1736
1127 1737
1181 1737
44 1738
197 1739
413 1739
193 1740
327 1740
1528 1740
1708 1740
873 1741
11 1743
798 1743
111 1744
187 1744
1718 1744
69 1745
724 1745
1689 1745
1586 1748
261 1749
972 1749
978 1749
980 1749
1245 1749
1346 1749
1056 1751
1397 1752
1746 1752
917 1753
1432 1753
131 1755
462 1755
1517 1755
199 1756
213 1756
1593 1757
1118 1759
111 1760
72 1761
111 1761
305 1761
591 1761
948 1761
1156 1761
1171 1761
1255 1761
1344 1761
1754 1761
657 1762
406 1763
797 1763
403 1764
446 1764
450 1764
709 1764
885 1764
912 1764
1043 1764
1289 1764
1311 1764
1344 1764
1573 1764
1584 1764
810 1765
1138 1766
137 1767
1388 1768
1616 1768
223 1769
294 1769
1118 1770
1577 1771
930 1772
1458 1772
1528 1772
156 1773
219 1773
457 1773
1127 1773
873 1774
873 1775
738 1776
805 1776
1514 1776
3 1777
579 1777
1152 1778
44 1779
223 1780
833 1780
1085 1780
1644 1781
1674 1782
1764 1782
409 1784
1582 1784
1139 1785
1674 1785
199 1786
200 1786
207 1786
405 1786
948 1786
1300 1786
470 1787
1025 1789
1187 1790
71 1791
1761 1792
199 1793
529 1795
943 1795
458 1796
1321 1797
1593 1797
1634 1798
1313 1799
714 1800
1399 1800
480 1801
421 1802
111 1803
1175 1803
1167 1804
1313 1805
101 1806
422 1807
584 1808
841 1809
460 1810
530 1810
58 1812
67 1812
111 1812
153 1812
363 1812
380 1812
423 1812
432 1812
443 1812
510 1812
705 1812
860 1812
917 1812
1236 1812
1370 1812
1473 1812
1533 1812
1562 1812
1644 1812
1657 1812
1661 1812
1681 1812
1794 1812
412 1813
1772 1813
1659 1814
1102 1816
153 1817
136 1818
513 1818
910 1818
1811 1818
188 1819
12 1820
147 1820
1059 1820
287 1822
874 1822
1116 1823
1743 1823
1226 1824
717 1825
1329 1825
708 1826
1399 1827
1634 1827
147 1828
422 1828
463 1828
1398 1828
124 1829
1644 1830
188 1831
578 1831
657 1831
200 1832
247 1832
549 1832
587 1832
801 1832
836 1832
909 1832
1130 1832
1705 1832
1516 1833
530 1834
944 1834
975 1834
161 1835
475 1836
817 1837
1181 1838
1586 1838
196 1839
1475 1839
934 1840
1290 1840
1102 1842
979 1843
95 1844
187 1845
726 1845
123 1846
368 1846
1021 1846
1061 1846
1812 1846
289 1847
111 1848
873 1849
473 1850
840 1850
103 1851
970 1851
1662 1851
111 1852
28 1853
339 1853
454 1853
553 1853
566 1853
617 1853
628 1853
653 1853
678 1853
707 1853
767 1853
770 1853
776 1853
853 1853
898 1853
900 1853
937 1853
963 1853
1005 1853
1137 1853
1230 1853
1250 1853
1319 1853
1342 1853
1408 1853
1453 1853
1460 1853
1474 1853
1625 1853
1642 1853
1745 1853
265 1855
657 1855
489 1856
527 1856
1069 1856
534 1857
1841 1857
1812 1859
462 1860
289 1861
199 1862
873 1863
1593 1864
449 1865
598 1865
917 1865
944 1865
1287 1865
1379 1865
565 1866
1834 1867
498 1868
1198 1868
197 1869
3 1870
1614 1870
1147 1871
357 1872
1614 1873
207 1874
153 1875
522 1875
1396 1875
1832 1875
520 1877
111 1878
43 1879
153 1880
556 1880
443 1881
460 1881
569 1881
638 1881
862 1881
1166 1881
1352 1881
1379 1882
1418 1882
1155 1883
129 1884
520 1885
841 1885
80 1886
858 1887
1291 1887
1614 1888
60 1889
252 1889
498 1890
1002 1890
737 1891
1093 1891
94 1892
355 1893
1634 1894
396 1895
135 1896
300 1896
606 1896
873 1896
957 1896
333 1897
1577 1898
565 1899
1004 1901
1102 1902
1673 1902
246 1903
404 1903
1024 1903
1226 1903
1444 1903
717 1904
1825 1904
1877 1904
10 1905
251 1905
578 1905
668 1905
813 1905
1020 1905
1118 1905
1379 1905
1801 1905
5 1906
8 1906
91 1906
129 1906
405 1906
460 1906
585 1906
679 1906
794 1906
802 1906
1097 1906
1151 1906
1156 1906
1187 1906
1524 1906
1661 1906
1790 1906
249 1907
498 1907
530 1907
450 1908
1043 1908
1289 1908
1311 1908
1344 1908
1573 1908
1584 1908
412 1909
828 1910
1537 1910
130 1911
429 1911
745 1911
849 1911
1052 1911
1256 1911
1312 1911
560 1913
801 1914
902 1914
147 1915
1251 1915
1577 1916
422 1917
136 1918
1007 1918
70 1919
291 1921
43 1922
174 1923
551 1924
876 1925
475 1926
1530 1927
1113 1928
147 1929
1616 1929
475 1930
6 1931
109 1931
197 1931
357 1931
530 1931
657 1931
989 1931
1444 1931
31 1932
197 1932
613 1932
868 1932
972 1932
1026 1932
1248 1932
1679 1932
1161 1933
1379 1933
1059 1934
1333 1934
43 1937
52 1938
87 1938
289 1938
368 1938
492 1938
1379 1938
1564 1938
1516 1939
104 1940
1074 1940
1903 1940
44 1941
252 1942
289 1942
291 1942
351 1942
451 1942
460 1942
530 1942
1166 1942
1226 1942
1444 1942
377 1943
1551 1944
755 1945
855 1945
1296 1945
43 1946
868 1947
1339 1947
14 1948
1112 1948
1768 1948
1929 1948
1188 1950
1773 1950
1416 1951
100 1952
102 1952
139 1952
141 1952
239 1952
324 1952
414 1952
495 1952
583 1952
620 1952
862 1952
901 1952
1006 1952
1016 1952
1263 1952
1310 1952
1348 1952
1406 1952
1442 1952
1499 1952
1518 1952
1545 1952
1576 1952
1722 1952
1862 1952
1942 1952
223 1953
422 1954
1246 1955
1537 1956
840 1957
1850 1957
13 1959
52 1960
1313 1960
752 1962
410 1963
336 1964
289 1965
543 1965
579 1965
1118 1966
460 1967
480 1967
1382 1967
153 1968
108 1969
242 1969
1101 1969
1505 1969
1516 1969
6 1970
470 1970
100 1971
120 1971
178 1971
428 1971
602 1971
605 1971
794 1971
841 1971
1569 1971
1687 1971
1857 1971
1929 1971
817 1972
819 1972
1113 1973
640 1974
37 1975
1221 1976
207 1977
668 1977
833 1977
1932 1977
868 1980
941 1980
1339 1980
163 1981
269 1981
840 1981
896 1983
51 1984
397 1985
519 1985
590 1985
745 1985
882 1985
888 1985
912 1985
1067 1985
1523 1985
1782 1985
16 1986
391 1986
635 1986
1613 1986
1670 1986
1815 1986
193 1987
1095 1987
101 1988
1853 1989
407 1990
794 1991
1216 1991
1516 1992
565 1993
16 1994
391 1994
792 1994
873 1994
1857 1995
1153 1996
72 1997
874 1997
1015 1997
1516 1998
15 2000
1007 2000
1102 2000
1305 2000
91 2001
160 2001
449 2001
530 2001
599 2001
708 2001
1226 2001
1497 2001
1547 2001
1599 2001
1931 2001
1933 2001
1973 2001
1997 2001
480 2003
584 2003
657 2003
823 2004
1384 2005
1467 2005
1652 2005
111 2006
263 2006
1718 2006
52 2008
1313 2008
51 2009
657 2010
989 2010
15 2011
630 2011
785 2011
799 2011
801 2011
858 2011
1390 2011
576 2012
1112 2013
1530 2014
520 2015
1752 2016
56 2017
76 2017
111 2017
248 2017
250 2017
320 2017
438 2017
525 2017
633 2017
727 2017
877 2017
889 2017
960 2017
1873 2017
1888 2017
828 2018
1192 2018
1752 2019
565 2021
1002 2022
1050 2023
475 2026
354 2027
111 2028
51 2029
1006 2030
1952 2030
1586 2031
407 2032
58 2033
67 2033
153 2033
207 2033
363 2033
423 2033
443 2033
476 2033
485 2033
705 2033
819 2033
886 2033
944 2033
1151 2033
1247 2033
1532 2033
1533 2033
1616 2033
1657 2033
1661 2033
1681 2033
1794 2033
1837 2033
1859 2033
1920 2033
1972 2033
1255 2034
1433 2035
498 2036
1152 2036
602 2037
1252 2037
1302 2037
1313 2037
1689 2037
95 2038
109 2038
232 2038
435 2038
688 2038
989 2038
1865 2038
1853 2039
828 2040
1192 2040
426 2041
597 2041
745 2041
1118 2041
1638 2041
178 2042
549 2042
794 2042
1216 2042
1409 2042
1456 2042
1832 2042
1931 2042
487 2043
95 2044
1246 2045
520 2046
1329 2046
551 2047
565 2047
1026 2047
1812 2047
1834 2047
1865 2047
416 2048
136 2049
1268 2050
1388 2050
1512 2050
1616 2050
1737 2050
1948 2050
405 2051
815 2051
1069 2051
1409 2051
121 2053
395 2053
405 2053
526 2053
282 2054
1559 2054
1715 2054
153 2056
1765 2057
1112 2058
708 2059
1175 2060
1396 2060
1353 2061
1095 2062
218 2063
1271 2063
1740 2063
749 2064
873 2065
1007 2066
828 2067
422 2068
1659 2069
502 2071
193 2072
413 2072
550 2072
961 2072
873 2074
1516 2075
199 2076
199 2077
1685 2078
1856 2078
470 2079
136 2080
664 2080
1661 2081
1973 2081
571 2082
1450 2082
1651 2082
242 2083
492 2083
582 2083
1147 2083
1226 2083
1444 2083
1505 2083
1526 2083
1969 2083
574 2084
567 2085
710 2085
1251 2085
1915 2085
475 2086
842 2087
1226 2088
139 2089
599 2089
917 2089
1187 2089
1387 2090
1593 2091
389 2092
1822 2092
1997 2092
873 2093
3 2094
4 2094
264 2094
289 2094
657 2094
914 2094
1028 2094
1614 2094
2017 2094
69 2096
1252 2096
1302 2096
1689 2096
185 2097
203 2097
411 2097
566 2097
1668 2097
1795 2097
498 2098
1074 2098
1463 2098
1903 2098
7 2099
199 2099
395 2099
416 2099
440 2099
787 2099
914 2099
1152 2099
1469 2099
1846 2099
396 2100
1134 2101
1139 2101
1985 2101
425 2103
551 2103
768 2103
904 2103
944 2103
1675 2103
2047 2103
291 2104
841 2105
1577 2106
1214 2107
1530 2108
15 2109
120 2109
841 2109
223 2110
232 2111
69 2112
529 2112
724 2112
1853 2112
868 2113
1127 2115
96 2116
379 2116
1896 2116
199 2117
1936 2117
730 2119
1155 2119
1095 2120
12 2121
147 2121
1652 2121
346 2122
1116 2122
1404 2124
498 2125
1056 2127
416 2129
722 2129
986 2129
1444 2129
351 2130
443 2130
638 2130
1934 2130
563 2131
873 2131
1075 2131
722 2133
986 2133
470 2134
382 2135
228 2136
847 2136
1488 2136
43 2137
12 2138
120 2138
139 2138
147 2138
197 2138
264 2138
279 2138
458 2138
551 2138
756 2138
801 2138
1097 2138
1390 2138
1834 2138
2103 2138
108 2139
1302 2139
470 2140
1853 2141
873 2142
6 2143
210 2143
357 2143
426 2143
745 2143
1523 2143
289 2144
409 2145
560 2146
202 2147
1059 2147
1384 2147
565 2148
140 2149
1469 2149
2072 2149
468 2150
576 2150
876 2150
551 2151
2103 2151
1582 2152
1761 2152
127 2153
409 2153
427 2153
571 2153
1582 2153
498 2155
1853 2156
682 2157
1585 2159
1786 2159
42 2160
279 2161
622 2161
799 2161
801 2161
1617 2161
1991 2161
563 2162
72 2163
264 2163
417 2163
492 2163
619 2163
918 2163
1189 2163
1281 2163
1339 2163
1346 2163
1352 2163
1390 2163
1416 2163
1705 2163
1730 2163
1951 2163
2020 2163
1102 2164
1896 2164
2116 2164
12 2165
92 2165
111 2165
139 2165
164 2165
197 2165
279 2165
458 2165
756 2165
801 2165
1906 2165
1971 2165
169 2166
2041 2166
2143 2166
321 2167
1818 2167
1333 2169
103 2170
391 2170
970 2170
1337 2170
1662 2170
18 2171
74 2171
166 2171
217 2171
390 2171
449 2171
637 2171
700 2171
965 2171
1454 2171
1557 2171
1931 2171
188 2173
1216 2173
2138 2173
2161 2173
80 2175
873 2176
1593 2176
29 2177
210 2177
270 2177
874 2177
952 2177
1517 2177
1714 2177
1755 2177
101 2179
701 2180
869 2180
1179 2180
1203 2180
1519 2180
1664 2180
1686 2180
2163 2180
16 2181
1275 2181
1593 2181
565 2182
817 2182
748 2183
1169 2183
1750 2183
2087 2183
52 2184
1337 2185
823 2186
868 2186
71 2187
1255 2187
1582 2187
1761 2187
34 2188
185 2188
195 2188
529 2188
566 2188
1293 2188
1668 2188
111 2189
180 2189
470 2189
526 2189
1130 2189
1135 2189
1216 2189
2143 2189
1102 2190
419 2191
935 2191
1093 2191
416 2192
478 2193
657 2193
52 2194
470 2195
161 2196
433 2197
1299 2198
1615 2198
1832 2200
1752 2201
289 2203
397 2204
403 2204
745 2204
885 2204
1785 2204
2101 2204
1812 2205
2033 2205
409 2206
412 2207
571 2208
8 2209
91 2209
129 2209
405 2209
460 2209
585 2209
679 2209
794 2209
802 2209
1097 2209
1108 2209
1156 2209
1291 2209
1307 2209
1426 2209
1524 2209
1661 2209
1869 2209
2165 2209
289 2210
136 2211
560 2212
833 2212
1081 2212
986 2213
1030 2213
422 2214
706 2214
1893 2214
199 2215
2017 2216
180 2217
846 2217
1290 2217
416 2218
104 2220
1147 2220
404 2221
342 2222
605 2222
5 2223
289 2224
560 2225
136 2226
421 2226
1489 2226
1593 2226
1918 2226
549 2227
974 2227
1069 2227
2188 2228
908 2230
1108 2231
111 2232
120 2232
164 2232
264 2232
279 2232
540 2232
801 2232
1390 2232
2223 2232
873 2233
135 2234
873 2234
2128 2236
2174 2236
1102 2237
199 2238
2017 2239
6 2241
470 2241
735 2241
1108 2241
1339 2241
1780 2241
139 2242
1819 2242
1933 2242
111 2243
129 2243
560 2243
1175 2243
199 2245
29 2246
286 2246
1517 2246
1804 2246
480 2247
1577 2248
1246 2249
391 2251
498 2252
556 2253
783 2253
1263 2254
1936 2254
384 2256
1384 2256
1952 2256
131 2257
1097 2257
1245 2257
2102 2257
2177 2257
199 2258
1433 2258
823 2259
941 2259
1980 2259
333 2260
372 2260
463 2260
567 2260
1155 2260
1530 2260
745 2261
1106 2261
1214 2261
1256 2261
1206 2262
2030 2263
2229 2263
571 2264
470 2265
1313 2266
1516 2266
2083 2266
2096 2266
1290 2267
1593 2268
498 2269
111 2270
458 2270
558 2270
786 2270
2130 2270
80 2271
560 2272
10 2273
27 2273
197 2273
199 2273
254 2273
361 2273
409 2273
498 2273
502 2273
530 2273
602 2273
636 2273
768 2273
803 2273
815 2273
817 2273
998 2273
1108 2273
1124 2273
1210 2273
1216 2273
1217 2273
1291 2273
1339 2273
1396 2273
1585 2273
1622 2273
1638 2273
1677 2273
1679 2273
1961 2273
2024 2273
2042 2273
1004 2274
475 2275
582 2276
749 2277
104 2278
492 2278
722 2278
986 2278
1030 2278
1903 2278
749 2280
910 2280
1053 2280
5 2281
287 2281
794 2281
1076 2281
1456 2281
2232 2281
180 2282
199 2282
526 2282
8 2283
815 2283
2042 2283
604 2284
560 2285
2241 2285
994 2286
11 2287
16 2287
24 2287
147 2287
154 2287
161 2287
175 2287
201 2287
316 2287
571 2287
1215 2287
1231 2287
2025 2287
2198 2287
1337 2288
706 2289
120 2290
839 2290
841 2290
97 2291
291 2291
843 2291
1214 2291
2011 2291
11 2292
759 2292
1102 2292
1434 2292
1586 2292
1737 2292
1896 2292
232 2293
95 2294
107 2294
111 2294
132 2294
159 2294
168 2294
193 2294
206 2294
209 2294
248 2294
265 2294
360 2294
370 2294
381 2294
395 2294
449 2294
470 2294
524 2294
530 2294
640 2294
660 2294
662 2294
694 2294
715 2294
752 2294
757 2294
765 2294
824 2294
988 2294
1003 2294
1048 2294
1118 2294
1288 2294
1350 2294
1379 2294
1438 2294
1456 2294
1607 2294
1610 2294
1630 2294
1704 2294
1717 2294
1721 2294
1854 2294
1931 2294
1971 2294
1979 2294
2044 2294
2070 2294
1687 2295
167 2296
458 2296
1059 2296
1384 2296
2171 2297
475 2298
896 2299
979 2299
1134 2299
1309 2299
1764 2299
1908 2299
1985 2299
1952 2300
367 2301
347 2302
1466 2302
199 2303
1593 2304
917 2306
944 2306
1932 2306
2047 2306
18 2307
217 2307
700 2307
1494 2307
1617 2307
1726 2307
1966 2307
2041 2307
3 2308
1328 2309
1691 2309
1516 2310
657 2312
1382 2312
43 2313
174 2313
253 2313
410 2313
847 2313
908 2313
1455 2313
2273 2314
94 2316
498 2316
1147 2316
1386 2316
1522 2316
2033 2317
293 2318
1012 2319
1116 2319
1127 2319
412 2321
391 2323
422 2323
856 2323
1312 2323
1613 2323
1670 2323
1815 2323
111 2324
1214 2325
955 2326
100 2327
127 2327
571 2327
711 2327
712 2327
1091 2327
1104 2327
1290 2327
1377 2327
2143 2327
1191 2328
1906 2328
6 2329
101 2329
384 2329
559 2329
1118 2329
1302 2329
1742 2329
2114 2329
2285 2329
1952 2330
565 2331
1252 2332
1574 2332
291 2333
460 2333
939 2333
1076 2333
1214 2333
1216 2333
1511 2333
2153 2333
111 2334
643 2334
723 2334
926 2334
1245 2334
1309 2334
1523 2334
1718 2334
111 2335
2294 2336
724 2337
896 2339
332 2340
526 2340
564 2340
903 2340
1390 2340
1589 2340
2273 2340
111 2341
489 2341
643 2341
723 2341
926 2341
1214 2341
1523 2341
1718 2341
2094 2341
1475 2342
1839 2342
737 2343
935 2343
1093 2343
657 2344
223 2345
223 2346
2163 2347
619 2348
939 2348
1511 2348
2180 2348
736 2350
1192 2350
1108 2351
530 2352
199 2353
498 2354
101 2355
559 2355
735 2355
1108 2355
749 2357
1506 2357
1783 2357
2095 2357
108 2358
923 2358
2296 2358
192 2360
533 2360
1566 2360
2357 2360
1118 2361
2209 2361
2257 2361
1728 2362
458 2363
994 2364
1088 2364
95 2365
657 2365
905 2365
2294 2365
95 2366
657 2366
101 2367
294 2367
456 2367
549 2367
641 2367
668 2367
792 2367
956 2367
1073 2367
1279 2367
1302 2367
2123 2367
377 2368
6 2369
1812 2369
2033 2369
2171 2369
873 2370
136 2371
736 2371
1192 2371
349 2372
391 2372
571 2372
1593 2372
1651 2372
1593 2373
498 2374
530 2374
661 2374
207 2375
549 2375
719 2375
1081 2375
1405 2375
396 2376
1487 2377
104 2378
404 2378
499 2378
568 2378
657 2378
1034 2378
1163 2378
1404 2378
1553 2378
2001 2378
2083 2378
2088 2378
2168 2378
2255 2378
94 2380
111 2381
873 2382
15 2383
1569 2383
406 2384
180 2385
349 2385
1290 2385
935 2386
1891 2386
249 2387
530 2387
1907 2387
124 2388
1906 2389
101 2390
422 2391
35 2392
2367 2393
1874 2394
681 2395
188 2396
289 2396
657 2396
873 2397
291 2398
248 2399
939 2399
199 2400
1620 2401
357 2402
873 2403
855 2404
1052 2404
1127 2404
1 2405
208 2405
1587 2405
1938 2405
396 2406
43 2407
2080 2408
1520 2409
1108 2410
1523 2410
2165 2410
893 2411
2018 2411
95 2412
470 2413
1379 2414
1808 2414
1967 2414
2242 2414
2312 2414
111 2415
1412 2415
817 2416
563 2417
571 2417
2131 2417
379 2418
1896 2418
2164 2418
698 2419
1890 2419
2022 2419
199 2421
560 2422
2241 2422
2355 2422
386 2423
392 2423
1440 2423
1617 2423
140 2424
1469 2424
1147 2425
1574 2425
1659 2425
1969 2425
232 2426
565 2427
2021 2427
680 2429
687 2430
197 2431
2209 2431
29 2432
433 2432
1687 2433
623 2434
873 2435
422 2436
199 2437
681 2438
69 2439
465 2439
1689 2439
391 2440
1155 2441
682 2442
109 2443
1865 2443
1007 2444
446 2445
199 2446
200 2446
395 2446
575 2446
591 2446
1130 2446
1300 2446
1952 2446
71 2447
1102 2448
1074 2449
111 2450
291 2450
460 2450
794 2450
939 2450
1138 2450
1216 2450
1309 2450
2153 2450
422 2451
565 2452
1563 2452
1874 2453
2273 2453
458 2454
1177 2455
17 2456
326 2456
349 2456
353 2456
434 2456
595 2456
1041 2456
1486 2456
1635 2456
1758 2456
1828 2456
1938 2456
1960 2456
2008 2456
2135 2456
2184 2456
196 2457
651 2457
1695 2457
615 2458
918 2458
1030 2458
3 2459
2017 2459
188 2460
287 2460
2138 2460
2165 2460
43 2462
1025 2464
2072 2465
1577 2466
129 2467
405 2467
482 2467
496 2467
536 2467
549 2467
585 2467
1351 2467
1368 2467
1371 2467
1429 2467
1457 2467
1524 2467
1540 2467
1727 2467
1806 2467
2355 2467
2367 2467
2390 2467
1152 2468
560 2469
787 2470
1638 2470
2011 2470
2053 2470
2189 2470
2340 2470
83 2471
99 2471
456 2471
1073 2471
1208 2471
1279 2471
2123 2471
1155 2472
560 2473
498 2474
1868 2474
69 2475
1305 2475
1689 2475
2116 2476
2418 2476
579 2477
2236 2478
817 2480
2033 2480
687 2481
1166 2481
2017 2481
13 2482
1155 2482
388 2483
1053 2483
16 2484
136 2484
304 2484
691 2484
1489 2484
1577 2485
643 2486
1469 2486
1718 2486
1905 2486
2099 2486
2149 2486
1147 2487
1226 2487
450 2488
885 2488
931 2488
1289 2488
1311 2488
1573 2488
163 2489
1355 2489
2162 2489
3 2490
579 2490
139 2491
147 2491
279 2491
427 2491
622 2491
801 2491
1617 2491
1932 2491
1991 2491
2173 2491
2223 2491
2281 2491
2460 2491
111 2492
1688 2492
828 2494
565 2495
242 2496
445 2496
11 2497
69 2497
260 2497
1299 2497
1689 2497
1877 2497
1112 2498
207 2499
1152 2501
1853 2502
140 2503
413 2503
2149 2503
2486 2503
404 2505
1074 2505
2236 2506
406 2507
35 2508
76 2508
1347 2508
1587 2508
1846 2508
16 2509
939 2510
1511 2510
2180 2510
1593 2511
95 2512
169 2512
217 2512
297 2512
801 2512
1338 2512
1454 2512
1494 2512
1617 2512
1966 2512
2041 2512
1752 2513
153 2514
1952 2514
2001 2514
2089 2514
2242 2514
336 2515
111 2516
873 2517
1814 2518
5 2519
124 2519
794 2519
809 2519
1108 2519
1523 2519
2023 2519
2161 2519
2163 2519
1523 2520
2023 2520
2232 2520
1530 2521
94 2523
69 2524
1689 2524
687 2525
2471 2526
706 2528
249 2529
2378 2529
1577 2530
187 2531
259 2531
1097 2531
2503 2531
709 2532
896 2532
1764 2532
37 2533
354 2533
215 2534
565 2534
817 2534
1166 2535
1853 2536
1853 2537
823 2538
470 2539
1683 2540
1112 2541
1021 2542
724 2543
724 2544
196 2545
651 2545
2457 2545
193 2546
604 2546
43 2547
671 2547
692 2547
772 2547
1958 2547
2136 2547
648 2548
882 2548
912 2548
1584 2548
2178 2548
1643 2549
1614 2550
39 2551
153 2551
208 2551
413 2551
801 2551
1561 2551
1978 2551
1987 2551
2098 2551
2374 2551
291 2552
986 2553
1074 2553
129 2554
1378 2554
148 2555
306 2556
487 2556
1395 2556
2343 2556
470 2557
15 2558
1102 2558
2475 2558
1683 2559
314 2560
334 2560
621 2560
628 2560
1239 2560
1293 2560
2112 2560
2287 2560
2337 2560
2544 2560
1472 2561
225 2562
120 2564
2183 2565
1102 2566
710 2567
2364 2567
119 2568
193 2568
199 2568
264 2568
492 2568
918 2568
980 2568
1189 2568
1281 2568
1346 2568
1390 2568
1730 2568
2118 2568
2180 2568
2347 2568
2519 2568
2520 2568
1853 2569
1516 2571
1732 2572
1102 2573
110 2575
377 2575
80 2576
2273 2577
498 2578
530 2578
44 2579
257 2579
404 2581
1074 2581
139 2582
147 2582
164 2582
264 2582
279 2582
458 2582
756 2582
801 2582
1213 2582
1390 2582
2209 2582
2410 2582
2460 2582
1620 2585
357 2587
551 2588
2103 2588
146 2589
330 2589
895 2589
801 2590
43 2591
253 2591
1455 2591
2080 2592
841 2594
2171 2595
475 2597
1206 2597
288 2598
1290 2598
1764 2598
2548 2598
1265 2599
1369 2599
375 2600
391 2600
1116 2600
111 2601
173 2601
225 2602
79 2603
333 2604
1857 2604
199 2605
1853 2606
1926 2606
354 2607
945 2607
1155 2608
100 2609
124 2609
187 2609
556 2609
998 2609
1076 2609
1256 2609
1346 2609
1667 2609
2163 2609
2340 2609
1719 2610
435 2611
1307 2611
1426 2611
1739 2611
2328 2611
2389 2611
1307 2612
1739 2612
2389 2612
75 2613
752 2614
2294 2614
571 2615
299 2616
518 2617
565 2617
1899 2617
111 2618
261 2618
368 2618
843 2618
1098 2618
1749 2618
1952 2618
2291 2618
2399 2618
355 2619
915 2619
994 2620
1088 2620
2591 2621
347 2622
355 2622
822 2622
1355 2622
2349 2622
459 2624
873 2624
701 2625
1203 2625
1734 2625
2052 2625
2202 2625
2333 2625
2348 2625
2510 2625
1952 2626
475 2627
35 2629
643 2630
915 2631
1238 2631
2276 2631
343 2633
1116 2633
1181 2633
1502 2633
1950 2633
474 2634
1620 2635
111 2636
43 2637
47 2638
74 2638
95 2638
217 2638
801 2638
1209 2638
1494 2638
1966 2638
2479 2638
1530 2639
6 2640
1906 2641
52 2642
1635 2642
289 2643
657 2643
708 2644
1997 2644
1007 2645
708 2646
475 2647
724 2648
410 2649
120 2651
95 2652
2294 2652
1081 2653
1297 2653
1620 2653
1875 2653
2375 2653
3 2654
2017 2654
340 2655
409 2655
571 2655
1291 2655
1880 2655
2253 2655
2399 2655
2450 2655
76 2656
111 2656
271 2656
440 2656
868 2656
892 2656
925 2656
1034 2656
1671 2656
289 2657
1263 2658
124 2659
105 2660
386 2660
810 2660
1440 2660
207 2661
291 2661
549 2661
2161 2661
917 2662
1307 2662
2010 2662
2611 2662
2612 2662
1056 2663
498 2666
161 2667
1634 2668
1634 2669
43 2670
358 2670
692 2670
1249 2670
2002 2670
2313 2670
2591 2670
422 2671
349 2672
1291 2672
1450 2672
2367 2672
2609 2672
2349 2673
79 2675
657 2675
95 2676
384 2677
801 2677
903 2677
1130 2677
1617 2677
1328 2678
77 2679
289 2679
1979 2680
2294 2680
135 2681
873 2681
1102 2681
1896 2681
2116 2681
1853 2682
101 2683
1353 2684
2150 2684
111 2685
749 2686
1038 2687
2287 2687
1012 2688
1116 2688
739 2689
1157 2689
1465 2689
2343 2689
2386 2689
2515 2689
2305 2690
6 2691
401 2691
1226 2694
145 2695
1055 2695
841 2696
565 2697
1985 2698
1155 2699
386 2700
560 2700
355 2701
759 2701
915 2701
1554 2701
1652 2701
2679 2701
2073 2702
2294 2702
474 2703
391 2704
1076 2705
2023 2705
2232 2705
2340 2705
2491 2705
2568 2705
354 2706
160 2707
231 2707
232 2707
1326 2707
1364 2707
1497 2707
1928 2707
2378 2707
1108 2708
942 2709
1388 2709
149 2710
2423 2711
43 2712
103 2713
293 2713
703 2713
1651 2713
2172 2713
1582 2714
1593 2715
1105 2716
873 2717
77 2718
1487 2718
2701 2718
44 2719
136 2719
1565 2719
873 2720
404 2721
1491 2721
1672 2721
1871 2721
1938 2721
2220 2721
2487 2721
2396 2722
2017 2723
120 2724
225 2725
1007 2725
180 2726
349 2726
1290 2726
2041 2726
197 2727
688 2727
1812 2727
1906 2727
2033 2727
1020 2728
2307 2729
724 2730
558 2731
1384 2731
1832 2731
2334 2731
2341 2731
199 2732
605 2733
635 2733
717 2733
1329 2733
1825 2733
1877 2733
111 2734
139 2734
207 2734
324 2734
521 2734
572 2734
599 2734
721 2734
723 2734
854 2734
1006 2734
1174 2734
1292 2734
1310 2734
1315 2734
1316 2734
1385 2734
1406 2734
1407 2734
1433 2734
1442 2734
1451 2734
1521 2734
1532 2734
1576 2734
1585 2734
1736 2734
1786 2734
1862 2734
1936 2734
1949 2734
1952 2734
2077 2734
2263 2734
2356 2734
2563 2734
2618 2734
407 2735
1857 2735
199 2737
108 2739
155 2739
171 2739
191 2739
355 2739
407 2739
729 2739
873 2739
1646 2739
1697 2739
1821 2739
1833 2739
1939 2739
1982 2739
1992 2739
1995 2739
2075 2739
2083 2739
2310 2739
2311 2739
2463 2739
2571 2739
2604 2739
433 2740
1095 2741
759 2742
1752 2743
207 2744
386 2744
395 2744
976 2744
1675 2745
2103 2745
129 2746
1661 2747
1661 2748
943 2749
2097 2749
2188 2749
148 2750
475 2750
30 2751
36 2751
84 2751
189 2751
236 2751
300 2751
343 2751
400 2751
491 2751
703 2751
788 2751
838 2751
891 2751
936 2751
985 2751
1220 2751
1266 2751
1489 2751
1491 2751
1639 2751
1652 2751
1673 2751
1732 2751
1816 2751
1896 2751
1902 2751
1986 2751
2190 2751
2226 2751
2237 2751
2448 2751
2558 2751
2566 2751
2572 2751
2573 2751
2681 2751
147 2752
234 2752
447 2752
1047 2752
1971 2752
2222 2752
1530 2753
147 2754
171 2754
534 2754
594 2754
982 2754
1044 2754
1172 2754
1308 2754
1491 2754
1841 2754
1971 2754
2127 2754
2260 2754
2584 2754
2604 2754
167 2755
1059 2755
1384 2755
2139 2755
69 2756
260 2756
293 2756
849 2756
985 2756
1446 2756
1876 2756
107 2757
132 2757
165 2757
168 2757
193 2757
197 2757
232 2757
242 2757
248 2757
265 2757
370 2757
437 2757
524 2757
731 2757
977 2757
1068 2757
1147 2757
1152 2757
1177 2757
1225 2757
1379 2757
1422 2757
1424 2757
1443 2757
1535 2757
1704 2757
1831 2757
1967 2757
2003 2757
2055 2757
2094 2757
2171 2757
2344 2757
2396 2757
2674 2757
120 2758
469 2758
2188 2759
346 2760
391 2760
1116 2760
400 2761
1918 2761
1216 2762
71 2763
1255 2763
69 2764
468 2765
2150 2765
207 2766
264 2766
801 2766
938 2766
1097 2766
773 2767
2001 2768
2246 2769
289 2770
11 2771
147 2771
212 2771
234 2771
1039 2771
1047 2771
1106 2771
1299 2771
1312 2771
1717 2771
1986 2771
2733 2771
1857 2772
51 2773
1007 2773
103 2774
1199 2774
2372 2774
582 2775
710 2777
111 2778
357 2778
598 2778
1214 2778
2163 2778
2327 2778
560 2779
1081 2779
657 2780
817 2780
2757 2780
474 2781
1 2783
810 2783
978 2783
1386 2783
1617 2783
99 2784
1429 2784
43 2785
2628 2785
1290 2786
998 2787
1611 2787
1764 2788
2488 2788
2548 2788
261 2789
291 2789
395 2789
427 2789
939 2789
1214 2789
2618 2789
111 2790
643 2790
1214 2790
1245 2790
1523 2790
2430 2791
406 2792
327 2793
412 2793
1500 2793
579 2794
745 2795
529 2796
2188 2796
1321 2797
1586 2798
1112 2799
2498 2799
433 2800
3 2801
1853 2802
358 2803
1249 2803
2002 2803
2591 2803
2621 2803
805 2804
1776 2804
252 2805
111 2806
2415 2806
475 2808
56 2809
76 2809
248 2809
525 2809
1125 2809
1870 2809
1873 2809
2094 2809
2161 2809
2216 2809
2239 2809
2654 2809
1007 2810
1305 2810
2475 2810
2558 2810
2017 2811
418 2812
629 2812
666 2812
1060 2812
1066 2812
1572 2812
1731 2812
2187 2812
2596 2812
12 2813
182 2813
283 2813
461 2813
962 2813
1425 2813
1814 2813
1858 2813
2083 2813
2425 2813
2518 2813
2782 2813
94 2814
289 2815
449 2815
549 2815
974 2815
1832 2815
1931 2815
817 2816
1488 2817
124 2818
1183 2818
1416 2818
2163 2818
2568 2818
95 2819
1088 2820
1314 2820
1915 2820
2250 2820
2260 2820
2441 2820
2522 2820
2177 2821
549 2822
974 2822
1069 2822
1076 2822
2161 2822
71 2823
396 2823
72 2824
100 2824
140 2824
264 2824
268 2824
289 2824
417 2824
440 2824
492 2824
522 2824
542 2824
552 2824
644 2824
918 2824
980 2824
1130 2824
1169 2824
1245 2824
1346 2824
1352 2824
1396 2824
1627 2824
2256 2824
2320 2824
2401 2824
2461 2824
2519 2824
2585 2824
2609 2824
183 2825
2638 2826
565 2827
635 2828
781 2828
1651 2828
1911 2828
2261 2828
2687 2828
384 2829
1050 2829
1620 2829
1952 2829
2327 2829
2734 2829
396 2830
347 2832
1466 2832
2302 2832
16 2833
377 2834
43 2835
1175 2836
3 2837
498 2837
530 2837
1614 2837
2017 2837
2551 2838
896 2839
26 2840
260 2840
293 2840
304 2840
386 2840
447 2840
448 2840
672 2840
740 2840
783 2840
867 2840
950 2840
985 2840
992 2840
1038 2840
1214 2840
1313 2840
1341 2840
1452 2840
1503 2840
2049 2840
2153 2840
2208 2840
2214 2840
2372 2840
2417 2840
2493 2840
2655 2840
2692 2840
2761 2840
475 2841
1804 2842
117 2843
288 2845
979 2845
1139 2845
1674 2845
111 2846
1488 2847
2188 2848
291 2849
147 2850
1251 2850
2286 2850
2080 2851
1179 2852
1203 2852
1519 2852
2163 2852
2348 2852
43 2853
188 2854
62 2855
728 2855
1101 2855
1123 2855
1241 2855
1942 2855
2099 2855
71 2856
153 2857
111 2858
1 2859
639 2859
2163 2859
2568 2859
79 2860
565 2861
1226 2862
207 2863
289 2863
405 2863
1069 2863
1409 2863
2051 2863
2283 2863
104 2864
830 2864
2378 2864
1488 2865
7 2866
193 2866
199 2866
440 2866
875 2866
914 2866
1444 2866
1469 2866
1526 2866
2486 2866
2551 2866
2855 2866
223 2867
43 2868
487 2869
873 2870
2246 2871
470 2872
855 2873
880 2874
1572 2874
2812 2874
2011 2875
2340 2875
2677 2875
223 2876
1853 2877
873 2878
199 2879
357 2879
426 2879
1529 2879
1638 2879
2166 2879
2189 2879
2327 2879
1226 2880
2378 2880
565 2881
817 2881
498 2882
2209 2882
225 2883
1007 2883
191 2884
355 2884
407 2884
1044 2884
1330 2884
1841 2884
1900 2884
1995 2884
2735 2884
810 2885
989 2885
69 2886
87 2886
178 2886
792 2886
1045 2886
1172 2886
1252 2886
1938 2886
2367 2886
5 2887
546 2887
1030 2887
1298 2887
1675 2887
1747 2887
2138 2887
421 2888
571 2888
811 2888
1258 2888
1452 2888
1489 2888
2131 2888
111 2889
357 2889
745 2889
1214 2889
1245 2889
1309 2889
1523 2889
2102 2889
2731 2889
265 2890
657 2890
2757 2890
1309 2891
1772 2892
1187 2893
1552 2893
2367 2894
2556 2895
2689 2895
410 2896
1488 2896
199 2897
199 2898
35 2899
95 2899
261 2899
386 2899
460 2899
753 2899
810 2899
814 2899
1491 2899
1574 2899
1654 2899
1978 2899
2266 2899
2514 2899
2866 2899
475 2900
422 2901
111 2902
1593 2903
2163 2904
2568 2904
1328 2905
2080 2906
1265 2907
1952 2908
2734 2908
1145 2909
2131 2909
148 2910
883 2911
1111 2911
1788 2911
2492 2911
2665 2911
357 2913
2327 2913
291 2914
584 2915
2757 2915
147 2916
330 2916
567 2916
706 2916
710 2916
738 2916
895 2916
1514 2916
2214 2916
1313 2917
422 2918
1853 2919
470 2920
1374 2920
1374 2921
172 2922
2707 2922
291 2923
1100 2923
404 2924
1444 2924
2278 2924
2378 2924
357 2925
1593 2926
908 2927
2547 2927
2853 2928
199 2929
2423 2930
333 2931
475 2932
443 2933
973 2933
475 2934
1853 2935
81 2936
330 2936
422 2936
447 2936
1398 2936
1514 2936
1602 2936
1717 2936
1851 2936
2170 2936
2214 2936
2774 2936
8 2937
815 2937
2042 2937
2051 2937
2863 2937
1102 2938
1 2939
111 2939
248 2939
1156 2939
1245 2939
1617 2939
1831 2939
2103 2939
377 2940
657 2941
2757 2941
384 2942
1050 2942
1384 2942
1952 2942
532 2943
1414 2943
1648 2943
2171 2943
2707 2944
2367 2945
407 2946
232 2947
2236 2948
489 2949
1085 2949
1932 2949
2273 2949
1530 2950
470 2951
2734 2951
291 2952
565 2953
306 2954
487 2954
881 2954
1891 2954
2515 2954
207 2955
467 2956
671 2956
692 2956
1115 2956
1649 2956
2230 2956
2547 2956
2831 2956
2927 2956
111 2957
560 2958
2866 2958
1527 2959
1777 2959
1965 2959
267 2960
944 2960
975 2960
1761 2960
2588 2960
2885 2960
1088 2961
657 2962
1403 2962
35 2963
498 2964
135 2965
2116 2965
104 2966
1667 2967
2590 2967
43 2968
196 2969
1695 2969
270 2970
1853 2971
199 2972
470 2973
456 2974
654 2974
1192 2975
470 2976
2599 2976
77 2977
37 2978
367 2978
1919 2978
498 2979
1497 2980
1973 2980
2840 2981
841 2982
2157 2983
2315 2983
139 2984
140 2984
527 2984
535 2984
623 2984
1320 2984
1856 2984
2398 2984
2434 2984
2863 2984
1181 2985
67 2986
120 2986
234 2986
2170 2986
2288 2986
241 2987
2911 2987
722 2988
1152 2988
1422 2988
163 2989
269 2989
759 2989
426 2990
787 2990
1118 2990
2166 2990
223 2991
1391 2991
2367 2991
139 2992
289 2992
550 2992
687 2992
1073 2992
1216 2992
1456 2992
2241 2992
2329 2992
2340 2992
2829 2992
847 2993
2547 2993
1433 2994
1206 2995
72 2996
1281 2996
1112 2997
296 2998
1050 2998
1333 2998
1352 2998
1881 2998
2163 2998
2492 2999
2984 3000
2398 3001
2609 3001
1429 3002
498 3003
897 3003
915 3004
1133 3004
1153 3004
2276 3004
346 3005
503 3005
1127 3005
391 3006
2600 3006
421 3007
2307 3008
95 3009
200 3009
264 3009
384 3009
1585 3009
2042 3009
2281 3009
2294 3009
2815 3009
2992 3009
174 3010
871 3010
908 3010
1729 3010
876 3011
2684 3011
289 3012
242 3013
738 3014
1514 3014
1095 3015
2120 3015
101 3016
107 3016
111 3016
147 3016
165 3016
193 3016
209 3016
252 3016
265 3016
470 3016
524 3016
660 3016
731 3016
824 3016
977 3016
990 3016
1083 3016
1225 3016
1226 3016
1422 3016
1704 3016
1762 3016
1855 3016
1967 3016
2003 3016
2171 3016
2209 3016
2344 3016
2365 3016
2643 3016
2674 3016
2723 3016
2757 3016
2941 3016
1487 3017
804 3018
1530 3018
526 3019
575 3019
801 3019
1390 3019
1589 3019
1617 3019
2410 3019
2609 3019
2992 3019
2734 3020
274 3021
503 3021
755 3021
942 3021
1359 3021
2219 3021
2404 3021
2844 3021
3005 3021
1853 3022
458 3023
78 3024
475 3024
943 3024
1853 3024
349 3025
858 3025
1291 3025
1761 3025
2548 3025
232 3027
449 3027
633 3027
961 3027
1931 3027
1932 3027
2078 3027
2359 3027
2465 3027
2503 3027
2551 3027
1689 3028
2041 3029
2990 3029
1244 3030
1514 3030
2633 3030
1147 3031
2721 3031
69 3032
1143 3032
1530 3033
668 3034
833 3034
2273 3034
979 3035
912 3036
1311 3036
2178 3036
2574 3036
2598 3036
3025 3036
1768 3037
2709 3037
12 3038
147 3038
212 3038
378 3038
426 3038
429 3038
841 3038
849 3038
1052 3038
1105 3038
1129 3038
1146 3038
1214 3038
1309 3038
1446 3038
1929 3038
2049 3038
2385 3038
2456 3038
2493 3038
2726 3038
3025 3038
289 3039
1202 3039
1777 3039
1965 3039
2490 3039
261 3041
564 3041
1098 3041
2291 3041
2618 3041
1952 3042
2512 3043
1056 3044
1516 3044
1118 3045
396 3046
104 3047
1030 3047
1903 3047
44 3048
520 3048
582 3048
635 3048
1335 3048
1398 3048
1828 3048
2260 3048
841 3049
422 3050
759 3050
1199 3050
1302 3050
2318 3050
582 3051
1153 3051
1487 3051
3004 3051
873 3052
692 3053
847 3053
2547 3053
2993 3053
759 3054
1173 3054
2631 3054
2718 3054
2977 3054
43 3055
185 3056
628 3056
841 3056
1239 3056
1293 3056
1745 3056
2112 3056
2244 3056
2287 3056
2337 3056
2543 3056
2736 3056
175 3057
841 3057
1038 3057
1299 3057
2287 3057
199 3058
1761 3059
2236 3060
1614 3061
2017 3061
147 3062
284 3062
793 3062
1717 3062
1818 3062
2280 3062
19 3063
784 3063
1286 3063
2916 3063
3 3064
2017 3064
1156 3065
1245 3065
1831 3065
1905 3065
12 3066
147 3066
1652 3066
422 3067
223 3068
355 3070
1155 3071
1496 3072
1952 3072
2117 3072
2254 3072
2307 3073
2638 3073
2378 3074
2504 3075
565 3076
1433 3077
1472 3078
103 3079
534 3079
571 3079
582 3079
1662 3079
1828 3079
2260 3079
2916 3079
1551 3080
1118 3081
205 3083
530 3083
657 3084
377 3085
557 3086
1690 3086
1952 3086
2734 3086
2908 3086
584 3087
1382 3087
2757 3087
759 3088
407 3089
374 3090
1096 3090
1356 3090
1472 3090
1492 3090
1598 3090
1614 3090
1763 3090
1935 3090
2199 3090
2338 3090
2384 3090
873 3091
355 3092
336 3093
1157 3093
286 3094
1439 3094
1578 3094
2197 3094
2432 3094
2500 3094
2632 3094
2740 3094
52 3095
241 3096
883 3096
1111 3096
1608 3096
1688 3096
2987 3096
136 3097
565 3098
1461 3098
381 3099
633 3099
944 3099
1931 3099
321 3100
95 3101
688 3101
1865 3101
2294 3101
3016 3101
3027 3101
111 3102
1634 3103
1634 3104
1396 3105
873 3106
1050 3107
1685 3107
1718 3107
1845 3107
1856 3107
2334 3107
2341 3107
3027 3107
12 3108
283 3108
431 3108
461 3108
548 3108
574 3108
841 3108
1051 3108
1354 3108
2084 3108
2322 3108
2623 3108
1853 3109
2514 3110
873 3111
1102 3111
1593 3111
841 3112
1399 3113
518 3114
197 3115
944 3115
975 3115
1761 3115
2047 3115
2138 3115
871 3116
2956 3116
1906 3117
939 3118
2852 3118
1853 3119
2294 3121
979 3122
1139 3122
1530 3123
3018 3123
841 3124
2273 3125
1246 3126
943 3127
2560 3127
3056 3127
2475 3128
193 3129
395 3129
841 3129
1152 3129
1444 3129
1469 3129
1526 3129
2189 3129
2855 3129
2899 3129
2958 3129
1804 3130
95 3131
657 3131
2428 3131
396 3132
873 3133
391 3134
571 3134
1105 3134
1602 3134
2318 3134
2756 3134
3090 3135
120 3136
342 3136
635 3136
576 3137
619 3138
974 3138
2852 3138
2183 3139
2565 3139
630 3140
2011 3140
13 3141
1952 3142
1487 3143
1526 3143
1659 3143
1969 3143
2721 3143
1377 3144
1112 3145
1157 3146
2343 3146
546 3147
768 3147
1030 3147
1603 3147
289 3148
1403 3149
2556 3150
817 3151
153 3152
199 3152
530 3152
657 3152
2089 3152
2242 3152
2757 3152
2899 3152
663 3153
1391 3154
2471 3154
480 3155
830 3155
979 3156
1874 3157
638 3158
140 3159
207 3159
526 3159
564 3159
613 3159
785 3159
799 3159
1617 3159
2273 3159
2875 3159
1088 3160
1056 3161
1102 3162
2633 3162
1007 3163
2033 3164
111 3165
868 3166
1255 3166
1291 3166
1761 3166
2446 3166
44 3167
188 3168
413 3168
2033 3169
2734 3169
1906 3171
2209 3171
565 3172
80 3173
124 3173
200 3173
702 3173
711 3173
723 3173
836 3173
916 3173
1130 3173
1832 3173
2060 3173
2271 3173
2568 3173
1290 3174
443 3175
973 3175
223 3176
1953 3176
69 3177
1299 3177
1689 3177
1986 3177
2222 3177
842 3178
2911 3179
2611 3180
1152 3181
19 3182
582 3182
1286 3182
3063 3182
724 3183
199 3184
1155 3185
1192 3186
17 3187
326 3187
353 3187
382 3187
595 3187
851 3187
997 3187
1486 3187
1635 3187
1799 3187
1805 3187
1912 3187
1938 3187
2184 3187
2194 3187
2642 3187
2807 3187
1226 3188
1047 3189
1312 3189
1971 3189
2170 3189
161 3190
1147 3191
406 3192
396 3193
140 3194
1469 3194
2486 3194
2503 3194
470 3195
161 3197
749 3197
3108 3197
2984 3198
1689 3199
1353 3200
354 3201
2301 3201
657 3202
989 3202
2662 3202
3016 3202
199 3203
396 3204
913 3205
2805 3205
571 3206
1007 3206
3038 3206
530 3207
1444 3207
1614 3207
2017 3207
2855 3207
2809 3208
490 3209
1429 3210
3002 3210
16 3211
1593 3211
657 3212
1650 3212
734 3213
993 3213
1290 3213
1712 3213
1771 3213
33 3214
2171 3215
199 3216
841 3217
95 3218
657 3218
2294 3218
3016 3218
172 3219
249 3219
255 3219
355 3219
531 3219
657 3219
810 3219
835 3219
1178 3219
1969 3219
2496 3219
2757 3219
2964 3219
3013 3219
3016 3219
2467 3220
44 3221
1530 3222
3018 3222
470 3223
188 3224
296 3224
2257 3224
2334 3224
2889 3224
333 3225
342 3226
474 3227
1853 3228
2097 3228
1487 3229
2030 3230
2229 3230
2263 3230
2294 3231
7 3232
199 3232
395 3232
416 3232
914 3232
968 3232
1422 3232
1846 3232
2486 3232
2855 3232
193 3233
2154 3233
2157 3233
2442 3233
2551 3233
2983 3233
54 3234
172 3234
249 3234
355 3234
1178 3234
2083 3234
2496 3234
2707 3234
2964 3234
3013 3234
1111 3235
1608 3235
1688 3235
2911 3235
2987 3235
2999 3235
16 3236
24 3236
161 3236
175 3236
391 3236
528 3236
778 3236
781 3236
855 3236
951 3236
1231 3236
1337 3236
2109 3236
2126 3236
2287 3236
2560 3236
2687 3236
2840 3236
3056 3236
192 3237
955 3237
2326 3237
16 3238
1593 3238
2887 3239
1593 3240
549 3241
1694 3241
2547 3242
148 3243
1222 3243
874 3244
952 3244
1517 3244
1714 3244
1860 3244
657 3245
817 3245
2757 3245
123 3246
127 3246
571 3246
712 3246
980 3246
1091 3246
1185 3246
1290 3246
1377 3246
1459 3246
1676 3246
1872 3246
1931 3246
2143 3246
2256 3246
2650 3246
2778 3246
2829 3246
2913 3246
1804 3248
3094 3248
109 3249
688 3249
8 3250
427 3250
1620 3250
1766 3250
2450 3250
2824 3250
95 3251
2294 3251
396 3252
443 3253
52 3255
3187 3255
759 3256
129 3257
346 3258
503 3258
855 3258
1127 3258
498 3259
2578 3259
104 3260
1147 3260
2721 3260
1488 3261
136 3262
873 3262
1918 3262
1155 3263
153 3264
719 3265
1297 3265
1620 3265
1875 3265
2273 3265
2375 3265
3105 3265
1689 3266
841 3267
1874 3268
3157 3268
95 3269
657 3269
2294 3269
534 3270
1828 3270
2260 3270
475 3271
1853 3271
939 3272
1181 3273
1667 3274
2590 3274
184 3275
828 3275
2411 3275
1102 3276
208 3277
1587 3277
1661 3277
1938 3277
635 3278
1546 3278
1127 3279
1773 3279
873 3280
2073 3281
2080 3282
1818 3283
1313 3284
3187 3284
346 3285
391 3285
12 3286
732 3286
1652 3286
1175 3287
475 3288
422 3289
87 3290
315 3290
353 3290
592 3290
595 3290
766 3290
954 3290
997 3290
1000 3290
1491 3290
1505 3290
1574 3290
1711 3290
1767 3290
1799 3290
1805 3290
1828 3290
1938 3290
1960 3290
1995 3290
2332 3290
2693 3290
2772 3290
2912 3290
3040 3290
3044 3290
3233 3291
551 3292
827 3292
1396 3293
1235 3294
2467 3294
422 3295
1095 3296
207 3297
1455 3298
2972 3299
111 3300
111 3301
577 3302
275 3304
543 3304
232 3305
550 3305
961 3305
1307 3305
2078 3305
2389 3305
2503 3305
2551 3305
3194 3305
817 3306
73 3308
867 3308
686 3309
1613 3309
275 3310
1269 3310
1509 3310
1575 3310
1965 3310
2490 3310
333 3311
1056 3311
13 3312
1152 3313
939 3314
1511 3314
2625 3314
242 3315
3234 3315
565 3316
1333 3317
176 3318
354 3318
65 3319
289 3319
451 3319
1112 3320
180 3321
199 3321
207 3321
395 3321
718 3321
1611 3321
2609 3321
1030 3322
2129 3322
2213 3322
2266 3322
2278 3322
2988 3322
458 3323
1652 3323
451 3324
1444 3324
1429 3325
974 3326
2852 3326
43 3327
1455 3327
1328 3328
1834 3329
43 3330
1455 3330
69 3331
2757 3332
223 3333
1429 3333
1437 3333
2367 3333
3 3334
2017 3334
2656 3334
7 3335
153 3335
416 3335
787 3335
914 3335
968 3335
1422 3335
1444 3335
1846 3335
2551 3335
2855 3335
657 3336
914 3336
1535 3336
2757 3336
43 3337
673 3337
1956 3338
474 3339
1644 3340
1952 3341
282 3342
2090 3342
2734 3343
2713 3344
2367 3345
2945 3345
1102 3346
873 3348
474 3349
1234 3350
2006 3350
475 3351
1853 3351
873 3352
1144 3352
1235 3354
410 3355
111 3356
3300 3356
3 3357
605 3358
2323 3358
1634 3359
3322 3360
1157 3361
1964 3361
2191 3361
2343 3361
2895 3361
1102 3362
1246 3363
43 3364
2824 3365
1689 3366
2475 3366
2810 3366
111 3367
458 3367
1333 3367
1384 3367
1832 3367
2341 3367
745 3368
996 3368
1335 3369
921 3370
2716 3370
234 3371
1971 3371
95 3372
465 3373
111 3374
855 3375
873 3376
232 3377
513 3378
840 3378
2177 3379
279 3380
799 3380
801 3380
1932 3380
2223 3380
2410 3380
2519 3380
2822 3380
582 3382
2916 3382
147 3383
2593 3384
972 3385
470 3386
757 3387
2073 3387
498 3388
1074 3388
1903 3388
3290 3389
37 3390
367 3390
1919 3390
3201 3390
3090 3391
355 3393
1996 3393
2276 3393
2701 3393
3051 3393
188 3394
289 3394
2396 3394
2643 3394
2757 3394
470 3395
475 3396
1593 3397
2268 3397
275 3398
1269 3398
1509 3398
1527 3398
1965 3398
2132 3398
2490 3398
69 3399
147 3400
171 3400
191 3400
355 3400
534 3400
594 3400
982 3400
1172 3400
1308 3400
1330 3400
1491 3400
1717 3400
1841 3400
1971 3400
2583 3400
2604 3400
2664 3400
2754 3400
2884 3400
3044 3400
139 3401
873 3402
124 3403
1952 3405
67 3406
183 3406
349 3406
503 3406
1045 3406
1911 3406
1994 3406
2404 3406
3038 3406
3258 3406
841 3407
197 3408
2209 3408
1108 3409
1620 3410
873 3411
3271 3412
480 3413
1905 3413
657 3414
3016 3414
618 3415
657 3415
1177 3415
2757 3415
3016 3415
2476 3416
873 3417
135 3418
873 3418
1102 3418
1127 3418
1896 3418
2116 3418
2418 3418
223 3419
2367 3419
2974 3419
232 3420
111 3421
2631 3422
1593 3423
741 3424
1896 3425
475 3426
1853 3426
498 3427
698 3427
1890 3427
1391 3428
2471 3428
69 3429
260 3429
293 3429
849 3429
950 3429
1446 3429
1689 3429
1876 3429
681 3430
317 3431
1088 3431
1915 3431
2260 3431
2608 3431
130 3432
147 3432
429 3432
1129 3432
1344 3432
2082 3432
2713 3432
2828 3432
111 3433
1928 3434
1290 3435
1764 3435
1908 3435
2488 3435
868 3436
2259 3436
451 3437
1226 3437
2378 3437
498 3438
943 3439
828 3440
2734 3441
657 3442
2633 3443
1112 3444
349 3447
355 3448
100 3449
207 3449
414 3449
472 3449
599 3449
609 3449
681 3449
721 3449
723 3449
790 3449
854 3449
1292 3449
1315 3449
1385 3449
1406 3449
1407 3449
1433 3449
1451 3449
1477 3449
1532 3449
1576 3449
1786 3449
1936 3449
1942 3449
1949 3449
1952 3449
2030 3449
2235 3449
2300 3449
2356 3449
2481 3449
2626 3449
2829 3449
2908 3449
2951 3449
3086 3449
3169 3449
3207 3449
3445 3449
3236 3450
874 3451
2092 3451
998 3453
193 3454
449 3455
598 3455
917 3455
1151 3455
1287 3455
1379 3455
3101 3455
1102 3456
817 3457
3151 3457
1853 3458
2638 3459
199 3460
2734 3460
3449 3460
104 3461
2734 3462
458 3463
311 3464
569 3464
862 3464
926 3464
1273 3464
1583 3464
1687 3464
1723 3464
1934 3464
2158 3464
2998 3464
3108 3464
3303 3464
3367 3464
3452 3464
67 3465
69 3465
87 3465
178 3465
391 3465
1045 3465
2886 3465
355 3466
3063 3466
16 3467
391 3467
520 3467
635 3467
985 3467
1670 3467
1815 3467
2771 3467
3177 3467
2053 3468
3321 3468
750 3469
3108 3470
286 3472
433 3472
1578 3472
2432 3472
2500 3472
2800 3472
3254 3472
470 3473
873 3474
184 3475
828 3475
1155 3476
12 3477
147 3477
192 3477
284 3477
292 3477
379 3477
759 3477
838 3477
873 3477
940 3477
1192 3477
1204 3477
1641 3477
1652 3477
3038 3478
1896 3479
1804 3480
1634 3481
1857 3482
2754 3482
2884 3482
2294 3483
565 3484
186 3486
773 3486
210 3487
597 3487
868 3487
1339 3487
34 3489
529 3489
943 3489
2097 3489
1 3490
153 3490
810 3490
124 3491
147 3492
1512 3492
1717 3492
3038 3492
252 3493
492 3493
530 3493
1147 3493
1161 3493
1687 3493
2751 3493
2855 3493
3128 3493
3400 3493
2188 3494
95 3495
700 3495
1338 3495
1617 3495
2041 3495
2241 3495
3043 3495
197 3496
873 3497
161 3498
1687 3498
492 3499
1074 3499
1903 3499
2757 3500
78 3501
12 3502
355 3502
1173 3502
1652 3502
2377 3502
2425 3502
2718 3502
3017 3502
3051 3502
3143 3502
3229 3502
3347 3502
498 3503
565 3504
1082 3504
56 3505
111 3505
440 3505
643 3505
670 3505
960 3505
2094 3505
2527 3505
2550 3505
2837 3505
3061 3505
3207 3505
3353 3505
1307 3506
1739 3506
2294 3507
565 3508
817 3508
1812 3508
2033 3508
15 3509
665 3509
1007 3509
1569 3509
91 3510
111 3510
207 3510
239 3510
240 3510
359 3510
365 3510
386 3510
599 3510
810 3510
841 3510
854 3510
884 3510
980 3510
1087 3510
1257 3510
1263 3510
1292 3510
1310 3510
1315 3510
1336 3510
1346 3510
1352 3510
1367 3510
1372 3510
1382 3510
1393 3510
1470 3510
1477 3510
1521 3510
1539 3510
1611 3510
1756 3510
1786 3510
1862 3510
1932 3510
2035 3510
2117 3510
2143 3510
2163 3510
2238 3510
2245 3510
2273 3510
2279 3510
2303 3510
2353 3510
2400 3510
2414 3510
2421 3510
2446 3510
2570 3510
2737 3510
2908 3510
2972 3510
3086 3510
3152 3510
3184 3510
3203 3510
3216 3510
3247 3510
3299 3510
3321 3510
3381 3510
10 3511
100 3511
187 3511
395 3511
443 3511
556 3511
972 3511
1069 3511
1214 3511
1256 3511
1346 3511
1620 3511
1693 3511
2163 3511
2340 3511
2984 3511
3001 3511
3019 3511
565 3512
2273 3513
120 3514
1047 3514
1446 3514
2046 3514
2287 3514
3236 3514
232 3515
550 3515
1307 3515
1819 3515
1931 3515
2072 3515
2551 3515
3168 3515
396 3516
1007 3517
1853 3518
111 3519
517 3519
1337 3520
13 3521
847 3522
2547 3522
828 3523
72 3524
287 3524
874 3524
1010 3524
1348 3524
2644 3524
2646 3524
3247 3524
3485 3524
724 3525
475 3526
1318 3526
935 3527
3361 3527
2367 3528
3345 3528
560 3529
2779 3529
1153 3530
3004 3530
738 3531
2589 3531
1030 3532
873 3533
841 3534
391 3535
1593 3535
1651 3535
2713 3535
2774 3535
3432 3535
2273 3536
3187 3537
1012 3538
1302 3538
1508 3538
1574 3538
1969 3538
2139 3538
2739 3538
446 3539
1577 3539
3213 3539
188 3540
2242 3540
2486 3540
3515 3540
44 3541
686 3542
1986 3542
2323 3542
2209 3543
223 3544
5 3545
56 3545
76 3545
91 3545
105 3545
113 3545
199 3545
384 3545
440 3545
506 3545
525 3545
643 3545
699 3545
892 3545
1202 3545
1270 3545
1323 3545
1445 3545
1456 3545
1531 3545
1553 3545
1679 3545
1777 3545
1861 3545
1942 3545
1965 3545
2144 3545
2165 3545
2210 3545
2216 3545
2224 3545
2232 3545
2679 3545
2723 3545
2734 3545
2815 3545
2988 3545
3069 3545
3148 3545
3319 3545
3394 3545
3449 3545
3493 3545
2866 3546
3129 3546
706 3547
1585 3548
2282 3548
2446 3548
2456 3549
1 3550
39 3550
153 3550
208 3550
413 3550
801 3550
1127 3550
1740 3550
1978 3550
2098 3550
2294 3550
2374 3550
2546 3550
2838 3550
2983 3550
3027 3550
3129 3550
3232 3550
3305 3550
3515 3550
1102 3551
2751 3551
3 3552
571 3553
1455 3554
3 3555
374 3555
1096 3555
1472 3555
1492 3555
1763 3555
2379 3555
3135 3555
3192 3555
252 3556
1737 3556
1095 3557
1271 3557
1528 3557
1740 3557
2793 3557
599 3558
801 3558
1172 3558
1491 3558
1561 3558
1574 3558
2048 3558
2129 3558
3129 3558
3232 3558
3493 3558
108 3559
353 3559
595 3559
890 3559
954 3559
1711 3559
1828 3559
2037 3559
2266 3559
2738 3559
2917 3559
3040 3559
44 3560
136 3561
392 3562
810 3562
1440 3562
2057 3562
320 3563
405 3563
799 3563
949 3563
1622 3563
1664 3563
1679 3563
1766 3563
2430 3563
2450 3563
2481 3563
2504 3563
2568 3563
2791 3563
3075 3563
1112 3564
389 3565
1997 3565
3451 3565
3524 3565
3286 3566
52 3567
6 3568
873 3569
565 3570
232 3572
203 3573
2097 3573
446 3574
515 3574
979 3574
1290 3574
1577 3574
2548 3574
3036 3574
2696 3575
1059 3576
1333 3576
2130 3576
3464 3576
657 3577
199 3578
416 3579
530 3579
1379 3579
2551 3579
3277 3579
159 3580
2294 3580
3 3581
907 3582
2073 3582
2707 3582
3170 3582
11 3583
45 3583
225 3583
260 3583
511 3583
541 3583
602 3583
614 3583
849 3583
856 3583
1036 3583
1212 3583
1224 3583
1313 3583
1550 3583
1606 3583
1717 3583
1918 3583
2000 3583
2029 3583
2066 3583
2362 3583
2558 3583
2725 3583
2773 3583
3196 3583
3270 3583
3290 3583
3307 3583
3509 3583
3517 3583
3534 3583
3559 3583
2911 3584
1853 3585
2911 3586
333 3587
2307 3588
3495 3588
388 3589
14 3590
942 3590
1948 3590
3094 3591
286 3593
433 3593
952 3593
1439 3593
1755 3593
2197 3593
2432 3593
2800 3593
3591 3593
11 3594
859 3594
1059 3594
1101 3594
1324 3594
1333 3594
1355 3594
1384 3594
1624 3594
1999 3594
2214 3594
2276 3594
2619 3594
2775 3594
2776 3594
3051 3594
3063 3594
3079 3594
3182 3594
3256 3594
3270 3594
3382 3594
342 3595
391 3595
428 3595
569 3595
605 3595
691 3595
794 3595
841 3595
1346 3595
1569 3595
1687 3595
1689 3595
1857 3595
2161 3595
2165 3595
2582 3595
2754 3595
2936 3595
3371 3595
3400 3595
1586 3596
120 3597
979 3598
9 3599
271 3599
320 3599
499 3599
558 3599
728 3599
1132 3599
1810 3599
1881 3599
1942 3599
2535 3599
2580 3599
3120 3599
2884 3600
87 3601
108 3601
315 3601
1711 3601
1767 3601
2037 3601
2332 3601
3404 3601
1732 3602
1902 3602
2751 3602
635 3603
781 3603
959 3603
1335 3603
1651 3603
3432 3603
252 3604
3205 3604
873 3605
2850 3606
95 3607
1979 3607
16 3608
1593 3608
2181 3608
2852 3609
2739 3610
2188 3611
422 3612
498 3613
682 3613
841 3614
2188 3615
242 3616
1537 3617
16 3618
873 3618
1102 3618
1593 3618
475 3619
3526 3619
217 3620
297 3620
1338 3620
1617 3620
2307 3620
2369 3620
3008 3620
3043 3620
3073 3620
34 3621
53 3621
837 3621
878 3621
1222 3621
1267 3621
1293 3621
1415 3621
1668 3621
3024 3621
3439 3621
3446 3621
289 3622
2770 3622
396 3623
43 3624
3 3625
92 3625
140 3625
427 3625
622 3625
633 3625
799 3625
1390 3625
1617 3625
1906 3625
2042 3625
2227 3625
2281 3625
2399 3625
2661 3625
2705 3625
3511 3625
724 3626
289 3627
1685 3628
1718 3628
1856 3628
571 3629
2840 3629
410 3630
475 3631
385 3632
1088 3632
3477 3632
599 3633
1307 3633
2010 3633
2611 3633
2612 3633
2662 3633
3202 3633
1214 3634
410 3635
574 3636
2273 3637
404 3638
1074 3638
391 3639
582 3639
1199 3639
1398 3639
2771 3639
3050 3639
3594 3639
571 3640
1536 3640
2615 3640
2986 3641
377 3642
104 3643
101 3644
974 3644
535 3645
623 3645
972 3645
2434 3645
2984 3645
3 3646
406 3646
3090 3646
381 3647
917 3647
944 3647
1931 3647
355 3648
822 3648
915 3648
79 3649
193 3650
530 3650
546 3650
794 3650
918 3650
1152 3650
1189 3650
1389 3650
1422 3650
2405 3650
2783 3650
2859 3650
2939 3650
3490 3650
3510 3650
333 3651
1530 3651
1455 3652
3554 3652
223 3653
1853 3654
2262 3654
2597 3654
124 3655
2757 3656
3601 3657
828 3658
2017 3659
2809 3659
169 3660
349 3660
745 3660
103 3661
391 3661
1560 3661
2771 3661
2936 3661
3594 3661
44 3662
801 3663
978 3663
1654 3663
1978 3663
2129 3663
67 3664
69 3664
87 3664
178 3664
347 3664
1252 3664
1268 3664
1568 3664
1616 3664
1689 3664
2367 3664
2886 3664
418 3665
674 3665
1056 3666
3400 3666
412 3667
1909 3667
16 3668
135 3668
873 3668
1127 3668
2116 3668
123 3669
247 3669
368 3669
386 3669
1021 3669
1812 3669
2033 3669
2099 3669
3335 3669
347 3670
1173 3670
3594 3670
2097 3671
2188 3671
232 3672
3 3673
296 3673
435 3673
711 3673
799 3673
989 3673
1050 3673
1390 3673
1614 3673
1753 3673
1865 3673
2017 3673
2072 3673
2809 3673
3027 3673
3099 3673
3305 3673
3455 3673
520 3674
1047 3674
1853 3675
706 3676
2236 3676
2916 3676
2911 3677
188 3678
1856 3678
3027 3678
1644 3679
939 3680
1734 3680
2625 3680
289 3681
422 3682
759 3682
1851 3682
2170 3682
2214 3682
939 3683
2180 3683
213 3684
470 3685
409 3686
427 3686
1582 3686
2253 3686
2840 3686
475 3687
910 3688
1354 3688
3062 3688
111 3689
1718 3689
2367 3690
1007 3691
560 3692
1328 3693
674 3694
880 3694
2812 3694
3665 3694
817 3695
1446 3696
2287 3696
3514 3696
1877 3697
2733 3697
2771 3697
565 3698
817 3698
498 3699
1147 3699
3219 3699
2986 3700
317 3701
3431 3701
1102 3702
1853 3703
132 3704
158 3704
657 3704
1387 3704
1559 3704
2757 3704
3342 3704
3592 3704
710 3705
1251 3705
1851 3705
2364 3705
3661 3705
817 3706
120 3707
1446 3707
3514 3707
2757 3708
1155 3709
2171 3710
680 3711
2326 3711
1516 3712
2852 3713
3609 3713
1764 3714
1908 3714
2488 3714
2033 3715
256 3716
810 3716
1228 3716
1672 3716
1824 3716
1871 3716
1938 3716
2220 3716
2487 3716
2721 3716
3143 3716
2638 3717
8 3718
129 3718
613 3718
668 3718
760 3718
801 3718
869 3718
1124 3718
1419 3718
1457 3718
2367 3718
3392 3718
3408 3718
1488 3719
2817 3719
1108 3720
1319 3721
1853 3721
355 3722
1996 3722
2276 3722
2377 3722
3051 3722
3054 3722
422 3723
1290 3724
475 3725
2001 3726
2171 3727
2638 3727
3471 3727
416 3728
3663 3728
190 3729
357 3729
633 3729
711 3729
1214 3729
1216 3729
1309 3729
2327 3729
3173 3729
3246 3729
3673 3729
1910 3730
1956 3730
873 3731
1593 3731
615 3732
1030 3732
1282 3732
2209 3733
332 3734
1585 3734
1786 3734
2011 3734
2282 3734
2446 3734
3140 3734
686 3735
1986 3735
1271 3736
1500 3736
2838 3736
1689 3737
120 3738
2564 3738
291 3739
443 3739
843 3739
1201 3739
2340 3739
2618 3739
3187 3740
79 3741
470 3742
3473 3742
37 3743
123 3744
138 3744
169 3744
296 3744
711 3744
858 3744
896 3744
2291 3744
2299 3744
2341 3744
2450 3744
2532 3744
2889 3744
2891 3744
2913 3744
3038 3744
161 3745
2357 3746
1246 3747
291 3748
52 3749
421 3750
1226 3751
377 3752
445 3753
498 3753
3219 3753
1455 3754
1659 3755
781 3756
959 3756
1223 3756
2687 3756
2840 3756
3057 3756
433 3757
3094 3757
3593 3757
16 3758
1259 3758
1593 3758
1551 3759
199 3760
3510 3760
207 3761
3510 3762
3524 3762
1853 3763
1752 3764
2201 3764
575 3765
630 3765
1529 3765
3734 3765
498 3766
498 3767
682 3767
95 3768
232 3768
688 3768
1050 3768
1865 3768
2089 3768
3027 3768
3099 3768
3110 3768
3647 3768
44 3769
841 3770
197 3771
2209 3771
3718 3771
1328 3772
1687 3772
138 3773
296 3773
349 3773
427 3773
777 3773
896 3773
1377 3773
2291 3773
2299 3773
2334 3773
2341 3773
2532 3773
3038 3773
232 3774
1952 3775
1246 3776
207 3777
395 3777
470 3778
475 3779
817 3780
16 3781
1102 3781
1102 3782
153 3783
1585 3784
2011 3784
3019 3784
3765 3784
3090 3785
3555 3785
841 3786
6 3787
169 3787
426 3787
590 3787
597 3787
745 3787
1523 3787
1529 3787
1638 3787
2217 3787
2307 3787
2734 3787
3449 3787
3660 3787
3744 3787
192 3788
680 3788
3711 3788
643 3789
1617 3789
1905 3789
3290 3790
3275 3791
868 3792
1339 3792
2186 3792
396 3793
873 3794
1328 3795
1659 3795
291 3796
2984 3796
3001 3796
2707 3797
458 3798
1030 3799
1101 3799
1969 3799
2213 3799
2266 3799
2278 3799
3360 3799
76 3800
1938 3800
840 3801
446 3802
450 3802
515 3802
882 3802
912 3802
1043 3802
1584 3802
2178 3802
2574 3802
3025 3802
3435 3802
470 3803
377 3804
574 3805
565 3806
188 3807
602 3807
1216 3807
3625 3807
2305 3808
180 3809
200 3809
405 3809
565 3810
3806 3810
3495 3811
1489 3812
1488 3813
2136 3813
828 3814
188 3815
199 3816
1812 3817
3090 3819
120 3820
873 3821
1593 3821
2073 3822
3170 3822
333 3823
2294 3824
15 3825
575 3825
630 3825
785 3825
799 3825
801 3825
903 3825
1589 3825
1905 3825
2273 3825
2291 3825
2470 3825
2519 3825
2609 3825
2875 3825
3140 3825
3511 3825
3734 3825
3765 3825
76 3826
386 3826
443 3826
657 3826
801 3826
978 3826
1194 3826
1617 3826
2036 3826
2757 3826
2988 3826
3016 3826
3232 3826
3579 3826
3650 3826
3090 3827
193 3828
2157 3828
2442 3828
2983 3828
3550 3828
3613 3828
2294 3829
3016 3830
520 3831
1047 3831
1530 3832
2849 3833
1429 3834
281 3835
873 3835
1593 3835
174 3836
467 3836
908 3836
3010 3836
416 3837
2899 3837
532 3838
2986 3839
1776 3840
2589 3840
2804 3840
2916 3840
3302 3840
475 3841
1853 3841
513 3842
1145 3842
1593 3842
2888 3842
3007 3842
841 3843
1004 3844
515 3845
931 3845
1311 3845
3472 3846
2734 3847
3449 3847
2840 3848
136 3849
163 3849
873 3849
1489 3849
1956 3850
3290 3851
317 3852
1088 3852
1314 3852
1915 3852
2119 3852
2250 3852
2260 3852
3026 3852
3701 3852
111 3853
3356 3853
16 3854
1593 3854
2273 3855
1284 3856
2984 3856
388 3857
2840 3858
963 3859
1853 3859
15 3860
873 3861
781 3863
1335 3863
2198 3863
2261 3863
2687 3863
3057 3863
3177 3863
3429 3863
1582 3864
43 3865
161 3866
79 3867
136 3868
584 3869
657 3869
2757 3869
3016 3869
2734 3870
3449 3870
3261 3871
1772 3872
451 3873
1226 3873
1444 3873
2378 3873
657 3874
1896 3875
12 3876
45 3876
147 3876
225 3876
665 3876
856 3876
1019 3876
1129 3876
1212 3876
1224 3876
1313 3876
1550 3876
1605 3876
1606 3876
1717 3876
2000 3876
2066 3876
2420 3876
2444 3876
2602 3876
2773 3876
2810 3876
3196 3876
3488 3876
3509 3876
3517 3876
3534 3876
3691 3876
1007 3877
3876 3877
43 3878
1620 3879
3431 3881
3701 3881
1093 3882
2556 3882
2954 3882
188 3883
1216 3883
2138 3883
2161 3883
2491 3883
232 3884
3572 3884
15 3885
1853 3886
1056 3887
1516 3887
1530 3887
2739 3887
565 3888
223 3889
1853 3890
6 3891
101 3891
559 3891
735 3891
984 3891
1742 3891
1780 3891
2171 3891
2285 3891
2422 3891
2638 3891
2867 3891
2992 3891
3495 3891
3620 3891
44 3892
257 3892
1952 3893
2734 3893
1088 3894
163 3895
840 3895
2240 3895
354 3896
1919 3896
2978 3896
3390 3896
1399 3897
1634 3897
1657 3898
1812 3898
1112 3899
2498 3899
3320 3899
1687 3900
2556 3900
2869 3900
3108 3900
223 3901
111 3902
357 3902
443 3902
569 3902
602 3902
633 3902
723 3902
745 3902
862 3902
1352 3902
1718 3902
2998 3902
3224 3902
3673 3902
3773 3902
2119 3903
63 3904
111 3904
116 3904
440 3904
643 3904
762 3904
2094 3904
2527 3904
2837 3904
3090 3904
3334 3904
3353 3904
124 3905
1416 3905
207 3906
2103 3907
1118 3908
475 3909
1853 3909
460 3910
556 3910
972 3910
980 3910
1076 3910
1214 3910
1256 3910
1620 3910
1693 3910
2011 3910
2102 3910
2149 3910
2590 3910
2984 3910
3224 3910
973 3911
828 3912
680 3913
955 3913
1566 3913
3711 3913
475 3914
1853 3914
2097 3914
2188 3914
2560 3915
3056 3915
1965 3916
2959 3916
3310 3916
3398 3916
12 3917
458 3917
690 3917
2209 3918
571 3919
502 3920
2359 3921
3027 3921
3305 3921
475 3922
15 3923
108 3923
164 3923
279 3923
775 3923
841 3923
1302 3923
1358 3923
1505 3923
1569 3923
2037 3923
3583 3923
3595 3923
232 3924
110 3925
2943 3925
3838 3925
3086 3926
147 3927
548 3927
570 3927
793 3927
841 3927
1158 3927
1240 3927
1333 3927
1491 3927
1971 3927
2586 3927
3082 3927
3464 3927
3493 3927
3571 3927
3595 3927
3688 3927
3818 3927
3900 3927
1853 3928
44 3929
207 3930
2273 3930
367 3931
3201 3931
840 3932
1554 3932
1818 3932
318 3933
450 3933
882 3933
1311 3933
1584 3933
2598 3933
3025 3933
3435 3933
3714 3933
3880 3933
35 3934
232 3935
688 3935
2089 3935
3099 3935
3455 3935
95 3936
2294 3937
3131 3937
422 3938
104 3939
3716 3939
492 3940
3742 3941
84 3942
873 3942
2116 3942
33 3943
873 3943
768 3944
1030 3944
2582 3944
2887 3944
1683 3945
207 3946
1192 3947
841 3948
1291 3949
1761 3949
3845 3949
95 3950
640 3950
2294 3950
1379 3951
2405 3951
2551 3951
3277 3951
3550 3951
100 3952
102 3952
111 3952
139 3952
141 3952
207 3952
289 3952
324 3952
495 3952
600 3952
609 3952
620 3952
723 3952
901 3952
1006 3952
1292 3952
1310 3952
1315 3952
1346 3952
1406 3952
1433 3952
1442 3952
1451 3952
1499 3952
1545 3952
1576 3952
1585 3952
1722 3952
1786 3952
1862 3952
1936 3952
2030 3952
2263 3952
2300 3952
2330 3952
2618 3952
2942 3952
3042 3952
3341 3952
3405 3952
3441 3952
3775 3952
3893 3952
917 3953
1932 3953
2885 3953
386 3954
1617 3954
78 3955
943 3955
3621 3955
355 3956
582 3956
3594 3956
560 3957
1853 3958
974 3959
2852 3959
15 3960
32 3960
95 3960
111 3960
309 3960
384 3960
598 3960
787 3960
801 3960
968 3960
976 3960
1358 3960
1505 3960
1569 3960
1716 3960
2042 3960
2173 3960
2189 3960
2460 3960
2744 3960
2762 3960
2789 3960
3807 3960
3883 3960
242 3961
3744 3962
120 3963
2739 3964
422 3965
810 3966
989 3966
2033 3966
2103 3966
2960 3966
3115 3966
551 3967
2273 3967
10 3968
139 3968
668 3968
1529 3968
1638 3968
1932 3968
2677 3968
3718 3968
3960 3968
1752 3969
1906 3970
2473 3970
1516 3971
2739 3971
2911 3972
638 3973
199 3974
3510 3974
1469 3975
2486 3975
2609 3975
2809 3976
188 3977
289 3977
1234 3977
1831 3977
2722 3977
2757 3977
3394 3977
421 3978
391 3979
792 3979
1045 3979
1593 3979
3664 3979
69 3980
1143 3980
1148 3980
2007 3980
3373 3980
1516 3981
873 3982
43 3983
470 3984
137 3985
571 3985
769 3985
1025 3985
1574 3985
1799 3985
2266 3985
2332 3985
2738 3985
2912 3985
2917 3985
3284 3985
3583 3985
213 3986
389 3986
708 3986
2281 3986
3807 3986
212 3987
1214 3987
1256 3987
1312 3987
2828 3987
3603 3987
3863 3987
1853 3988
2734 3989
43 3990
473 3991
513 3991
582 3991
3062 3991
3594 3991
3862 3991
943 3992
2188 3992
377 3993
1634 3994
355 3995
759 3995
822 3995
915 3995
1173 3995
1554 3995
2631 3995
2679 3995
2701 3995
2718 3995
3017 3995
180 3996
470 3996
1130 3996
1135 3996
2879 3996
2990 3996
3335 3996
3960 3996
687 3997
16 3998
219 3999
1127 3999
1773 3999
1950 3999
841 4000
3583 4000
