1 2
1 3
2 3
1 4
2 4
3 4
1 5
2 5
3 5
4 5
1 6
2 6
3 6
4 6
5 6
1 7
2 7
3 7
4 7
5 7
6 7
1 8
2 8
3 8
4 8
5 8
6 8
7 8
1 9
2 9
3 9
4 9
5 9
6 9
7 9
8 9
1 10
2 10
3 10
4 10
5 10
6 10
7 10
8 10
9 10
6 11
11 12
3 13
5 13
11 13
12 13
5 14
11 14
12 14
13 14
11 15
12 15
13 15
14 15
4 16
11 16
12 16
13 16
14 16
15 16
1 17
5 17
6 17
11 17
12 17
13 17
14 17
15 17
16 17
11 18
13 19
4 20
6 21
5 22
8 23
7 24
17 25
14 26
11 27
7 28
8 29
15 30
8 31
14 32
15 33
8 34
3 35
6 36
14 37
10 38
13 39
10 40
17 41
11 42
13 43
8 44
2 45
7 46
5 47
11 48
15 49
16 50
15 51
27 52
27 53
5 54
11 55
11 56
11 57
12 57
14 57
28 57
50 57
5 58
11 58
13 58
15 58
17 58
32 58
37 58
57 58
2 59
7 59
9 59
17 59
7 60
10 61
14 62
16 62
17 63
29 63
10 64
30 65
11 66
52 66
53 66
4 67
12 67
15 67
8 68
5 69
43 70
15 71
70 72
17 73
11 74
7 75
57 75
11 76
13 77
58 77
67 77
1 78
2 78
5 78
7 78
8 78
10 78
59 78
13 79
8 80
4 81
62 82
7 83
10 84
7 85
79 85
11 86
15 86
17 86
32 86
57 86
82 86
13 87
6 88
5 89
9 89
10 89
78 89
6 90
7 91
13 92
14 92
5 93
56 93
8 94
91 95
11 96
5 97
88 97
17 98
13 99
11 100
47 100
5 101
13 102
77 102
15 103
11 104
79 105
11 106
52 106
77 106
10 107
11 108
62 108
27 109
66 109
8 110
13 111
106 111
50 112
15 113
16 114
57 114
7 115
15 116
52 117
109 117
5 118
11 118
77 118
17 119
7 120
80 121
6 122
52 123
15 124
66 125
11 126
109 126
11 127
109 127
10 128
92 129
2 130
5 130
59 130
52 131
6 132
11 133
14 134
5 135
89 136
14 137
50 138
85 139
11 140
15 141
10 142
7 143
12 144
13 144
14 144
15 144
50 144
5 145
17 146
132 146
13 147
106 147
11 148
7 149
27 150
10 151
84 152
5 153
44 153
7 154
16 155
82 155
85 156
7 157
9 157
128 157
130 157
16 158
11 159
17 159
57 159
53 160
3 161
5 161
6 161
11 162
7 163
8 164
9 164
11 165
7 166
10 167
10 168
7 169
13 170
7 171
7 172
16 173
160 174
27 175
132 176
13 177
109 177
11 178
90 178
132 179
11 180
57 180
82 180
15 181
57 182
77 182
146 183
176 183
179 183
2 184
3 184
6 184
7 184
9 184
44 184
94 184
71 185
106 185
182 185
8 186
50 187
7 188
11 189
13 189
14 189
33 189
58 189
71 189
86 189
124 189
146 190
176 190
17 191
17 192
72 193
11 194
13 194
7 195
7 196
11 197
16 197
77 197
111 197
144 197
147 197
189 197
194 197
11 198
11 199
179 200
10 201
82 202
170 203
4 204
29 204
44 204
68 204
78 204
80 204
164 204
117 205
5 206
157 206
3 207
8 207
88 207
122 207
132 207
84 208
15 209
28 210
50 210
71 211
82 211
117 212
7 213
10 214
6 215
132 216
200 216
200 217
11 218
89 219
127 220
17 221
15 222
193 223
11 224
13 224
57 224
1 225
2 225
9 225
16 225
67 225
11 226
72 227
2 228
7 228
9 228
10 228
20 228
67 228
7 229
5 230
88 230
100 231
127 232
52 233
200 234
83 235
29 236
68 236
80 236
11 237
1 238
88 239
204 240
98 241
236 242
7 243
15 244
17 245
92 246
11 247
47 247
105 247
171 247
121 248
204 248
13 249
13 250
155 251
203 252
127 253
10 254
59 254
130 254
225 254
6 255
16 255
25 255
59 255
63 255
221 255
100 256
162 257
77 258
9 259
10 259
15 260
11 261
16 262
2 263
11 264
47 264
105 264
3 265
4 265
6 265
10 265
23 265
34 265
68 265
78 265
146 266
92 267
179 268
217 268
57 269
77 269
17 270
51 270
207 271
15 272
16 272
57 272
67 272
50 273
83 274
11 275
207 276
3 277
126 277
117 278
2 279
3 279
6 279
9 279
24 279
59 279
75 279
91 279
120 279
149 279
157 279
166 279
188 279
195 279
196 279
228 279
242 280
3 281
126 281
223 282
46 283
143 283
221 283
5 284
6 284
9 284
10 284
13 284
161 284
265 284
203 285
9 286
78 286
13 287
85 287
105 287
181 288
10 289
6 290
17 291
147 292
185 292
238 293
11 294
7 295
279 295
4 296
17 296
255 296
13 297
77 298
11 299
11 300
17 301
57 302
124 302
244 302
37 303
89 303
85 304
9 305
44 305
79 306
106 306
197 306
292 306
21 307
5 308
14 308
15 308
19 308
39 308
43 308
87 308
92 308
111 308
189 308
250 308
297 308
13 309
6 310
15 311
5 312
21 313
7 314
52 314
58 315
67 315
197 315
298 315
27 316
127 316
177 316
184 317
149 318
5 319
269 319
4 320
77 320
228 320
272 320
315 320
10 321
207 322
10 323
207 324
98 325
11 326
10 327
124 328
16 329
121 330
236 330
2 331
3 331
5 331
6 331
7 331
38 331
84 331
128 331
167 331
214 331
254 331
265 331
323 331
327 331
10 332
59 332
331 332
17 333
53 334
11 335
162 335
284 336
290 336
10 337
236 338
280 338
5 339
6 340
9 340
10 340
17 340
22 340
58 340
69 340
78 340
93 340
97 340
130 340
230 340
308 340
319 340
339 340
169 341
264 342
2 343
14 344
16 344
144 344
127 345
14 346
85 347
258 347
5 348
11 349
53 349
150 349
316 349
13 350
15 350
50 350
10 351
82 352
17 353
11 354
258 355
10 356
331 356
5 357
90 357
207 358
204 359
112 360
187 360
17 361
57 362
112 362
144 362
11 363
17 363
57 363
340 363
44 364
200 365
272 366
315 366
66 367
265 368
7 369
20 369
279 369
11 370
105 371
5 372
10 373
13 374
14 375
159 376
233 376
67 377
80 378
279 378
125 379
11 380
13 381
316 381
345 381
17 382
20 383
338 384
17 385
190 385
13 386
14 386
16 386
27 386
56 386
58 386
104 386
108 386
127 386
162 386
178 386
197 386
237 386
264 386
300 386
326 386
354 386
13 387
162 387
316 387
13 388
308 388
200 389
268 389
169 390
204 391
27 392
331 393
364 394
179 395
365 395
389 395
268 396
7 397
235 397
274 397
200 398
27 399
66 399
160 399
5 400
6 400
9 400
10 400
17 400
21 401
10 402
330 403
70 404
3 405
50 406
1 407
5 407
8 407
10 407
59 407
78 407
225 407
263 407
331 407
343 407
399 408
5 409
5 410
24 410
28 410
60 410
91 410
120 410
149 410
154 410
157 410
163 410
166 410
184 410
195 410
213 410
311 410
314 410
331 410
397 410
404 410
7 411
410 411
7 412
297 412
227 413
384 414
10 415
17 416
15 417
24 417
11 418
3 419
6 419
9 419
44 419
94 419
130 420
407 420
62 421
207 422
117 423
13 424
308 424
11 425
27 425
15 426
65 426
223 427
17 428
330 429
7 430
9 430
410 430
17 431
89 432
233 432
15 433
152 433
92 434
53 435
7 436
121 437
327 438
10 439
208 439
16 440
13 441
308 441
3 442
48 442
11 443
7 444
402 444
410 444
223 445
283 446
5 447
340 447
15 448
57 448
67 448
320 448
14 449
265 450
410 451
263 452
10 453
331 453
125 454
11 455
17 455
155 456
7 457
410 457
15 458
32 458
37 458
189 458
340 458
386 458
204 459
10 460
13 461
1 462
3 462
5 462
9 462
10 462
59 462
75 462
83 462
85 462
120 462
149 462
166 462
229 462
243 462
295 462
369 462
397 462
411 462
412 462
10 463
57 464
124 464
2 465
3 465
6 465
8 465
10 465
17 465
78 465
407 465
462 465
15 466
5 467
340 467
94 468
10 469
331 469
288 470
7 471
279 471
52 472
419 472
15 473
320 473
410 474
3 475
8 475
122 475
322 475
324 475
358 475
62 476
155 476
202 476
352 476
85 477
27 478
1 479
293 479
319 480
217 481
475 482
197 483
292 483
386 484
21 485
16 486
77 487
10 488
331 488
17 489
13 490
77 490
316 491
83 492
397 492
475 493
10 494
21 495
3 496
298 497
366 497
251 498
456 498
331 499
217 500
396 500
5 501
251 502
60 503
120 503
149 503
154 503
157 503
163 503
195 503
311 503
314 503
404 503
451 503
457 503
474 503
268 504
456 505
10 506
386 507
146 508
176 508
179 508
207 508
17 509
217 510
258 511
297 512
462 512
21 513
17 514
105 515
98 516
89 517
37 518
299 518
15 519
11 520
191 521
410 521
462 521
27 522
7 523
73 524
14 525
17 526
29 526
255 526
17 527
66 528
308 529
57 530
189 530
293 531
13 532
308 532
364 533
127 534
381 534
159 535
233 535
13 536
162 537
10 538
407 539
15 540
136 541
364 542
10 543
236 544
3 545
85 546
105 546
236 547
2 548
91 548
235 549
500 550
10 551
319 551
52 552
53 552
109 552
362 552
367 552
528 552
407 553
23 554
8 555
153 555
305 555
419 555
511 555
127 556
462 556
430 557
255 558
9 559
227 560
217 561
29 562
5 563
9 563
10 563
303 563
319 564
204 565
44 566
533 566
542 566
319 567
7 568
17 569
241 569
325 569
516 569
103 570
404 571
13 572
308 572
13 573
379 573
204 574
40 575
13 576
40 577
53 578
10 579
248 580
437 580
11 581
10 582
395 583
433 584
98 585
37 586
43 586
89 586
10 587
100 588
187 588
2 589
5 589
7 589
59 589
265 589
286 589
340 589
465 589
236 590
280 590
456 591
45 592
242 593
258 594
17 595
437 596
98 597
265 598
59 599
157 599
254 599
10 600
4 601
10 601
13 601
17 601
89 601
135 601
145 601
161 601
284 601
308 601
331 601
357 601
372 601
409 601
447 601
563 601
11 602
17 602
146 603
10 604
17 605
132 605
124 606
79 607
9 608
17 608
69 608
78 608
93 608
230 608
308 608
447 608
458 608
467 608
589 608
6 609
207 609
230 609
331 610
485 610
247 611
6 612
130 612
308 612
467 612
58 613
67 613
298 613
357 614
386 615
27 616
193 617
227 617
5 618
340 618
609 618
6 619
17 619
78 619
3 620
8 620
88 620
122 620
322 620
358 620
94 621
4 622
383 622
11 623
52 623
53 623
528 623
149 624
475 625
83 626
397 626
6 627
10 628
14 629
458 629
27 630
66 630
126 630
552 630
7 631
410 631
433 632
265 633
4 634
11 634
13 634
14 634
15 634
17 634
62 634
114 634
197 634
262 634
272 634
329 634
386 634
105 635
345 635
534 635
242 636
53 637
109 637
367 637
236 638
280 638
593 638
3 639
420 640
612 640
129 641
246 641
10 642
331 643
127 644
579 644
21 645
127 646
23 647
5 648
84 648
236 649
280 649
593 649
636 649
284 650
200 651
11 652
386 652
331 653
7 654
410 654
462 654
160 655
213 655
91 656
127 657
13 658
14 658
15 658
18 658
56 658
58 658
66 658
106 658
108 658
148 658
178 658
180 658
189 658
194 658
197 658
198 658
218 658
226 658
247 658
299 658
370 658
380 658
623 658
293 659
541 659
100 660
57 661
10 662
17 663
29 664
82 665
483 666
236 667
67 668
298 668
320 668
21 669
437 669
227 670
109 671
205 671
212 671
11 672
92 673
247 674
94 675
457 676
381 677
635 677
330 678
600 679
146 680
176 680
15 681
17 682
410 683
503 683
203 684
403 684
575 684
284 685
290 685
117 686
483 687
151 688
272 688
497 688
10 689
59 689
130 689
225 689
258 690
433 691
591 691
89 692
541 692
21 693
98 694
146 695
341 695
50 696
170 697
684 697
121 698
279 699
87 700
579 701
80 702
279 702
10 703
229 703
700 704
331 705
58 706
684 707
4 708
369 708
9 709
1 710
3 710
4 710
6 710
8 710
9 710
13 710
47 710
54 710
93 710
97 710
118 710
153 710
206 710
284 710
312 710
331 710
400 710
407 710
409 710
410 710
447 710
501 710
563 710
7 711
8 712
419 712
468 712
265 713
14 714
652 715
84 716
3 717
11 718
241 718
277 719
630 719
32 720
189 720
10 721
17 721
89 721
135 721
284 721
357 721
409 721
447 721
563 721
14 722
58 722
86 722
720 722
258 723
319 724
92 725
497 726
6 727
130 727
308 727
640 727
60 728
120 728
149 728
154 728
457 728
327 729
588 729
106 730
13 731
14 731
725 731
4 732
77 732
225 732
448 732
668 732
10 733
130 733
225 733
331 734
13 735
15 736
495 737
693 737
14 738
331 739
631 739
729 739
293 740
604 741
139 742
156 742
293 743
691 744
492 745
288 746
58 747
269 747
320 747
490 747
15 748
616 749
14 750
162 751
183 752
680 752
509 753
279 754
509 755
497 756
668 756
11 757
52 757
77 757
185 757
524 758
5 759
710 759
336 760
146 761
124 762
542 763
579 764
197 765
17 766
315 767
668 767
10 768
13 769
17 769
32 769
37 769
132 769
189 769
613 769
658 769
722 769
564 770
567 770
241 771
316 772
204 773
707 773
330 774
11 775
14 775
71 775
124 775
458 775
530 775
11 776
658 776
395 777
108 778
126 778
15 779
18 779
48 779
58 779
96 779
104 779
189 779
218 779
224 779
294 779
418 779
602 779
634 779
757 779
15 780
527 780
79 781
106 781
197 781
10 782
316 783
367 783
168 784
3 785
271 785
276 785
324 785
358 785
422 785
9 786
183 787
200 787
268 787
395 787
509 788
105 789
17 790
241 790
485 791
209 792
158 793
184 793
193 794
227 794
316 795
319 796
5 797
7 798
89 799
753 800
755 800
27 801
106 801
123 801
233 801
472 801
552 801
623 801
652 802
98 803
78 804
277 804
630 804
693 805
702 805
117 806
57 807
88 808
357 809
614 809
7 810
85 811
385 811
246 812
331 813
785 814
105 815
11 816
16 816
111 816
189 816
306 816
386 816
658 816
397 817
743 818
127 819
604 820
77 821
16 822
634 822
319 823
84 824
439 824
642 824
194 825
385 825
161 826
162 827
3 828
6 828
68 828
284 828
450 828
598 828
633 828
444 829
13 830
183 831
67 832
197 832
366 832
203 833
697 833
16 834
634 834
777 835
236 836
7 837
17 838
792 839
63 840
17 841
77 842
497 842
45 843
161 844
15 845
456 846
503 847
659 848
17 849
524 850
375 851
707 851
817 851
17 852
444 853
10 854
380 854
258 855
124 856
7 857
274 857
626 857
293 858
57 859
67 859
732 859
233 860
647 861
14 862
10 863
15 864
50 864
6 865
852 866
2 867
4 867
5 867
9 867
10 867
83 867
115 867
120 867
157 867
163 867
172 867
184 867
195 867
196 867
213 867
229 867
243 867
314 867
369 867
411 867
430 867
457 867
471 867
523 867
568 867
650 867
810 867
11 868
386 869
10 870
59 870
130 870
14 871
579 872
779 872
45 873
88 874
751 875
500 876
6 877
106 878
292 878
15 879
8 880
82 881
476 881
5 882
10 882
20 883
331 884
357 885
27 886
127 886
772 886
783 886
44 887
710 887
480 888
628 888
100 889
72 890
413 890
560 890
617 890
7 891
7 892
503 892
728 892
121 893
146 894
647 895
601 896
809 896
30 897
658 898
760 899
5 900
44 900
555 900
197 901
320 901
767 901
21 902
11 903
500 904
381 905
635 905
386 906
688 907
726 907
9 908
17 909
9 910
27 911
642 912
13 913
236 914
10 915
454 916
520 917
17 918
10 919
109 920
410 921
778 922
15 923
169 924
467 925
813 926
10 927
60 927
21 928
737 928
687 929
5 930
608 930
100 931
11 932
127 933
867 934
10 935
906 935
204 936
279 937
27 938
565 938
29 939
80 939
338 939
544 939
805 940
5 941
15 942
77 943
147 943
185 943
53 944
420 945
612 945
20 946
622 946
836 947
566 948
780 948
11 949
109 949
277 949
92 950
151 951
907 951
712 952
7 953
274 953
462 953
492 953
817 953
728 954
59 955
89 955
204 955
407 955
608 955
121 956
92 957
641 957
812 957
132 958
190 958
680 958
492 959
875 959
225 960
84 961
439 961
410 962
462 962
7 963
258 963
410 963
292 964
503 965
197 966
825 966
626 967
867 967
92 968
475 969
5 970
899 971
21 972
228 972
433 973
462 974
703 974
17 975
15 976
6 977
17 977
152 978
632 978
691 978
16 979
177 979
386 980
715 980
802 980
11 981
13 981
58 981
59 981
63 981
86 981
192 981
221 981
340 981
361 981
385 981
416 981
465 981
509 981
514 981
526 981
569 981
595 981
601 981
605 981
682 981
769 981
849 981
852 981
909 981
975 981
29 982
100 983
264 983
52 984
265 985
12 986
13 986
17 986
55 986
58 986
118 986
126 986
127 986
140 986
148 986
180 986
237 986
247 986
275 986
380 986
443 986
455 986
652 986
932 986
456 987
760 988
223 989
79 990
546 990
5 991
59 991
254 991
870 991
899 992
3 993
192 993
276 993
324 993
358 993
422 993
690 994
723 994
963 994
282 995
7 996
210 996
2 997
5 997
59 997
157 997
420 997
612 997
689 997
24 998
105 999
171 999
611 999
658 999
674 999
204 1000
13 1001
7 1002
410 1002
82 1003
10 1004
10 1005
784 1005
993 1006
82 1007
10 1008
575 1008
561 1009
840 1009
92 1010
907 1011
647 1012
867 1013
124 1014
15 1015
65 1015
124 1016
8 1017
153 1017
305 1017
511 1017
66 1018
467 1019
258 1020
24 1021
23 1022
143 1023
221 1023
446 1023
617 1024
670 1024
92 1025
990 1026
82 1027
140 1027
658 1028
153 1029
566 1029
600 1030
52 1031
419 1031
15 1032
5 1033
90 1033
601 1033
721 1033
555 1034
304 1035
347 1035
477 1035
811 1035
1014 1036
21 1037
634 1038
10 1039
251 1040
774 1040
503 1041
4 1042
255 1042
10 1043
632 1044
691 1044
10 1045
83 1046
14 1047
10 1048
52 1049
414 1050
62 1051
86 1051
155 1051
180 1051
352 1051
881 1051
1007 1051
704 1052
8 1053
903 1054
658 1055
21 1056
352 1056
737 1056
396 1057
576 1058
749 1059
700 1060
15 1061
17 1062
8 1063
419 1063
566 1063
887 1063
634 1064
439 1065
794 1065
500 1066
52 1067
376 1067
535 1067
3 1068
936 1068
5 1069
560 1070
193 1071
13 1072
233 1073
742 1073
57 1074
11 1075
162 1076
405 1076
8 1077
10 1078
203 1079
162 1080
203 1081
697 1081
35 1082
183 1082
331 1082
503 1083
14 1084
7 1085
410 1085
53 1086
503 1087
297 1088
462 1088
7 1089
279 1089
10 1090
576 1090
10 1091
57 1092
77 1093
710 1093
986 1093
993 1094
777 1095
756 1096
497 1097
160 1098
15 1099
792 1099
130 1100
24 1101
120 1101
149 1101
195 1101
196 1101
295 1101
369 1101
702 1101
1089 1101
462 1102
53 1103
174 1103
622 1104
17 1105
521 1105
15 1106
207 1107
207 1108
524 1109
308 1110
16 1111
816 1112
82 1113
476 1113
1056 1113
579 1114
2 1115
612 1115
414 1116
386 1117
647 1118
401 1119
533 1120
14 1121
121 1122
3 1123
6 1123
68 1123
450 1123
293 1124
818 1124
15 1125
782 1125
308 1126
7 1127
304 1128
347 1128
4 1129
735 1129
1104 1129
65 1130
897 1130
983 1130
285 1131
760 1131
79 1132
217 1133
396 1133
787 1133
1038 1133
67 1134
92 1135
386 1136
292 1137
1055 1137
6 1138
990 1139
10 1140
229 1140
440 1140
401 1141
485 1141
513 1141
902 1141
928 1141
1037 1141
1056 1141
169 1142
265 1143
1123 1143
383 1144
327 1145
588 1145
758 1146
850 1146
83 1147
397 1147
857 1147
967 1147
982 1147
86 1148
352 1148
867 1149
712 1150
57 1151
896 1152
576 1153
11 1154
916 1154
59 1155
225 1155
331 1155
599 1155
658 1156
67 1157
91 1158
268 1159
1133 1159
194 1160
832 1161
17 1162
253 1162
981 1162
79 1163
196 1164
331 1164
1 1165
3 1165
9 1165
59 1165
75 1165
83 1165
149 1165
166 1165
243 1165
295 1165
369 1165
411 1165
521 1165
974 1165
258 1166
555 1166
157 1167
376 1167
993 1168
389 1169
777 1169
287 1170
11 1171
200 1172
510 1172
1133 1172
601 1173
308 1174
6 1175
308 1175
640 1175
92 1176
9 1177
11 1178
17 1179
284 1179
447 1179
1033 1179
867 1180
53 1181
5 1182
7 1183
279 1183
882 1183
1101 1183
251 1184
106 1185
472 1185
552 1185
623 1185
1057 1185
386 1186
779 1186
634 1187
407 1188
57 1189
1082 1190
80 1191
338 1191
544 1191
462 1192
1130 1192
283 1193
1133 1194
276 1195
422 1195
647 1196
53 1197
109 1197
367 1197
630 1197
623 1198
10 1199
127 1200
11 1201
11 1202
91 1203
284 1204
7 1205
1140 1205
462 1206
703 1206
405 1207
617 1207
864 1207
197 1208
320 1208
162 1209
204 1210
707 1210
13 1211
448 1212
500 1213
288 1214
236 1215
593 1215
635 1216
23 1217
10 1218
59 1218
225 1218
331 1218
15 1219
117 1219
6 1220
10 1220
336 1220
650 1220
685 1220
721 1220
1204 1220
13 1221
407 1222
70 1223
193 1223
11 1224
255 1225
194 1226
410 1227
503 1227
680 1228
502 1229
1040 1229
1184 1229
292 1230
92 1231
925 1231
990 1232
279 1233
448 1234
832 1235
174 1236
680 1237
124 1238
760 1239
1038 1240
1159 1240
109 1241
367 1241
981 1242
251 1243
986 1244
13 1245
820 1245
316 1246
1019 1246
52 1247
175 1247
316 1247
392 1247
478 1247
616 1247
341 1248
924 1248
152 1249
124 1250
207 1251
725 1251
785 1251
659 1252
718 1253
17 1254
57 1254
890 1255
1038 1255
88 1256
10 1257
69 1257
78 1257
93 1257
130 1257
230 1257
319 1257
339 1257
467 1257
589 1257
407 1258
15 1259
782 1259
184 1260
188 1261
497 1262
11 1263
620 1264
992 1265
5 1266
247 1266
264 1266
710 1266
315 1267
120 1268
702 1268
1089 1268
11 1269
255 1270
255 1271
1245 1272
10 1273
69 1273
8 1274
265 1274
139 1275
698 1275
396 1276
340 1277
480 1277
796 1277
823 1277
611 1278
658 1278
674 1278
132 1279
592 1280
652 1281
410 1282
263 1283
527 1283
948 1283
5 1284
11 1285
13 1285
17 1285
32 1285
386 1285
706 1285
747 1285
981 1285
367 1286
886 1286
413 1287
184 1288
468 1288
621 1288
387 1289
601 1289
13 1290
132 1290
189 1290
613 1290
658 1290
722 1290
108 1291
922 1291
5 1292
16 1292
62 1292
92 1292
134 1292
189 1292
308 1292
750 1292
1047 1292
1121 1292
84 1293
16 1294
40 1294
634 1294
982 1294
7 1295
260 1295
7 1296
279 1296
548 1296
1158 1296
14 1297
980 1298
227 1299
1024 1299
4 1300
11 1300
14 1300
62 1300
114 1300
158 1300
255 1300
262 1300
272 1300
344 1300
386 1300
1292 1300
1294 1300
2 1301
5 1301
6 1301
7 1301
8 1301
38 1301
61 1301
64 1301
89 1301
107 1301
142 1301
168 1301
214 1301
228 1301
289 1301
332 1301
340 1301
407 1301
439 1301
460 1301
465 1301
600 1301
601 1301
642 1301
662 1301
721 1301
768 1301
867 1301
870 1301
882 1301
919 1301
1008 1301
1039 1301
1091 1301
1199 1301
77 1302
228 1302
272 1302
315 1302
668 1302
7 1303
129 1304
592 1305
1082 1305
1141 1306
387 1307
8 1308
204 1308
236 1308
170 1309
869 1310
100 1311
264 1311
576 1312
485 1313
737 1314
1141 1314
379 1315
16 1316
247 1317
287 1317
515 1317
546 1317
635 1317
999 1317
109 1318
500 1319
1023 1320
531 1321
1124 1321
1041 1322
777 1323
10 1324
189 1325
722 1325
407 1326
279 1327
1101 1327
17 1328
530 1328
233 1329
272 1330
315 1330
497 1330
832 1330
7 1331
344 1331
456 1331
247 1332
1278 1332
320 1333
480 1334
1162 1335
6 1336
1302 1337
277 1338
1178 1338
288 1339
905 1340
668 1341
901 1341
715 1342
802 1342
456 1343
146 1344
1231 1345
23 1346
17 1347
9 1348
510 1349
20 1350
622 1350
1144 1350
831 1351
1121 1352
247 1353
481 1353
707 1354
14 1355
285 1356
760 1356
160 1357
1089 1358
10 1359
5 1360
59 1361
10 1362
162 1363
315 1364
195 1365
746 1365
1339 1365
66 1366
552 1366
719 1366
804 1366
1197 1366
1274 1366
14 1367
6 1368
17 1368
884 1368
10 1369
315 1370
456 1371
53 1372
15 1373
1295 1373
462 1374
11 1375
677 1376
697 1377
67 1378
21 1379
146 1380
82 1381
251 1381
1051 1381
17 1382
183 1382
190 1382
508 1382
603 1382
1380 1382
197 1383
320 1383
11 1384
1001 1384
11 1385
260 1386
661 1386
92 1387
812 1387
410 1388
7 1389
11 1390
1135 1390
7 1391
15 1392
410 1393
503 1393
852 1394
258 1395
244 1396
710 1396
179 1397
389 1397
787 1397
159 1398
947 1398
1067 1398
855 1399
225 1400
331 1400
13 1401
617 1402
7 1403
891 1403
957 1404
14 1405
17 1406
204 1407
11 1408
45 1409
1305 1409
236 1410
265 1410
439 1411
315 1412
5 1413
951 1413
437 1414
367 1415
886 1415
9 1416
1134 1417
319 1418
1277 1418
13 1419
239 1420
576 1420
227 1421
59 1422
225 1422
890 1423
1038 1423
17 1424
692 1424
760 1425
227 1426
14 1427
1040 1427
5 1428
291 1428
601 1428
460 1429
647 1429
130 1430
227 1431
121 1432
11 1433
779 1433
1365 1434
132 1435
200 1435
601 1436
84 1437
609 1438
992 1439
399 1440
658 1441
467 1442
410 1443
14 1444
10 1445
264 1446
9 1447
1141 1448
660 1449
11 1450
94 1451
537 1452
390 1453
951 1453
32 1454
942 1454
227 1455
456 1456
79 1457
264 1457
371 1457
515 1457
546 1457
1246 1458
9 1459
13 1460
27 1461
13 1462
820 1462
14 1463
623 1464
27 1465
780 1465
6 1466
869 1467
13 1468
5 1469
884 1470
27 1471
520 1471
1260 1471
1454 1472
197 1473
1235 1473
1330 1473
829 1474
1368 1475
1470 1475
385 1476
117 1477
1136 1478
635 1479
515 1480
7 1481
410 1481
503 1481
728 1481
623 1482
14 1483
65 1484
897 1484
983 1484
10 1485
11 1486
439 1487
691 1488
10 1489
787 1489
10 1490
10 1491
906 1491
79 1492
14 1493
386 1494
1478 1494
635 1495
1425 1495
544 1496
5 1497
852 1498
191 1499
462 1499
1165 1499
972 1500
50 1501
65 1501
315 1502
376 1503
535 1503
340 1504
710 1504
542 1505
3 1506
9 1506
44 1506
488 1506
1059 1507
124 1508
386 1509
1131 1509
204 1510
37 1511
299 1511
362 1512
509 1512
988 1513
508 1514
1397 1514
92 1515
7 1516
1460 1516
1184 1517
398 1518
453 1518
15 1519
127 1520
381 1520
1339 1520
14 1521
1296 1522
66 1523
993 1523
1226 1523
608 1524
57 1525
67 1525
732 1525
1234 1525
1413 1525
89 1526
10 1527
8 1528
57 1528
112 1528
144 1528
210 1528
406 1528
696 1528
864 1528
641 1529
812 1529
56 1530
475 1531
986 1532
225 1533
14 1534
621 1535
994 1536
1416 1537
1514 1538
236 1539
947 1539
1330 1540
248 1541
1122 1541
233 1542
1167 1542
1503 1542
399 1543
485 1544
797 1544
288 1545
307 1546
495 1546
513 1546
645 1546
669 1546
928 1546
384 1547
1050 1547
524 1548
480 1549
462 1550
236 1551
707 1552
209 1553
839 1553
94 1554
731 1555
1251 1555
14 1556
100 1557
1130 1557
319 1558
1340 1559
869 1560
169 1561
5 1562
11 1562
32 1562
189 1562
658 1562
722 1562
981 1562
986 1562
10 1563
194 1564
1351 1565
179 1566
389 1566
396 1566
504 1566
787 1566
704 1567
152 1568
14 1569
13 1570
77 1570
290 1571
1261 1572
57 1573
124 1573
30 1574
1015 1574
454 1575
1307 1575
387 1576
1248 1576
13 1577
160 1578
315 1579
710 1580
997 1581
139 1582
1390 1583
308 1584
120 1585
149 1585
154 1585
172 1585
188 1585
195 1585
196 1585
213 1585
229 1585
295 1585
314 1585
369 1585
397 1585
430 1585
444 1585
568 1585
589 1585
631 1585
857 1585
891 1585
953 1585
996 1585
1002 1585
1127 1585
1205 1585
1389 1585
1391 1585
1516 1585
480 1586
1570 1587
117 1588
123 1588
552 1588
1031 1588
1049 1588
1247 1588
575 1589
11 1590
635 1591
999 1591
1544 1591
510 1592
16 1593
15 1594
907 1594
98 1595
11 1596
388 1596
13 1597
308 1597
293 1598
818 1598
1323 1599
10 1600
787 1600
315 1601
160 1602
497 1603
1128 1603
929 1604
15 1605
975 1605
419 1606
1451 1606
17 1607
17 1608
132 1608
266 1608
508 1608
1344 1608
7 1609
11 1610
47 1610
105 1610
1266 1610
1446 1610
1457 1610
11 1611
241 1611
14 1612
942 1613
1119 1613
541 1614
227 1615
23 1616
760 1617
389 1618
777 1618
10 1619
1610 1619
1073 1620
697 1621
11 1622
1501 1623
106 1624
123 1624
233 1624
314 1624
472 1624
757 1624
1049 1624
87 1625
1060 1625
555 1626
117 1627
82 1628
17 1629
981 1629
994 1630
11 1631
1307 1632
652 1633
980 1633
1342 1633
338 1634
15 1635
217 1636
316 1636
367 1636
11 1637
17 1638
866 1638
981 1638
13 1639
579 1640
10 1641
1301 1641
57 1642
77 1642
527 1643
11 1644
292 1645
1055 1645
1406 1645
1009 1646
27 1647
66 1647
106 1647
117 1647
123 1647
757 1647
984 1647
1031 1647
1049 1647
555 1648
367 1649
279 1650
1133 1651
315 1652
308 1653
1451 1654
89 1655
113 1655
563 1655
1065 1656
867 1657
1376 1657
15 1658
7 1659
503 1659
728 1659
92 1660
207 1661
1195 1661
7 1662
8 1663
13 1663
1465 1663
308 1664
693 1665
702 1665
162 1666
88 1667
327 1668
92 1669
146 1670
1608 1670
399 1671
742 1671
120 1672
195 1672
213 1672
314 1672
430 1672
444 1672
568 1672
589 1672
891 1672
324 1673
453 1673
508 1673
1107 1673
1108 1673
899 1674
7 1675
437 1676
399 1677
15 1678
1295 1678
280 1679
29 1680
439 1681
109 1682
528 1682
630 1682
1523 1682
439 1683
642 1683
1588 1684
21 1685
17 1686
1499 1686
127 1687
1162 1687
27 1688
236 1688
636 1688
241 1689
1150 1689
981 1690
105 1691
345 1691
677 1691
905 1691
1216 1691
1479 1691
1495 1691
399 1692
10 1693
1301 1693
205 1694
212 1694
1388 1694
10 1695
133 1696
204 1696
1141 1697
279 1698
298 1699
17 1700
255 1700
1130 1701
313 1702
5 1703
90 1703
721 1703
11 1704
185 1704
306 1704
781 1704
1185 1704
1624 1704
948 1705
677 1706
227 1707
13 1708
246 1708
434 1708
673 1708
950 1708
957 1708
1025 1708
1176 1708
1231 1708
1292 1708
1387 1708
1660 1708
1510 1709
839 1710
1708 1711
331 1712
2 1713
689 1713
1123 1714
27 1715
106 1715
233 1715
516 1715
552 1715
623 1715
589 1716
85 1717
994 1718
3 1719
88 1719
132 1719
271 1719
324 1719
1107 1719
579 1720
743 1720
105 1721
1120 1722
797 1723
522 1724
851 1724
92 1725
1304 1726
1036 1727
223 1728
155 1729
180 1729
1007 1729
1128 1730
15 1731
950 1732
21 1733
1113 1733
1141 1733
127 1734
236 1735
6 1736
1 1737
149 1737
243 1737
369 1737
411 1737
9 1738
24 1738
149 1738
157 1738
369 1738
699 1738
1183 1738
1233 1738
1698 1738
7 1739
279 1739
462 1739
1165 1739
1585 1739
1737 1739
1738 1739
264 1740
901 1741
1573 1742
1124 1743
92 1744
10 1745
940 1746
10 1747
50 1748
658 1749
9 1750
276 1751
422 1751
17 1752
17 1753
892 1753
13 1754
899 1755
13 1756
1384 1756
606 1757
775 1757
1016 1757
1238 1757
1508 1757
1141 1758
576 1759
17 1760
1233 1761
17 1762
65 1763
37 1764
299 1764
749 1765
92 1766
1061 1767
1150 1767
357 1768
1703 1768
1453 1769
15 1770
475 1771
620 1771
668 1772
87 1773
1060 1773
67 1774
1234 1774
1413 1774
743 1775
508 1776
776 1776
1087 1776
1108 1776
5 1777
7 1777
9 1777
23 1777
29 1777
44 1777
68 1777
710 1777
1301 1777
16 1778
62 1778
92 1778
308 1778
540 1778
1047 1778
1708 1778
11 1779
890 1780
1038 1780
236 1781
852 1782
5 1783
10 1783
444 1784
1302 1785
1214 1786
66 1787
435 1787
578 1787
1086 1787
995 1788
1148 1788
10 1789
57 1790
1732 1791
57 1792
340 1792
1340 1793
634 1794
88 1795
1306 1796
1356 1796
15 1797
14 1798
1740 1798
367 1799
281 1800
884 1800
1475 1800
60 1801
1212 1801
481 1802
344 1803
89 1804
693 1805
702 1805
60 1806
90 1807
386 1807
955 1808
242 1809
649 1809
1077 1809
84 1810
659 1811
2 1812
6 1812
89 1812
305 1812
340 1812
400 1812
402 1812
419 1812
710 1812
1348 1812
1459 1812
1738 1812
1777 1812
77 1813
193 1814
503 1815
867 1815
467 1816
430 1817
1412 1818
357 1819
37 1820
299 1820
1356 1821
1389 1821
280 1822
98 1823
569 1823
227 1824
546 1824
203 1825
315 1826
11 1827
13 1827
33 1827
71 1827
197 1827
308 1827
530 1827
720 1827
816 1827
1562 1827
4 1828
308 1829
1460 1829
1412 1830
530 1831
279 1832
1067 1833
1433 1833
439 1834
794 1834
1656 1834
1167 1835
1428 1836
659 1837
15 1838
517 1838
193 1839
1294 1840
1549 1840
1586 1840
485 1841
6 1842
207 1842
808 1842
1256 1842
1667 1842
1795 1842
187 1843
747 1843
1154 1844
658 1845
11 1846
448 1847
479 1848
531 1848
740 1848
1124 1848
1261 1849
1585 1849
475 1850
721 1850
1179 1850
189 1851
308 1851
750 1851
1121 1851
780 1852
663 1853
1264 1853
1538 1854
21 1855
276 1856
1565 1857
345 1858
1317 1858
1479 1858
1591 1858
722 1859
503 1860
13 1861
127 1862
381 1862
635 1862
727 1863
660 1864
11 1865
567 1866
983 1867
1557 1867
1701 1867
117 1868
697 1869
2 1870
17 1870
47 1870
118 1870
130 1870
135 1870
206 1870
407 1870
462 1870
759 1870
797 1870
867 1870
900 1870
970 1870
997 1870
1033 1870
1284 1870
1428 1870
1562 1870
485 1871
10 1872
172 1873
196 1873
314 1873
397 1873
444 1873
568 1873
631 1873
996 1873
1127 1873
1391 1873
1739 1873
647 1874
905 1875
5 1876
340 1876
608 1876
1257 1876
1686 1877
1785 1878
1368 1879
1470 1879
1800 1879
233 1880
15 1881
50 1881
114 1881
344 1881
440 1881
816 1881
822 1881
979 1881
1292 1881
1593 1881
184 1882
132 1883
680 1883
105 1884
1457 1884
146 1885
17 1886
14 1887
1585 1888
890 1889
11 1890
658 1891
12 1892
14 1892
15 1892
17 1892
39 1892
87 1892
102 1892
144 1892
170 1892
287 1892
297 1892
374 1892
441 1892
572 1892
573 1892
658 1892
731 1892
1221 1892
1245 1892
1285 1892
1290 1892
1460 1892
1577 1892
1597 1892
1639 1892
1663 1892
1708 1892
1756 1892
1861 1892
7 1893
12 1894
50 1894
344 1894
410 1895
258 1896
223 1897
935 1897
1132 1898
290 1899
236 1900
87 1901
658 1902
986 1902
50 1903
65 1903
10 1904
10 1905
23 1906
1148 1907
174 1908
17 1909
1394 1909
1782 1909
89 1910
479 1910
541 1910
568 1910
1424 1910
753 1911
755 1911
17 1912
17 1913
617 1914
10 1915
298 1916
320 1916
1302 1916
1373 1917
1577 1917
1678 1917
50 1918
358 1919
462 1919
812 1920
10 1921
1001 1922
785 1923
590 1924
11 1925
256 1925
882 1925
889 1925
753 1926
788 1926
1512 1926
647 1927
1867 1928
14 1929
386 1930
933 1930
1200 1930
476 1931
832 1932
3 1933
1143 1933
384 1934
11 1935
39 1935
1065 1936
1487 1936
634 1937
146 1938
6 1939
241 1940
92 1941
316 1942
677 1942
1520 1942
277 1943
105 1944
611 1944
658 1944
674 1944
1317 1944
1591 1944
15 1945
1425 1946
1708 1947
9 1948
500 1949
14 1950
11 1951
386 1951
223 1952
935 1952
60 1953
617 1954
1067 1955
8 1956
265 1956
1691 1956
331 1957
1055 1958
5 1959
601 1959
3 1960
6 1960
8 1960
10 1960
78 1960
462 1960
5 1961
775 1962
203 1963
17 1964
497 1965
668 1965
1096 1965
17 1966
623 1967
1132 1968
5 1969
130 1970
271 1971
5 1972
601 1972
410 1973
503 1973
1216 1974
407 1975
655 1975
1446 1975
59 1976
1672 1976
295 1977
1183 1977
1881 1978
17 1979
569 1980
1715 1980
1416 1981
1892 1981
3 1982
162 1983
10 1984
367 1985
1246 1986
1568 1986
1425 1987
593 1988
1 1989
6 1989
11 1989
25 1989
41 1989
63 1989
73 1989
245 1989
291 1989
333 1989
340 1989
353 1989
361 1989
363 1989
416 1989
431 1989
455 1989
509 1989
514 1989
526 1989
569 1989
595 1989
601 1989
619 1989
634 1989
663 1989
841 1989
852 1989
918 1989
977 1989
986 1989
1062 1989
1285 1989
1328 1989
1368 1989
1752 1989
1760 1989
1762 1989
1892 1989
1912 1989
1913 1989
1966 1989
1979 1989
1708 1990
24 1991
157 1992
1155 1992
10 1993
69 1993
319 1994
1866 1994
1109 1995
758 1996
850 1996
52 1997
9 1998
980 1999
280 2000
233 2001
1503 2001
9 2002
44 2002
997 2002
1812 2002
483 2003
929 2003
691 2004
105 2005
6 2006
1899 2006
88 2007
10 2008
924 2009
1141 2010
1585 2011
265 2012
1561 2012
1585 2013
8 2014
1777 2014
91 2015
106 2016
197 2016
1487 2017
57 2018
236 2019
939 2019
1191 2019
1496 2019
699 2020
160 2021
444 2022
608 2023
59 2024
157 2024
689 2024
21 2025
1546 2025
1818 2026
12 2027
315 2027
377 2027
448 2027
1157 2027
1378 2027
1525 2027
57 2028
1373 2029
1678 2029
386 2030
986 2031
1281 2031
460 2032
492 2033
263 2034
527 2034
948 2034
7 2035
867 2035
248 2036
17 2037
874 2038
997 2039
298 2040
91 2041
297 2041
1837 2042
341 2043
7 2044
462 2044
1165 2044
929 2045
1538 2046
1212 2047
1025 2048
1757 2048
308 2049
1404 2050
23 2051
414 2052
277 2053
503 2053
79 2054
560 2055
266 2056
603 2056
894 2056
1670 2056
1885 2056
1938 2056
14 2057
10 2058
5 2059
420 2059
612 2059
733 2059
870 2059
3 2060
660 2060
936 2060
17 2061
92 2062
57 2063
244 2063
1302 2064
386 2065
779 2065
77 2066
986 2066
1776 2067
439 2068
897 2069
1557 2069
1701 2069
1987 2070
12 2071
13 2071
14 2071
344 2071
397 2072
264 2073
4 2074
17 2074
114 2074
1187 2074
1794 2074
1937 2074
248 2075
330 2075
1432 2075
232 2076
79 2077
78 2078
65 2079
67 2080
1234 2080
1413 2080
1989 2081
410 2082
132 2083
184 2083
9 2084
115 2084
157 2084
172 2084
184 2084
196 2084
213 2084
243 2084
430 2084
457 2084
934 2084
1013 2084
1301 2084
1815 2084
1870 2084
2035 2084
647 2085
1126 2086
21 2087
14 2088
458 2088
1412 2089
146 2090
386 2091
124 2092
1414 2093
462 2094
1247 2095
315 2096
136 2097
692 2097
293 2098
1457 2098
1480 2098
616 2099
1276 2099
7 2100
1030 2100
1154 2101
10 2102
1585 2103
1301 2104
1930 2104
852 2105
1909 2105
1541 2106
710 2107
888 2107
1965 2108
2081 2108
290 2109
6 2110
1285 2111
710 2112
13 2113
430 2113
160 2114
2 2115
7 2115
78 2115
254 2115
462 2115
599 2115
689 2115
843 2115
997 2115
2024 2115
2084 2116
7 2117
1061 2117
1101 2117
17 2118
1428 2118
331 2119
386 2120
978 2120
444 2121
1870 2122
319 2123
907 2124
907 2125
1340 2126
1557 2127
16 2128
634 2128
1304 2128
2074 2129
592 2130
419 2131
1451 2131
2092 2132
1241 2133
66 2134
623 2134
7 2135
302 2136
325 2136
13 2137
95 2137
236 2138
947 2138
23 2139
117 2140
78 2141
1159 2142
67 2143
102 2143
106 2143
182 2143
269 2143
298 2143
490 2143
732 2143
821 2143
1302 2143
1642 2143
1813 2143
2066 2143
1143 2144
1233 2145
6 2146
10 2147
1042 2147
677 2148
1216 2148
1317 2148
1495 2148
1591 2148
992 2149
57 2150
867 2151
146 2152
1608 2152
172 2153
314 2153
996 2153
1127 2153
1739 2153
710 2154
14 2155
9 2156
1239 2157
647 2158
341 2159
315 2160
901 2160
13 2161
155 2162
591 2162
987 2162
1456 2162
203 2163
14 2164
197 2165
825 2165
1160 2165
1564 2165
410 2166
6 2167
92 2168
1691 2169
37 2170
386 2171
1478 2171
17 2172
1290 2172
239 2173
576 2173
77 2174
497 2174
606 2174
17 2175
227 2176
319 2177
592 2178
441 2179
1858 2179
189 2180
658 2180
7 2181
867 2181
17 2182
428 2183
642 2184
331 2185
1365 2186
1935 2187
11 2188
677 2188
993 2189
7 2190
924 2190
1561 2190
2074 2191
13 2192
820 2192
203 2193
1737 2193
610 2194
1544 2194
1841 2194
1871 2194
17 2195
503 2196
1972 2197
125 2198
367 2198
399 2198
1018 2198
420 2199
8 2200
2143 2201
10 2202
1365 2203
255 2204
57 2205
1141 2206
90 2207
13 2208
109 2208
779 2209
928 2210
1884 2211
132 2212
6 2213
68 2213
284 2213
450 2213
598 2213
633 2213
402 2214
444 2215
635 2216
999 2216
1858 2216
1944 2216
410 2217
503 2217
728 2217
680 2218
1260 2218
1281 2219
15 2220
16 2220
57 2220
67 2220
986 2220
2071 2220
758 2221
852 2221
1463 2222
13 2223
986 2224
719 2225
1197 2225
1274 2225
14 2226
2 2227
5 2227
8 2227
24 2227
60 2227
75 2227
85 2227
91 2227
115 2227
120 2227
143 2227
154 2227
157 2227
163 2227
166 2227
188 2227
195 2227
228 2227
430 2227
444 2227
457 2227
471 2227
523 2227
568 2227
589 2227
711 2227
798 2227
810 2227
891 2227
892 2227
953 2227
996 2227
1183 2227
1296 2227
1331 2227
1389 2227
1403 2227
1516 2227
1609 2227
1662 2227
1739 2227
2100 2227
2115 2227
2181 2227
1110 2228
794 2229
1936 2229
271 2230
994 2231
8 2232
204 2232
236 2232
526 2232
939 2232
982 2232
1680 2232
658 2233
92 2234
1345 2234
399 2235
13 2236
1129 2236
10 2237
400 2238
917 2238
1517 2238
852 2239
1909 2239
1676 2240
1696 2240
410 2241
941 2242
1082 2242
86 2243
881 2243
1381 2243
746 2244
1339 2244
6 2245
1475 2245
928 2246
1138 2246
867 2247
869 2248
227 2249
462 2250
524 2251
1146 2251
1996 2251
2221 2251
1802 2252
2171 2252
17 2253
521 2253
7 2254
2227 2254
1167 2255
1290 2256
227 2257
1500 2258
15 2259
1234 2259
1847 2259
16 2260
107 2260
5 2261
608 2261
612 2261
1019 2261
444 2262
2117 2263
23 2264
1247 2265
241 2266
1992 2267
184 2268
527 2269
1457 2270
1829 2270
2086 2271
16 2272
540 2272
1708 2272
17 2273
17 2274
804 2275
949 2275
1338 2275
11 2276
937 2276
1135 2276
129 2277
2128 2277
11 2278
617 2279
670 2279
11 2280
16 2280
49 2280
58 2280
67 2280
86 2280
103 2280
124 2280
181 2280
222 2280
272 2280
350 2280
433 2280
448 2280
466 2280
473 2280
540 2280
634 2280
681 2280
779 2280
845 2280
923 2280
1015 2280
1106 2280
1219 2280
1259 2280
1519 2280
1797 2280
1838 2280
1892 2280
2220 2280
2259 2280
11 2281
3 2282
47 2283
1457 2283
1619 2283
126 2284
177 2284
552 2284
671 2284
949 2284
1682 2284
2208 2284
5 2285
13 2285
16 2285
32 2285
37 2285
62 2285
92 2285
137 2285
144 2285
308 2285
346 2285
375 2285
386 2285
449 2285
658 2285
714 2285
722 2285
1047 2285
1300 2285
1367 2285
1483 2285
1534 2285
1612 2285
1798 2285
1887 2285
2164 2285
2226 2285
1234 2286
297 2287
7 2288
703 2288
1140 2288
1585 2288
319 2289
917 2290
8 2291
883 2292
258 2293
1829 2294
88 2295
1257 2295
279 2296
2227 2296
10 2297
641 2298
941 2299
1082 2299
316 2300
53 2301
150 2301
175 2301
616 2301
886 2301
911 2301
938 2301
7 2302
626 2302
1147 2302
384 2303
1116 2303
1455 2303
1463 2304
852 2305
957 2305
11 2306
27 2306
1212 2307
280 2308
940 2309
10 2310
784 2310
1989 2311
867 2312
1057 2312
2084 2312
658 2313
439 2314
785 2315
3 2316
462 2316
121 2317
497 2318
668 2318
403 2319
79 2320
247 2320
287 2320
546 2320
789 2320
815 2320
999 2320
1610 2320
1944 2320
2005 2320
1017 2321
1812 2321
890 2322
9 2323
10 2323
223 2323
907 2324
1413 2324
212 2325
308 2326
576 2327
27 2328
16 2329
62 2329
92 2329
1708 2329
11 2330
591 2331
5 2332
11 2332
32 2332
722 2332
981 2332
986 2332
1827 2332
1870 2332
98 2333
160 2334
1638 2335
157 2336
254 2336
1045 2337
1587 2337
16 2338
66 2339
435 2339
578 2339
9 2340
1348 2341
13 2342
1045 2343
1587 2343
57 2344
189 2344
1328 2344
127 2345
381 2345
1339 2345
17 2346
1605 2346
78 2347
109 2348
205 2348
962 2348
2284 2348
82 2349
185 2349
2143 2349
978 2350
1178 2350
45 2351
623 2352
37 2353
189 2353
658 2353
722 2353
981 2353
511 2354
2321 2354
19 2355
50 2355
344 2355
384 2356
410 2357
1773 2358
27 2359
106 2359
623 2359
1141 2360
888 2361
144 2362
642 2363
2165 2364
462 2365
1101 2365
1585 2365
15 2366
130 2367
279 2367
503 2367
820 2367
997 2367
2024 2367
2336 2367
204 2368
17 2369
327 2370
832 2371
1473 2371
17 2372
331 2373
984 2374
89 2375
999 2375
691 2376
616 2377
1765 2377
803 2378
27 2379
2301 2379
1154 2380
11 2381
263 2382
948 2382
17 2383
1132 2384
1505 2385
7 2386
924 2386
1073 2387
293 2388
1457 2388
13 2389
14 2389
1909 2390
1073 2391
896 2392
444 2393
2387 2394
623 2395
126 2396
2097 2397
396 2398
978 2398
548 2399
1167 2400
11 2401
658 2401
986 2401
162 2402
12 2403
315 2403
832 2403
1378 2403
410 2404
462 2404
867 2404
1165 2404
906 2405
1952 2405
1638 2406
503 2407
1453 2408
117 2409
623 2410
1989 2411
277 2412
630 2412
1366 2412
2225 2412
132 2413
589 2414
50 2415
1207 2415
2027 2416
2177 2417
11 2418
241 2419
7 2420
9 2420
23 2420
29 2420
44 2420
17 2421
981 2421
132 2422
752 2422
132 2423
60 2424
149 2424
790 2424
1659 2424
66 2425
804 2425
1274 2425
265 2426
204 2427
8 2428
647 2428
1022 2428
1906 2428
2051 2428
11 2429
888 2430
1326 2430
1052 2431
726 2432
1011 2432
2324 2432
10 2433
331 2433
701 2434
1114 2434
1640 2434
1720 2434
15 2435
2280 2435
2302 2436
5 2437
203 2438
600 2438
14 2439
367 2440
886 2440
204 2441
449 2441
5 2442
14 2443
189 2444
276 2445
422 2445
10 2446
729 2446
1145 2446
1247 2447
5 2448
721 2448
1179 2448
929 2449
1870 2450
454 2451
552 2452
1682 2452
389 2453
1940 2454
367 2455
280 2456
52 2457
658 2457
801 2457
1198 2457
1715 2457
1880 2457
2134 2457
981 2458
60 2459
156 2460
503 2461
13 2462
508 2463
1834 2464
258 2465
1516 2465
5 2466
189 2466
308 2466
750 2466
1047 2466
1300 2466
1708 2466
1041 2467
2312 2468
541 2469
475 2470
27 2471
1724 2471
160 2472
710 2473
2389 2473
420 2474
612 2474
161 2475
357 2476
500 2477
15 2478
302 2478
1499 2479
1070 2480
2023 2480
2055 2480
609 2481
67 2482
1234 2482
1413 2482
293 2483
233 2484
552 2484
9 2485
17 2486
1544 2487
1235 2488
2387 2489
10 2490
11 2491
17 2491
779 2491
861 2491
352 2492
737 2492
1113 2492
1141 2492
2391 2493
2227 2494
601 2495
223 2496
617 2496
1814 2496
7 2497
274 2497
626 2497
1147 2497
16 2498
57 2498
67 2498
320 2498
366 2498
634 2498
1695 2498
340 2499
10 2500
288 2501
60 2502
986 2503
11 2504
312 2504
384 2505
1116 2505
331 2506
414 2507
1547 2507
63 2508
397 2509
470 2509
14 2510
2280 2511
454 2512
1307 2512
433 2513
1919 2513
4 2514
383 2514
1350 2514
751 2515
2093 2516
731 2517
357 2518
470 2519
746 2519
1339 2519
1545 2519
591 2520
987 2520
1456 2520
497 2521
1898 2522
1917 2523
4 2524
15 2525
1323 2526
1073 2527
1406 2528
1503 2529
1399 2530
492 2531
258 2532
986 2533
1409 2534
2351 2534
106 2535
233 2535
623 2535
1980 2535
2021 2535
479 2536
531 2536
10 2537
127 2538
1162 2538
1027 2539
331 2540
701 2541
7 2542
11 2543
384 2544
367 2545
6 2546
1538 2547
315 2548
993 2548
331 2549
1082 2550
357 2551
4 2552
255 2552
162 2553
1200 2553
9 2554
86 2555
1381 2555
10 2556
17 2556
89 2556
135 2556
161 2556
331 2556
447 2556
896 2556
1033 2556
1289 2556
1301 2556
1959 2556
1989 2556
2495 2556
2514 2556
10 2557
1650 2558
2387 2559
500 2560
2143 2561
634 2562
5 2563
227 2564
712 2564
91 2565
2137 2565
2498 2566
2027 2567
1981 2568
1082 2569
252 2570
1825 2570
1963 2570
2163 2570
513 2571
645 2571
669 2571
2025 2571
894 2572
1726 2573
17 2574
1989 2574
27 2575
2276 2576
5 2577
100 2577
247 2577
264 2577
1870 2577
652 2578
995 2578
2 2579
4 2579
83 2579
172 2579
184 2579
243 2579
369 2579
411 2579
430 2579
568 2579
650 2579
934 2579
967 2579
1013 2579
1149 2579
2035 2579
2247 2579
993 2580
139 2581
156 2581
1671 2581
155 2582
227 2583
144 2584
552 2584
1512 2584
265 2585
2143 2585
89 2586
475 2587
1069 2588
1399 2588
11 2589
5 2590
203 2591
1167 2591
439 2592
8 2593
11 2594
319 2595
1277 2596
1527 2596
7 2597
867 2597
1585 2597
2227 2597
2093 2598
27 2599
11 2600
14 2600
458 2600
1290 2600
1851 2600
2180 2600
2466 2600
981 2601
2048 2602
659 2603
503 2604
728 2604
655 2605
1446 2605
236 2606
939 2606
1191 2606
59 2607
75 2607
149 2607
295 2607
974 2607
2044 2607
1027 2608
17 2609
981 2609
2335 2609
239 2610
386 2611
15 2612
592 2613
1446 2614
10 2615
29 2616
1154 2617
1470 2618
17 2619
658 2620
1958 2620
760 2621
1513 2621
1673 2622
710 2623
986 2623
246 2624
2457 2625
1757 2626
10 2627
13 2628
2280 2628
2031 2629
7 2630
1585 2630
1873 2630
183 2631
795 2631
86 2632
211 2632
352 2632
1027 2632
503 2633
1236 2634
7 2635
775 2636
111 2637
677 2637
13 2638
16 2639
793 2639
1300 2639
162 2640
114 2641
866 2641
979 2641
1593 2641
268 2642
395 2642
1489 2642
2263 2643
658 2644
986 2644
1025 2645
2222 2645
2304 2645
14 2646
39 2646
87 2646
102 2646
144 2646
170 2646
297 2646
441 2646
572 2646
1221 2646
1245 2646
1285 2646
1290 2646
1460 2646
84 2647
867 2648
127 2649
11 2650
9 2651
78 2651
136 2651
303 2651
601 2651
799 2651
955 2651
1301 2651
1655 2651
72 2652
404 2652
1505 2653
282 2654
989 2654
1897 2654
6 2655
9 2655
40 2655
89 2655
107 2655
128 2655
168 2655
201 2655
214 2655
284 2655
321 2655
337 2655
340 2655
356 2655
407 2655
465 2655
488 2655
538 2655
582 2655
642 2655
662 2655
703 2655
733 2655
854 2655
863 2655
867 2655
1091 2655
1140 2655
1199 2655
1218 2655
1324 2655
1369 2655
1485 2655
1527 2655
1600 2655
1693 2655
1695 2655
1789 2655
1915 2655
1984 2655
2102 2655
2202 2655
2446 2655
2556 2655
2557 2655
88 2656
1842 2656
390 2657
2408 2657
463 2658
11 2659
14 2660
13 2661
162 2662
315 2663
1162 2664
668 2665
1699 2665
1916 2665
2143 2665
77 2666
1587 2666
57 2667
875 2667
114 2668
1187 2668
1794 2668
1319 2669
2535 2669
1301 2670
356 2671
928 2672
117 2673
1288 2674
955 2675
1778 2675
183 2676
203 2677
1564 2677
2238 2678
2312 2679
50 2680
1207 2680
2456 2680
1 2681
9 2681
59 2681
75 2681
521 2681
974 2681
2044 2681
3 2682
11 2683
779 2684
1011 2684
384 2685
15 2686
92 2687
1708 2687
1257 2688
602 2689
6 2690
338 2690
10 2691
59 2691
393 2691
1301 2691
2059 2691
124 2692
1036 2692
183 2693
227 2694
2055 2694
11 2695
986 2695
79 2696
283 2697
254 2698
2115 2698
124 2699
6 2700
1884 2701
2156 2701
1246 2702
2535 2703
964 2704
2060 2705
356 2706
386 2707
1131 2707
576 2708
65 2709
367 2710
11 2711
13 2711
59 2711
416 2711
465 2711
509 2711
526 2711
595 2711
605 2711
682 2711
849 2711
909 2711
1285 2711
1562 2711
1629 2711
1690 2711
2353 2711
2421 2711
2458 2711
2609 2711
503 2712
1322 2712
2467 2712
407 2713
1463 2714
2645 2714
384 2715
265 2716
647 2716
1022 2716
1616 2716
2051 2716
1608 2717
4 2718
407 2719
17 2720
753 2720
693 2721
1314 2721
316 2722
345 2722
905 2722
2301 2723
518 2724
658 2724
1764 2724
668 2725
292 2726
276 2727
907 2728
1413 2728
986 2729
1870 2729
236 2730
1812 2731
2341 2731
11 2732
52 2732
53 2732
528 2732
1198 2732
1464 2732
2134 2732
2395 2732
2410 2732
1879 2733
503 2734
825 2735
298 2736
366 2736
726 2736
756 2736
1262 2736
1965 2736
2174 2736
2521 2736
233 2737
2457 2737
2496 2738
1247 2739
867 2740
7 2741
503 2741
1241 2741
1753 2741
149 2742
195 2742
229 2742
314 2742
369 2742
631 2742
857 2742
891 2742
953 2742
1002 2742
1127 2742
1389 2742
1391 2742
1739 2742
1888 2742
2103 2742
2288 2742
11 2743
17 2743
697 2744
2556 2745
1558 2746
1936 2746
2177 2747
2227 2748
258 2749
315 2750
1922 2751
2711 2752
364 2753
21 2754
17 2755
2394 2755
52 2756
2374 2756
437 2757
1546 2757
642 2758
57 2759
3 2760
5 2760
284 2760
601 2760
826 2760
844 2760
2458 2760
2556 2760
160 2761
1484 2762
446 2763
899 2764
1131 2764
2621 2764
1867 2765
184 2766
204 2767
938 2767
292 2768
1561 2769
10 2770
9 2771
357 2772
888 2773
828 2774
2213 2774
983 2775
1365 2776
6 2777
1470 2778
2645 2779
1944 2780
2285 2781
11 2782
77 2782
779 2782
1624 2782
2242 2783
2299 2783
357 2784
896 2784
181 2785
1465 2785
2535 2785
2 2786
120 2786
157 2786
172 2786
195 2786
196 2786
213 2786
229 2786
243 2786
457 2786
523 2786
568 2786
650 2786
934 2786
967 2786
1149 2786
1815 2786
2181 2786
2597 2786
2655 2786
2740 2786
5 2787
56 2788
531 2789
1989 2790
15 2791
2280 2791
1932 2792
12 2793
17 2793
225 2793
255 2793
262 2793
1593 2793
2220 2793
2260 2793
2329 2793
2639 2793
324 2794
358 2794
1239 2795
1356 2795
13 2796
1585 2797
2742 2797
13 2798
106 2798
943 2798
21 2799
217 2800
1172 2800
1349 2800
462 2801
236 2802
14 2803
11 2804
658 2804
1686 2805
52 2806
528 2806
658 2806
1185 2806
1464 2806
1482 2806
21 2807
1546 2807
6 2808
207 2808
475 2808
620 2808
1708 2809
53 2810
1787 2810
2339 2810
15 2811
672 2811
994 2812
21 2813
743 2814
1684 2814
2117 2815
29 2816
544 2816
2019 2816
2606 2816
11 2817
252 2818
684 2818
1079 2818
1963 2818
2193 2818
10 2819
1301 2819
2299 2819
2280 2820
728 2821
1812 2822
2354 2822
707 2823
225 2824
1708 2825
52 2826
2374 2826
1140 2827
1736 2827
2419 2828
881 2829
815 2830
1925 2831
17 2832
2711 2832
7 2833
1708 2834
176 2835
1279 2835
1290 2835
1435 2835
1608 2835
1719 2835
1883 2835
2212 2835
2413 2835
2423 2835
608 2836
612 2836
1019 2836
52 2837
16 2838
1684 2838
11 2839
715 2839
13 2840
65 2841
521 2841
649 2842
928 2843
977 2844
303 2845
710 2845
1655 2845
1955 2846
1736 2847
899 2848
634 2849
1484 2850
287 2851
178 2852
357 2852
1807 2852
6 2853
1475 2853
889 2854
193 2855
1915 2856
10 2857
935 2858
410 2859
13 2860
2284 2860
13 2861
331 2862
447 2862
896 2862
1033 2862
1959 2862
1989 2862
2745 2862
1546 2863
68 2864
331 2864
368 2864
450 2864
589 2864
1274 2864
1956 2864
2012 2864
2585 2864
2716 2864
357 2865
494 2865
227 2866
1505 2867
2302 2868
485 2869
2194 2869
896 2870
357 2871
169 2872
695 2872
1248 2872
961 2873
1065 2873
2314 2873
947 2874
621 2875
1123 2876
59 2877
224 2878
758 2879
1109 2879
2251 2879
1470 2880
57 2881
1183 2882
17 2883
1377 2883
710 2884
387 2885
50 2886
308 2887
1624 2888
460 2889
475 2890
13 2891
98 2892
279 2893
867 2893
1165 2893
1738 2893
2023 2894
710 2895
413 2896
1454 2897
1058 2898
1312 2898
1420 2898
2173 2898
2327 2898
184 2899
10 2900
1301 2900
2438 2900
8 2901
160 2902
691 2903
13 2904
14 2905
17 2905
102 2905
297 2905
374 2905
441 2905
573 2905
1221 2905
1245 2905
1290 2905
1663 2905
1756 2905
1989 2905
2280 2905
11 2906
16 2907
634 2907
1300 2907
1881 2907
2668 2907
2428 2908
57 2909
184 2910
1300 2911
2793 2911
1307 2912
14 2913
494 2914
11 2915
13 2916
239 2916
1011 2917
6 2918
338 2918
850 2919
1839 2919
57 2920
212 2921
2284 2921
710 2922
1330 2923
10 2924
2205 2925
600 2926
2168 2927
2426 2927
753 2928
659 2929
146 2930
341 2930
986 2931
11 2932
39 2932
2187 2932
315 2933
1277 2934
1334 2934
1549 2934
1586 2934
1277 2935
2346 2936
236 2937
2816 2937
616 2938
2284 2939
2519 2939
1141 2940
17 2941
79 2942
1704 2942
79 2943
112 2944
138 2944
144 2944
187 2944
210 2944
273 2944
1748 2944
1881 2944
1903 2944
1918 2944
2355 2944
2415 2944
2886 2944
117 2945
2280 2945
1203 2946
1233 2946
1229 2947
250 2948
475 2948
52 2949
2056 2950
1356 2951
1005 2952
1471 2953
399 2954
1265 2955
270 2956
2753 2956
14 2957
1768 2958
2385 2958
14 2959
1185 2960
1464 2960
2790 2960
3 2961
122 2961
322 2961
358 2961
482 2961
625 2961
969 2961
1531 2961
2470 2961
2808 2961
2890 2961
513 2962
320 2963
2087 2963
824 2964
2363 2964
2655 2964
308 2965
15 2966
11 2967
14 2967
16 2967
17 2967
57 2967
67 2967
1613 2967
1894 2967
2793 2967
11 2968
535 2968
430 2969
485 2970
1179 2971
825 2972
874 2973
579 2974
21 2975
531 2976
1124 2976
7 2977
98 2978
890 2979
1301 2980
2299 2980
124 2981
940 2982
1909 2983
84 2984
439 2984
319 2985
2747 2985
109 2986
205 2986
338 2987
1986 2987
1 2988
5 2988
10 2988
17 2988
88 2988
132 2988
161 2988
215 2988
255 2988
290 2988
465 2988
612 2988
619 2988
727 2988
1842 2988
1960 2988
1989 2988
2110 2988
2167 2988
2213 2988
2655 2988
2690 2988
2777 2988
1249 2989
57 2990
11 2991
150 2991
316 2991
10 2992
10 2993
2655 2993
29 2994
2232 2994
241 2995
531 2996
15 2997
189 2997
328 2997
775 2997
1016 2997
1250 2997
1508 2997
2280 2997
2692 2997
2699 2997
2981 2997
10 2998
390 2998
1301 2998
907 2999
703 3000
867 3000
1585 3000
2742 3000
2786 3000
