1 2
1 3
2 3
1 4
2 4
3 4
1 5
2 5
3 5
4 5
1 6
2 6
3 6
4 6
5 6
1 7
2 7
3 7
4 7
5 7
6 7
1 8
2 8
3 8
4 8
5 8
6 8
7 8
1 9
2 9
3 9
4 9
5 9
6 9
7 9
8 9
1 10
2 10
3 10
4 10
5 10
6 10
7 10
8 10
9 10
6 11
11 12
3 13
5 13
11 13
12 13
5 14
11 14
12 14
13 14
11 15
12 15
13 15
14 15
4 16
11 16
12 16
13 16
14 16
15 16
1 17
5 17
6 17
11 17
12 17
13 17
14 17
15 17
16 17
11 18
13 19
4 20
6 21
5 22
8 23
7 24
17 25
14 26
11 27
7 28
8 29
15 30
8 31
14 32
15 33
8 34
3 35
6 36
14 37
10 38
13 39
10 40
17 41
11 42
13 43
8 44
2 45
7 46
5 47
11 48
15 49
16 50
15 51
27 52
27 53
5 54
11 55
11 56
11 57
12 57
14 57
28 57
50 57
5 58
11 58
13 58
15 58
17 58
32 58
37 58
57 58
2 59
7 59
9 59
17 59
7 60
10 61
14 62
16 62
17 63
29 63
10 64
30 65
11 66
52 66
53 66
4 67
12 67
15 67
8 68
5 69
43 70
15 71
70 72
17 73
11 74
7 75
57 75
11 76
13 77
58 77
67 77
1 78
2 78
5 78
7 78
8 78
10 78
59 78
13 79
8 80
4 81
62 82
7 83
10 84
7 85
79 85
11 86
15 86
17 86
32 86
57 86
82 86
13 87
6 88
5 89
9 89
10 89
78 89
6 90
7 91
13 92
14 92
5 93
56 93
8 94
91 95
11 96
5 97
88 97
17 98
13 99
11 100
47 100
5 101
13 102
77 102
15 103
11 104
79 105
11 106
52 106
77 106
10 107
11 108
62 108
27 109
66 109
8 110
13 111
106 111
50 112
15 113
16 114
57 114
7 115
15 116
52 117
109 117
5 118
11 118
77 118
17 119
7 120
80 121
6 122
52 123
15 124
66 125
11 126
109 126
11 127
109 127
10 128
92 129
2 130
5 130
59 130
52 131
6 132
11 133
14 134
5 135
89 136
14 137
50 138
85 139
11 140
15 141
10 142
7 143
12 144
13 144
14 144
15 144
50 144
5 145
17 146
132 146
13 147
106 147
11 148
7 149
27 150
10 151
84 152
5 153
44 153
7 154
16 155
82 155
85 156
7 157
9 157
128 157
130 157
16 158
11 159
17 159
57 159
53 160
3 161
5 161
6 161
11 162
7 163
8 164
9 164
11 165
7 166
10 167
10 168
7 169
13 170
7 171
7 172
16 173
160 174
27 175
132 176
13 177
109 177
11 178
90 178
132 179
11 180
57 180
82 180
15 181
57 182
77 182
146 183
176 183
179 183
2 184
3 184
6 184
7 184
9 184
44 184
94 184
71 185
106 185
182 185
8 186
50 187
7 188
11 189
13 189
14 189
33 189
58 189
71 189
86 189
124 189
146 190
176 190
17 191
17 192
72 193
11 194
13 194
7 195
7 196
11 197
16 197
77 197
111 197
144 197
147 197
189 197
194 197
11 198
11 199
179 200
10 201
82 202
170 203
4 204
29 204
44 204
68 204
78 204
80 204
164 204
117 205
5 206
157 206
3 207
8 207
88 207
122 207
132 207
84 208
15 209
28 210
50 210
71 211
82 211
117 212
7 213
10 214
6 215
132 216
200 216
200 217
11 218
89 219
127 220
17 221
15 222
193 223
11 224
13 224
57 224
1 225
2 225
9 225
16 225
67 225
11 226
72 227
2 228
7 228
9 228
10 228
20 228
67 228
7 229
5 230
88 230
100 231
127 232
52 233
200 234
83 235
29 236
68 236
80 236
11 237
1 238
88 239
204 240
98 241
236 242
7 243
15 244
17 245
92 246
11 247
47 247
105 247
171 247
121 248
204 248
13 249
13 250
155 251
203 252
127 253
10 254
59 254
130 254
225 254
6 255
16 255
25 255
59 255
63 255
221 255
100 256
162 257
77 258
9 259
10 259
15 260
11 261
16 262
2 263
11 264
47 264
105 264
3 265
4 265
6 265
10 265
23 265
34 265
68 265
78 265
146 266
92 267
179 268
217 268
57 269
77 269
17 270
51 270
207 271
15 272
16 272
57 272
67 272
50 273
83 274
11 275
207 276
3 277
126 277
117 278
2 279
3 279
6 279
9 279
24 279
59 279
75 279
91 279
120 279
149 279
157 279
166 279
188 279
195 279
196 279
228 279
242 280
3 281
126 281
223 282
46 283
143 283
221 283
5 284
6 284
9 284
10 284
13 284
161 284
265 284
203 285
9 286
78 286
13 287
85 287
105 287
181 288
10 289
6 290
17 291
147 292
185 292
238 293
11 294
7 295
279 295
4 296
17 296
255 296
13 297
77 298
11 299
11 300
17 301
57 302
124 302
244 302
37 303
89 303
85 304
9 305
44 305
79 306
106 306
197 306
292 306
21 307
5 308
14 308
15 308
19 308
39 308
43 308
87 308
92 308
111 308
189 308
250 308
297 308
13 309
6 310
15 311
5 312
21 313
7 314
52 314
58 315
67 315
197 315
298 315
27 316
127 316
177 316
184 317
149 318
5 319
269 319
4 320
77 320
228 320
272 320
315 320
10 321
207 322
10 323
207 324
98 325
11 326
10 327
124 328
16 329
121 330
236 330
2 331
3 331
5 331
6 331
7 331
38 331
84 331
128 331
167 331
214 331
254 331
265 331
323 331
327 331
10 332
59 332
331 332
17 333
53 334
11 335
162 335
284 336
290 336
10 337
236 338
280 338
5 339
6 340
9 340
10 340
17 340
22 340
58 340
69 340
78 340
93 340
97 340
130 340
230 340
308 340
319 340
339 340
169 341
264 342
2 343
14 344
16 344
144 344
127 345
14 346
85 347
258 347
5 348
11 349
53 349
150 349
316 349
13 350
15 350
50 350
10 351
82 352
17 353
11 354
258 355
10 356
331 356
5 357
90 357
207 358
204 359
112 360
187 360
17 361
57 362
112 362
144 362
11 363
17 363
57 363
340 363
44 364
200 365
272 366
315 366
66 367
265 368
7 369
20 369
279 369
11 370
105 371
5 372
10 373
13 374
14 375
159 376
233 376
67 377
80 378
279 378
125 379
11 380
13 381
316 381
345 381
17 382
20 383
338 384
17 385
190 385
13 386
14 386
16 386
27 386
56 386
58 386
104 386
108 386
127 386
162 386
178 386
197 386
237 386
264 386
300 386
326 386
354 386
13 387
162 387
316 387
13 388
308 388
200 389
268 389
169 390
204 391
27 392
331 393
364 394
179 395
365 395
389 395
268 396
7 397
235 397
274 397
200 398
27 399
66 399
160 399
5 400
6 400
9 400
10 400
17 400
21 401
10 402
330 403
70 404
3 405
50 406
1 407
5 407
8 407
10 407
59 407
78 407
225 407
263 407
331 407
343 407
399 408
5 409
5 410
24 410
28 410
60 410
91 410
120 410
149 410
154 410
157 410
163 410
166 410
184 410
195 410
213 410
311 410
314 410
331 410
397 410
404 410
7 411
410 411
7 412
297 412
227 413
384 414
10 415
17 416
15 417
24 417
11 418
3 419
6 419
9 419
44 419
94 419
130 420
407 420
62 421
207 422
117 423
13 424
308 424
11 425
27 425
15 426
65 426
223 427
17 428
330 429
7 430
9 430
410 430
17 431
89 432
233 432
15 433
152 433
92 434
53 435
7 436
121 437
327 438
10 439
208 439
16 440
13 441
308 441
3 442
48 442
11 443
7 444
402 444
410 444
223 445
283 446
5 447
340 447
15 448
57 448
67 448
320 448
14 449
265 450
410 451
263 452
10 453
331 453
125 454
11 455
17 455
155 456
7 457
410 457
15 458
32 458
37 458
189 458
340 458
386 458
204 459
10 460
13 461
1 462
3 462
5 462
9 462
10 462
59 462
75 462
83 462
85 462
120 462
149 462
166 462
229 462
243 462
295 462
369 462
397 462
411 462
412 462
10 463
57 464
124 464
2 465
3 465
6 465
8 465
10 465
17 465
78 465
407 465
462 465
15 466
5 467
340 467
94 468
10 469
331 469
288 470
7 471
279 471
52 472
419 472
15 473
320 473
410 474
3 475
8 475
122 475
322 475
324 475
358 475
62 476
155 476
202 476
352 476
85 477
27 478
1 479
293 479
319 480
217 481
475 482
197 483
292 483
386 484
21 485
16 486
77 487
10 488
331 488
17 489
13 490
77 490
316 491
83 492
397 492
475 493
10 494
21 495
3 496
298 497
366 497
251 498
456 498
331 499
217 500
396 500
5 501
251 502
60 503
120 503
149 503
154 503
157 503
163 503
195 503
311 503
314 503
404 503
451 503
457 503
474 503
268 504
456 505
10 506
386 507
146 508
176 508
179 508
207 508
17 509
217 510
258 511
297 512
462 512
21 513
17 514
105 515
98 516
89 517
37 518
299 518
15 519
11 520
191 521
410 521
462 521
27 522
7 523
73 524
14 525
17 526
29 526
255 526
17 527
66 528
308 529
57 530
189 530
293 531
13 532
308 532
364 533
127 534
381 534
159 535
233 535
13 536
162 537
10 538
407 539
15 540
136 541
364 542
10 543
236 544
3 545
85 546
105 546
236 547
2 548
91 548
235 549
500 550
10 551
319 551
52 552
53 552
109 552
362 552
367 552
528 552
407 553
23 554
8 555
153 555
305 555
419 555
511 555
127 556
462 556
430 557
255 558
9 559
227 560
217 561
29 562
5 563
9 563
10 563
303 563
319 564
204 565
44 566
533 566
542 566
319 567
7 568
17 569
241 569
325 569
516 569
103 570
404 571
13 572
308 572
13 573
379 573
204 574
40 575
13 576
40 577
53 578
10 579
248 580
437 580
11 581
10 582
395 583
433 584
98 585
37 586
43 586
89 586
10 587
100 588
187 588
2 589
5 589
7 589
59 589
265 589
286 589
340 589
465 589
236 590
280 590
456 591
45 592
242 593
258 594
17 595
437 596
98 597
265 598
59 599
157 599
254 599
10 600
4 601
10 601
13 601
17 601
89 601
135 601
145 601
161 601
284 601
308 601
331 601
357 601
372 601
409 601
447 601
563 601
11 602
17 602
146 603
10 604
17 605
132 605
124 606
79 607
9 608
17 608
69 608
78 608
93 608
230 608
308 608
447 608
458 608
467 608
589 608
6 609
207 609
230 609
331 610
485 610
247 611
6 612
130 612
308 612
467 612
58 613
67 613
298 613
357 614
386 615
27 616
193 617
227 617
5 618
340 618
609 618
6 619
17 619
78 619
3 620
8 620
88 620
122 620
322 620
358 620
94 621
4 622
383 622
11 623
52 623
53 623
528 623
149 624
475 625
83 626
397 626
6 627
10 628
14 629
458 629
27 630
66 630
126 630
552 630
7 631
410 631
433 632
265 633
4 634
11 634
13 634
14 634
15 634
17 634
62 634
114 634
197 634
262 634
272 634
329 634
386 634
105 635
345 635
534 635
242 636
53 637
109 637
367 637
236 638
280 638
593 638
3 639
420 640
612 640
129 641
246 641
10 642
331 643
127 644
579 644
21 645
127 646
23 647
5 648
84 648
236 649
280 649
593 649
636 649
284 650
200 651
11 652
386 652
331 653
7 654
410 654
462 654
160 655
213 655
91 656
127 657
13 658
14 658
15 658
18 658
56 658
58 658
66 658
106 658
108 658
148 658
178 658
180 658
189 658
194 658
197 658
198 658
218 658
226 658
247 658
299 658
370 658
380 658
623 658
293 659
541 659
100 660
57 661
10 662
17 663
29 664
82 665
483 666
236 667
67 668
298 668
320 668
21 669
437 669
227 670
109 671
205 671
212 671
11 672
92 673
247 674
94 675
457 676
381 677
635 677
330 678
600 679
146 680
176 680
15 681
17 682
410 683
503 683
203 684
403 684
575 684
284 685
290 685
117 686
483 687
151 688
272 688
497 688
10 689
59 689
130 689
225 689
258 690
433 691
591 691
89 692
541 692
21 693
98 694
146 695
341 695
50 696
170 697
684 697
121 698
279 699
87 700
579 701
80 702
279 702
10 703
229 703
700 704
331 705
58 706
684 707
4 708
369 708
9 709
1 710
3 710
4 710
6 710
8 710
9 710
13 710
47 710
54 710
93 710
97 710
118 710
153 710
206 710
284 710
312 710
331 710
400 710
407 710
409 710
410 710
447 710
501 710
563 710
7 711
8 712
419 712
468 712
265 713
14 714
652 715
84 716
3 717
11 718
241 718
277 719
630 719
32 720
189 720
10 721
17 721
89 721
135 721
284 721
357 721
409 721
447 721
563 721
14 722
58 722
86 722
720 722
258 723
319 724
92 725
497 726
6 727
130 727
308 727
640 727
60 728
120 728
149 728
154 728
457 728
327 729
588 729
106 730
13 731
14 731
725 731
4 732
77 732
225 732
448 732
668 732
10 733
130 733
225 733
331 734
13 735
15 736
495 737
693 737
14 738
331 739
631 739
729 739
293 740
604 741
139 742
156 742
293 743
691 744
492 745
288 746
58 747
269 747
320 747
490 747
15 748
616 749
14 750
162 751
183 752
680 752
509 753
279 754
509 755
497 756
668 756
11 757
52 757
77 757
185 757
524 758
5 759
710 759
336 760
146 761
124 762
542 763
579 764
197 765
17 766
315 767
668 767
10 768
13 769
17 769
32 769
37 769
132 769
189 769
613 769
658 769
722 769
564 770
567 770
241 771
316 772
204 773
707 773
330 774
11 775
14 775
71 775
124 775
458 775
530 775
11 776
658 776
395 777
108 778
126 778
15 779
18 779
48 779
58 779
96 779
104 779
189 779
218 779
224 779
294 779
418 779
602 779
634 779
757 779
15 780
527 780
79 781
106 781
197 781
10 782
316 783
367 783
168 784
3 785
271 785
276 785
324 785
358 785
422 785
9 786
183 787
200 787
268 787
395 787
509 788
105 789
17 790
241 790
485 791
209 792
158 793
184 793
193 794
227 794
316 795
319 796
5 797
7 798
89 799
753 800
755 800
27 801
106 801
123 801
233 801
472 801
552 801
623 801
652 802
98 803
78 804
277 804
630 804
693 805
702 805
117 806
57 807
88 808
357 809
614 809
7 810
85 811
385 811
246 812
331 813
785 814
105 815
11 816
16 816
111 816
189 816
306 816
386 816
658 816
397 817
743 818
127 819
604 820
77 821
16 822
634 822
319 823
84 824
439 824
642 824
194 825
385 825
161 826
162 827
3 828
6 828
68 828
284 828
450 828
598 828
633 828
444 829
13 830
183 831
67 832
197 832
366 832
203 833
697 833
16 834
634 834
777 835
236 836
7 837
17 838
792 839
63 840
17 841
77 842
497 842
45 843
161 844
15 845
456 846
503 847
659 848
17 849
524 850
375 851
707 851
817 851
17 852
444 853
10 854
380 854
258 855
124 856
7 857
274 857
626 857
293 858
57 859
67 859
732 859
233 860
647 861
14 862
10 863
15 864
50 864
6 865
852 866
2 867
4 867
5 867
9 867
10 867
83 867
115 867
120 867
157 867
163 867
172 867
184 867
195 867
196 867
213 867
229 867
243 867
314 867
369 867
411 867
430 867
457 867
471 867
523 867
568 867
650 867
810 867
11 868
386 869
10 870
59 870
130 870
14 871
579 872
779 872
45 873
88 874
751 875
500 876
6 877
106 878
292 878
15 879
8 880
82 881
476 881
5 882
10 882
20 883
331 884
357 885
27 886
127 886
772 886
783 886
44 887
710 887
480 888
628 888
100 889
72 890
413 890
560 890
617 890
7 891
7 892
503 892
728 892
121 893
146 894
647 895
601 896
809 896
30 897
658 898
760 899
5 900
44 900
555 900
197 901
320 901
767 901
21 902
11 903
500 904
381 905
635 905
386 906
688 907
726 907
9 908
17 909
9 910
27 911
642 912
13 913
236 914
10 915
454 916
520 917
17 918
10 919
109 920
410 921
778 922
15 923
169 924
467 925
813 926
10 927
60 927
21 928
737 928
687 929
5 930
608 930
100 931
11 932
127 933
867 934
10 935
906 935
204 936
279 937
27 938
565 938
29 939
80 939
338 939
544 939
805 940
5 941
15 942
77 943
147 943
185 943
53 944
420 945
612 945
20 946
622 946
836 947
566 948
780 948
11 949
109 949
277 949
92 950
151 951
907 951
712 952
7 953
274 953
462 953
492 953
817 953
728 954
59 955
89 955
204 955
407 955
608 955
121 956
92 957
641 957
812 957
132 958
190 958
680 958
492 959
875 959
225 960
84 961
439 961
410 962
462 962
7 963
258 963
410 963
292 964
503 965
197 966
825 966
626 967
867 967
92 968
475 969
5 970
899 971
21 972
228 972
433 973
462 974
703 974
17 975
15 976
6 977
17 977
152 978
632 978
691 978
16 979
177 979
386 980
715 980
802 980
11 981
13 981
58 981
59 981
63 981
86 981
192 981
221 981
340 981
361 981
385 981
416 981
465 981
509 981
514 981
526 981
569 981
595 981
601 981
605 981
682 981
769 981
849 981
852 981
909 981
975 981
29 982
100 983
264 983
52 984
265 985
12 986
13 986
17 986
55 986
58 986
118 986
126 986
127 986
140 986
148 986
180 986
237 986
247 986
275 986
380 986
443 986
455 986
652 986
932 986
456 987
760 988
223 989
79 990
546 990
5 991
59 991
254 991
870 991
899 992
3 993
192 993
276 993
324 993
358 993
422 993
690 994
723 994
963 994
282 995
7 996
210 996
2 997
5 997
59 997
157 997
420 997
612 997
689 997
24 998
105 999
171 999
611 999
658 999
674 999
204 1000
13 1001
7 1002
410 1002
82 1003
10 1004
10 1005
784 1005
993 1006
82 1007
10 1008
575 1008
561 1009
840 1009
92 1010
907 1011
647 1012
867 1013
124 1014
15 1015
65 1015
124 1016
8 1017
153 1017
305 1017
511 1017
66 1018
467 1019
258 1020
24 1021
23 1022
143 1023
221 1023
446 1023
617 1024
670 1024
92 1025
990 1026
82 1027
140 1027
658 1028
153 1029
566 1029
600 1030
52 1031
419 1031
15 1032
5 1033
90 1033
601 1033
721 1033
555 1034
304 1035
347 1035
477 1035
811 1035
1014 1036
21 1037
634 1038
10 1039
251 1040
774 1040
503 1041
4 1042
255 1042
10 1043
632 1044
691 1044
10 1045
83 1046
14 1047
10 1048
52 1049
414 1050
62 1051
86 1051
155 1051
180 1051
352 1051
881 1051
1007 1051
704 1052
8 1053
903 1054
658 1055
21 1056
352 1056
737 1056
396 1057
576 1058
749 1059
700 1060
15 1061
17 1062
8 1063
419 1063
566 1063
887 1063
634 1064
439 1065
794 1065
500 1066
52 1067
376 1067
535 1067
3 1068
936 1068
5 1069
560 1070
193 1071
13 1072
233 1073
742 1073
57 1074
11 1075
162 1076
405 1076
8 1077
10 1078
203 1079
162 1080
203 1081
697 1081
35 1082
183 1082
331 1082
503 1083
14 1084
7 1085
410 1085
53 1086
503 1087
297 1088
462 1088
7 1089
279 1089
10 1090
576 1090
10 1091
57 1092
77 1093
710 1093
986 1093
993 1094
777 1095
756 1096
497 1097
160 1098
15 1099
792 1099
130 1100
24 1101
120 1101
149 1101
195 1101
196 1101
295 1101
369 1101
702 1101
1089 1101
462 1102
53 1103
174 1103
622 1104
17 1105
521 1105
15 1106
207 1107
207 1108
524 1109
308 1110
16 1111
816 1112
82 1113
476 1113
1056 1113
579 1114
2 1115
612 1115
414 1116
386 1117
647 1118
401 1119
533 1120
14 1121
121 1122
3 1123
6 1123
68 1123
450 1123
293 1124
818 1124
15 1125
782 1125
308 1126
7 1127
304 1128
347 1128
4 1129
735 1129
1104 1129
65 1130
897 1130
983 1130
285 1131
760 1131
79 1132
217 1133
396 1133
787 1133
1038 1133
67 1134
92 1135
386 1136
292 1137
1055 1137
6 1138
990 1139
10 1140
229 1140
440 1140
401 1141
485 1141
513 1141
902 1141
928 1141
1037 1141
1056 1141
169 1142
265 1143
1123 1143
383 1144
327 1145
588 1145
758 1146
850 1146
83 1147
397 1147
857 1147
967 1147
982 1147
86 1148
352 1148
867 1149
712 1150
57 1151
896 1152
576 1153
11 1154
916 1154
59 1155
225 1155
331 1155
599 1155
658 1156
67 1157
91 1158
268 1159
1133 1159
194 1160
832 1161
17 1162
253 1162
981 1162
79 1163
196 1164
331 1164
1 1165
3 1165
9 1165
59 1165
75 1165
83 1165
149 1165
166 1165
243 1165
295 1165
369 1165
411 1165
521 1165
974 1165
258 1166
555 1166
157 1167
376 1167
993 1168
389 1169
777 1169
287 1170
11 1171
200 1172
510 1172
1133 1172
601 1173
308 1174
6 1175
308 1175
640 1175
92 1176
9 1177
11 1178
17 1179
284 1179
447 1179
1033 1179
867 1180
53 1181
5 1182
7 1183
279 1183
882 1183
1101 1183
251 1184
106 1185
472 1185
552 1185
623 1185
1057 1185
386 1186
779 1186
634 1187
407 1188
57 1189
1082 1190
80 1191
338 1191
544 1191
462 1192
1130 1192
283 1193
1133 1194
276 1195
422 1195
647 1196
53 1197
109 1197
367 1197
630 1197
623 1198
10 1199
127 1200
11 1201
11 1202
91 1203
284 1204
7 1205
1140 1205
462 1206
703 1206
405 1207
617 1207
864 1207
197 1208
320 1208
162 1209
204 1210
707 1210
13 1211
448 1212
500 1213
288 1214
236 1215
593 1215
635 1216
23 1217
10 1218
59 1218
225 1218
331 1218
15 1219
117 1219
6 1220
10 1220
336 1220
650 1220
685 1220
721 1220
1204 1220
13 1221
407 1222
70 1223
193 1223
11 1224
255 1225
194 1226
410 1227
503 1227
680 1228
502 1229
1040 1229
1184 1229
292 1230
92 1231
925 1231
990 1232
279 1233
448 1234
832 1235
174 1236
680 1237
124 1238
760 1239
1038 1240
1159 1240
109 1241
367 1241
981 1242
251 1243
986 1244
13 1245
820 1245
316 1246
1019 1246
52 1247
175 1247
316 1247
392 1247
478 1247
616 1247
341 1248
924 1248
152 1249
124 1250
207 1251
725 1251
785 1251
659 1252
718 1253
17 1254
57 1254
890 1255
1038 1255
88 1256
10 1257
69 1257
78 1257
93 1257
130 1257
230 1257
319 1257
339 1257
467 1257
589 1257
407 1258
15 1259
782 1259
184 1260
188 1261
497 1262
11 1263
620 1264
992 1265
5 1266
247 1266
264 1266
710 1266
315 1267
120 1268
702 1268
1089 1268
11 1269
255 1270
255 1271
1245 1272
10 1273
69 1273
8 1274
265 1274
139 1275
698 1275
396 1276
340 1277
480 1277
796 1277
823 1277
611 1278
658 1278
674 1278
132 1279
592 1280
652 1281
410 1282
263 1283
527 1283
948 1283
5 1284
11 1285
13 1285
17 1285
32 1285
386 1285
706 1285
747 1285
981 1285
367 1286
886 1286
413 1287
184 1288
468 1288
621 1288
387 1289
601 1289
13 1290
132 1290
189 1290
613 1290
658 1290
722 1290
108 1291
922 1291
5 1292
16 1292
62 1292
92 1292
134 1292
189 1292
308 1292
750 1292
1047 1292
1121 1292
84 1293
16 1294
40 1294
634 1294
982 1294
7 1295
260 1295
7 1296
279 1296
548 1296
1158 1296
14 1297
980 1298
227 1299
1024 1299
4 1300
11 1300
14 1300
62 1300
114 1300
158 1300
255 1300
262 1300
272 1300
344 1300
386 1300
1292 1300
1294 1300
2 1301
5 1301
6 1301
7 1301
8 1301
38 1301
61 1301
64 1301
89 1301
107 1301
142 1301
168 1301
214 1301
228 1301
289 1301
332 1301
340 1301
407 1301
439 1301
460 1301
465 1301
600 1301
601 1301
642 1301
662 1301
721 1301
768 1301
867 1301
870 1301
882 1301
919 1301
1008 1301
1039 1301
1091 1301
1199 1301
77 1302
228 1302
272 1302
315 1302
668 1302
7 1303
129 1304
592 1305
1082 1305
1141 1306
387 1307
8 1308
204 1308
236 1308
170 1309
869 1310
100 1311
264 1311
576 1312
485 1313
737 1314
1141 1314
379 1315
16 1316
247 1317
287 1317
515 1317
546 1317
635 1317
999 1317
109 1318
500 1319
1023 1320
531 1321
1124 1321
1041 1322
777 1323
10 1324
189 1325
722 1325
407 1326
279 1327
1101 1327
17 1328
530 1328
233 1329
272 1330
315 1330
497 1330
832 1330
7 1331
344 1331
456 1331
247 1332
1278 1332
320 1333
480 1334
1162 1335
6 1336
1302 1337
277 1338
1178 1338
288 1339
905 1340
668 1341
901 1341
715 1342
802 1342
456 1343
146 1344
1231 1345
23 1346
17 1347
9 1348
510 1349
20 1350
622 1350
1144 1350
831 1351
1121 1352
247 1353
481 1353
707 1354
14 1355
285 1356
760 1356
160 1357
1089 1358
10 1359
5 1360
59 1361
10 1362
162 1363
315 1364
195 1365
746 1365
1339 1365
66 1366
552 1366
719 1366
804 1366
1197 1366
1274 1366
14 1367
6 1368
17 1368
884 1368
10 1369
315 1370
456 1371
53 1372
15 1373
1295 1373
462 1374
11 1375
677 1376
697 1377
67 1378
21 1379
146 1380
82 1381
251 1381
1051 1381
17 1382
183 1382
190 1382
508 1382
603 1382
1380 1382
197 1383
320 1383
11 1384
1001 1384
11 1385
260 1386
661 1386
92 1387
812 1387
410 1388
7 1389
11 1390
1135 1390
7 1391
15 1392
410 1393
503 1393
852 1394
258 1395
244 1396
710 1396
179 1397
389 1397
787 1397
159 1398
947 1398
1067 1398
855 1399
225 1400
331 1400
13 1401
617 1402
7 1403
891 1403
957 1404
14 1405
17 1406
204 1407
11 1408
45 1409
1305 1409
236 1410
265 1410
439 1411
315 1412
5 1413
951 1413
437 1414
367 1415
886 1415
9 1416
1134 1417
319 1418
1277 1418
13 1419
239 1420
576 1420
227 1421
59 1422
225 1422
890 1423
1038 1423
17 1424
692 1424
760 1425
227 1426
14 1427
1040 1427
5 1428
291 1428
601 1428
460 1429
647 1429
130 1430
227 1431
121 1432
11 1433
779 1433
1365 1434
132 1435
200 1435
601 1436
84 1437
609 1438
992 1439
399 1440
658 1441
467 1442
410 1443
14 1444
10 1445
264 1446
9 1447
1141 1448
660 1449
11 1450
94 1451
537 1452
390 1453
951 1453
32 1454
942 1454
227 1455
456 1456
79 1457
264 1457
371 1457
515 1457
546 1457
1246 1458
9 1459
13 1460
27 1461
13 1462
820 1462
14 1463
623 1464
27 1465
780 1465
6 1466
869 1467
13 1468
5 1469
884 1470
27 1471
520 1471
1260 1471
1454 1472
197 1473
1235 1473
1330 1473
829 1474
1368 1475
1470 1475
385 1476
117 1477
1136 1478
635 1479
515 1480
7 1481
410 1481
503 1481
728 1481
623 1482
14 1483
65 1484
897 1484
983 1484
10 1485
11 1486
439 1487
691 1488
10 1489
787 1489
10 1490
10 1491
906 1491
79 1492
14 1493
386 1494
1478 1494
635 1495
1425 1495
544 1496
5 1497
852 1498
191 1499
462 1499
1165 1499
972 1500
50 1501
65 1501
315 1502
376 1503
535 1503
340 1504
710 1504
542 1505
3 1506
9 1506
44 1506
488 1506
1059 1507
124 1508
386 1509
1131 1509
204 1510
37 1511
299 1511
362 1512
509 1512
988 1513
508 1514
1397 1514
92 1515
7 1516
1460 1516
1184 1517
398 1518
453 1518
15 1519
127 1520
381 1520
1339 1520
14 1521
1296 1522
66 1523
993 1523
1226 1523
608 1524
57 1525
67 1525
732 1525
1234 1525
1413 1525
89 1526
10 1527
8 1528
57 1528
112 1528
144 1528
210 1528
406 1528
696 1528
864 1528
641 1529
812 1529
56 1530
475 1531
986 1532
225 1533
14 1534
621 1535
994 1536
1416 1537
1514 1538
236 1539
947 1539
1330 1540
248 1541
1122 1541
233 1542
1167 1542
1503 1542
399 1543
485 1544
797 1544
288 1545
307 1546
495 1546
513 1546
645 1546
669 1546
928 1546
384 1547
1050 1547
524 1548
480 1549
462 1550
236 1551
707 1552
209 1553
839 1553
94 1554
731 1555
1251 1555
14 1556
100 1557
1130 1557
319 1558
1340 1559
869 1560
169 1561
5 1562
11 1562
32 1562
189 1562
658 1562
722 1562
981 1562
986 1562
10 1563
194 1564
1351 1565
179 1566
389 1566
396 1566
504 1566
787 1566
704 1567
152 1568
14 1569
13 1570
77 1570
290 1571
1261 1572
57 1573
124 1573
30 1574
1015 1574
454 1575
1307 1575
387 1576
1248 1576
13 1577
160 1578
315 1579
710 1580
997 1581
139 1582
1390 1583
308 1584
120 1585
149 1585
154 1585
172 1585
188 1585
195 1585
196 1585
213 1585
229 1585
295 1585
314 1585
369 1585
397 1585
430 1585
444 1585
568 1585
589 1585
631 1585
857 1585
891 1585
953 1585
996 1585
1002 1585
1127 1585
1205 1585
1389 1585
1391 1585
1516 1585
480 1586
1570 1587
117 1588
123 1588
552 1588
1031 1588
1049 1588
1247 1588
575 1589
11 1590
635 1591
999 1591
1544 1591
510 1592
16 1593
15 1594
907 1594
98 1595
11 1596
388 1596
13 1597
308 1597
293 1598
818 1598
1323 1599
10 1600
787 1600
315 1601
160 1602
497 1603
1128 1603
929 1604
15 1605
975 1605
419 1606
1451 1606
17 1607
17 1608
132 1608
266 1608
508 1608
1344 1608
7 1609
11 1610
47 1610
105 1610
1266 1610
1446 1610
1457 1610
11 1611
241 1611
14 1612
942 1613
1119 1613
541 1614
227 1615
23 1616
760 1617
389 1618
777 1618
10 1619
1610 1619
1073 1620
697 1621
11 1622
1501 1623
106 1624
123 1624
233 1624
314 1624
472 1624
757 1624
1049 1624
87 1625
1060 1625
555 1626
117 1627
82 1628
17 1629
981 1629
994 1630
11 1631
1307 1632
652 1633
980 1633
1342 1633
338 1634
15 1635
217 1636
316 1636
367 1636
11 1637
17 1638
866 1638
981 1638
13 1639
579 1640
10 1641
1301 1641
57 1642
77 1642
527 1643
11 1644
292 1645
1055 1645
1406 1645
1009 1646
27 1647
66 1647
106 1647
117 1647
123 1647
757 1647
984 1647
1031 1647
1049 1647
555 1648
367 1649
279 1650
1133 1651
315 1652
308 1653
1451 1654
89 1655
113 1655
563 1655
1065 1656
867 1657
1376 1657
15 1658
7 1659
503 1659
728 1659
92 1660
207 1661
1195 1661
7 1662
8 1663
13 1663
1465 1663
308 1664
693 1665
702 1665
162 1666
88 1667
327 1668
92 1669
146 1670
1608 1670
399 1671
742 1671
120 1672
195 1672
213 1672
314 1672
430 1672
444 1672
568 1672
589 1672
891 1672
324 1673
453 1673
508 1673
1107 1673
1108 1673
899 1674
7 1675
437 1676
399 1677
15 1678
1295 1678
280 1679
29 1680
439 1681
109 1682
528 1682
630 1682
1523 1682
439 1683
642 1683
1588 1684
21 1685
17 1686
1499 1686
127 1687
1162 1687
27 1688
236 1688
636 1688
241 1689
1150 1689
981 1690
105 1691
345 1691
677 1691
905 1691
1216 1691
1479 1691
1495 1691
399 1692
10 1693
1301 1693
205 1694
212 1694
1388 1694
10 1695
133 1696
204 1696
1141 1697
279 1698
298 1699
17 1700
255 1700
1130 1701
313 1702
5 1703
90 1703
721 1703
11 1704
185 1704
306 1704
781 1704
1185 1704
1624 1704
948 1705
677 1706
227 1707
13 1708
246 1708
434 1708
673 1708
950 1708
957 1708
1025 1708
1176 1708
1231 1708
1292 1708
1387 1708
1660 1708
1510 1709
839 1710
1708 1711
331 1712
2 1713
689 1713
1123 1714
27 1715
106 1715
233 1715
516 1715
552 1715
623 1715
589 1716
85 1717
994 1718
3 1719
88 1719
132 1719
271 1719
324 1719
1107 1719
579 1720
743 1720
105 1721
1120 1722
797 1723
522 1724
851 1724
92 1725
1304 1726
1036 1727
223 1728
155 1729
180 1729
1007 1729
1128 1730
15 1731
950 1732
21 1733
1113 1733
1141 1733
127 1734
236 1735
6 1736
1 1737
149 1737
243 1737
369 1737
411 1737
9 1738
24 1738
149 1738
157 1738
369 1738
699 1738
1183 1738
1233 1738
1698 1738
7 1739
279 1739
462 1739
1165 1739
1585 1739
1737 1739
1738 1739
264 1740
901 1741
1573 1742
1124 1743
92 1744
10 1745
940 1746
10 1747
50 1748
658 1749
9 1750
276 1751
422 1751
17 1752
17 1753
892 1753
13 1754
899 1755
13 1756
1384 1756
606 1757
775 1757
1016 1757
1238 1757
1508 1757
1141 1758
576 1759
17 1760
1233 1761
17 1762
65 1763
37 1764
299 1764
749 1765
92 1766
1061 1767
1150 1767
357 1768
1703 1768
1453 1769
15 1770
475 1771
620 1771
668 1772
87 1773
1060 1773
67 1774
1234 1774
1413 1774
743 1775
508 1776
776 1776
1087 1776
1108 1776
5 1777
7 1777
9 1777
23 1777
29 1777
44 1777
68 1777
710 1777
1301 1777
16 1778
62 1778
92 1778
308 1778
540 1778
1047 1778
1708 1778
11 1779
890 1780
1038 1780
236 1781
852 1782
5 1783
10 1783
444 1784
1302 1785
1214 1786
66 1787
435 1787
578 1787
1086 1787
995 1788
1148 1788
10 1789
57 1790
1732 1791
57 1792
340 1792
1340 1793
634 1794
88 1795
1306 1796
1356 1796
15 1797
14 1798
1740 1798
367 1799
281 1800
884 1800
1475 1800
60 1801
1212 1801
481 1802
344 1803
89 1804
693 1805
702 1805
60 1806
90 1807
386 1807
955 1808
242 1809
649 1809
1077 1809
84 1810
659 1811
2 1812
6 1812
89 1812
305 1812
340 1812
400 1812
402 1812
419 1812
710 1812
1348 1812
1459 1812
1738 1812
1777 1812
77 1813
193 1814
503 1815
867 1815
467 1816
430 1817
1412 1818
357 1819
37 1820
299 1820
1356 1821
1389 1821
280 1822
98 1823
569 1823
227 1824
546 1824
203 1825
315 1826
11 1827
13 1827
33 1827
71 1827
197 1827
308 1827
530 1827
720 1827
816 1827
1562 1827
4 1828
308 1829
1460 1829
1412 1830
530 1831
279 1832
1067 1833
1433 1833
439 1834
794 1834
1656 1834
1167 1835
1428 1836
659 1837
15 1838
517 1838
193 1839
1294 1840
1549 1840
1586 1840
485 1841
6 1842
207 1842
808 1842
1256 1842
1667 1842
1795 1842
187 1843
747 1843
1154 1844
658 1845
11 1846
448 1847
479 1848
531 1848
740 1848
1124 1848
1261 1849
1585 1849
475 1850
721 1850
1179 1850
189 1851
308 1851
750 1851
1121 1851
780 1852
663 1853
1264 1853
1538 1854
21 1855
276 1856
1565 1857
345 1858
1317 1858
1479 1858
1591 1858
722 1859
503 1860
13 1861
127 1862
381 1862
635 1862
727 1863
660 1864
11 1865
567 1866
983 1867
1557 1867
1701 1867
117 1868
697 1869
2 1870
17 1870
47 1870
118 1870
130 1870
135 1870
206 1870
407 1870
462 1870
759 1870
797 1870
867 1870
900 1870
970 1870
997 1870
1033 1870
1284 1870
1428 1870
1562 1870
485 1871
10 1872
172 1873
196 1873
314 1873
397 1873
444 1873
568 1873
631 1873
996 1873
1127 1873
1391 1873
1739 1873
647 1874
905 1875
5 1876
340 1876
608 1876
1257 1876
1686 1877
1785 1878
1368 1879
1470 1879
1800 1879
233 1880
15 1881
50 1881
114 1881
344 1881
440 1881
816 1881
822 1881
979 1881
1292 1881
1593 1881
184 1882
132 1883
680 1883
105 1884
1457 1884
146 1885
17 1886
14 1887
1585 1888
890 1889
11 1890
658 1891
12 1892
14 1892
15 1892
17 1892
39 1892
87 1892
102 1892
144 1892
170 1892
287 1892
297 1892
374 1892
441 1892
572 1892
573 1892
658 1892
731 1892
1221 1892
1245 1892
1285 1892
1290 1892
1460 1892
1577 1892
1597 1892
1639 1892
1663 1892
1708 1892
1756 1892
1861 1892
7 1893
12 1894
50 1894
344 1894
410 1895
258 1896
223 1897
935 1897
1132 1898
290 1899
236 1900
87 1901
658 1902
986 1902
50 1903
65 1903
10 1904
10 1905
23 1906
1148 1907
174 1908
17 1909
1394 1909
1782 1909
89 1910
479 1910
541 1910
568 1910
1424 1910
753 1911
755 1911
17 1912
17 1913
617 1914
10 1915
298 1916
320 1916
1302 1916
1373 1917
1577 1917
1678 1917
50 1918
358 1919
462 1919
812 1920
10 1921
1001 1922
785 1923
590 1924
11 1925
256 1925
882 1925
889 1925
753 1926
788 1926
1512 1926
647 1927
1867 1928
14 1929
386 1930
933 1930
1200 1930
476 1931
832 1932
3 1933
1143 1933
384 1934
11 1935
39 1935
1065 1936
1487 1936
634 1937
146 1938
6 1939
241 1940
92 1941
316 1942
677 1942
1520 1942
277 1943
105 1944
611 1944
658 1944
674 1944
1317 1944
1591 1944
15 1945
1425 1946
1708 1947
9 1948
500 1949
14 1950
11 1951
386 1951
223 1952
935 1952
60 1953
617 1954
1067 1955
8 1956
265 1956
1691 1956
331 1957
1055 1958
5 1959
601 1959
3 1960
6 1960
8 1960
10 1960
78 1960
462 1960
5 1961
775 1962
203 1963
17 1964
497 1965
668 1965
1096 1965
17 1966
623 1967
1132 1968
5 1969
130 1970
271 1971
5 1972
601 1972
410 1973
503 1973
1216 1974
407 1975
655 1975
1446 1975
59 1976
1672 1976
295 1977
1183 1977
1881 1978
17 1979
569 1980
1715 1980
1416 1981
1892 1981
3 1982
162 1983
10 1984
367 1985
1246 1986
1568 1986
1425 1987
593 1988
1 1989
6 1989
11 1989
25 1989
41 1989
63 1989
73 1989
245 1989
291 1989
333 1989
340 1989
353 1989
361 1989
363 1989
416 1989
431 1989
455 1989
509 1989
514 1989
526 1989
569 1989
595 1989
601 1989
619 1989
634 1989
663 1989
841 1989
852 1989
918 1989
977 1989
986 1989
1062 1989
1285 1989
1328 1989
1368 1989
1752 1989
1760 1989
1762 1989
1892 1989
1912 1989
1913 1989
1966 1989
1979 1989
1708 1990
24 1991
157 1992
1155 1992
10 1993
69 1993
319 1994
1866 1994
1109 1995
758 1996
850 1996
52 1997
9 1998
980 1999
280 2000
560 2001
7 2002
279 2002
417 2002
1738 2002
189 2003
340 2004
576 2005
290 2006
3 2007
276 2007
1006 2007
1168 2007
149 2008
200 2009
1133 2009
17 2010
1989 2010
485 2011
513 2011
928 2011
1056 2011
1697 2011
419 2012
887 2012
1560 2013
735 2014
241 2015
11 2016
13 2016
57 2016
730 2017
727 2018
889 2018
1175 2018
1989 2019
1399 2020
127 2021
3 2022
322 2022
1531 2022
1771 2022
1850 2022
503 2023
1425 2024
255 2025
5 2026
44 2026
1870 2026
276 2027
601 2028
826 2028
130 2029
15 2030
172 2031
314 2031
397 2031
444 2031
568 2031
631 2031
1391 2031
343 2032
132 2033
1727 2034
10 2035
1089 2036
67 2037
320 2037
756 2037
1772 2037
1965 2037
542 2038
948 2038
1063 2038
386 2039
10 2040
11 2041
1585 2042
16 2043
177 2043
1881 2043
106 2044
233 2044
387 2045
17 2046
629 2046
852 2047
15 2048
792 2048
3 2049
936 2049
57 2050
124 2050
621 2051
1023 2051
30 2052
1015 2052
1220 2053
8 2054
1554 2054
288 2055
680 2056
17 2057
938 2057
367 2058
981 2059
1989 2059
146 2060
623 2061
15 2062
7 2063
279 2063
410 2063
548 2063
1158 2063
1806 2064
1848 2064
1128 2065
57 2066
124 2066
225 2067
1120 2068
1784 2069
1591 2070
925 2071
15 2072
372 2072
1720 2072
1047 2073
9 2074
386 2075
293 2076
617 2077
2016 2077
552 2078
1197 2078
1241 2078
94 2079
1606 2079
1148 2080
10 2081
869 2082
23 2083
680 2084
197 2085
440 2086
1205 2086
901 2087
462 2088
984 2088
1165 2088
348 2089
439 2090
11 2091
11 2092
127 2093
579 2093
1346 2094
1055 2095
1195 2095
434 2096
1275 2096
399 2097
2050 2097
658 2098
1508 2099
576 2100
1613 2101
617 2102
1234 2103
1413 2103
986 2104
2012 2105
15 2106
264 2107
67 2108
290 2109
1220 2109
207 2110
230 2110
89 2111
6 2112
15 2113
927 2113
1836 2114
171 2115
611 2115
658 2115
674 2115
1591 2115
832 2116
547 2117
127 2118
1930 2118
264 2119
89 2120
784 2121
399 2122
241 2123
10 2124
1141 2125
1796 2125
1989 2126
745 2127
32 2128
942 2128
1472 2128
1588 2129
1647 2129
288 2130
492 2131
405 2132
864 2132
265 2133
465 2133
1672 2133
14 2134
972 2135
1451 2135
742 2136
1620 2136
17 2137
1989 2137
162 2138
89 2139
5 2140
10 2141
1826 2142
6 2143
7 2143
8 2143
64 2143
142 2143
168 2143
289 2143
332 2143
340 2143
439 2143
867 2143
882 2143
1091 2143
981 2144
462 2145
1798 2146
117 2147
552 2148
1512 2148
17 2149
284 2150
447 2150
1033 2150
1719 2150
1842 2151
50 2152
2011 2153
94 2154
52 2155
535 2155
1955 2155
620 2156
508 2157
647 2158
462 2159
1165 2159
209 2160
1099 2160
2048 2160
728 2161
1140 2162
440 2163
249 2164
308 2164
16 2165
1997 2166
595 2167
331 2168
389 2169
777 2169
660 2170
1591 2171
17 2172
433 2172
524 2172
1079 2173
1081 2173
17 2174
241 2174
1823 2174
184 2175
1376 2176
710 2177
331 2178
1560 2179
1247 2180
827 2181
50 2182
2053 2183
1429 2184
680 2185
241 2186
6 2187
497 2188
1538 2189
2077 2190
9 2191
44 2191
555 2191
1812 2191
693 2192
184 2193
236 2194
1710 2195
1538 2196
620 2197
386 2198
116 2199
1826 2199
676 2200
760 2200
1495 2200
1987 2200
6 2201
17 2201
2171 2201
15 2202
1917 2202
1005 2203
2121 2203
241 2204
10 2205
983 2205
480 2206
551 2206
564 2206
796 2206
1989 2207
11 2208
779 2208
89 2209
24 2210
132 2211
189 2212
1258 2212
17 2213
981 2213
1989 2213
11 2214
967 2215
982 2215
227 2216
44 2217
1029 2217
130 2218
52 2219
1588 2219
1647 2219
957 2220
1176 2220
1292 2220
1892 2220
1947 2220
485 2221
595 2222
2048 2222
592 2223
749 2224
862 2225
410 2226
92 2227
812 2227
7 2228
739 2229
737 2230
1141 2230
1585 2231
14 2232
17 2233
825 2233
1476 2233
319 2234
1256 2235
2096 2235
836 2236
46 2237
221 2237
1260 2237
660 2238
7 2239
280 2239
1814 2239
660 2240
6 2241
1529 2241
204 2242
589 2243
658 2243
174 2244
500 2245
707 2246
1350 2246
1368 2246
668 2247
1337 2247
1125 2248
1848 2249
50 2250
344 2250
7 2251
938 2252
890 2253
1747 2254
271 2255
11 2256
1054 2256
57 2257
732 2257
15 2258
105 2259
611 2259
658 2259
1732 2260
15 2261
1390 2262
603 2263
1510 2263
1738 2264
7 2265
204 2266
100 2267
30 2268
1130 2268
1501 2268
1691 2269
2184 2269
2200 2269
608 2270
233 2271
53 2272
659 2272
146 2273
1382 2273
1608 2273
1673 2273
1776 2273
2157 2273
67 2274
7 2275
13 2276
308 2276
1596 2276
29 2277
1591 2278
149 2279
243 2279
411 2279
121 2280
298 2281
767 2281
1267 2281
1370 2281
1579 2281
1601 2281
1826 2281
15 2282
105 2283
1457 2283
6 2284
149 2285
961 2285
1411 2285
1681 2285
1834 2285
569 2286
11 2287
22 2287
2113 2287
171 2288
611 2288
1467 2289
1560 2289
1933 2290
1191 2291
2267 2291
473 2292
7 2293
410 2293
655 2293
7 2294
57 2294
886 2295
1867 2296
1141 2297
227 2298
15 2299
348 2299
288 2300
5 2301
1708 2302
2220 2302
1184 2303
813 2304
315 2305
11 2306
1229 2307
745 2308
1192 2308
697 2309
2173 2309
842 2310
13 2311
1376 2311
1892 2311
12 2312
10 2313
78 2313
93 2313
230 2313
80 2314
338 2314
544 2314
1812 2315
293 2316
477 2316
1848 2316
82 2317
241 2318
592 2319
1572 2320
279 2321
11 2322
658 2322
889 2322
1672 2323
15 2324
357 2325
67 2326
567 2327
30 2328
1501 2328
7 2329
410 2329
655 2329
1672 2330
504 2331
7 2332
1585 2332
1672 2332
1910 2332
180 2333
352 2333
1007 2333
1381 2333
197 2334
1588 2335
80 2336
544 2336
1487 2336
806 2337
127 2338
1848 2339
1727 2340
263 2341
13 2342
1596 2342
11 2343
10 2344
79 2344
444 2344
217 2345
550 2345
876 2345
904 2345
1066 2345
1213 2345
788 2346
1512 2346
1399 2347
1732 2348
6 2349
236 2350
636 2350
11 2351
579 2352
779 2352
264 2353
2170 2353
4 2354
147 2354
1104 2354
601 2355
1152 2355
94 2356
2 2357
7 2357
84 2358
642 2358
1874 2358
264 2359
1178 2360
2293 2361
2343 2362
2262 2363
2114 2364
1988 2365
132 2366
290 2367
315 2368
2142 2368
2199 2368
331 2369
1673 2369
10 2370
1321 2371
1231 2372
204 2373
2358 2374
32 2375
11 2376
462 2377
1165 2377
500 2378
1512 2378
601 2379
993 2380
1738 2381
2265 2382
623 2383
59 2384
63 2384
221 2384
296 2384
526 2384
1270 2384
1300 2384
1369 2385
355 2386
511 2386
690 2386
1020 2386
11 2387
10 2388
485 2389
797 2389
503 2390
345 2391
905 2391
1216 2391
1479 2391
139 2392
172 2392
397 2392
1127 2392
1391 2392
1739 2392
1452 2393
493 2394
2220 2395
105 2396
1457 2396
6 2397
2 2398
2331 2398
1065 2399
1889 2400
661 2401
632 2402
14 2403
308 2404
52 2405
150 2405
425 2405
478 2405
522 2405
911 2405
1465 2405
1715 2405
13 2406
1476 2407
11 2408
134 2408
386 2408
2171 2409
1216 2410
414 2411
4 2412
228 2412
272 2412
315 2412
473 2412
1208 2412
1383 2412
632 2413
721 2414
1768 2414
11 2415
21 2416
1141 2416
57 2417
205 2418
212 2418
423 2418
1868 2418
1060 2419
94 2420
74 2421
760 2421
792 2422
15 2423
6 2424
68 2424
13 2425
15 2425
344 2425
362 2425
1892 2425
410 2426
503 2426
728 2426
15 2427
13 2428
9 2429
43 2430
72 2430
162 2431
2164 2432
1265 2433
89 2434
15 2435
1119 2436
52 2437
2063 2437
7 2438
1585 2438
1575 2439
753 2440
755 2440
993 2441
200 2442
1133 2442
1141 2443
1040 2444
922 2445
1317 2446
1591 2446
105 2447
1317 2447
92 2448
1506 2449
149 2450
434 2450
7 2451
57 2451
410 2451
755 2452
1512 2452
779 2453
367 2454
53 2455
367 2455
7 2456
655 2456
1585 2456
462 2457
1686 2457
194 2458
419 2459
887 2459
1570 2460
427 2461
1499 2461
316 2462
1800 2463
808 2464
997 2464
410 2465
462 2465
492 2465
817 2465
1873 2465
2031 2465
816 2466
5 2467
1178 2468
1439 2469
288 2470
497 2471
2262 2471
387 2472
2182 2472
79 2473
1656 2474
1936 2474
2399 2474
77 2475
444 2476
2247 2477
203 2478
269 2478
320 2478
1514 2479
1854 2479
2196 2479
569 2480
6 2481
1591 2482
732 2483
1341 2483
1989 2484
1020 2485
718 2486
41 2487
1295 2488
14 2489
2485 2489
6 2490
5 2491
14 2491
19 2491
43 2491
297 2491
529 2491
532 2491
612 2491
1110 2491
1126 2491
1778 2491
125 2492
1315 2492
911 2493
2211 2494
827 2495
462 2496
2392 2496
527 2497
1465 2497
27 2498
197 2499
189 2500
878 2500
1827 2500
89 2501
1655 2501
1842 2502
1588 2503
7 2504
655 2504
867 2504
155 2505
498 2505
502 2505
1040 2505
1184 2505
1381 2505
2040 2505
246 2506
957 2506
1387 2506
1920 2506
2227 2506
409 2507
447 2507
327 2508
567 2509
149 2510
434 2510
57 2511
147 2512
306 2512
964 2512
1137 2512
1645 2512
84 2513
2037 2513
552 2514
2425 2514
13 2515
57 2515
1832 2516
15 2517
10 2518
386 2519
475 2520
716 2520
121 2521
1275 2521
235 2522
217 2523
904 2523
1213 2523
2378 2523
2417 2523
1881 2524
225 2525
1038 2525
251 2526
2505 2526
130 2527
3 2528
9 2529
306 2530
483 2530
1137 2530
1183 2530
1230 2530
981 2531
569 2532
236 2533
939 2533
1191 2533
2162 2533
6 2534
294 2534
820 2535
707 2536
11 2537
111 2538
1881 2538
2466 2538
1738 2539
611 2540
1148 2541
44 2542
555 2542
44 2543
410 2544
283 2545
981 2546
2262 2547
67 2548
298 2548
320 2548
366 2548
1267 2548
1302 2548
1412 2548
1601 2548
1652 2548
437 2549
1 2550
1235 2551
2116 2551
60 2552
393 2553
1588 2554
15 2555
10 2556
524 2557
1146 2557
10 2558
1708 2559
277 2560
109 2561
1866 2562
1105 2563
1605 2563
1154 2564
1881 2565
1624 2566
762 2567
1016 2567
1250 2567
1573 2567
2066 2567
604 2568
1462 2568
13 2569
1272 2569
149 2570
434 2570
1356 2571
475 2572
1454 2573
707 2574
1458 2574
444 2575
926 2576
10 2577
697 2578
241 2579
2281 2580
77 2581
1720 2582
50 2583
1848 2584
1429 2585
10 2586
265 2587
389 2588
777 2588
387 2589
1632 2589
395 2590
835 2590
1095 2590
1169 2590
1323 2590
204 2591
58 2592
1285 2592
888 2593
1329 2593
526 2594
1270 2594
1300 2594
2186 2595
2435 2595
2063 2596
2148 2596
1251 2597
44 2598
171 2599
611 2599
1317 2599
1231 2600
2211 2601
456 2602
967 2603
1014 2603
1655 2604
503 2605
197 2606
437 2607
127 2608
5 2609
835 2610
1169 2610
11 2611
279 2612
417 2612
1101 2612
1738 2612
2450 2612
480 2613
100 2614
922 2615
10 2616
650 2616
1204 2616
1612 2616
2053 2616
117 2617
6 2618
742 2619
2615 2620
11 2621
542 2622
407 2623
410 2624
1841 2624
1087 2625
217 2626
67 2627
366 2627
1267 2627
1412 2627
1652 2627
1708 2628
7 2629
867 2629
1585 2629
1672 2629
1133 2630
11 2631
14 2632
279 2633
1672 2633
79 2634
546 2634
1884 2634
2 2635
3 2635
6 2635
7 2635
8 2635
9 2635
462 2635
331 2636
2267 2637
139 2638
14 2639
262 2639
386 2639
2594 2639
1330 2640
200 2641
200 2642
1708 2643
1090 2644
1312 2644
204 2645
1178 2645
15 2646
4 2647
13 2647
262 2647
272 2647
779 2647
834 2647
1187 2647
1294 2647
1937 2647
780 2648
89 2649
149 2650
1077 2650
749 2651
1507 2651
255 2652
2564 2653
9 2654
867 2655
27 2656
66 2656
117 2656
233 2656
472 2656
1997 2656
2405 2656
2437 2656
197 2657
456 2658
13 2659
1429 2660
2160 2661
44 2662
852 2662
205 2663
386 2664
4 2665
9 2666
149 2666
699 2666
2264 2666
2539 2666
127 2667
79 2668
1884 2668
11 2669
57 2670
189 2670
775 2670
1328 2670
1831 2670
83 2671
982 2671
655 2672
867 2672
1359 2672
749 2673
5 2674
659 2675
79 2676
566 2676
2197 2676
2355 2677
117 2678
3 2679
1076 2679
2132 2679
11 2680
12 2680
155 2680
197 2680
225 2680
440 2680
486 2680
834 2680
1235 2680
2043 2680
262 2681
1294 2681
308 2682
5 2683
3 2684
593 2685
413 2686
1658 2686
43 2687
1296 2688
410 2689
462 2689
1165 2689
58 2690
86 2690
192 2690
416 2690
465 2690
569 2690
595 2690
849 2690
852 2690
909 2690
975 2690
1285 2690
1629 2690
1690 2690
2144 2690
2213 2690
2531 2690
2546 2690
13 2691
1129 2691
680 2692
205 2693
315 2694
5 2695
11 2695
12 2695
15 2695
17 2695
32 2695
92 2695
134 2695
344 2695
629 2695
714 2695
722 2695
731 2695
1084 2695
1297 2695
1444 2695
1493 2695
1534 2695
1892 2695
1950 2695
2232 2695
2403 2695
981 2696
265 2697
17 2698
867 2699
7 2700
283 2700
1137 2701
1958 2701
2095 2701
2642 2702
552 2703
1512 2703
2596 2703
17 2704
1989 2704
53 2705
227 2706
403 2707
620 2707
1853 2707
986 2708
11 2709
779 2709
2534 2709
1128 2710
53 2711
217 2712
1009 2712
16 2713
1835 2714
1148 2715
29 2716
386 2717
242 2718
981 2719
579 2720
592 2721
17 2722
1989 2723
517 2724
982 2725
7 2726
1727 2727
258 2728
509 2729
1586 2730
77 2731
111 2731
144 2731
189 2731
306 2731
315 2731
483 2731
765 2731
781 2731
1208 2731
1383 2731
1473 2731
2085 2731
2499 2731
330 2732
1814 2733
1061 2734
11 2735
2486 2735
842 2736
331 2737
635 2738
14 2739
536 2739
2695 2739
217 2740
197 2741
1261 2742
89 2743
43 2744
72 2744
11 2745
357 2746
251 2747
1517 2747
2303 2747
66 2748
552 2748
783 2748
1241 2748
1636 2748
1649 2748
1985 2748
2058 2748
1738 2749
13 2750
85 2751
13 2752
308 2752
503 2753
1008 2753
13 2754
14 2754
129 2754
246 2754
434 2754
957 2754
1135 2754
1387 2754
1515 2754
1725 2754
1766 2754
2227 2754
2448 2754
308 2755
53 2756
2408 2757
2695 2757
1787 2758
2 2759
11 2760
27 2760
10 2761
2315 2761
1608 2762
217 2763
1172 2763
94 2764
920 2764
23 2765
17 2766
1342 2767
1458 2768
1986 2768
1738 2769
1141 2770
5 2771
1197 2772
1241 2772
117 2773
16 2774
972 2775
17 2776
1989 2776
1449 2777
2238 2777
80 2778
10 2779
787 2779
1245 2780
1738 2781
319 2782
2393 2783
331 2784
926 2784
2304 2784
2410 2784
327 2785
1619 2786
17 2787
11 2788
227 2789
386 2790
11 2791
227 2792
109 2793
92 2794
1708 2795
857 2796
524 2797
1995 2797
10 2798
1425 2799
280 2800
410 2801
462 2801
728 2801
1101 2801
1268 2801
2749 2801
422 2802
106 2803
2354 2803
2512 2803
121 2804
1275 2804
2493 2804
1040 2805
1184 2805
1381 2805
2747 2805
623 2806
1040 2807
2181 2808
2495 2808
29 2809
806 2810
2542 2810
2465 2811
241 2812
281 2813
231 2814
256 2814
588 2814
1557 2814
2614 2814
127 2815
1930 2815
58 2816
458 2816
586 2816
769 2816
1820 2816
37 2817
299 2817
5 2818
13 2818
161 2818
336 2818
650 2818
721 2818
35 2819
550 2819
876 2819
7 2820
1585 2820
1873 2820
15 2821
7 2822
503 2822
1806 2822
2552 2822
227 2823
8 2824
122 2824
271 2824
322 2824
358 2824
508 2824
609 2824
1107 2824
1108 2824
1810 2825
67 2826
1417 2826
578 2827
2220 2827
684 2828
1081 2828
1869 2828
205 2829
11 2830
1995 2831
9 2832
315 2833
11 2834
488 2835
2449 2835
1184 2836
981 2837
658 2838
2363 2838
2471 2838
100 2839
1925 2839
130 2840
1301 2840
9 2841
100 2842
247 2842
410 2843
88 2844
162 2845
200 2846
7 2847
319 2848
522 2849
851 2849
233 2850
907 2851
2463 2851
9 2852
939 2853
1413 2853
2336 2853
21 2854
53 2855
1986 2855
227 2856
1795 2857
564 2858
897 2858
251 2859
11 2860
2341 2860
10 2861
89 2862
659 2863
15 2864
782 2864
2248 2864
524 2865
1996 2865
330 2866
227 2867
11 2868
433 2869
2281 2870
1058 2871
1153 2871
1420 2871
2100 2871
4 2872
883 2872
2432 2872
1506 2873
2864 2873
15 2874
378 2874
1124 2874
475 2875
2670 2876
796 2877
823 2877
11 2878
658 2878
743 2879
1565 2880
79 2881
330 2882
15 2883
236 2884
227 2885
1672 2886
1708 2887
17 2888
1784 2889
241 2890
109 2891
686 2891
806 2891
1477 2891
1627 2891
1647 2891
2656 2891
2773 2891
69 2892
92 2893
1397 2894
50 2895
308 2896
1019 2896
319 2897
6 2898
221 2898
526 2898
1225 2898
1270 2898
1271 2898
1700 2898
2652 2898
1686 2899
1133 2900
2140 2901
7 2902
1386 2903
57 2904
732 2904
580 2905
287 2906
993 2907
3 2908
5 2908
6 2908
10 2908
164 2908
225 2908
286 2908
400 2908
419 2908
430 2908
462 2908
563 2908
786 2908
908 2908
1165 2908
1177 2908
1777 2908
1948 2908
2529 2908
2832 2908
2841 2908
1995 2909
117 2910
15 2911
1313 2912
1841 2912
1871 2912
2389 2912
260 2913
661 2913
1101 2914
1268 2914
1672 2914
10 2915
1301 2915
701 2916
1712 2917
2690 2918
388 2919
60 2920
954 2920
30 2921
100 2922
264 2922
1867 2922
2205 2922
972 2923
127 2924
994 2925
621 2926
500 2927
2632 2927
1301 2928
2335 2928
10 2929
552 2930
569 2931
1715 2931
1128 2932
11 2933
215 2934
660 2934
44 2935
277 2936
647 2937
2358 2937
15 2938
50 2938
890 2939
2568 2940
749 2941
588 2942
1311 2942
2922 2942
702 2943
730 2944
570 2945
608 2946
745 2947
5 2948
560 2949
162 2950
2006 2951
17 2952
753 2953
1148 2954
437 2955
87 2956
5 2957
10 2957
1006 2958
2213 2959
12 2960
14 2960
50 2960
86 2960
159 2960
224 2960
302 2960
530 2960
1074 2960
1092 2960
1525 2960
1528 2960
1573 2960
1642 2960
1790 2960
2066 2960
2294 2960
2417 2960
2511 2960
2515 2960
2904 2960
1290 2961
732 2962
1234 2962
1323 2963
2169 2963
2588 2963
67 2964
1789 2964
1591 2965
1562 2966
1235 2967
316 2968
503 2969
388 2970
792 2971
15 2972
1005 2973
1686 2974
1695 2974
758 2975
1501 2975
11 2976
7 2977
1585 2977
204 2978
52 2979
1647 2979
2088 2979
82 2980
1591 2981
2201 2981
330 2982
1104 2982
129 2983
1812 2984
1585 2985
524 2986
632 2987
901 2988
2340 2989
1763 2990
1154 2991
2653 2991
660 2992
17 2993
981 2993
17 2994
629 2994
7 2995
410 2995
867 2995
11 2996
503 2997
1234 2998
1264 2998
17 2999
15 3000
65 3000
1826 3001
268 3002
1133 3002
1240 3002
121 3003
403 3003
429 3003
2732 3003
2882 3003
1060 3004
251 3005
2333 3005
2505 3005
1 3006
2 3006
10 3006
44 3006
68 3006
80 3006
110 3006
475 3006
555 3006
1663 3006
2054 3006
1989 3007
805 3008
1665 3008
2192 3008
89 3009
2724 3009
2595 3010
779 3011
434 3012
82 3013
369 3014
2381 3014
2769 3014
203 3015
1778 3016
17 3017
276 3018
703 3018
840 3018
1674 3018
668 3019
1337 3019
2477 3019
89 3020
397 3021
851 3021
2465 3021
2826 3022
5 3023
23 3023
29 3023
1812 3023
216 3024
552 3024
195 3025
430 3025
1976 3025
2133 3025
2323 3025
2330 3025
2633 3025
2914 3025
5 3026
2024 3027
383 3028
1350 3028
14 3029
456 3030
219 3031
397 3032
851 3032
953 3032
2465 3032
152 3033
208 3033
331 3033
648 3033
716 3033
824 3033
961 3033
1293 3033
17 3034
866 3034
981 3034
279 3035
1738 3035
2912 3036
2856 3037
364 3038
98 3039
1261 3040
852 3041
1451 3042
1463 3043
258 3044
555 3044
10 3045
2334 3045
1803 3046
5 3047
1723 3047
2345 3048
2523 3048
174 3049
2260 3050
476 3051
437 3052
67 3053
11 3054
851 3055
1910 3056
7 3057
1721 3057
716 3058
1989 3059
2204 3060
2647 3060
2054 3061
2536 3062
1715 3063
1789 3064
541 3065
1811 3065
2272 3065
2863 3065
17 3066
632 3066
87 3067
6 3068
685 3068
1899 3068
6 3069
41 3069
245 3069
291 3069
361 3069
363 3069
431 3069
514 3069
526 3069
569 3069
619 3069
852 3069
918 3069
1328 3069
1762 3069
1912 3069
1913 3069
2019 3069
2126 3069
2213 3069
2723 3069
15 3070
1137 3071
1645 3071
15 3072
994 3073
252 3074
285 3074
1079 3074
3050 3074
149 3075
14 3076
1313 3077
513 3078
1881 3079
169 3080
65 3081
2052 3081
1568 3082
2768 3082
13 3083
2260 3083
867 3084
1585 3084
1817 3084
2908 3084
3025 3084
2418 3085
2077 3086
10 3087
2289 3088
1977 3089
410 3090
503 3090
10 3091
710 3092
1191 3093
11 3094
665 3095
6 3096
485 3096
669 3096
693 3096
902 3096
1056 3096
7 3097
852 3097
120 3098
157 3098
314 3098
404 3098
451 3098
474 3098
683 3098
965 3098
1087 3098
1973 3098
2426 3098
2753 3098
3090 3098
2690 3099
98 3100
1023 3101
2211 3102
2344 3102
268 3103
1057 3103
1276 3103
1566 3103
1763 3104
386 3105
157 3106
1101 3107
1672 3107
143 3108
446 3108
3101 3108
2564 3109
139 3110
127 3111
381 3111
635 3111
848 3111
1691 3111
2391 3111
2864 3111
2459 3112
8 3113
367 3114
8 3115
13 3115
3006 3115
7 3116
924 3116
1142 3116
7 3117
595 3118
179 3119
389 3119
1514 3119
207 3120
8 3121
122 3121
358 3121
1108 3121
2595 3122
2590 3123
9 3124
128 3124
130 3124
599 3124
997 3124
3106 3124
15 3125
2287 3126
2502 3126
315 3127
2281 3127
580 3128
1501 3129
124 3130
1757 3130
1823 3131
2069 3131
197 3132
598 3133
1915 3134
1154 3135
15 3136
89 3137
7 3138
1036 3138
1873 3138
2392 3138
464 3139
44 3140
1294 3141
155 3142
1331 3142
357 3143
652 3144
2118 3144
184 3145
1312 3145
980 3146
139 3147
1826 3148
2368 3148
85 3149
255 3149
399 3150
742 3150
20 3151
17 3152
7 3153
20 3153
867 3153
1165 3153
1737 3153
785 3154
367 3155
10 3156
787 3156
11 3157
22 3157
2113 3157
3126 3157
564 3158
897 3158
52 3159
2384 3160
2647 3161
20 3162
622 3162
2246 3162
485 3163
1056 3163
2153 3163
77 3164
263 3165
10 3166
1059 3167
1183 3167
100 3168
386 3169
241 3170
2225 3171
792 3172
8 3173
162 3174
405 3174
750 3175
979 3175
1121 3175
100 3176
2814 3176
258 3177
2386 3177
3 3178
15 3179
697 3180
2828 3180
2731 3181
2420 3182
11 3183
23 3184
2474 3184
2360 3185
2645 3185
280 3186
161 3187
2028 3187
7 3188
59 3188
286 3188
1843 3188
11 3189
778 3189
986 3189
8 3190
560 3191
2269 3192
697 3193
251 3194
623 3194
1517 3194
2836 3194
3048 3195
184 3196
1235 3197
1330 3197
1145 3198
313 3199
495 3199
669 3199
972 3199
1037 3199
2854 3199
44 3200
139 3201
1391 3201
264 3202
3 3203
1143 3203
32 3204
492 3204
195 3205
1250 3206
2066 3206
364 3207
15 3208
15 3209
647 3210
130 3211
88 3212
340 3212
2 3213
10 3213
78 3213
407 3213
462 3213
981 3213
2133 3213
855 3214
1588 3215
1925 3216
27 3217
783 3217
1286 3217
233 3218
439 3219
3033 3219
227 3220
1065 3220
11 3221
15 3221
17 3221
262 3221
779 3221
822 3221
834 3221
1794 3221
1937 3221
419 3222
1203 3222
1588 3222
867 3223
1376 3223
290 3224
2014 3225
993 3226
2802 3226
537 3227
2393 3227
279 3228
867 3228
780 3229
2610 3230
125 3231
2898 3232
457 3233
10 3234
217 3235
396 3235
550 3235
1319 3235
1949 3235
2245 3235
2991 3236
66 3237
1682 3237
1675 3238
652 3239
1342 3239
5 3240
1120 3241
340 3242
792 3243
200 3244
1133 3244
2474 3245
1796 3246
4 3247
11 3247
14 3247
62 3247
114 3247
155 3247
197 3247
272 3247
329 3247
386 3247
486 3247
816 3247
834 3247
979 3247
1292 3247
1593 3247
2713 3247
2143 3248
731 3249
1390 3250
139 3251
304 3251
347 3251
811 3251
3149 3251
264 3252
132 3253
2494 3253
3102 3253
14 3254
866 3255
1989 3255
2690 3255
3041 3255
3097 3255
1420 3256
1275 3257
852 3258
52 3259
2656 3259
2643 3260
285 3261
171 3262
1266 3262
1332 3262
1353 3262
476 3263
732 3264
288 3265
1673 3266
357 3267
1881 3268
279 3269
1738 3269
530 3270
264 3271
3055 3272
308 3273
183 3274
832 3275
2493 3275
3168 3275
1499 3276
83 3277
397 3277
953 3277
3204 3277
994 3278
152 3279
584 3279
143 3280
221 3280
446 3280
1757 3281
1784 3282
1720 3283
444 3284
57 3285
138 3285
696 3285
864 3285
1881 3285
1903 3285
1918 3285
2152 3285
2250 3285
2895 3285
2938 3285
2960 3285
10 3286
2553 3287
7 3288
410 3288
569 3289
790 3289
2015 3289
2123 3289
2204 3289
2579 3289
3170 3289
183 3290
691 3291
1132 3292
15 3293
344 3293
1292 3293
2043 3293
2538 3293
3268 3293
85 3294
990 3294
1457 3294
2634 3294
147 3295
185 3295
306 3295
483 3295
878 3295
1645 3295
981 3296
1124 3297
386 3298
2266 3298
792 3299
623 3300
2247 3301
3019 3301
10 3302
10 3303
315 3304
2281 3304
316 3305
677 3305
1520 3305
1519 3306
7 3307
5 3308
497 3309
88 3310
14 3311
12 3312
439 3313
1807 3313
3033 3313
647 3314
697 3315
1784 3316
3131 3316
386 3317
778 3317
204 3318
2759 3318
567 3319
92 3320
160 3321
1692 3321
67 3322
341 3323
1786 3323
410 3324
503 3324
981 3325
1989 3325
2531 3326
420 3327
727 3327
233 3328
13 3329
15 3330
17 3331
706 3331
747 3331
1892 3331
1989 3331
2690 3331
127 3332
622 3333
1144 3333
2246 3333
2548 3334
2627 3334
9 3335
67 3335
972 3335
1302 3335
57 3336
732 3336
308 3337
13 3338
1587 3338
2460 3338
204 3339
3278 3339
92 3340
316 3341
1458 3341
157 3342
15 3343
1473 3344
2551 3344
309 3345
2908 3345
1250 3346
1573 3346
2610 3347
710 3348
721 3348
8 3349
2285 3350
227 3351
420 3351
1277 3352
2206 3352
2877 3352
11 3353
528 3353
1185 3353
1198 3353
1343 3353
1464 3353
1715 3353
2383 3353
2806 3353
3300 3353
3056 3354
635 3355
999 3355
1944 3355
2278 3355
2446 3355
2965 3355
2981 3355
169 3356
207 3357
785 3357
1971 3357
658 3358
1798 3359
2380 3359
1041 3360
1560 3361
1340 3362
2427 3362
907 3363
2463 3363
344 3364
362 3364
1892 3364
988 3365
2621 3366
3238 3366
1119 3367
1141 3367
2164 3368
2872 3368
279 3369
1738 3369
2593 3370
855 3371
2750 3372
1317 3373
80 3374
2276 3374
2943 3374
14 3375
1712 3375
2695 3375
901 3376
1689 3376
2958 3377
5 3378
84 3378
146 3379
179 3379
1602 3379
1673 3379
1776 3379
2477 3380
1768 3381
1936 3382
3220 3382
279 3383
3275 3384
53 3385
109 3385
367 3385
2772 3385
386 3386
2594 3386
265 3387
1315 3387
702 3388
617 3389
787 3390
600 3391
10 3392
2335 3393
92 3394
580 3395
584 3396
1691 3397
2114 3398
2411 3398
901 3399
132 3400
1294 3400
315 3401
236 3402
2117 3402
2048 3403
11 3404
2048 3405
2960 3406
1231 3407
11 3408
2782 3408
592 3409
32 3410
30 3411
9 3412
2160 3413
2647 3414
13 3415
462 3416
479 3417
10 3418
1030 3418
1832 3419
1323 3420
233 3421
3070 3422
659 3423
3111 3423
978 3424
2987 3424
462 3425
492 3425
817 3425
1147 3425
2031 3425
2392 3425
262 3426
1294 3426
105 3427
316 3428
677 3428
1300 3429
875 3430
299 3431
13 3432
6 3433
718 3434
3228 3434
17 3435
542 3436
3083 3437
2323 3438
2330 3438
2633 3438
1785 3439
3098 3440
17 3441
597 3441
1595 3441
3039 3441
1132 3442
30 3443
11 3444
386 3444
1575 3445
753 3446
320 3447
1965 3447
103 3448
2945 3448
100 3449
485 3450
327 3451
2768 3451
3198 3451
1517 3452
2505 3452
1340 3453
1130 3454
1484 3454
2858 3454
595 3455
1384 3456
117 3457
1406 3458
2012 3458
7 3459
6 3460
9 3460
317 3460
410 3460
793 3460
1260 3460
241 3461
1708 3462
1154 3463
719 3464
1274 3464
79 3465
1026 3465
1232 3465
3294 3465
2 3466
4 3466
5 3466
7 3466
89 3466
157 3466
228 3466
284 3466
286 3466
305 3466
340 3466
559 3466
563 3466
709 3466
1165 3466
1177 3466
1459 3466
2635 3466
2654 3466
2832 3466
10 3467
44 3467
68 3467
80 3467
110 3467
1663 3467
2054 3467
3115 3467
1796 3468
241 3469
516 3469
1823 3469
2480 3469
2532 3469
2677 3470
389 3471
777 3471
2963 3471
511 3472
1020 3472
3177 3472
1768 3473
1417 3474
203 3475
697 3475
2173 3475
2735 3475
1234 3476
1225 3477
812 3478
50 3479
15 3480
7 3481
11 3482
3126 3482
1796 3483
70 3484
6 3485
1720 3486
567 3487
11 3488
280 3489
2012 3490
5 3491
59 3492
1220 3493
2183 3493
2574 3494
299 3495
288 3496
2565 3497
298 3498
1301 3499
2134 3499
13 3500
14 3500
2695 3500
3249 3500
11 3501
15 3502
7 3503
3 3504
727 3504
527 3505
57 3506
1864 3506
939 3507
1191 3507
1496 3507
2314 3507
11 3508
743 3509
308 3510
14 3511
2802 3512
897 3513
983 3513
1557 3513
2268 3513
6 3514
17 3515
1699 3516
2768 3516
4 3517
883 3517
3151 3517
3323 3518
598 3519
21 3520
1141 3520
667 3521
13 3522
541 3523
247 3524
475 3525
242 3526
338 3526
590 3526
638 3526
649 3526
3186 3526
485 3527
797 3527
2912 3527
1285 3528
7 3529
626 3529
1147 3529
2671 3529
648 3530
3219 3530
217 3531
1150 3532
2121 3532
5 3533
59 3533
14 3534
2695 3534
1573 3535
2066 3535
2419 3535
399 3536
367 3537
159 3538
1074 3538
1525 3538
1528 3538
2066 3538
2294 3538
2417 3538
2511 3538
2515 3538
264 3539
2713 3539
410 3540
277 3541
1565 3542
7 3543
1585 3543
10 3544
2143 3544
1708 3545
5 3546
11 3546
77 3546
773 3546
1870 3546
1633 3547
3241 3547
1133 3548
15 3549
439 3550
642 3550
7 3551
2279 3551
260 3552
620 3553
1853 3553
1727 3554
271 3555
17 3556
241 3556
325 3556
585 3556
597 3556
1595 3556
1823 3556
98 3557
284 3558
1033 3558
1738 3559
2596 3560
3064 3560
340 3561
331 3562
233 3563
1067 3563
17 3564
2068 3565
742 3566
880 3566
504 3567
2398 3567
464 3568
10 3569
5 3570
497 3571
89 3572
233 3572
316 3573
1268 3574
89 3575
2233 3576
66 3577
16 3578
655 3579
896 3580
2355 3580
2596 3581
3064 3581
1796 3582
10 3583
702 3584
2204 3585
2647 3585
456 3586
745 3587
1023 3588
15 3589
3132 3590
542 3591
14 3592
1738 3593
13 3594
1312 3594
1759 3594
2100 3594
7 3595
2210 3595
592 3596
697 3597
11 3598
423 3599
678 3599
14 3600
129 3600
246 3600
434 3600
673 3600
725 3600
957 3600
1660 3600
1744 3600
1941 3600
2227 3600
2794 3600
3320 3600
1311 3601
100 3602
2814 3602
503 3603
986 3604
1367 3605
3263 3605
5 3606
89 3607
1265 3607
410 3608
777 3608
10 3609
2254 3609
1322 3610
10 3611
325 3612
2825 3613
331 3614
994 3615
2419 3615
1565 3616
343 3617
1768 3618
8 3619
305 3619
419 3619
566 3619
1506 3619
1777 3619
2191 3619
2662 3619
3140 3619
480 3620
2377 3620
270 3621
3055 3622
407 3623
452 3623
1730 3623
67 3624
308 3625
1596 3625
2919 3625
1915 3626
1133 3627
1240 3627
989 3628
1728 3628
1897 3628
227 3629
1478 3629
2013 3630
2179 3630
315 3631
753 3632
1812 3633
1989 3634
649 3635
1688 3635
503 3636
3098 3636
10 3637
635 3638
2391 3638
2864 3638
13 3639
1516 3639
3331 3640
12 3641
197 3641
225 3641
1235 3641
520 3642
381 3643
635 3643
1340 3643
1875 3643
319 3644
1549 3644
3620 3644
1853 3645
157 3646
14 3647
609 3648
2937 3649
3391 3650
2824 3651
13 3652
640 3653
3504 3653
14 3654
50 3654
224 3654
302 3654
1092 3654
1528 3654
2511 3654
3406 3654
485 3655
2932 3656
130 3657
981 3658
1989 3658
2690 3658
27 3659
106 3659
233 3659
719 3660
1274 3660
993 3661
659 3662
1587 3663
2460 3663
383 3664
1350 3664
7 3665
6 3666
209 3667
899 3668
251 3669
1229 3669
2505 3669
2998 3670
635 3671
1176 3672
1340 3672
1745 3672
184 3673
331 3674
730 3675
11 3676
2341 3676
2487 3677
140 3678
1312 3679
2112 3679
43 3680
72 3680
212 3681
1388 3681
67 3682
3 3683
316 3684
990 3685
2011 3686
3163 3686
787 3687
493 3688
8 3689
236 3689
526 3689
664 3689
1777 3689
8 3690
1366 3690
3660 3690
947 3691
3368 3692
659 3693
2303 3693
3247 3694
87 3695
3271 3696
204 3697
1130 3698
348 3699
3359 3700
159 3701
1067 3701
1167 3701
3506 3702
3532 3702
2822 3703
176 3704
1514 3704
1776 3704
255 3705
1767 3705
3477 3705
284 3706
290 3706
3068 3706
5 3707
340 3707
613 3707
722 3707
747 3707
981 3707
203 3708
658 3709
1715 3710
1777 3711
1892 3711
4 3712
11 3712
12 3712
17 3712
50 3712
62 3712
114 3712
158 3712
197 3712
255 3712
272 3712
816 3712
834 3712
1294 3712
1316 3712
2043 3712
647 3713
2287 3714
330 3715
2908 3716
77 3717
855 3717
1166 3717
2135 3718
2923 3718
981 3719
988 3720
17 3721
190 3721
1885 3721
2273 3721
949 3722
388 3723
2276 3723
3625 3723
293 3724
818 3724
1848 3724
1672 3725
3438 3725
127 3726
15 3727
927 3727
2287 3727
105 3728
2296 3728
227 3729
1767 3729
57 3730
3538 3730
3238 3731
8 3732
493 3732
625 3732
1531 3732
3006 3732
3525 3732
15 3733
2554 3733
652 3734
9 3735
1826 3736
2647 3737
251 3738
1051 3738
2805 3738
1294 3739
961 3740
1411 3740
1487 3740
1683 3740
1834 3740
2090 3740
2143 3740
3219 3740
2595 3741
1588 3742
2386 3743
3472 3743
10 3744
2677 3745
2755 3745
3580 3745
5 3746
11 3746
12 3746
13 3746
15 3746
17 3746
92 3746
134 3746
346 3746
525 3746
871 3746
1084 3746
1355 3746
1463 3746
1534 3746
1892 3746
2232 3746
2403 3746
2489 3746
2491 3746
2739 3746
3029 3746
3076 3746
3500 3746
3534 3746
3647 3746
3654 3746
462 3747
82 3748
476 3748
1051 3748
203 3749
950 3750
14 3751
146 3752
787 3752
423 3753
1995 3753
11 3754
1054 3754
3363 3755
413 3756
617 3756
1780 3756
1889 3756
9 3757
207 3758
475 3758
842 3759
578 3760
1369 3760
2220 3760
80 3761
544 3761
88 3762
340 3762
1841 3763
67 3764
9 3765
5 3766
1544 3766
1989 3767
2594 3767
2898 3767
3689 3767
8 3768
15 3769
7 3770
867 3770
94 3771
655 3772
1585 3772
850 3773
456 3774
2418 3775
444 3776
593 3777
2365 3777
10 3778
15 3779
17 3780
1403 3780
1278 3781
149 3782
925 3783
1139 3784
1232 3784
3294 3784
1291 3785
2615 3785
37 3786
3460 3786
29 3787
292 3788
1055 3788
2512 3788
2701 3788
601 3789
809 3789
3580 3789
325 3790
805 3791
2192 3791
2533 3792
617 3793
667 3794
3538 3795
1162 3796
9 3797
1917 3798
730 3799
11 3800
388 3800
3625 3800
315 3801
98 3802
1329 3803
3031 3803
88 3804
439 3805
1939 3806
2990 3807
156 3808
287 3808
304 3808
477 3808
546 3808
1717 3808
2751 3808
3380 3808
32 3809
204 3810
3298 3810
5 3811
579 3812
1399 3813
2262 3814
1313 3815
1841 3815
1871 3815
2389 3815
3036 3815
9 3816
82 3817
1473 3818
986 3819
2568 3819
1121 3820
1369 3821
2854 3821
11 3822
114 3822
262 3822
272 3822
329 3822
486 3822
834 3822
11 3823
808 3824
980 3825
276 3826
358 3826
814 3826
1803 3827
77 3828
485 3829
92 3830
100 3831
264 3831
1130 3831
197 3832
262 3832
1294 3832
1937 3832
11 3833
157 3834
2951 3835
380 3836
3419 3837
3247 3838
542 3839
1035 3840
11 3841
524 3842
1686 3843
1695 3843
2967 3844
1359 3845
308 3846
2575 3846
3564 3846
1732 3847
1148 3848
2670 3849
1439 3850
504 3851
2398 3851
100 3852
264 3852
1130 3852
2205 3852
3385 3853
448 3854
623 3855
1517 3855
2836 3855
386 3856
1478 3856
59 3857
2200 3858
265 3859
3133 3859
57 3860
2895 3860
3784 3861
785 3862
1971 3862
8 3863
121 3863
236 3863
378 3863
702 3863
2778 3863
3761 3863
1768 3864
139 3865
2521 3865
13 3866
399 3867
371 3868
993 3868
1348 3868
485 3869
2887 3869
121 3870
934 3871
1706 3871
2493 3871
3305 3871
3428 3871
3043 3872
203 3873
1338 3874
1451 3875
15 3876
2186 3877
787 3878
45 3879
207 3880
2265 3881
387 3882
327 3883
150 3884
911 3884
1317 3884
1520 3885
3871 3885
410 3886
10 3887
2143 3887
386 3888
1131 3888
1425 3889
2200 3889
328 3890
3095 3890
1055 3891
2530 3891
1451 3892
397 3893
2465 3893
51 3894
3621 3894
1661 3895
1720 3896
652 3897
2426 3897
3262 3898
151 3899
907 3899
17 3900
283 3900
11 3901
480 3902
1152 3902
680 3903
742 3904
2954 3904
3198 3905
2183 3906
1796 3907
97 3908
2690 3908
291 3909
363 3909
431 3909
514 3909
852 3909
918 3909
1328 3909
279 3910
362 3910
3344 3911
2 3912
407 3912
189 3913
157 3914
21 3915
1546 3915
9 3916
15 3917
1917 3917
2148 3917
2347 3918
410 3919
3285 3920
2494 3921
603 3922
10 3923
722 3924
1892 3924
1484 3925
1501 3925
1903 3925
1613 3926
1399 3927
218 3928
52 3929
367 3929
801 3929
1185 3929
1366 3929
1715 3929
1863 3929
2148 3929
2514 3929
127 3930
452 3931
578 3931
1301 3932
331 3933
1141 3934
896 3935
3745 3935
3789 3935
11 3936
71 3937
82 3937
497 3938
315 3939
2627 3939
3570 3939
2160 3940
3403 3940
3405 3940
293 3941
1968 3942
258 3943
994 3943
981 3944
2959 3944
3069 3944
1074 3945
2294 3945
2511 3945
162 3946
3025 3947
1915 3948
1178 3949
1989 3950
2 3951
127 3952
10 3953
127 3954
177 3954
491 3954
783 3954
795 3954
1636 3954
1942 3954
3305 3954
3428 3954
3684 3954
1059 3955
647 3956
1260 3957
6 3958
3806 3958
11 3959
120 3960
157 3960
474 3960
683 3960
1973 3960
2426 3960
3090 3960
1416 3961
17 3962
1565 3963
3519 3964
555 3965
883 3966
3151 3966
3943 3967
459 3968
319 3969
6 3970
204 3971
57 3972
315 3972
340 3972
722 3972
986 3972
2592 3972
2816 3972
1759 3973
225 3974
1235 3974
17 3975
30 3976
1685 3977
11 3978
2748 3979
262 3980
2166 3981
2656 3981
3145 3982
3594 3982
3679 3982
82 3983
15 3984
407 3985
922 3986
6 3987
53 3988
552 3989
17 3990
1425 3991
3027 3991
2281 3992
1935 3993
5 3994
2551 3995
174 3996
598 3997
779 3997
647 3998
139 3999
1604 4000
