1 8
6 8
7 8
13 14
8 30
6 35
11 42
10 45
2 53
7 53
9 58
2 59
3 59
6 59
9 59
17 61
39 61
59 65
17 69
6 72
19 72
65 78
59 80
7 90
4 91
4 98
4 99
3 101
26 101
59 101
68 103
85 103
8 104
11 105
13 106
101 108
46 111
4 114
11 117
17 120
61 120
6 123
17 123
112 123
74 126
101 126
11 127
80 133
14 134
4 137
127 143
19 146
59 146
101 150
16 154
16 155
4 158
106 159
15 169
102 174
124 174
153 174
6 179
95 185
4 187
105 189
9 193
174 194
8 195
4 197
148 198
103 199
1 200
91 200
101 200
129 200
145 200
179 200
8 203
8 204
151 204
200 205
11 210
101 212
184 212
200 212
202 212
4 213
200 215
4 216
83 221
163 222
181 222
4 227
172 228
6 229
92 229
206 229
174 232
111 233
13 234
105 234
228 236
2 237
174 238
9 240
54 241
113 241
175 241
228 241
240 241
93 243
138 244
176 250
129 252
106 255
4 257
243 259
123 260
151 260
75 262
14 263
163 263
182 263
262 265
4 270
262 273
8 274
85 274
86 274
4 278
58 283
212 283
244 283
185 287
241 287
90 290
15 291
42 291
61 291
127 291
7 292
193 292
221 292
212 294
62 295
200 297
287 298
11 299
241 302
31 303
199 305
85 307
199 307
93 308
4 309
47 309
101 310
106 311
279 311
138 315
212 320
228 320
243 320
16 321
73 322
176 323
101 324
265 326
279 326
157 328
180 328
264 328
2 329
228 330
243 330
59 331
95 331
121 331
261 331
275 331
314 331
163 333
200 336
287 337
22 338
40 338
58 338
101 338
174 338
193 338
221 338
304 338
8 341
59 341
70 341
101 341
126 341
224 341
240 341
303 341
200 342
274 343
59 344
101 344
174 348
73 350
3 353
127 354
130 355
171 355
14 356
341 356
274 357
200 359
163 360
170 361
200 361
89 362
12 364
113 364
169 364
291 364
23 365
212 366
174 368
336 369
3 370
6 370
331 370
328 371
274 372
14 373
15 373
28 373
29 373
161 373
204 373
222 373
251 373
263 373
285 373
4 376
274 379
113 380
126 380
179 380
4 381
84 382
331 382
341 386
61 387
215 388
123 389
169 390
189 390
373 390
43 391
120 391
122 391
313 391
262 392
311 392
174 393
341 394
380 394
200 395
212 395
141 397
149 397
161 397
4 398
76 399
126 399
302 399
356 399
394 399
65 402
364 402
36 403
254 403
294 403
397 403
49 405
97 405
167 405
237 405
337 405
340 405
138 407
306 409
8 410
4 411
7 412
383 413
241 415
77 416
157 416
177 416
238 416
264 416
349 416
14 419
200 420
11 424
236 426
296 426
338 429
293 430
4 432
147 435
338 437
127 439
2 440
91 440
163 441
7 443
112 444
61 446
103 450
274 450
307 450
286 453
4 454
8 457
176 458
174 459
211 460
200 462
205 462
4 463
65 463
128 463
235 463
315 463
331 463
353 463
367 463
370 463
407 463
427 463
341 464
4 465
174 467
416 467
174 468
133 472
4 473
174 474
7 475
174 477
76 478
113 478
126 478
303 478
160 480
220 480
174 481
5 482
59 482
90 482
199 482
331 482
399 482
455 482
313 483
73 484
4 485
17 486
103 486
307 486
163 487
313 488
174 490
294 491
341 491
211 492
95 493
106 494
31 495
76 495
107 495
240 495
356 495
55 496
192 496
228 496
244 496
295 496
356 496
4 498
8 500
341 502
4 503
9 504
14 504
193 504
292 504
364 504
366 504
466 504
174 505
110 508
341 508
390 509
4 510
13 511
313 511
488 511
16 512
174 513
375 514
8 519
399 520
508 520
127 521
65 523
101 523
386 523
425 523
463 523
489 523
32 525
54 525
95 525
166 525
193 525
16 527
174 529
241 530
342 531
307 532
341 533
380 533
101 536
260 536
172 537
232 537
250 537
256 537
294 537
296 537
308 537
312 537
316 537
325 537
330 537
363 537
148 541
226 541
7 542
59 542
241 544
496 544
4 547
11 552
169 552
291 552
341 553
476 559
25 560
384 560
123 561
190 561
328 562
304 565
338 565
88 566
23 567
556 567
295 568
132 569
163 569
373 569
566 569
1 571
556 571
8 572
303 573
405 574
5 576
338 576
291 577
4 579
463 580
528 580
43 581
182 581
397 581
212 582
291 582
95 584
489 584
508 584
307 585
321 585
258 586
373 586
391 586
435 586
581 586
61 588
103 591
118 591
282 591
352 591
551 591
341 592
464 592
316 593
386 594
491 594
382 596
106 598
263 601
93 604
120 606
592 608
11 609
294 609
4 613
4 616
32 616
107 616
126 616
196 616
200 616
412 616
440 616
478 616
520 616
523 616
576 616
587 616
336 620
537 621
4 625
10 626
104 628
416 628
537 628
241 629
495 630
2 631
60 631
160 633
331 634
520 634
200 635
331 636
385 637
316 639
215 642
405 643
6 644
405 645
309 646
303 649
380 650
478 650
103 653
183 653
214 653
246 653
396 653
538 653
575 653
610 653
614 653
641 653
590 656
46 657
497 657
4 658
4 660
54 660
101 660
166 660
587 660
612 660
2 661
5 661
74 661
96 661
125 661
142 661
200 661
497 661
525 661
540 661
596 661
607 661
636 661
652 661
660 661
48 663
154 663
282 663
346 663
577 663
14 664
345 664
496 664
425 666
508 666
634 666
661 666
4 669
666 670
222 671
91 672
131 672
596 672
4 673
11 674
373 674
436 674
43 678
69 678
105 678
161 678
182 678
384 678
163 679
7 680
8 680
38 680
55 680
73 680
90 680
160 680
164 680
350 680
363 680
412 680
440 680
631 680
667 680
405 685
33 687
318 687
463 687
294 690
61 692
4 694
12 695
244 695
405 695
537 695
576 695
405 696
83 698
331 700
331 701
291 702
10 704
19 704
306 704
409 704
489 704
491 704
103 707
123 707
316 709
338 712
480 714
540 715
661 715
17 716
561 716
273 717
672 718
65 719
508 720
616 720
634 720
219 721
555 721
599 721
8 722
508 723
660 723
328 724
371 724
405 725
469 726
616 726
383 727
274 729
7 730
154 731
352 731
396 731
414 731
461 731
545 731
575 731
591 731
623 731
681 731
731 732
341 733
479 733
405 735
574 735
156 736
296 736
400 736
409 736
627 736
695 736
8 737
204 737
373 737
8 738
4 740
496 741
8 742
152 742
628 742
127 743
341 747
174 748
200 750
101 751
536 751
302 752
576 752
380 755
752 756
292 757
339 759
536 759
373 760
377 760
678 760
331 761
338 762
16 763
241 764
4 765
8 766
355 766
379 766
450 766
647 766
655 766
174 767
316 768
697 770
106 771
83 772
101 772
351 772
518 772
662 772
120 773
228 773
253 773
386 773
442 773
483 773
161 775
228 775
291 775
426 775
491 775
537 775
609 775
634 775
659 775
63 776
152 776
156 776
176 776
283 776
284 776
305 776
699 776
260 777
674 777
138 778
581 780
160 781
480 781
11 782
59 783
616 784
616 785
373 786
4 787
642 788
405 790
89 791
262 791
101 792
127 793
350 794
484 794
4 795
61 796
8 797
336 799
200 800
276 801
476 802
17 803
25 803
405 804
661 806
4 809
752 812
731 815
7 816
17 816
189 816
212 816
680 816
688 816
736 816
742 816
189 819
191 819
212 819
389 819
405 820
287 821
522 822
308 823
41 824
260 825
487 825
519 825
679 825
59 826
341 827
95 828
770 828
476 829
4 830
4 833
4 834
127 836
78 837
331 837
463 837
533 837
634 837
648 837
221 838
698 838
262 839
682 839
435 840
200 841
361 841
9 842
174 843
11 844
109 844
113 844
169 844
189 844
509 844
307 845
321 845
328 848
652 849
138 850
463 850
193 852
302 852
332 852
373 852
560 852
229 853
698 855
166 856
168 856
373 856
59 859
249 860
399 863
495 863
837 863
11 865
782 865
127 869
5 870
237 870
478 870
584 870
4 871
405 873
770 873
6 874
2 875
8 875
101 875
160 875
200 875
504 875
525 875
556 875
571 875
634 875
660 875
870 875
349 877
391 878
581 878
101 879
336 880
174 881
416 881
316 882
639 882
101 883
212 883
537 883
27 884
17 885
61 885
199 885
288 885
852 885
416 886
66 889
106 890
11 891
7 892
221 892
240 892
289 892
680 892
341 894
837 894
174 895
393 895
65 896
319 896
656 896
837 896
279 897
522 897
6 902
7 902
200 902
695 902
161 904
878 904
721 905
173 906
430 906
769 906
416 907
766 909
241 910
478 910
875 910
480 911
211 913
338 914
211 915
561 918
59 919
178 919
508 919
670 919
733 919
863 919
59 922
106 923
766 924
4 925
292 926
892 926
616 927
480 928
241 929
752 929
241 930
721 931
222 932
482 933
106 934
23 935
174 936
380 937
2 939
455 940
283 941
16 942
698 943
772 943
537 944
4 945
4 946
14 947
182 947
878 947
373 948
338 949
518 949
534 949
838 949
855 949
892 949
4 950
4 951
61 953
865 954
65 955
896 955
123 956
190 956
156 958
698 959
772 959
693 961
234 962
373 962
390 962
483 962
3 963
126 963
672 963
229 965
917 965
921 965
243 966
537 966
156 967
284 967
661 968
8 970
883 970
966 970
241 972
496 972
336 973
306 975
678 976
496 977
605 977
752 977
314 978
440 978
631 978
336 981
721 982
345 984
773 984
775 984
680 985
949 985
160 986
947 987
237 988
514 988
19 989
16 990
8 991
283 992
478 992
11 994
61 995
234 995
483 995
561 995
983 995
228 996
283 996
296 996
604 996
792 996
127 998
65 1000
331 1000
341 1000
520 1000
720 1000
875 1000
237 1002
337 1002
340 1002
496 1002
615 1002
933 1002
576 1003
678 1004
350 1005
896 1006
19 1007
296 1007
736 1007
978 1007
14 1008
106 1008
120 1008
1007 1009
271 1013
902 1013
996 1013
160 1014
480 1014
731 1016
305 1017
488 1017
582 1017
995 1017
328 1019
73 1020
1005 1020
663 1021
1 1022
59 1022
196 1022
576 1022
680 1022
710 1022
174 1023
174 1024
537 1024
996 1024
23 1026
4 1027
61 1028
331 1029
742 1030
4 1031
174 1032
173 1033
562 1034
331 1036
302 1037
576 1037
812 1037
61 1038
65 1038
90 1038
126 1038
200 1038
248 1038
290 1038
296 1038
421 1038
455 1038
495 1038
584 1038
590 1038
661 1039
672 1039
154 1040
577 1040
286 1041
405 1041
812 1041
12 1043
113 1043
169 1043
193 1043
402 1043
504 1043
182 1044
384 1044
818 1044
752 1045
1037 1045
1041 1045
653 1046
65 1047
241 1047
364 1047
466 1047
653 1048
1046 1048
698 1049
228 1050
61 1051
279 1052
822 1052
517 1054
4 1056
338 1058
496 1058
529 1059
293 1061
16 1062
67 1062
134 1062
199 1062
302 1062
609 1062
713 1062
744 1062
1008 1062
497 1063
302 1064
1037 1064
1045 1064
215 1066
736 1067
811 1067
111 1068
4 1069
8 1070
328 1071
66 1072
279 1073
822 1073
106 1074
103 1075
105 1075
118 1075
155 1075
300 1075
390 1075
417 1075
434 1075
461 1075
517 1075
543 1075
545 1075
548 1075
551 1075
610 1075
808 1075
17 1076
191 1076
199 1076
288 1076
61 1077
189 1077
373 1077
561 1077
4 1078
200 1079
328 1080
338 1080
660 1080
4 1081
660 1083
6 1084
341 1085
666 1085
375 1086
31 1087
341 1087
478 1087
160 1088
404 1088
211 1091
8 1094
174 1096
37 1097
66 1097
558 1097
938 1097
331 1098
80 1099
472 1099
683 1100
2 1101
903 1102
14 1103
241 1103
341 1103
495 1103
136 1104
1020 1104
661 1105
68 1107
81 1107
199 1107
450 1107
486 1107
532 1107
653 1107
677 1107
832 1107
1010 1107
1075 1107
276 1108
328 1110
416 1110
742 1112
3 1113
126 1113
331 1113
616 1114
100 1116
463 1116
902 1117
967 1117
69 1118
120 1118
123 1118
200 1119
416 1120
4 1121
151 1122
445 1122
397 1123
4 1124
199 1125
507 1126
403 1127
537 1127
706 1127
984 1127
405 1128
525 1130
8 1131
1107 1133
896 1134
33 1135
687 1135
463 1136
206 1137
853 1137
1072 1137
903 1138
480 1139
463 1140
370 1141
525 1141
636 1141
660 1141
704 1141
1039 1141
328 1142
89 1143
569 1143
1075 1144
8 1145
61 1146
71 1146
207 1146
260 1146
299 1146
424 1146
466 1146
782 1146
844 1146
957 1146
101 1147
101 1148
336 1149
391 1150
435 1150
560 1150
581 1150
904 1150
947 1150
1044 1150
1118 1150
653 1151
405 1152
4 1153
163 1155
373 1156
204 1157
345 1157
466 1157
695 1157
1043 1157
1122 1157
418 1159
497 1159
66 1160
229 1160
11 1161
14 1162
120 1162
59 1163
200 1164
297 1164
336 1165
175 1166
295 1166
302 1166
496 1166
629 1166
630 1166
88 1167
674 1167
733 1168
336 1171
48 1172
346 1172
577 1172
681 1172
1054 1172
263 1173
174 1174
666 1175
680 1177
123 1178
373 1178
1167 1178
683 1179
76 1180
113 1180
165 1180
331 1180
394 1180
654 1180
705 1180
1047 1180
307 1181
586 1182
101 1183
336 1184
405 1186
7 1187
17 1187
389 1187
390 1187
561 1187
1062 1187
8 1188
21 1188
38 1188
53 1188
90 1188
136 1188
542 1188
680 1188
794 1188
816 1188
819 1188
885 1188
1009 1188
1076 1188
1130 1188
1187 1188
8 1189
76 1189
179 1189
650 1189
719 1189
937 1189
979 1189
1047 1189
274 1190
766 1190
109 1191
193 1191
234 1191
1157 1191
4 1192
463 1194
337 1195
345 1195
695 1195
373 1196
26 1197
61 1197
84 1197
108 1197
331 1197
407 1197
427 1197
525 1197
616 1197
778 1197
874 1197
1116 1197
1140 1197
1176 1197
731 1198
8 1199
4 1201
766 1202
909 1202
4 1205
163 1207
463 1209
1197 1209
89 1211
101 1211
168 1213
525 1213
54 1214
302 1214
356 1214
629 1214
910 1214
972 1214
1047 1214
1103 1214
321 1215
346 1215
414 1215
527 1215
577 1215
703 1215
732 1215
1054 1215
174 1216
911 1218
947 1219
274 1220
766 1220
237 1221
491 1221
616 1221
660 1221
706 1221
174 1222
328 1223
680 1223
211 1224
1146 1225
766 1226
416 1227
776 1228
1075 1229
1 1230
59 1230
70 1230
101 1230
196 1230
329 1230
440 1230
587 1230
661 1230
723 1230
784 1230
875 1230
1009 1230
1080 1230
1189 1230
1197 1230
1213 1230
293 1231
533 1232
837 1232
174 1233
31 1237
863 1237
4 1238
405 1239
283 1240
341 1240
892 1240
10 1241
54 1242
104 1242
212 1242
537 1242
544 1242
992 1242
1157 1242
653 1244
200 1246
462 1246
59 1247
375 1248
988 1248
403 1250
721 1250
508 1251
706 1251
61 1252
200 1253
19 1254
482 1254
661 1254
8 1255
138 1256
1188 1257
537 1258
742 1259
11 1260
4 1261
262 1263
522 1263
106 1264
816 1266
653 1267
525 1268
766 1269
4 1270
794 1272
234 1273
61 1274
189 1274
212 1274
1062 1274
27 1275
482 1275
770 1275
870 1275
884 1275
963 1275
103 1276
105 1276
155 1276
282 1276
300 1276
390 1276
414 1276
448 1276
461 1276
526 1276
551 1276
575 1276
595 1276
623 1276
653 1276
681 1276
731 1276
844 1276
980 1276
1095 1276
1191 1276
1198 1276
1249 1276
4 1277
765 1277
147 1278
384 1278
466 1278
760 1278
818 1278
840 1278
1156 1278
794 1279
661 1280
236 1281
283 1281
284 1281
405 1282
1272 1283
775 1284
7 1285
101 1285
193 1285
221 1285
292 1285
637 1285
680 1285
698 1285
4 1288
63 1288
296 1288
4 1289
103 1290
1107 1290
23 1292
8 1293
403 1294
721 1294
1096 1296
154 1298
300 1298
321 1298
390 1298
414 1298
417 1298
434 1298
461 1298
551 1298
614 1298
766 1298
808 1298
1229 1298
1262 1298
1265 1298
1271 1298
328 1299
4 1300
18 1300
157 1300
264 1300
371 1300
562 1300
724 1300
745 1300
862 1300
1034 1300
1223 1300
661 1301
965 1302
8 1303
4 1305
101 1307
118 1308
155 1308
343 1308
390 1308
414 1308
551 1308
681 1308
1144 1308
1191 1308
1271 1308
2 1309
200 1309
229 1309
241 1309
283 1309
345 1309
405 1309
508 1309
723 1309
870 1309
988 1309
1002 1309
661 1313
667 1314
680 1314
328 1316
721 1317
1022 1318
274 1319
343 1319
810 1320
17 1321
291 1321
483 1321
688 1321
742 1321
852 1321
106 1322
1188 1323
101 1324
193 1324
212 1324
650 1324
1197 1325
2 1326
237 1326
241 1326
405 1326
496 1326
988 1326
1002 1326
59 1327
93 1327
129 1327
135 1327
174 1327
223 1327
242 1327
280 1327
328 1327
358 1327
415 1327
626 1327
704 1327
750 1327
798 1327
864 1327
999 1327
1007 1327
1012 1327
1018 1327
1066 1327
1115 1327
1119 1327
1241 1327
1285 1327
1300 1327
903 1329
1075 1330
1308 1330
463 1331
93 1332
212 1332
426 1332
168 1334
856 1334
1059 1336
7 1337
794 1337
794 1338
106 1339
581 1340
947 1340
378 1343
460 1343
758 1343
4 1344
4 1345
345 1346
364 1346
424 1346
466 1346
516 1346
752 1346
1191 1346
1276 1347
1298 1347
69 1348
1274 1348
1188 1349
53 1350
237 1350
329 1350
331 1350
875 1350
939 1350
1309 1350
1326 1350
766 1351
237 1352
101 1353
721 1354
23 1355
819 1356
1076 1356
1187 1356
903 1357
4 1358
878 1359
987 1359
1320 1360
8 1361
35 1361
55 1361
59 1361
72 1361
229 1361
244 1361
290 1361
902 1361
1137 1361
794 1362
182 1363
91 1364
27 1365
425 1365
659 1365
870 1365
1195 1365
101 1366
4 1367
418 1368
1093 1368
294 1369
341 1369
775 1369
1365 1369
16 1370
276 1370
600 1370
801 1370
1040 1370
1108 1370
1172 1370
101 1371
879 1371
772 1372
8 1374
232 1374
312 1374
316 1374
345 1374
363 1374
883 1374
966 1374
1013 1374
875 1375
889 1375
104 1376
174 1376
967 1376
984 1376
120 1378
122 1378
313 1378
878 1378
642 1379
1066 1379
148 1380
355 1380
965 1381
69 1382
182 1382
1150 1382
1274 1382
3 1383
6 1383
24 1383
101 1383
103 1383
161 1383
195 1383
203 1383
230 1383
237 1383
296 1383
314 1383
327 1383
331 1383
341 1383
374 1383
397 1383
412 1383
495 1383
500 1383
546 1383
586 1383
597 1383
661 1383
760 1383
766 1383
776 1383
835 1383
860 1383
970 1383
975 1383
1001 1383
1015 1383
1188 1383
1199 1383
1204 1383
1291 1383
1310 1383
1327 1383
274 1384
540 1385
715 1385
1126 1386
221 1387
1370 1388
273 1389
326 1389
12 1391
428 1391
751 1391
866 1391
908 1391
1346 1391
540 1392
715 1392
759 1393
6 1394
174 1395
537 1396
386 1397
4 1398
627 1399
736 1399
1067 1399
627 1400
811 1400
1067 1400
380 1401
12 1402
777 1402
212 1403
426 1403
996 1403
1374 1403
4 1405
231 1405
168 1406
663 1406
1040 1406
1215 1406
106 1407
373 1407
48 1409
641 1409
703 1409
1054 1409
1406 1409
8 1410
249 1410
248 1411
399 1411
464 1411
1038 1411
672 1412
163 1413
186 1414
412 1414
523 1414
680 1414
779 1414
870 1414
1318 1414
3 1416
58 1417
902 1417
967 1417
992 1417
996 1417
1293 1418
660 1419
741 1419
291 1421
274 1422
766 1422
1127 1423
1365 1423
6 1424
55 1424
200 1424
1242 1424
4 1425
672 1426
181 1427
222 1427
179 1428
533 1428
654 1428
719 1428
979 1428
1230 1428
178 1429
341 1429
837 1429
328 1430
416 1430
103 1431
1343 1432
69 1433
1150 1433
1340 1433
1289 1434
241 1436
345 1436
1062 1436
1180 1436
616 1437
341 1438
523 1438
594 1438
870 1438
933 1438
1352 1438
1397 1438
338 1439
2 1440
537 1440
1350 1440
77 1442
177 1442
194 1442
238 1442
452 1442
467 1442
739 1442
847 1442
1120 1442
1142 1442
1227 1442
7 1443
314 1443
1433 1444
663 1445
1298 1445
4 1446
1361 1447
331 1448
919 1449
373 1450
904 1450
722 1451
279 1452
241 1453
1327 1453
16 1455
591 1455
1172 1455
1276 1455
200 1457
841 1457
53 1459
91 1459
631 1459
975 1459
1007 1459
1443 1459
14 1460
101 1461
105 1461
222 1461
364 1461
516 1461
695 1461
1041 1461
1235 1461
1402 1461
4 1463
672 1464
558 1465
938 1465
1300 1467
1442 1467
653 1468
663 1468
1040 1468
1215 1468
174 1470
4 1471
1276 1472
657 1473
661 1473
969 1473
241 1474
206 1475
921 1475
1137 1475
19 1476
314 1476
5 1477
652 1478
4 1479
182 1482
384 1482
456 1482
127 1483
1091 1484
174 1485
403 1486
698 1487
772 1487
537 1488
303 1489
103 1490
1107 1490
1073 1491
2 1493
1094 1494
1255 1494
416 1495
1442 1495
338 1496
496 1496
1230 1496
12 1497
59 1497
64 1497
79 1497
115 1497
160 1497
174 1497
200 1497
225 1497
239 1497
268 1497
292 1497
310 1497
338 1497
341 1497
347 1497
384 1497
395 1497
408 1497
430 1497
470 1497
496 1497
524 1497
535 1497
564 1497
640 1497
661 1497
687 1497
691 1497
698 1497
783 1497
792 1497
831 1497
901 1497
906 1497
908 1497
1022 1497
1024 1497
1132 1497
1135 1497
1147 1497
1148 1497
1211 1497
1230 1497
1234 1497
1286 1497
1307 1497
1324 1497
1326 1497
1340 1497
1346 1497
1353 1497
488 1498
995 1498
101 1499
212 1499
970 1499
996 1499
87 1500
1160 1500
680 1501
1062 1502
663 1503
1040 1503
1172 1503
1215 1503
59 1504
1364 1504
316 1505
425 1506
508 1506
648 1506
1175 1506
1429 1506
174 1507
537 1507
680 1507
970 1507
1374 1507
586 1508
960 1508
970 1508
984 1508
1281 1508
1374 1508
1423 1508
4 1509
1497 1510
14 1511
241 1511
345 1511
752 1511
1062 1511
279 1512
373 1512
416 1514
651 1515
355 1516
70 1517
509 1517
676 1517
736 1517
14 1519
373 1519
1255 1520
241 1521
345 1521
852 1521
1062 1521
361 1522
104 1523
212 1523
271 1523
544 1523
941 1523
1281 1523
331 1524
617 1524
1209 1524
274 1525
993 1525
463 1526
1197 1526
65 1527
733 1529
863 1529
52 1530
104 1530
228 1530
742 1530
776 1530
1154 1530
1281 1530
1528 1530
496 1531
616 1531
1022 1531
1037 1531
583 1532
653 1534
15 1535
61 1535
120 1535
139 1535
456 1535
466 1535
552 1535
563 1535
702 1535
737 1535
816 1535
1043 1535
1077 1535
1321 1535
127 1536
663 1538
499 1539
7 1540
24 1540
30 1540
82 1540
203 1540
260 1540
269 1540
274 1540
331 1540
334 1540
341 1540
409 1540
410 1540
412 1540
451 1540
495 1540
519 1540
546 1540
572 1540
597 1540
680 1540
704 1540
742 1540
797 1540
875 1540
1070 1540
1309 1540
1350 1540
1361 1540
1374 1540
1418 1540
1443 1540
463 1541
1209 1541
168 1542
663 1542
731 1542
1040 1542
1126 1543
4 1544
59 1544
412 1544
440 1544
1364 1544
1075 1545
1075 1546
1144 1546
1298 1546
1300 1547
8 1548
405 1549
106 1550
524 1551
1497 1551
10 1552
200 1552
292 1553
341 1553
1013 1553
1383 1554
1062 1555
328 1556
875 1557
1409 1558
250 1559
458 1559
776 1559
1383 1560
1433 1561
331 1562
337 1562
345 1562
496 1562
695 1562
752 1562
1047 1562
1365 1562
93 1563
1395 1564
995 1565
373 1567
483 1568
854 1568
1017 1568
73 1569
780 1571
1465 1573
1377 1574
101 1575
879 1575
1497 1575
303 1576
399 1576
495 1576
648 1576
755 1576
1087 1576
1180 1576
1237 1576
1297 1576
1420 1576
965 1577
1302 1577
403 1578
491 1578
690 1578
776 1578
1423 1578
113 1579
345 1579
697 1579
903 1580
5 1581
266 1582
892 1583
1285 1583
8 1584
232 1584
325 1584
621 1584
966 1584
1403 1584
1499 1584
113 1585
695 1585
697 1585
752 1585
872 1585
1275 1585
1492 1585
1465 1586
27 1587
482 1587
870 1587
963 1587
1423 1587
1585 1587
1308 1588
4 1589
36 1590
258 1590
775 1590
1383 1590
1433 1590
1508 1590
1578 1590
106 1591
1287 1591
11 1592
13 1593
488 1593
511 1593
582 1593
174 1594
89 1595
262 1596
721 1597
1361 1598
653 1599
1276 1600
736 1601
970 1601
1230 1601
1350 1601
1018 1602
1327 1602
175 1603
228 1603
240 1603
496 1603
544 1603
629 1603
764 1603
51 1604
156 1604
236 1604
345 1604
400 1604
627 1604
628 1604
816 1604
885 1604
1009 1604
1517 1604
1601 1604
661 1605
1301 1605
200 1606
342 1606
222 1607
200 1608
91 1609
680 1610
416 1613
1442 1613
965 1614
328 1615
174 1616
459 1616
965 1617
17 1618
70 1618
199 1618
509 1618
622 1618
634 1618
776 1618
1532 1618
73 1620
794 1620
174 1621
237 1623
478 1623
491 1623
660 1623
875 1624
1214 1624
1603 1624
714 1625
14 1626
54 1626
263 1626
285 1626
299 1626
356 1626
373 1626
419 1626
609 1626
663 1626
664 1626
684 1626
947 1626
1162 1626
16 1627
372 1627
585 1627
1215 1627
1298 1627
1409 1627
16 1628
591 1628
1298 1628
721 1629
11 1630
103 1631
155 1631
245 1631
246 1631
396 1631
414 1631
763 1631
1048 1631
1107 1631
1570 1631
101 1632
11 1633
775 1633
1578 1633
1626 1633
4 1634
54 1635
185 1635
331 1635
340 1635
356 1635
402 1635
493 1635
697 1635
873 1635
4 1636
6 1637
621 1638
639 1638
883 1638
1383 1638
1508 1638
236 1639
296 1639
308 1639
345 1640
496 1640
695 1640
752 1640
120 1641
674 1642
1122 1642
1402 1642
10 1643
443 1644
106 1645
138 1646
463 1646
1197 1646
1325 1646
1276 1647
944 1648
1374 1648
118 1649
346 1649
390 1649
414 1649
417 1649
461 1649
526 1649
551 1649
681 1649
1546 1649
1628 1649
1647 1649
1276 1650
386 1651
3 1652
96 1652
661 1652
559 1653
802 1653
1200 1653
1300 1653
4 1654
892 1655
405 1656
31 1657
863 1657
274 1658
386 1659
425 1659
489 1659
491 1659
1275 1659
1414 1659
1438 1659
341 1660
399 1660
1428 1660
17 1662
1593 1662
616 1663
229 1664
1375 1664
313 1665
780 1665
971 1665
54 1666
55 1666
237 1666
776 1666
842 1666
902 1666
977 1666
1157 1666
1195 1666
1638 1666
174 1667
482 1669
1038 1669
106 1670
160 1671
341 1673
496 1673
1075 1674
1298 1674
1649 1674
755 1675
1576 1675
209 1677
541 1678
1107 1679
12 1680
54 1680
104 1680
287 1680
405 1680
776 1680
842 1680
967 1680
970 1680
977 1680
1157 1680
1195 1680
1281 1680
1346 1680
1374 1680
1511 1680
1521 1680
1562 1680
1073 1681
93 1682
426 1682
996 1682
4 1683
4 1684
229 1685
306 1686
978 1686
1022 1686
1414 1686
1540 1686
1544 1686
12 1687
345 1687
742 1687
970 1687
1195 1687
1436 1687
693 1688
336 1689
200 1690
1038 1690
101 1692
1497 1692
1188 1693
335 1694
378 1694
492 1694
1042 1694
1224 1694
200 1695
464 1695
592 1695
1489 1696
1285 1697
522 1698
822 1698
2 1699
4 1700
591 1701
1276 1701
331 1702
147 1703
1150 1703
463 1704
1197 1704
23 1705
556 1705
801 1706
1370 1706
101 1707
875 1708
1603 1708
722 1709
1383 1709
892 1710
1285 1710
373 1712
766 1713
1107 1713
1276 1714
65 1715
896 1715
1180 1715
1428 1715
1454 1716
14 1718
875 1718
109 1719
169 1719
193 1719
504 1719
1047 1719
1278 1719
1298 1719
1346 1719
1461 1719
1535 1719
1073 1720
370 1721
660 1721
704 1721
1007 1721
1039 1721
1141 1721
1412 1721
1059 1722
1062 1723
52 1724
87 1724
482 1724
633 1724
896 1724
174 1725
204 1726
777 1726
1461 1726
283 1728
530 1728
568 1728
629 1728
1166 1728
1456 1728
4 1729
1125 1730
328 1731
341 1733
584 1733
775 1733
1365 1733
877 1734
1442 1734
1495 1734
1518 1734
1481 1735
766 1736
4 1737
2 1738
146 1738
314 1738
412 1738
438 1738
1007 1738
977 1739
1579 1739
10 1740
83 1741
698 1741
838 1741
855 1741
959 1741
1285 1741
1230 1742
1309 1742
2 1743
736 1743
1230 1743
1604 1743
101 1745
1371 1745
1575 1745
6 1746
19 1746
672 1746
1721 1746
1497 1747
603 1748
839 1748
1109 1748
1320 1748
1360 1748
1389 1748
1661 1748
1688 1748
331 1749
11 1750
193 1750
234 1750
650 1750
1461 1750
23 1751
680 1752
582 1753
1017 1753
1517 1753
1568 1753
103 1754
66 1755
1465 1755
724 1756
4 1757
1508 1758
1578 1758
241 1759
228 1760
736 1760
967 1760
1374 1760
1604 1760
1188 1761
163 1762
4 1763
1636 1763
380 1764
1189 1764
1428 1764
174 1765
1374 1765
480 1766
1218 1766
4 1767
228 1768
616 1769
6 1770
7 1770
24 1770
161 1770
174 1770
195 1770
296 1770
314 1770
341 1770
412 1770
500 1770
519 1770
597 1770
661 1770
760 1770
776 1770
835 1770
860 1770
970 1770
1107 1770
1156 1770
1180 1770
1204 1770
1255 1770
1304 1770
1310 1770
1539 1770
1584 1770
1590 1770
1638 1770
1709 1770
666 1771
1506 1771
678 1772
88 1773
222 1773
835 1773
281 1774
365 1774
556 1774
567 1774
1309 1774
1751 1774
413 1775
537 1776
1374 1776
1584 1776
316 1777
463 1778
4 1779
8 1780
294 1780
816 1780
885 1780
958 1780
975 1780
1030 1780
1112 1780
1169 1780
1259 1780
1376 1780
1662 1780
149 1781
1116 1782
678 1784
283 1786
1417 1786
101 1787
1497 1787
845 1788
1215 1788
4 1789
20 1790
483 1790
174 1791
4 1792
1097 1793
6 1794
106 1795
163 1796
101 1797
1370 1798
1 1799
37 1799
87 1799
558 1799
920 1799
1160 1799
1513 1799
1685 1799
12 1800
1461 1800
303 1801
174 1802
687 1804
148 1805
357 1805
541 1805
663 1805
1040 1805
1108 1805
742 1806
1780 1806
405 1807
1585 1807
1276 1808
4 1809
950 1809
1500 1810
4 1811
163 1813
103 1814
241 1815
1214 1815
59 1816
173 1816
495 1818
904 1819
14 1820
399 1821
721 1822
495 1823
341 1824
1773 1825
616 1826
726 1826
652 1827
1298 1828
4 1829
331 1830
341 1830
1517 1830
1618 1830
138 1831
892 1832
1535 1833
4 1834
193 1835
234 1835
650 1835
678 1835
106 1836
57 1837
185 1837
241 1837
1666 1837
1734 1838
1086 1839
4 1840
148 1841
541 1841
1108 1841
1380 1841
1540 1842
1770 1842
416 1843
721 1844
405 1845
50 1846
208 1846
570 1846
604 1846
642 1846
711 1846
851 1846
857 1846
868 1846
1082 1846
1285 1846
1333 1846
1379 1846
1453 1846
1515 1846
1563 1846
1619 1846
1327 1847
303 1848
399 1848
755 1848
1087 1848
1180 1848
1297 1848
1657 1848
103 1849
118 1849
390 1849
417 1849
461 1849
543 1849
551 1849
554 1849
1089 1849
1144 1849
1330 1849
1335 1849
1408 1849
1480 1849
1546 1849
1628 1849
1647 1849
1803 1849
101 1850
1497 1850
478 1851
1180 1851
1428 1851
291 1852
825 1852
403 1853
760 1853
960 1853
1131 1853
81 1854
307 1854
585 1854
1540 1854
1668 1854
1770 1854
660 1856
1080 1856
1230 1856
1470 1856
1 1857
779 1857
861 1857
1318 1857
1531 1857
1686 1857
14 1858
299 1858
1146 1858
405 1859
495 1860
1166 1860
160 1861
405 1862
10 1863
120 1864
1187 1864
174 1865
776 1865
984 1865
1442 1865
1780 1865
514 1866
1248 1866
591 1867
1383 1868
1475 1869
172 1870
259 1870
330 1870
1435 1870
386 1871
1145 1872
1327 1873
52 1874
87 1874
404 1874
482 1874
714 1874
875 1874
896 1874
1088 1874
1625 1874
127 1875
81 1876
74 1877
478 1877
1506 1877
1857 1877
391 1878
581 1878
1044 1878
1127 1878
1182 1878
1383 1878
3 1879
26 1879
59 1879
61 1879
79 1879
108 1879
188 1879
200 1879
212 1879
293 1879
308 1879
310 1879
324 1879
338 1879
341 1879
344 1879
353 1879
523 1879
536 1879
542 1879
557 1879
616 1879
632 1879
640 1879
660 1879
661 1879
751 1879
772 1879
783 1879
792 1879
879 1879
883 1879
916 1879
1022 1879
1024 1879
1183 1879
1211 1879
1230 1879
1234 1879
1236 1879
1285 1879
1286 1879
1307 1879
1324 1879
1353 1879
1366 1879
1371 1879
1461 1879
1575 1879
1741 1879
1745 1879
1770 1879
1787 1879
1797 1879
1850 1879
123 1880
428 1880
536 1880
751 1880
1146 1880
1540 1880
1770 1880
893 1882
1370 1882
1678 1882
8 1883
34 1883
1310 1883
1872 1883
168 1884
653 1884
1172 1884
919 1885
1146 1886
721 1887
1590 1887
8 1888
8 1889
1215 1890
212 1891
984 1891
27 1892
1587 1892
1635 1892
83 1894
101 1894
638 1894
855 1894
943 1894
959 1894
1578 1895
733 1896
863 1896
687 1897
331 1898
51 1899
345 1899
628 1899
773 1899
1117 1899
1376 1899
1508 1899
1865 1899
151 1900
1157 1900
1167 1900
1346 1900
1642 1900
361 1901
1327 1901
1879 1902
287 1903
1107 1904
17 1905
4 1906
174 1907
1343 1908
1327 1909
405 1910
260 1911
511 1911
947 1911
1170 1911
1825 1911
586 1912
721 1912
1590 1912
965 1913
1302 1913
127 1914
1361 1915
1383 1916
1146 1917
661 1918
1315 1919
1343 1919
174 1921
212 1921
1343 1922
1799 1923
4 1924
7 1925
10 1925
101 1925
106 1925
192 1925
525 1925
698 1925
1741 1925
384 1926
840 1926
1156 1926
1878 1926
1059 1927
687 1928
1846 1929
1770 1930
660 1931
1022 1931
1230 1931
463 1932
977 1933
1579 1933
1585 1933
1739 1933
1846 1934
865 1935
390 1936
466 1936
819 1936
1077 1936
1750 1936
1215 1937
174 1939
775 1940
1127 1940
1221 1940
1300 1941
123 1942
1854 1942
11 1943
291 1943
341 1944
837 1944
294 1945
341 1945
775 1945
1365 1945
59 1946
680 1946
1374 1946
1107 1947
58 1948
504 1948
7 1949
148 1950
1805 1950
766 1951
336 1952
799 1952
1576 1953
1848 1953
463 1954
580 1954
1782 1954
403 1955
721 1955
174 1956
921 1957
174 1958
715 1959
23 1960
653 1961
4 1963
106 1964
279 1964
819 1965
885 1965
1076 1965
1187 1965
1502 1965
1141 1966
338 1967
1022 1967
1734 1968
355 1969
893 1969
1678 1969
1104 1970
1327 1971
455 1972
896 1972
940 1972
537 1973
1374 1973
4 1974
1677 1975
143 1976
217 1976
291 1976
301 1976
403 1976
422 1976
439 1976
449 1976
521 1976
618 1976
743 1976
793 1976
867 1976
869 1976
998 1976
1060 1976
1146 1976
1312 1976
1536 1976
1732 1976
1875 1976
661 1977
198 1978
1172 1978
1380 1978
1805 1978
1950 1978
112 1980
260 1980
263 1980
679 1980
947 1980
1825 1980
1738 1981
237 1982
440 1982
661 1982
1309 1982
1326 1982
1350 1982
1601 1982
174 1983
1300 1984
581 1985
537 1986
386 1988
721 1989
775 1990
525 1991
693 1992
4 1993
1327 1994
903 1995
766 1996
59 1997
578 1998
591 1998
1298 1998
1649 1998
355 1999
390 2000
466 2000
819 2000
1187 2000
1835 2000
31 2001
863 2001
1576 2001
1919 2002
731 2003
1276 2003
1127 2004
229 2005
237 2006
386 2006
212 2007
228 2007
243 2007
426 2007
537 2007
1374 2008
174 2009
825 2010
1980 2010
276 2011
801 2011
1370 2011
794 2012
5 2013
8 2013
160 2013
200 2013
556 2013
876 2013
1375 2013
1500 2013
1540 2013
1799 2013
1857 2013
1938 2013
4 2014
89 2015
569 2015
126 2016
661 2016
672 2016
1877 2016
678 2017
1146 2017
1157 2017
1276 2017
1346 2017
1565 2017
43 2019
780 2019
840 2019
878 2019
948 2019
1206 2019
1450 2019
1819 2019
1987 2019
386 2020
541 2021
154 2022
346 2022
390 2022
512 2022
551 2022
641 2022
817 2022
990 2022
1406 2022
1445 2022
1627 2022
211 2023
463 2024
1116 2024
328 2025
386 2026
1772 2027
8 2028
291 2028
373 2028
1535 2028
1540 2028
11 2029
163 2029
759 2029
1146 2029
680 2030
1188 2030
1172 2031
1631 2031
283 2032
628 2032
1013 2032
1376 2032
1666 2032
1680 2032
721 2033
727 2034
174 2035
550 2037
331 2038
236 2039
296 2039
395 2039
619 2039
775 2039
1057 2039
1760 2039
341 2040
837 2040
1383 2041
106 2042
4 2043
241 2044
109 2045
193 2045
678 2045
240 2047
949 2047
57 2048
185 2048
584 2048
1298 2049
1828 2049
1127 2050
355 2051
893 2051
1525 2051
1976 2052
236 2053
296 2053
604 2053
1057 2053
1403 2053
721 2054
931 2054
54 2055
95 2055
356 2055
493 2055
697 2055
828 2055
873 2055
1275 2055
1309 2055
1739 2055
1933 2055
896 2056
85 2057
199 2057
307 2057
1383 2057
1876 2057
294 2058
819 2058
1578 2058
687 2059
416 2060
829 2061
1300 2061
174 2062
4 2063
291 2064
1911 2064
1980 2064
1146 2065
4 2066
646 2066
708 2066
728 2066
951 2066
1855 2066
66 2068
1475 2068
1872 2069
1442 2070
232 2071
1499 2071
1776 2071
1107 2072
155 2073
526 2073
551 2073
575 2073
1276 2073
1542 2073
1803 2073
1867 2073
1961 2073
2003 2073
341 2074
355 2075
1107 2076
182 2077
373 2077
456 2077
1905 2077
211 2078
378 2078
1343 2078
8 2079
95 2079
166 2079
193 2079
405 2079
440 2079
587 2079
660 2079
672 2079
861 2079
1007 2079
1055 2079
1083 2079
1141 2079
1197 2079
1268 2079
1419 2079
1428 2079
1436 2079
1721 2079
1925 2079
1991 2079
2055 2079
1849 2080
45 2082
116 2082
174 2082
212 2082
218 2082
252 2082
280 2082
292 2082
570 2082
651 2082
1012 2082
1082 2082
1285 2082
1300 2082
1333 2082
1379 2082
1504 2082
1619 2082
1863 2082
856 2083
1406 2083
1542 2083
61 2084
273 2085
279 2085
603 2085
961 2085
1389 2085
1661 2085
1688 2085
1992 2085
663 2086
2022 2087
328 2088
1059 2089
97 2090
405 2090
1635 2090
1876 2091
683 2092
816 2092
1271 2093
200 2095
248 2095
525 2096
1268 2096
2079 2096
1585 2097
443 2098
1644 2098
296 2099
775 2099
1032 2099
1403 2099
1639 2099
1682 2099
2007 2099
274 2100
305 2102
1532 2102
1498 2103
317 2104
283 2105
1117 2105
1376 2105
1666 2105
1680 2105
1760 2105
274 2106
1308 2106
106 2107
61 2108
1 2109
37 2109
119 2109
201 2109
317 2109
558 2109
680 2109
938 2109
1586 2109
1717 2109
1979 2109
2013 2109
2104 2109
507 2110
839 2110
1386 2110
106 2111
59 2112
463 2112
508 2112
670 2112
863 2112
919 2112
1449 2112
672 2113
123 2114
151 2114
373 2114
777 2114
1461 2114
638 2115
855 2115
892 2115
1879 2115
163 2116
1537 2117
1846 2118
87 2119
277 2119
558 2119
1160 2119
93 2120
259 2120
330 2120
966 2120
1768 2120
178 2121
919 2121
45 2122
129 2122
626 2122
642 2122
704 2122
1193 2122
1333 2122
1783 2122
174 2123
416 2124
537 2124
1442 2124
1899 2124
1990 2124
2032 2124
182 2125
403 2127
1590 2127
794 2128
2012 2128
463 2130
1343 2131
1879 2132
508 2133
1106 2133
1175 2133
1771 2133
1877 2133
1962 2133
228 2134
2036 2135
212 2136
403 2136
706 2136
984 2136
1899 2136
1940 2136
463 2137
1500 2138
2119 2138
1535 2139
1980 2139
93 2140
101 2140
212 2140
537 2140
1920 2140
2067 2140
2 2141
59 2141
970 2141
1188 2141
1604 2141
1075 2142
390 2143
417 2143
461 2143
543 2143
548 2143
551 2143
808 2143
1229 2143
1265 2143
1330 2143
1335 2143
1404 2143
1408 2143
1462 2143
1480 2143
1534 2143
1628 2143
1647 2143
480 2144
174 2145
291 2145
509 2145
676 2145
1306 2145
112 2146
204 2146
260 2146
389 2146
947 2146
956 2146
1361 2146
1880 2146
331 2147
766 2149
16 2150
663 2150
1172 2150
1276 2150
1298 2150
2022 2150
1872 2151
174 2152
626 2152
704 2152
1012 2152
1333 2152
1643 2152
1711 2152
1863 2152
1925 2152
1911 2153
163 2154
825 2154
1911 2154
660 2155
1728 2156
76 2157
126 2157
650 2157
660 2157
937 2157
1401 2157
1557 2157
1708 2157
1744 2157
1818 2157
2129 2157
1040 2158
1276 2158
338 2159
591 2160
731 2160
200 2161
147 2162
840 2162
1156 2162
537 2163
1454 2163
484 2164
1020 2164
1158 2164
1970 2164
591 2165
1075 2165
1276 2165
1409 2165
2022 2165
776 2166
1030 2166
1780 2166
1300 2167
695 2168
1166 2168
1242 2168
1603 2168
200 2169
59 2170
193 2170
341 2171
399 2171
1180 2171
1008 2172
1062 2172
1626 2172
2 2173
23 2173
345 2173
496 2173
616 2173
1383 2173
1659 2173
1839 2173
1982 2173
522 2174
1126 2174
1407 2174
1964 2174
8 2175
1111 2175
1255 2175
1494 2175
1520 2175
1770 2175
1881 2175
4 2176
1748 2177
697 2178
1585 2178
1933 2178
212 2179
589 2179
1497 2179
2067 2179
2099 2179
48 2180
551 2180
703 2180
817 2180
1558 2180
1627 2180
2158 2180
416 2181
1298 2182
51 2183
345 2183
359 2183
627 2183
628 2183
695 2183
816 2183
885 2183
1009 2183
1223 2183
1399 2183
1760 2183
958 2184
1604 2184
383 2186
721 2186
59 2187
193 2187
240 2187
842 2187
1718 2187
2170 2187
200 2188
4 2189
7 2192
314 2192
1459 2192
1540 2192
1774 2193
1719 2194
1835 2194
2017 2194
2045 2194
16 2196
134 2196
193 2196
199 2196
373 2196
606 2196
609 2196
713 2196
744 2196
819 2196
1008 2196
1187 2196
1274 2196
1436 2196
1511 2196
1521 2196
1723 2196
2081 2196
174 2197
1405 2198
342 2199
1341 2199
4 2200
663 2201
731 2201
1040 2201
1542 2201
2073 2201
405 2202
1766 2203
221 2205
240 2205
698 2205
949 2205
76 2206
533 2206
650 2206
660 2206
755 2206
937 2206
1557 2206
1744 2206
1818 2206
1953 2206
1146 2207
584 2208
775 2208
1365 2208
463 2209
1976 2210
16 2211
663 2211
1172 2211
1308 2211
2022 2211
1976 2213
6 2214
65 2214
386 2214
425 2214
489 2214
616 2214
875 2214
1197 2214
1438 2214
1497 2214
112 2215
1980 2215
405 2216
16 2217
591 2217
1276 2217
1308 2217
1631 2217
200 2218
2082 2218
309 2219
2066 2219
716 2220
918 2220
1626 2221
773 2222
1365 2222
1846 2223
341 2224
533 2224
1489 2224
1529 2224
16 2225
731 2225
763 2225
616 2226
965 2227
1577 2227
1484 2228
1694 2228
1976 2229
138 2230
825 2231
1146 2231
1911 2231
389 2232
391 2232
561 2232
581 2232
606 2232
962 2232
1008 2232
1077 2232
1118 2232
1146 2232
1382 2232
1665 2232
1864 2232
345 2233
970 2233
1521 2233
1562 2233
2173 2233
200 2234
110 2235
186 2235
1035 2235
1877 2235
2013 2235
496 2236
1062 2236
1117 2236
2233 2236
661 2237
4 2238
398 2238
2168 2239
965 2240
45 2241
851 2241
1504 2241
1711 2241
1863 2241
1484 2242
1694 2242
87 2243
558 2243
1160 2243
2138 2243
766 2244
1422 2244
687 2245
1135 2245
2024 2245
26 2246
72 2246
235 2246
244 2246
315 2246
367 2246
407 2246
616 2246
778 2246
1140 2246
1176 2246
1254 2246
1458 2246
1646 2246
2036 2246
2036 2247
758 2248
1042 2248
1315 2248
1432 2248
1922 2248
2078 2248
2131 2248
4 2249
163 2250
631 2251
1504 2251
1544 2251
1668 2252
244 2253
283 2253
496 2253
695 2253
1038 2253
2246 2253
28 2254
44 2254
159 2254
255 2254
294 2254
401 2254
447 2254
539 2254
674 2254
688 2254
773 2254
888 2254
890 2254
923 2254
962 2254
964 2254
974 2254
995 2254
1008 2254
1065 2254
1074 2254
1127 2254
1287 2254
1339 2254
1533 2254
1550 2254
1566 2254
1578 2254
1591 2254
1645 2254
1670 2254
1785 2254
1836 2254
1891 2254
2042 2254
2107 2254
2190 2254
2212 2254
1302 2255
2227 2255
1976 2256
106 2257
616 2258
1350 2258
2079 2258
1424 2260
1680 2260
1805 2261
766 2262
241 2263
338 2263
163 2264
436 2264
558 2265
875 2265
889 2265
938 2265
1072 2265
1097 2265
2013 2265
2068 2265
205 2266
1246 2266
1879 2267
274 2268
1428 2269
237 2270
567 2270
571 2270
1309 2270
1355 2270
2173 2270
1879 2271
525 2272
1062 2272
1242 2272
1635 2272
1666 2272
1680 2272
1370 2273
2022 2274
45 2275
129 2275
280 2275
626 2275
642 2275
704 2275
1082 2275
1193 2275
1241 2275
1300 2275
1333 2275
2218 2275
581 2276
1568 2276
8 2277
1451 2277
1709 2277
1868 2277
336 2278
1574 2279
591 2280
1976 2282
10 2283
1846 2283
2152 2283
896 2284
1361 2284
2187 2285
2206 2285
875 2286
1324 2286
1846 2287
2082 2287
2152 2287
91 2288
2183 2288
287 2289
112 2290
207 2290
260 2290
487 2290
511 2290
1170 2290
1852 2290
2010 2290
2029 2290
2215 2290
168 2291
390 2291
1576 2293
1540 2294
4 2295
1277 2295
8 2296
499 2296
1539 2296
1540 2296
1976 2297
1631 2298
4 2299
658 2299
846 2300
2036 2300
6 2301
1361 2301
59 2303
950 2304
4 2305
4 2306
405 2307
1442 2308
2 2309
16 2310
134 2310
199 2310
302 2310
419 2310
609 2310
713 2310
744 2310
1008 2310
1077 2310
1217 2310
1274 2310
1511 2310
1521 2310
2022 2310
2077 2310
2236 2310
522 2311
1052 2311
23 2312
200 2313
2254 2314
211 2315
852 2316
1062 2316
65 2317
174 2318
1370 2319
1287 2320
396 2322
538 2322
545 2322
591 2322
641 2322
763 2322
1107 2322
1570 2322
2003 2322
2281 2322
2298 2322
4 2323
405 2324
537 2325
533 2326
168 2327
1442 2328
101 2329
1879 2329
661 2330
545 2331
1849 2331
2073 2331
2143 2331
1276 2332
1849 2332
2022 2332
2180 2332
721 2333
162 2334
1329 2334
1357 2334
5 2335
1022 2335
2235 2335
414 2336
545 2336
551 2336
614 2336
1144 2336
1191 2336
1271 2336
1330 2336
1480 2336
2217 2336
174 2337
1395 2337
59 2338
636 2338
700 2338
704 2338
718 2338
963 2338
1426 2338
1464 2338
1537 2338
1746 2338
1966 2338
2079 2338
653 2339
292 2340
174 2341
1306 2342
1517 2342
1618 2342
2145 2342
373 2344
775 2344
55 2345
101 2345
192 2345
228 2345
241 2345
244 2345
295 2345
576 2345
654 2345
664 2345
741 2345
862 2345
972 2345
1058 2345
1166 2345
1214 2345
1309 2345
1326 2345
1419 2345
1496 2345
1531 2345
1562 2345
1585 2345
1673 2345
1728 2345
1879 2345
1929 2345
2173 2345
2239 2345
2272 2345
33 2346
580 2346
2245 2346
1461 2347
1277 2349
1497 2350
1879 2350
816 2351
1975 2351
950 2352
2304 2352
174 2353
1574 2354
385 2355
1285 2355
36 2356
272 2356
506 2356
555 2356
727 2356
754 2356
805 2356
905 2356
931 2356
982 2356
1185 2356
1317 2356
1390 2356
1612 2356
1727 2356
1775 2356
1822 2356
1844 2356
1887 2356
1912 2356
1955 2356
1989 2356
2033 2356
2054 2356
2185 2356
2186 2356
2321 2356
2333 2356
1540 2357
1878 2358
65 2359
837 2359
1506 2359
2133 2359
8 2360
63 2360
775 2360
1242 2360
1523 2360
1530 2360
2124 2360
191 2362
291 2362
1535 2362
1753 2362
1780 2362
307 2363
277 2364
1810 2364
1923 2364
2013 2364
17 2365
103 2365
123 2365
307 2365
1107 2365
2145 2365
1497 2366
23 2367
1846 2368
2082 2368
331 2369
687 2371
1209 2372
174 2373
279 2374
2254 2374
698 2375
2254 2375
1066 2376
810 2377
1320 2377
1748 2377
2085 2377
581 2378
1107 2379
4 2380
2036 2381
2247 2381
2300 2381
807 2382
88 2383
222 2383
260 2383
511 2383
563 2383
835 2383
1880 2383
2356 2384
2018 2385
2156 2385
865 2386
338 2387
1748 2388
294 2389
819 2389
885 2389
1076 2389
1502 2389
73 2391
322 2391
350 2391
680 2391
689 2391
1188 2391
1569 2391
2094 2391
2164 2391
1145 2392
1883 2392
427 2393
463 2393
1197 2393
1327 2394
4 2395
153 2395
177 2395
194 2395
238 2395
247 2395
338 2395
459 2395
474 2395
501 2395
513 2395
767 2395
843 2395
858 2395
887 2395
895 2395
1023 2395
1174 2395
1208 2395
1210 2395
1212 2395
1222 2395
1233 2395
1243 2395
1245 2395
1295 2395
1507 2395
1611 2395
1725 2395
1770 2395
1973 2395
2046 2395
2123 2395
2145 2395
2170 2395
2197 2395
2318 2395
2337 2395
2373 2395
794 2396
653 2398
1631 2398
262 2399
693 2399
228 2400
1870 2400
2120 2400
1849 2401
2143 2401
2395 2402
1878 2403
4 2404
733 2405
1848 2405
4 2406
946 2406
53 2407
91 2407
631 2407
975 2407
1007 2407
94 2408
244 2408
286 2408
302 2408
756 2408
812 2408
1045 2408
1511 2408
1521 2408
1579 2408
1640 2408
1837 2408
2178 2408
2239 2408
2253 2408
336 2409
1952 2409
680 2410
661 2411
1977 2411
58 2412
902 2412
984 2412
992 2412
996 2412
1281 2412
1374 2412
495 2413
331 2414
106 2415
704 2416
736 2416
1540 2416
341 2417
654 2417
7 2418
19 2418
314 2418
331 2418
1828 2419
8 2420
174 2421
525 2422
770 2422
1062 2422
1523 2422
1635 2422
1680 2422
2310 2422
262 2423
591 2424
1075 2424
1276 2424
1409 2424
1146 2425
328 2426
386 2427
495 2428
4 2429
1107 2430
4 2432
4 2433
163 2434
101 2435
32 2436
616 2436
1230 2436
1414 2436
2079 2436
100 2437
1116 2437
405 2438
167 2439
405 2439
391 2440
560 2440
581 2440
678 2440
947 2440
1118 2440
1203 2440
1278 2440
1382 2440
2019 2440
2162 2440
297 2441
899 2441
2199 2441
1651 2442
174 2443
1233 2443
2254 2444
2399 2444
686 2445
1679 2445
292 2446
495 2446
892 2446
1214 2446
1925 2446
2047 2446
2187 2446
2205 2446
1846 2447
721 2448
174 2449
331 2450
1383 2451
2386 2452
1146 2453
1497 2454
4 2455
200 2456
1107 2457
8 2458
1523 2458
1540 2458
1680 2458
2 2459
1230 2459
291 2460
390 2460
307 2461
1540 2462
1911 2462
1980 2462
2290 2462
2022 2463
243 2464
120 2465
122 2465
313 2465
878 2465
971 2465
1378 2465
8 2466
168 2467
663 2467
1215 2467
1409 2467
2083 2467
2180 2467
1582 2468
2022 2469
698 2470
1644 2470
1741 2470
2098 2470
2446 2470
680 2471
1188 2471
2252 2472
1484 2473
1694 2473
416 2474
373 2475
678 2475
1383 2475
1703 2475
1770 2475
1853 2475
54 2476
55 2476
287 2476
295 2476
776 2476
842 2476
902 2476
977 2476
1157 2476
1281 2476
1346 2476
1780 2476
1837 2476
2032 2476
2048 2476
2259 2476
775 2477
509 2478
736 2478
1306 2478
1604 2478
1753 2478
2342 2478
383 2479
4 2480
56 2481
1010 2481
1736 2481
483 2482
581 2482
1359 2482
1571 2482
1665 2482
661 2483
355 2484
596 2485
433 2486
807 2486
11 2488
373 2488
1146 2488
1976 2489
1524 2490
478 2491
875 2491
1189 2491
1191 2491
1750 2491
2206 2491
807 2492
2382 2492
386 2493
963 2493
41 2494
2478 2494
303 2495
234 2496
844 2496
1191 2496
1273 2496
721 2497
127 2498
2356 2498
1276 2499
829 2500
1300 2500
2061 2500
416 2501
877 2501
1495 2501
19 2502
1197 2502
1721 2502
2246 2502
2338 2502
1300 2503
160 2504
4 2505
1124 2505
919 2506
2112 2506
279 2507
839 2507
1263 2507
1491 2507
1681 2507
1720 2507
2101 2507
55 2508
237 2508
405 2508
776 2508
902 2508
977 2508
1157 2508
1195 2508
1281 2508
1346 2508
1640 2508
1780 2508
1837 2508
2032 2508
2105 2508
2260 2508
2356 2509
1532 2510
731 2511
1276 2511
2073 2511
45 2512
218 2512
252 2512
280 2512
292 2512
851 2512
1285 2512
1333 2512
1379 2512
1504 2512
1544 2512
1552 2512
1643 2512
1711 2512
1740 2512
1994 2512
2126 2512
2218 2512
2368 2512
726 2513
338 2514
331 2515
1537 2516
1146 2517
2 2518
892 2519
1276 2520
2499 2520
601 2521
780 2521
971 2521
2027 2521
4 2522
1383 2523
875 2524
1557 2524
2157 2524
2206 2524
2395 2525
331 2526
2082 2527
672 2528
2338 2528
413 2529
727 2529
2186 2529
426 2530
2039 2530
2053 2530
731 2531
1276 2531
1308 2531
2073 2531
2336 2531
801 2532
1370 2532
1706 2532
2011 2532
816 2533
1017 2533
1517 2533
242 2534
1327 2534
386 2535
852 2536
4 2537
14 2538
182 2538
456 2538
2196 2538
1370 2539
2273 2539
668 2540
1728 2540
1075 2541
4 2542
1270 2542
74 2543
491 2543
1013 2544
1523 2544
674 2545
1900 2545
2264 2545
1107 2546
4 2547
1585 2548
8 2549
457 2549
1585 2550
2097 2550
2356 2551
652 2552
1040 2553
1276 2553
2180 2553
2254 2554
541 2555
326 2556
1062 2557
2310 2557
2338 2558
4 2559
1763 2559
1276 2560
1808 2560
996 2561
1639 2561
2408 2562
8 2563
249 2563
1383 2563
493 2564
697 2564
828 2564
1275 2564
1739 2564
2422 2564
616 2565
1230 2565
286 2566
386 2567
2098 2568
2 2569
6 2569
10 2569
72 2569
80 2569
188 2569
225 2569
331 2569
338 2569
344 2569
370 2569
472 2569
482 2569
616 2569
631 2569
660 2569
896 2569
919 2569
1009 2569
1033 2569
1101 2569
1163 2569
1230 2569
1254 2569
1327 2569
1466 2569
1504 2569
1544 2569
1746 2569
2082 2569
2141 2569
2170 2569
2187 2569
2235 2569
2241 2569
2303 2569
2397 2569
2435 2569
2512 2569
37 2570
920 2570
938 2570
1072 2570
1097 2570
1572 2570
1755 2570
2013 2570
2068 2570
537 2571
1584 2571
2071 2571
2252 2572
4 2573
155 2574
352 2574
396 2574
551 2574
577 2574
1016 2574
1480 2574
1628 2574
2201 2574
2511 2574
2531 2574
14 2575
106 2575
234 2575
511 2575
956 2575
2254 2575
2496 2575
331 2576
1799 2578
1770 2579
106 2580
279 2580
373 2580
897 2580
2254 2580
212 2581
1864 2581
2389 2581
403 2582
274 2583
766 2583
287 2584
425 2584
489 2584
508 2584
584 2584
747 2584
870 2584
2048 2584
2208 2584
4 2585
1475 2586
1957 2586
912 2587
2247 2587
2300 2587
199 2588
1668 2588
1770 2588
1876 2588
1942 2588
2252 2588
7 2589
680 2589
794 2589
229 2590
1475 2590
11 2591
163 2591
207 2591
825 2591
1211 2591
103 2592
1107 2592
962 2593
650 2594
2194 2594
733 2595
1297 2595
1848 2595
266 2596
338 2596
2468 2596
174 2597
8 2598
1383 2598
2569 2599
341 2600
773 2600
1365 2600
1578 2600
416 2601
907 2601
1442 2601
241 2602
17 2603
149 2603
161 2603
555 2603
581 2603
960 2603
1123 2603
1317 2603
1383 2603
1612 2603
1770 2603
1781 2603
1853 2603
2334 2603
2344 2603
1770 2604
228 2605
120 2606
59 2607
193 2607
1718 2607
1820 2607
1879 2607
2286 2607
2446 2607
2491 2607
2569 2607
303 2608
2310 2609
279 2610
311 2610
1052 2610
1126 2610
2157 2611
17 2612
581 2612
678 2612
1382 2612
1433 2612
1631 2613
2574 2613
8 2614
1383 2614
1770 2614
1883 2614
807 2615
2486 2615
733 2616
1848 2616
1324 2617
2607 2617
174 2618
878 2619
987 2619
1450 2619
1819 2619
2482 2619
837 2620
1529 2620
1657 2620
722 2621
1451 2621
2277 2621
341 2622
1428 2622
816 2623
101 2624
364 2624
1391 2624
1402 2624
1497 2624
1680 2624
1800 2624
1900 2624
1948 2624
2343 2624
2566 2624
416 2625
1734 2625
2501 2625
3 2626
331 2626
336 2627
328 2628
5 2629
1022 2629
373 2630
904 2630
948 2630
2019 2630
2619 2630
1672 2631
2478 2631
794 2632
1569 2632
306 2633
704 2633
1383 2633
1770 2633
1780 2633
2407 2633
6 2634
616 2635
405 2636
716 2637
918 2637
4 2638
138 2639
147 2641
586 2641
840 2641
1150 2641
1428 2642
1126 2643
672 2644
1537 2644
2516 2644
837 2645
1481 2645
1298 2646
1849 2646
101 2647
1497 2647
663 2648
1021 2648
1040 2648
1172 2648
2073 2649
852 2650
1062 2650
2310 2650
103 2651
155 2651
214 2651
641 2651
1025 2651
1107 2651
1276 2651
1570 2651
1631 2651
2217 2651
2292 2651
2613 2651
1141 2652
2338 2652
399 2653
803 2654
10 2655
1740 2655
177 2656
194 2656
238 2656
467 2656
749 2656
847 2656
907 2656
1467 2656
1531 2656
1734 2656
1865 2656
1967 2656
2070 2656
2308 2656
2601 2656
2625 2656
366 2657
1637 2657
1948 2657
20 2658
483 2658
1568 2658
302 2659
576 2659
812 2659
6 2660
200 2660
496 2660
2345 2660
522 2661
1052 2661
1964 2661
1172 2662
1409 2662
61 2663
76 2664
126 2664
356 2664
394 2664
520 2664
533 2664
608 2664
863 2664
896 2664
952 2664
1103 2664
1411 2664
1660 2664
2095 2664
653 2665
1040 2665
2022 2665
2180 2665
2322 2665
2651 2665
1770 2666
653 2667
1343 2669
1694 2669
2078 2669
306 2670
616 2670
1780 2670
2407 2670
398 2671
1976 2672
221 2673
2446 2673
1414 2674
1857 2674
200 2675
660 2675
672 2675
1459 2675
1609 2675
2407 2675
2385 2676
241 2677
2408 2677
507 2678
822 2678
1386 2678
1491 2678
1698 2678
2174 2678
2610 2678
2643 2678
303 2679
541 2680
122 2681
878 2681
971 2681
1784 2681
2465 2681
1059 2682
766 2683
160 2684
480 2684
714 2684
1014 2684
1724 2684
241 2685
1728 2685
772 2686
174 2687
996 2687
1639 2687
2039 2687
2099 2687
668 2688
2385 2688
70 2689
121 2689
138 2689
200 2689
261 2689
275 2689
370 2689
497 2689
596 2689
634 2689
636 2689
657 2689
665 2689
675 2689
700 2689
761 2689
849 2689
969 2689
1000 2689
1036 2689
1180 2689
1350 2689
1383 2689
1415 2689
1443 2689
1448 2689
1540 2689
1562 2689
1635 2689
1676 2689
1830 2689
2148 2689
2192 2689
2370 2689
2487 2689
2502 2689
2515 2689
2569 2689
2577 2689
2381 2690
2587 2690
263 2691
1374 2692
2395 2692
4 2693
776 2694
561 2695
918 2695
2220 2695
262 2696
326 2696
1126 2696
1748 2696
2110 2696
2507 2696
508 2697
634 2697
960 2697
970 2697
984 2697
1423 2697
1438 2697
1878 2697
228 2698
634 2698
776 2698
970 2698
984 2698
1374 2698
1423 2698
1438 2698
1758 2698
1878 2698
902 2699
996 2699
1240 2699
1374 2699
1553 2699
2105 2699
2544 2699
1484 2700
1694 2700
433 2701
2382 2701
2486 2701
2492 2701
2615 2701
1276 2702
262 2703
326 2703
2587 2704
209 2705
1975 2705
2668 2705
328 2706
652 2707
1827 2707
2073 2708
2574 2708
1375 2709
678 2710
586 2711
4 2712
52 2713
714 2713
875 2713
1088 2713
816 2714
1517 2714
1568 2714
2362 2714
2478 2714
2533 2714
292 2715
412 2716
482 2716
661 2716
672 2716
680 2716
861 2716
870 2716
1477 2716
1686 2716
1931 2716
2013 2716
2204 2716
2338 2716
2356 2717
174 2718
652 2719
183 2720
396 2720
577 2720
641 2720
763 2720
1276 2720
1534 2720
1570 2720
1588 2720
2003 2720
2225 2720
2298 2720
2665 2720
663 2721
947 2722
2019 2722
1980 2723
168 2724
653 2724
1535 2724
163 2725
652 2726
63 2727
224 2727
229 2727
319 2727
370 2727
399 2727
644 2727
656 2727
1006 2727
1254 2727
1475 2727
1530 2727
1715 2727
1724 2727
1972 2727
2056 2727
2146 2727
2361 2727
2431 2727
2664 2727
106 2728
678 2729
1146 2729
1276 2729
1346 2729
1565 2729
2194 2729
2593 2729
422 2730
423 2730
439 2730
836 2730
1483 2730
1612 2730
1732 2730
1817 2730
1875 2730
2498 2730
1846 2731
2512 2731
109 2732
193 2732
234 2732
678 2732
1146 2732
1157 2732
1273 2732
1298 2732
1346 2732
260 2733
1880 2733
1574 2734
209 2735
683 2735
1076 2735
1179 2735
1266 2735
591 2736
731 2736
900 2737
1159 2737
386 2738
328 2739
185 2740
525 2740
828 2740
1635 2740
2055 2740
2079 2740
2109 2741
4 2742
8 2742
153 2742
238 2742
247 2742
267 2742
338 2742
431 2742
468 2742
513 2742
529 2742
549 2742
746 2742
748 2742
753 2742
767 2742
774 2742
858 2742
898 2742
1023 2742
1024 2742
1050 2742
1080 2742
1092 2742
1174 2742
1208 2742
1212 2742
1222 2742
1233 2742
1243 2742
1245 2742
1295 2742
1296 2742
1376 2742
1469 2742
1470 2742
1485 2742
1616 2742
1765 2742
1770 2742
1802 2742
1879 2742
1907 2742
1921 2742
1973 2742
2035 2742
2145 2742
2170 2742
2191 2742
2197 2742
2302 2742
2318 2742
2353 2742
2373 2742
2402 2742
2449 2742
2525 2742
2692 2742
336 2743
182 2744
1363 2744
373 2745
1150 2745
1206 2745
1219 2745
1340 2745
1373 2745
1626 2745
1911 2745
1980 2745
2146 2745
2440 2745
569 2746
1122 2746
2114 2746
1383 2747
4 2748
892 2749
338 2750
2164 2751
399 2752
464 2752
592 2752
173 2753
54 2754
544 2754
842 2754
941 2754
1157 2754
2360 2754
2458 2754
2544 2754
1 2755
680 2755
938 2755
1129 2755
1573 2755
1586 2755
1717 2755
1979 2755
2013 2755
2104 2755
88 2756
260 2756
511 2756
563 2756
211 2757
1343 2757
373 2758
2019 2758
1626 2759
249 2760
1405 2761
148 2762
1978 2762
653 2763
292 2764
341 2764
1417 2764
2159 2764
2602 2764
2699 2764
2507 2765
59 2766
463 2766
634 2766
648 2766
670 2766
814 2766
863 2766
870 2766
896 2766
1000 2766
1011 2766
1038 2766
1053 2766
1481 2766
1527 2766
1659 2766
1715 2766
2214 2766
2317 2766
2359 2766
2506 2766
687 2767
416 2768
749 2768
1734 2768
2501 2768
2625 2768
6 2769
211 2770
646 2771
708 2771
101 2772
1197 2772
1497 2772
1879 2772
2246 2772
52 2773
482 2773
1088 2773
2684 2773
386 2774
149 2775
403 2775
602 2775
1123 2775
1770 2775
43 2776
122 2776
182 2776
397 2776
586 2776
780 2776
878 2776
987 2776
1150 2776
1444 2776
2232 2776
2378 2776
2603 2776
977 2777
1002 2777
162 2778
1329 2778
1357 2778
2603 2778
628 2779
1530 2779
3 2780
19 2780
59 2780
482 2780
1721 2780
2246 2780
996 2781
2039 2781
174 2782
1327 2783
1846 2783
2 2784
525 2784
616 2784
978 2784
2079 2784
2675 2784
1728 2785
2385 2785
464 2786
608 2786
1849 2787
2143 2787
2336 2787
2574 2787
4 2788
1277 2789
274 2790
341 2791
660 2791
586 2792
1150 2792
163 2793
825 2793
1911 2793
2290 2793
93 2794
212 2794
1497 2794
2179 2794
687 2795
1038 2795
1976 2796
9 2797
338 2797
366 2797
1117 2797
1417 2797
1948 2797
2170 2797
2412 2797
101 2798
537 2799
1374 2799
2097 2800
1180 2801
103 2802
307 2802
2588 2802
61 2803
373 2803
390 2803
483 2803
983 2803
2496 2803
2593 2803
61 2804
4 2805
341 2806
523 2806
704 2806
1007 2806
1659 2806
2584 2806
2701 2807
4 2808
200 2809
248 2809
399 2809
464 2809
482 2809
592 2809
624 2809
1038 2809
2664 2809
4 2810
405 2811
652 2812
1122 2813
1900 2813
2488 2813
11 2814
891 2814
1276 2815
2560 2815
1327 2816
1327 2817
463 2818
2175 2819
212 2820
228 2820
504 2820
537 2820
2657 2820
2797 2820
1276 2821
1298 2821
1849 2821
1665 2822
2745 2822
603 2823
693 2823
1688 2823
2377 2823
61 2824
199 2824
23 2825
1774 2825
853 2826
875 2826
889 2826
2709 2826
1976 2827
8 2828
1540 2828
1350 2829
2079 2829
2143 2830
1276 2831
1073 2832
2110 2832
2507 2832
2678 2832
1137 2833
1475 2833
1957 2833
4 2834
174 2835
695 2836
1578 2837
101 2838
2039 2838
101 2839
140 2839
200 2839
202 2839
211 2839
294 2839
305 2839
320 2839
366 2839
467 2839
582 2839
704 2839
816 2839
819 2839
883 2839
1007 2839
1077 2839
1127 2839
1187 2839
1242 2839
1274 2839
1321 2839
1324 2839
1497 2839
1499 2839
1523 2839
1563 2839
1846 2839
1891 2839
2007 2839
2082 2839
2134 2839
2136 2839
2140 2839
2179 2839
2303 2839
2362 2839
2390 2839
2581 2839
2607 2839
2794 2839
2820 2839
262 2840
326 2840
693 2840
1052 2840
1126 2840
1389 2840
1661 2840
2085 2840
2110 2840
2507 2840
2678 2840
200 2841
212 2841
314 2842
412 2842
440 2842
1459 2842
1686 2842
2633 2842
2670 2842
2784 2842
397 2843
403 2843
721 2843
653 2844
1025 2844
1046 2844
2651 2844
7 2845
200 2845
695 2845
1013 2845
1117 2845
1361 2845
1666 2845
1680 2845
2476 2845
2508 2845
2699 2845
1854 2846
2588 2846
1976 2847
2595 2848
2616 2848
680 2849
1215 2850
1497 2851
294 2852
341 2852
775 2852
1369 2852
263 2853
2691 2853
721 2854
199 2855
585 2855
1383 2855
1490 2855
1730 2855
2802 2855
2766 2856
328 2857
59 2858
173 2858
1497 2858
1879 2858
1902 2858
200 2859
380 2859
1189 2859
2157 2859
616 2860
1437 2860
1826 2860
23 2861
336 2862
1441 2862
341 2863
1489 2863
1529 2863
480 2864
1625 2864
2684 2864
2713 2864
382 2865
661 2865
1872 2866
2392 2866
2614 2866
1892 2867
5 2868
1414 2868
1857 2868
2079 2868
2235 2868
2109 2869
1365 2870
2222 2870
2399 2871
1327 2872
61 2873
241 2874
1137 2875
1359 2876
2482 2876
1489 2877
799 2878
2409 2878
174 2879
11 2880
428 2880
751 2880
1346 2880
211 2881
160 2882
174 2883
18 2884
1300 2884
45 2885
626 2885
851 2885
1193 2885
1241 2885
1300 2885
1925 2885
2283 2885
2287 2885
2569 2885
1870 2886
65 2887
241 2887
364 2887
1180 2887
1214 2887
1562 2887
134 2888
332 2888
713 2888
744 2888
1076 2888
1321 2888
1521 2888
2536 2888
237 2889
386 2889
1438 2889
1059 2890
2037 2890
1976 2891
525 2892
2079 2892
127 2893
1976 2893
2730 2893
8 2894
1770 2894
4 2895
1277 2895
892 2896
1327 2897
2338 2898
134 2899
332 2899
373 2899
560 2899
713 2899
744 2899
929 2899
1076 2899
1321 2899
1482 2899
2536 2899
89 2900
1497 2900
2028 2900
2322 2901
2720 2901
59 2902
642 2903
1066 2903
2376 2903
1298 2904
2049 2904
2182 2904
383 2905
727 2905
2479 2905
2529 2905
733 2906
1574 2907
4 2908
819 2909
885 2909
2362 2909
93 2910
426 2910
996 2910
1639 2910
1846 2910
2039 2910
2053 2910
2099 2910
93 2912
611 2912
966 2912
1530 2912
2464 2912
200 2913
2266 2913
1651 2914
144 2915
244 2915
367 2915
778 2915
850 2915
1140 2915
1256 2915
1646 2915
1893 2915
2502 2915
2639 2915
2689 2915
2507 2916
10 2917
1846 2917
2241 2917
350 2918
1020 2918
328 2919
59 2920
859 2920
151 2921
444 2921
1157 2921
1346 2921
1642 2921
2746 2921
2813 2921
726 2922
2 2923
241 2923
405 2923
1221 2923
2345 2923
2540 2924
200 2925
397 2926
406 2926
515 2926
721 2926
1328 2926
1691 2926
1781 2926
2603 2926
2775 2926
74 2927
353 2927
525 2927
660 2927
700 2927
704 2927
1039 2927
1141 2927
1383 2927
1770 2927
2016 2927
2626 2927
2780 2927
1107 2928
2457 2928
766 2929
2244 2929
373 2930
822 2930
897 2930
1698 2930
2174 2930
2311 2930
2610 2930
2661 2930
731 2931
1276 2931
2336 2931
2310 2933
1276 2934
1126 2935
2775 2936
1417 2937
2699 2937
1075 2938
1144 2938
1276 2938
2775 2939
331 2940
123 2941
2588 2941
1809 2942
2701 2943
89 2944
159 2944
598 2944
771 2944
789 2944
888 2944
890 2944
934 2944
974 2944
997 2944
1008 2944
1090 2944
1264 2944
1311 2944
1339 2944
1407 2944
1550 2944
1578 2944
1645 2944
1670 2944
1785 2944
1891 2944
1925 2944
2042 2944
2257 2944
2374 2944
2575 2944
2580 2944
2728 2944
1442 2945
5 2946
65 2946
386 2946
425 2946
478 2946
491 2946
584 2946
1275 2946
1438 2946
2173 2946
1107 2947
2457 2947
1013 2948
2699 2948
2754 2948
2689 2949
1489 2950
1012 2951
2152 2951
1122 2952
1900 2952
2488 2952
2813 2952
2921 2952
386 2953
2082 2954
2275 2954
2512 2954
50 2955
174 2955
208 2955
212 2955
218 2955
252 2955
292 2955
604 2955
642 2955
704 2955
868 2955
1082 2955
1285 2955
1342 2955
1453 2955
1602 2955
1812 2955
1846 2955
1925 2955
1929 2955
2195 2955
2223 2955
2287 2955
2395 2955
2742 2955
2783 2955
727 2956
2479 2956
338 2957
1285 2958
1710 2958
1146 2959
11 2960
169 2960
402 2960
1146 2960
1157 2960
2624 2960
2180 2961
1059 2962
2775 2963
1298 2964
1828 2964
2904 2964
1537 2965
127 2966
1976 2966
608 2967
176 2968
480 2969
200 2970
228 2970
2248 2971
1215 2972
2022 2972
4 2973
765 2973
1277 2973
2295 2973
2349 2973
683 2974
816 2974
2735 2974
405 2975
133 2976
2599 2976
483 2977
1359 2977
1571 2977
2019 2977
2482 2977
2776 2977
1799 2978
101 2979
2395 2980
1137 2981
1197 2982
51 2983
773 2983
885 2983
958 2983
975 2983
1030 2983
1112 2983
1321 2983
1540 2983
1806 2983
1865 2983
2166 2983
2508 2983
2633 2983
2670 2983
200 2984
369 2984
471 2984
799 2984
813 2984
880 2984
973 2984
981 2984
1165 2984
1441 2984
1622 2984
2348 2984
2409 2984
2627 2984
2640 2984
2911 2984
2932 2984
1320 2985
1748 2985
1827 2986
734 2987
865 2988
2386 2988
17 2989
191 2989
291 2989
683 2989
736 2989
1188 2989
1965 2989
2888 2989
2899 2989
2909 2989
62 2990
2018 2990
2688 2990
1846 2991
2512 2991
2955 2991
81 2992
199 2992
1876 2992
17 2993
391 2993
773 2993
995 2993
1008 2993
1118 2993
1146 2993
1162 2993
1348 2993
1519 2993
1535 2993
1864 2993
2254 2993
2465 2993
2944 2993
2109 2994
163 2995
360 2995
262 2996
326 2996
522 2996
717 2996
1389 2996
1661 2996
2930 2996
2689 2997
1374 2998
274 2999
950 3000
1809 3000
