1 5
1 8
7 8
13 14
8 30
10 45
2 53
7 53
9 58
2 59
3 59
9 59
53 60
17 61
39 61
59 65
1 66
17 69
3 72
19 72
65 78
59 80
60 91
3 101
12 101
85 103
63 104
13 106
28 106
44 106
101 108
46 111
11 117
61 120
106 120
17 123
101 126
14 134
26 138
138 144
19 146
59 146
101 150
16 154
16 155
106 159
1 160
166 168
4 174
8 174
9 174
10 174
102 174
124 174
153 174
174 177
95 185
59 188
105 189
9 193
174 194
8 195
148 198
1 200
101 200
145 200
179 200
123 204
151 204
200 205
163 207
10 212
140 212
172 212
184 212
202 212
211 212
200 215
10 218
83 221
163 222
181 222
59 225
4 227
172 228
4 231
111 233
13 234
105 234
138 235
228 236
174 238
9 240
54 241
175 241
240 241
172 243
138 244
174 247
176 250
10 252
129 252
106 255
151 260
75 262
14 263
163 263
182 263
262 265
174 267
262 273
8 274
85 274
4 278
58 283
212 283
244 283
90 290
15 291
42 291
61 291
10 292
193 292
221 292
106 294
212 294
288 294
200 297
31 303
199 305
85 307
93 308
212 308
4 309
47 309
101 310
106 311
279 311
138 315
212 320
228 320
73 322
176 323
265 326
279 326
180 328
264 328
2 329
228 330
59 331
70 331
95 331
121 331
138 331
261 331
163 333
200 336
22 338
58 338
101 338
174 338
221 338
266 338
304 338
59 341
70 341
101 341
126 341
224 341
200 342
274 343
174 348
73 350
3 353
127 354
130 355
341 356
274 357
228 359
163 360
170 361
200 361
113 364
23 365
58 366
212 366
228 366
174 368
336 369
3 370
59 370
331 370
328 371
15 373
29 373
161 373
222 373
251 373
285 373
211 378
274 379
126 380
179 380
331 382
61 387
199 387
120 389
123 389
166 390
169 390
189 390
122 391
313 391
262 392
311 392
174 393
341 394
380 394
101 395
200 395
212 395
17 397
141 397
149 397
126 399
356 399
394 399
106 401
65 402
36 403
49 405
167 405
237 405
337 405
340 405
149 406
306 409
8 410
4 411
5 412
7 412
383 413
77 416
264 416
14 419
200 420
373 424
172 426
236 426
296 426
260 428
424 428
338 429
293 430
174 431
4 432
147 435
338 437
2 440
91 440
163 441
112 444
424 445
61 446
106 447
103 450
274 450
307 450
12 453
286 453
4 454
8 457
176 458
174 459
211 460
200 462
65 463
84 463
100 463
128 463
235 463
315 463
331 463
370 463
407 463
427 463
341 464
4 465
212 467
416 467
174 468
336 471
59 472
174 474
174 477
126 478
160 480
220 480
174 481
331 482
455 482
313 483
17 486
163 487
313 488
174 490
294 491
341 491
211 492
95 493
106 494
31 495
107 495
55 496
192 496
241 496
295 496
356 496
331 497
4 498
8 500
174 501
341 502
4 503
9 504
14 504
292 504
366 504
466 504
174 505
110 508
341 508
390 509
13 511
313 511
488 511
174 513
375 514
8 519
399 520
508 520
425 523
8 525
32 525
54 525
405 525
440 525
33 528
174 529
342 531
399 533
101 536
260 536
250 537
256 537
294 537
296 537
308 537
316 537
325 537
330 537
363 537
366 537
106 539
226 541
174 549
11 552
341 553
1 556
476 559
25 560
384 560
120 561
123 561
190 561
328 562
291 563
338 565
88 566
23 567
163 569
373 569
566 569
556 571
8 572
499 572
5 576
338 576
291 577
463 580
528 580
43 581
69 581
120 581
122 581
182 581
397 581
212 582
305 583
425 584
508 584
321 585
258 586
373 586
391 586
581 586
525 587
61 588
308 589
118 591
551 591
341 592
464 592
316 593
382 596
106 598
263 601
397 602
93 604
399 608
464 608
592 608
294 609
341 612
4 616
32 616
126 616
138 616
196 616
237 616
412 616
440 616
478 616
520 616
576 616
587 616
336 620
537 621
591 623
608 624
10 626
104 628
416 628
495 630
2 631
59 631
60 631
160 633
65 634
520 634
292 637
385 637
10 642
215 642
405 643
405 645
309 646
380 650
478 650
10 651
183 653
214 653
246 653
538 653
575 653
614 653
641 653
502 654
590 656
46 657
331 657
497 657
4 660
54 660
59 660
91 660
101 660
166 660
380 660
525 660
587 660
612 660
2 661
5 661
74 661
125 661
142 661
200 661
497 661
525 661
540 661
596 661
607 661
636 661
652 661
660 661
48 663
154 663
346 663
577 663
14 664
496 664
331 665
508 666
661 666
65 670
666 670
222 671
91 672
525 672
596 672
636 672
11 674
106 674
436 674
444 674
331 675
161 678
182 678
384 678
163 679
8 680
38 680
55 680
90 680
160 680
164 680
350 680
363 680
412 680
440 680
631 680
667 680
106 682
209 683
405 685
56 686
463 687
73 689
61 692
273 693
279 693
603 693
12 695
244 695
405 695
576 695
405 696
331 700
672 700
291 702
19 704
212 704
17 707
103 707
123 707
309 708
316 709
338 712
480 714
17 716
561 716
672 718
36 721
141 721
149 721
219 721
272 721
413 721
506 721
599 721
8 722
328 724
371 724
405 725
469 726
616 726
383 727
721 727
309 728
274 729
154 731
526 731
545 731
591 731
623 731
731 732
341 733
479 733
578 734
574 735
296 736
400 736
204 737
291 737
8 738
496 741
8 742
152 742
628 742
174 746
341 747
174 748
536 751
94 752
286 752
302 752
544 752
576 752
174 753
721 754
380 755
752 756
292 757
207 759
339 759
373 760
377 760
331 761
338 762
731 763
8 766
450 766
647 766
655 766
174 767
316 768
54 770
356 770
493 770
525 770
697 770
106 771
83 772
101 772
518 772
106 773
253 773
442 773
483 773
174 774
104 775
161 775
228 775
291 775
426 775
491 775
609 775
659 775
63 776
156 776
284 776
305 776
699 776
260 777
674 777
483 780
581 780
160 781
480 781
616 784
616 785
373 786
642 788
106 789
405 790
262 791
101 792
61 796
336 799
200 800
276 801
476 802
17 803
405 804
721 805
661 806
433 807
4 809
752 812
65 814
731 815
17 816
189 816
212 816
680 816
688 816
736 816
742 816
189 819
191 819
212 819
288 819
389 819
405 820
522 822
308 823
41 824
112 825
207 825
260 825
511 825
519 825
679 825
59 826
341 827
770 828
476 829
4 830
4 834
221 838
698 838
262 839
326 839
682 839
361 841
9 842
174 843
11 844
109 844
169 844
189 844
509 844
321 845
138 846
328 848
331 849
652 849
138 850
10 851
134 852
193 852
332 852
373 852
560 852
744 852
581 854
698 855
166 856
168 856
373 856
174 858
59 859
5 861
496 862
65 863
495 863
837 863
10 868
65 870
237 870
478 870
405 873
6 874
2 875
8 875
66 875
200 875
525 875
556 875
571 875
634 875
650 875
660 875
870 875
1 876
349 877
391 878
581 878
336 880
174 881
316 882
101 883
212 883
537 883
17 885
61 885
191 885
199 885
288 885
852 885
174 887
106 888
106 890
7 892
221 892
680 892
341 894
837 894
174 895
63 896
65 896
123 896
224 896
319 896
370 896
644 896
656 896
174 898
418 900
200 902
162 903
397 903
43 904
161 904
780 904
840 904
878 904
721 905
173 906
769 906
766 909
241 910
478 910
875 910
480 911
211 913
338 914
211 915
101 916
561 918
716 918
59 919
78 919
178 919
463 919
508 919
670 919
212 922
106 923
292 926
616 927
480 928
752 929
852 929
241 930
721 931
222 932
106 934
23 935
174 936
66 938
2 939
455 940
283 941
537 944
4 945
4 946
14 947
123 947
182 947
373 947
878 947
373 948
904 948
338 949
838 949
4 951
309 951
399 952
61 953
865 954
65 955
896 955
13 956
123 956
190 956
156 958
698 959
772 959
373 960
397 960
775 960
234 962
483 962
3 963
126 963
672 963
106 964
229 965
917 965
921 965
243 966
537 966
156 967
283 967
284 967
661 968
331 969
652 969
8 970
883 970
966 970
947 971
106 974
60 975
616 975
704 975
678 976
752 977
412 978
440 978
975 978
336 981
721 982
345 984
773 984
775 984
160 986
581 987
904 987
947 987
237 988
19 989
16 990
8 991
283 992
478 992
61 995
106 995
120 995
234 995
483 995
561 995
983 995
228 996
283 996
296 996
604 996
792 996
106 997
127 998
65 1000
331 1000
520 1000
340 1002
496 1002
605 1002
615 1002
302 1003
576 1003
350 1005
896 1006
19 1007
60 1007
212 1007
296 1007
489 1007
525 1007
736 1007
14 1008
106 1008
59 1009
65 1011
10 1012
271 1013
967 1013
996 1013
160 1014
480 1014
714 1014
305 1017
488 1017
582 1017
995 1017
328 1019
1005 1020
196 1022
680 1022
779 1022
174 1023
174 1024
996 1024
653 1025
23 1026
4 1027
61 1028
331 1029
174 1032
996 1032
173 1033
302 1037
812 1037
61 1038
65 1038
90 1038
126 1038
200 1038
244 1038
248 1038
290 1038
296 1038
455 1038
495 1038
584 1038
590 1038
672 1039
577 1040
1021 1040
286 1041
405 1041
812 1041
402 1043
182 1044
384 1044
818 1044
752 1045
1037 1045
653 1046
1025 1046
65 1047
241 1047
364 1047
466 1047
653 1048
1046 1048
106 1049
221 1049
698 1049
949 1049
61 1051
279 1052
822 1052
897 1052
65 1053
496 1058
529 1059
550 1059
293 1061
16 1062
54 1062
67 1062
134 1062
193 1062
199 1062
332 1062
373 1062
419 1062
609 1062
713 1062
744 1062
819 1062
1008 1062
497 1063
1037 1064
106 1065
215 1066
811 1067
111 1068
328 1071
66 1072
273 1073
279 1073
822 1073
839 1073
106 1074
105 1075
118 1075
417 1075
434 1075
517 1075
543 1075
545 1075
551 1075
808 1075
17 1076
191 1076
199 1076
291 1076
683 1076
852 1076
61 1077
120 1077
212 1077
373 1077
1062 1077
200 1079
174 1080
328 1080
338 1080
10 1082
525 1083
660 1083
6 1084
341 1085
666 1085
375 1086
31 1087
341 1087
478 1087
160 1088
106 1090
211 1091
174 1092
8 1094
174 1096
66 1097
938 1097
331 1098
472 1099
683 1100
2 1101
903 1102
14 1103
241 1103
341 1103
495 1103
73 1104
1020 1104
661 1105
68 1107
199 1107
450 1107
532 1107
653 1107
677 1107
707 1107
832 1107
1010 1107
1075 1107
276 1108
328 1110
742 1112
3 1113
126 1113
331 1113
616 1114
463 1116
58 1117
902 1117
967 1117
69 1118
120 1118
123 1118
200 1119
4 1121
151 1122
444 1122
445 1122
397 1123
81 1125
85 1125
199 1125
307 1125
585 1125
273 1126
507 1126
822 1126
839 1126
897 1126
106 1127
212 1127
537 1127
706 1127
984 1127
405 1128
525 1130
8 1131
373 1131
678 1131
1107 1133
33 1135
687 1135
463 1136
903 1138
480 1139
463 1140
370 1141
636 1141
660 1141
569 1143
120 1146
207 1146
299 1146
466 1146
844 1146
957 1146
101 1148
336 1149
391 1150
560 1150
581 1150
904 1150
947 1150
653 1151
405 1152
628 1154
163 1155
204 1157
345 1157
466 1157
1104 1158
418 1159
497 1159
11 1161
14 1162
200 1164
899 1164
336 1165
175 1166
544 1166
629 1166
630 1166
88 1167
569 1167
674 1167
733 1168
825 1170
336 1171
48 1172
577 1172
681 1172
1021 1172
263 1173
174 1174
666 1175
138 1176
123 1178
373 1178
683 1179
816 1179
165 1180
394 1180
654 1180
307 1181
586 1182
101 1183
721 1185
405 1186
17 1187
212 1187
389 1187
390 1187
561 1187
1062 1187
38 1188
73 1188
90 1188
542 1188
680 1188
794 1188
816 1188
819 1188
885 1188
1177 1188
1187 1188
76 1189
650 1189
937 1189
1047 1189
274 1190
766 1190
109 1191
193 1191
1157 1191
4 1192
10 1193
463 1194
373 1196
61 1197
84 1197
616 1197
1116 1197
731 1198
8 1199
909 1202
904 1206
163 1207
174 1208
463 1209
1197 1209
174 1210
89 1211
101 1211
207 1211
174 1212
54 1214
240 1214
356 1214
910 1214
972 1214
1047 1214
1103 1214
321 1215
414 1215
527 1215
577 1215
732 1215
174 1216
1062 1217
911 1218
947 1219
766 1220
491 1221
616 1221
706 1221
174 1222
328 1223
680 1223
211 1224
766 1226
416 1227
1075 1229
1 1230
32 1230
70 1230
196 1230
329 1230
440 1230
587 1230
784 1230
1009 1230
1080 1230
1189 1230
1197 1230
1213 1230
293 1231
533 1232
174 1233
405 1239
40 1240
283 1240
292 1240
341 1240
892 1240
1013 1240
54 1242
104 1242
537 1242
544 1242
1157 1242
174 1243
653 1244
174 1245
200 1246
462 1246
988 1248
403 1250
508 1251
706 1251
61 1252
200 1253
19 1254
59 1254
138 1254
661 1254
672 1254
896 1254
8 1255
1111 1255
138 1256
1188 1257
537 1258
742 1259
262 1263
106 1264
683 1266
816 1266
653 1267
525 1268
766 1269
578 1271
794 1272
13 1273
234 1273
844 1273
1191 1273
189 1274
1062 1274
27 1275
482 1275
884 1275
963 1275
103 1276
155 1276
282 1276
300 1276
448 1276
461 1276
517 1276
526 1276
575 1276
653 1276
681 1276
844 1276
980 1276
1095 1276
1191 1276
765 1277
147 1278
384 1278
466 1278
760 1278
818 1278
840 1278
1156 1278
661 1280
236 1281
283 1281
284 1281
405 1282
1272 1283
775 1284
10 1285
193 1285
292 1285
106 1287
296 1288
1107 1290
8 1291
23 1292
403 1294
721 1294
174 1295
174 1296
1096 1296
733 1297
154 1298
417 1298
461 1298
551 1298
554 1298
1229 1298
1265 1298
328 1299
4 1300
157 1300
264 1300
371 1300
745 1300
1034 1300
661 1301
4 1305
101 1307
118 1308
343 1308
346 1308
390 1308
414 1308
545 1308
551 1308
614 1308
681 1308
1144 1308
1249 1308
1271 1308
2 1309
200 1309
345 1309
405 1309
508 1309
870 1309
988 1309
1002 1309
8 1310
106 1311
661 1313
667 1314
680 1314
328 1316
397 1317
721 1317
1022 1318
17 1321
212 1321
291 1321
483 1321
742 1321
852 1321
106 1322
1188 1323
59 1324
193 1324
212 1324
240 1324
650 1324
910 1324
1197 1325
2 1326
237 1326
405 1326
496 1326
988 1326
1002 1326
93 1327
129 1327
223 1327
328 1327
358 1327
750 1327
798 1327
999 1327
1115 1327
1241 1327
149 1328
903 1329
1075 1330
1308 1330
463 1331
93 1332
212 1332
426 1332
10 1333
168 1334
856 1334
1059 1336
794 1337
794 1338
106 1339
581 1340
947 1340
531 1341
378 1343
758 1343
1315 1343
4 1344
4 1345
364 1346
424 1346
466 1346
516 1346
1191 1346
1276 1347
1298 1347
69 1348
120 1348
53 1350
329 1350
440 1350
875 1350
939 1350
1326 1350
721 1354
23 1355
819 1356
1076 1356
1187 1356
903 1357
4 1358
780 1359
878 1359
987 1359
1320 1360
8 1361
35 1361
55 1361
123 1361
229 1361
290 1361
644 1361
902 1361
794 1362
182 1363
91 1364
27 1365
425 1365
1195 1365
101 1366
418 1368
276 1370
801 1370
1040 1370
1108 1370
1172 1370
101 1371
879 1371
772 1372
947 1373
232 1374
312 1374
316 1374
363 1374
883 1374
966 1374
853 1375
875 1375
889 1375
104 1376
174 1376
967 1376
984 1376
668 1377
122 1378
313 1378
878 1378
971 1378
10 1379
642 1379
1066 1379
355 1380
965 1381
120 1382
1150 1382
6 1383
101 1383
195 1383
203 1383
230 1383
237 1383
296 1383
314 1383
331 1383
341 1383
374 1383
397 1383
412 1383
760 1383
776 1383
970 1383
975 1383
1001 1383
1131 1383
1199 1383
1327 1383
540 1385
715 1385
1126 1386
221 1387
1370 1388
273 1389
326 1389
721 1390
428 1391
908 1391
540 1392
759 1393
174 1395
537 1396
627 1400
811 1400
1067 1400
380 1401
12 1402
123 1402
151 1402
373 1402
777 1402
1167 1402
212 1403
996 1403
1374 1403
168 1406
663 1406
154 1409
346 1409
512 1409
517 1409
551 1409
641 1409
703 1409
817 1409
990 1409
1054 1409
1062 1409
8 1410
249 1410
200 1411
464 1411
1038 1411
672 1412
163 1413
444 1413
32 1414
186 1414
412 1414
680 1414
779 1414
861 1414
870 1414
1318 1414
3 1416
58 1417
984 1417
1240 1417
1281 1417
1374 1417
496 1419
525 1419
660 1419
291 1421
390 1421
274 1422
1127 1423
1365 1423
55 1424
1242 1424
672 1426
181 1427
525 1428
178 1429
341 1429
837 1429
328 1430
103 1431
1343 1432
69 1433
1150 1433
1340 1433
1289 1434
228 1435
241 1436
345 1436
496 1436
525 1436
1117 1436
1180 1436
726 1437
594 1438
870 1438
338 1439
2 1440
537 1440
1350 1440
77 1442
177 1442
194 1442
238 1442
452 1442
628 1442
749 1442
847 1442
1142 1442
1227 1442
314 1443
1433 1444
16 1445
1172 1445
1276 1445
1409 1445
1361 1447
331 1448
904 1450
722 1451
279 1452
537 1454
16 1455
591 1455
1172 1455
1377 1456
841 1457
53 1459
91 1459
631 1459
975 1459
1007 1459
1443 1459
14 1460
101 1461
222 1461
364 1461
516 1461
695 1461
1235 1461
1402 1461
1172 1462
1276 1462
4 1463
672 1464
1 1465
37 1465
119 1465
201 1465
317 1465
680 1465
938 1465
1129 1465
59 1466
80 1466
653 1468
663 1468
1215 1468
174 1469
1276 1472
657 1473
206 1475
1072 1475
1137 1475
19 1476
314 1476
652 1478
4 1479
731 1480
1308 1480
65 1481
14 1482
182 1482
384 1482
456 1482
852 1482
1062 1482
127 1483
1042 1484
1091 1484
174 1485
698 1487
772 1487
537 1488
303 1489
1107 1490
1125 1490
2 1493
1094 1494
1255 1494
416 1495
338 1496
1230 1496
64 1497
79 1497
108 1497
160 1497
225 1497
268 1497
292 1497
308 1497
310 1497
341 1497
362 1497
384 1497
523 1497
524 1497
687 1497
698 1497
792 1497
831 1497
908 1497
1022 1497
1132 1497
1135 1497
1147 1497
1211 1497
1234 1497
1286 1497
1340 1497
20 1498
488 1498
995 1498
101 1499
212 1499
970 1499
996 1499
1 1500
87 1500
277 1500
1160 1500
680 1501
212 1502
288 1502
1062 1502
1215 1503
10 1504
60 1504
316 1505
425 1506
508 1506
1053 1506
1106 1506
1175 1506
1429 1506
174 1507
680 1507
970 1507
1374 1507
228 1508
1423 1508
1497 1510
14 1511
752 1511
1062 1511
279 1512
373 1512
416 1514
651 1515
355 1516
174 1517
291 1517
509 1517
676 1517
707 1517
824 1517
1306 1517
14 1519
373 1519
1255 1520
345 1521
752 1521
852 1521
1062 1521
361 1522
104 1523
271 1523
842 1523
941 1523
1157 1523
331 1524
1209 1524
274 1525
993 1525
427 1526
1197 1526
65 1527
733 1529
863 1529
1232 1529
52 1530
104 1530
742 1530
616 1531
1022 1531
1037 1531
106 1533
653 1534
15 1535
466 1535
563 1535
737 1535
816 1535
1043 1535
672 1537
1464 1537
663 1538
499 1539
572 1539
104 1540
203 1540
274 1540
409 1540
451 1540
519 1540
597 1540
680 1540
704 1540
737 1540
1309 1540
1361 1540
463 1541
1040 1542
1126 1543
59 1544
60 1544
412 1544
440 1544
1364 1544
1075 1546
1144 1546
1298 1546
1300 1547
8 1548
405 1549
106 1550
1497 1551
10 1552
292 1553
341 1553
1013 1553
852 1555
1062 1555
328 1556
9 1557
380 1557
875 1557
1324 1557
250 1559
458 1559
776 1559
1383 1560
1433 1561
331 1562
345 1562
496 1562
752 1562
1047 1562
93 1563
212 1563
174 1564
1395 1564
962 1565
995 1565
106 1566
373 1567
483 1568
73 1569
1279 1569
780 1571
1359 1571
1475 1572
1465 1573
668 1574
1377 1574
879 1575
1497 1575
303 1576
399 1576
495 1576
1087 1576
1180 1576
1237 1576
965 1577
1302 1577
106 1578
288 1578
403 1578
491 1578
690 1578
776 1578
113 1579
345 1579
697 1579
752 1579
903 1580
5 1581
266 1582
338 1582
892 1583
1285 1583
325 1584
621 1584
966 1584
1403 1584
1499 1584
113 1585
697 1585
752 1585
872 1585
1275 1585
1492 1585
1579 1585
1465 1586
27 1587
963 1587
1585 1587
1172 1588
1308 1588
36 1590
258 1590
775 1590
1383 1590
1578 1590
106 1591
1287 1591
511 1593
174 1594
262 1596
326 1596
721 1597
1361 1598
653 1599
1276 1600
736 1601
970 1601
1230 1601
1350 1601
1018 1602
240 1603
496 1603
764 1603
51 1604
156 1604
236 1604
627 1604
628 1604
816 1604
885 1604
1009 1604
1223 1604
342 1606
222 1607
200 1608
1604 1609
680 1610
174 1611
397 1612
721 1612
965 1614
328 1615
174 1616
17 1618
70 1618
199 1618
509 1618
622 1618
1306 1618
1532 1618
10 1619
73 1620
174 1621
336 1622
74 1623
478 1623
491 1623
875 1624
1214 1624
1603 1624
714 1625
14 1626
263 1626
373 1626
684 1626
947 1626
1008 1626
1162 1626
16 1627
372 1627
585 1627
1215 1627
1298 1627
1409 1627
721 1629
103 1631
183 1631
214 1631
245 1631
246 1631
396 1631
526 1631
538 1631
545 1631
577 1631
641 1631
1025 1631
1048 1631
1107 1631
1276 1631
1588 1631
101 1632
11 1633
775 1633
1578 1633
54 1635
97 1635
331 1635
402 1635
493 1635
873 1635
200 1637
639 1638
172 1639
395 1639
619 1639
775 1639
1403 1639
345 1640
695 1640
674 1642
1122 1642
1402 1642
10 1643
443 1644
106 1645
138 1646
463 1646
1325 1646
1276 1647
1298 1647
944 1648
1374 1648
346 1649
417 1649
526 1649
681 1649
1546 1649
1628 1649
1276 1650
386 1651
661 1652
559 1653
802 1653
1200 1653
1300 1653
405 1656
31 1657
863 1657
5 1659
65 1659
237 1659
425 1659
478 1659
491 1659
1275 1659
1414 1659
273 1661
693 1661
17 1662
191 1662
212 1662
291 1662
1535 1662
616 1663
601 1665
780 1665
54 1666
55 1666
295 1666
405 1666
776 1666
842 1666
902 1666
967 1666
1157 1666
1281 1666
1638 1666
1640 1666
174 1667
1038 1669
106 1670
160 1671
824 1672
496 1673
1298 1674
755 1675
1576 1675
209 1677
816 1677
54 1680
55 1680
104 1680
287 1680
405 1680
776 1680
842 1680
902 1680
967 1680
970 1680
1157 1680
1195 1680
1281 1680
1511 1680
1521 1680
1562 1680
426 1682
996 1682
4 1683
5 1686
306 1686
978 1686
1022 1686
1414 1686
1540 1686
1544 1686
345 1687
742 1687
970 1687
1195 1687
1436 1687
1521 1687
1562 1687
693 1688
810 1688
336 1689
200 1690
248 1690
464 1690
592 1690
1038 1690
149 1691
378 1694
492 1694
1042 1694
464 1695
592 1695
341 1696
533 1696
1529 1696
892 1697
822 1698
1052 1698
1126 1698
2 1699
331 1702
147 1703
840 1703
1131 1703
1150 1703
1156 1703
1197 1704
556 1705
801 1706
101 1707
1603 1708
722 1709
892 1710
1285 1710
10 1711
373 1712
1107 1713
65 1715
896 1715
1180 1715
1454 1716
1465 1717
9 1718
14 1718
875 1718
109 1719
169 1719
193 1719
504 1719
1047 1719
1278 1719
1346 1719
1535 1719
370 1721
704 1721
1039 1721
1254 1721
1383 1721
550 1722
1062 1723
52 1724
87 1724
633 1724
714 1724
896 1724
1014 1724
174 1725
204 1726
777 1726
1461 1726
721 1727
530 1728
568 1728
1166 1728
1377 1728
1456 1728
103 1730
307 1730
1125 1730
328 1731
341 1733
584 1733
775 1733
1365 1733
877 1734
1495 1734
1518 1734
837 1735
1481 1735
1010 1736
2 1738
314 1738
412 1738
438 1738
1007 1738
1579 1739
10 1740
855 1741
959 1741
1230 1742
2 1743
736 1743
1230 1743
1604 1743
380 1744
101 1745
1575 1745
6 1746
19 1746
59 1746
672 1746
1721 1746
1497 1747
603 1748
839 1748
1109 1748
1320 1748
1360 1748
1389 1748
1661 1748
1688 1748
331 1749
11 1750
193 1750
234 1750
650 1750
1461 1750
23 1751
680 1752
582 1753
816 1753
1017 1753
1662 1753
103 1754
724 1756
736 1760
1604 1760
1639 1760
1188 1761
163 1762
200 1764
1189 1764
174 1765
1374 1765
480 1766
1218 1766
4 1767
616 1769
24 1770
161 1770
195 1770
230 1770
296 1770
314 1770
341 1770
397 1770
597 1770
661 1770
776 1770
835 1770
970 1770
975 1770
1107 1770
1131 1770
1156 1770
1180 1770
1204 1770
1255 1770
1304 1770
1310 1770
1539 1770
1638 1770
1709 1770
1721 1770
666 1771
1506 1771
1665 1772
88 1773
222 1773
563 1773
835 1773
237 1774
281 1774
365 1774
1355 1774
413 1775
721 1775
316 1777
8 1780
51 1780
294 1780
816 1780
885 1780
958 1780
975 1780
1030 1780
1112 1780
1169 1780
1321 1780
1376 1780
1540 1780
1662 1780
1666 1780
1378 1784
106 1785
1417 1786
101 1787
845 1788
1215 1788
20 1790
483 1790
1568 1790
174 1791
1097 1793
6 1794
106 1795
163 1796
1370 1798
37 1799
558 1799
303 1801
174 1802
731 1803
1038 1804
148 1805
357 1805
541 1805
663 1805
1108 1805
1780 1806
405 1807
1585 1807
1714 1808
950 1809
1500 1810
163 1813
103 1814
1214 1815
59 1816
173 1816
380 1818
904 1819
14 1820
1324 1820
341 1821
399 1821
721 1822
495 1823
341 1824
726 1826
652 1827
4 1829
331 1830
341 1830
1517 1830
1618 1830
1535 1833
4 1834
109 1835
234 1835
650 1835
678 1835
106 1836
57 1837
241 1837
752 1837
1734 1838
1086 1839
148 1841
1770 1842
721 1844
405 1845
50 1846
174 1846
208 1846
252 1846
292 1846
570 1846
642 1846
704 1846
857 1846
868 1846
1082 1846
1285 1846
1342 1846
1379 1846
1453 1846
1515 1846
1563 1846
1602 1846
1711 1846
1087 1848
1297 1848
1657 1848
103 1849
390 1849
417 1849
461 1849
543 1849
548 1849
551 1849
554 1849
808 1849
1089 1849
1144 1849
1229 1849
1265 1849
1330 1849
1335 1849
1404 1849
1408 1849
1462 1849
1480 1849
1534 1849
1546 1849
1647 1849
101 1850
478 1851
1180 1851
1428 1851
397 1853
403 1853
760 1853
960 1853
1131 1853
81 1854
199 1854
585 1854
1668 1854
1730 1854
309 1855
660 1856
1230 1856
1470 1856
1 1857
59 1857
186 1857
1318 1857
1531 1857
1686 1857
14 1858
405 1859
495 1860
1166 1860
160 1861
405 1862
1187 1864
1502 1864
776 1865
984 1865
1442 1865
1780 1865
1248 1866
731 1867
722 1868
1383 1868
1475 1869
93 1870
172 1870
330 1870
966 1870
1435 1870
1768 1870
386 1871
963 1871
52 1874
87 1874
404 1874
482 1874
714 1874
875 1874
1088 1874
1625 1874
127 1875
81 1876
1854 1876
74 1877
478 1877
1506 1877
1857 1877
258 1878
391 1878
1044 1878
1127 1878
1182 1878
26 1879
79 1879
108 1879
174 1879
188 1879
212 1879
341 1879
344 1879
353 1879
408 1879
496 1879
660 1879
661 1879
783 1879
792 1879
1022 1879
1183 1879
1211 1879
1236 1879
1285 1879
1286 1879
1324 1879
1353 1879
1366 1879
1575 1879
1741 1879
1745 1879
1770 1879
536 1880
1255 1881
893 1882
1370 1882
1678 1882
8 1883
34 1883
1310 1883
1872 1883
1172 1884
919 1885
721 1887
1590 1887
8 1888
8 1889
1215 1890
984 1891
27 1892
1587 1892
1635 1892
101 1894
638 1894
943 1894
1879 1894
1578 1895
733 1896
863 1896
1848 1896
331 1898
51 1899
345 1899
628 1899
773 1899
1117 1899
1376 1899
12 1900
151 1900
1157 1900
1167 1900
1642 1900
361 1901
1327 1901
17 1905
1482 1905
4 1906
174 1907
405 1910
207 1911
260 1911
487 1911
511 1911
519 1911
563 1911
947 1911
1170 1911
1825 1911
586 1912
721 1912
1590 1912
965 1913
1361 1915
1383 1916
661 1918
1315 1919
1343 1919
308 1920
174 1921
212 1921
1343 1922
1500 1923
4 1924
10 1925
106 1925
192 1925
525 1925
1741 1925
1846 1925
384 1926
1156 1926
687 1928
1846 1929
8 1930
249 1930
1383 1930
1770 1930
660 1931
463 1932
977 1933
1579 1933
1846 1934
390 1936
466 1936
819 1936
1077 1936
1750 1936
1215 1937
1 1938
174 1939
1300 1941
1854 1942
291 1943
341 1944
294 1945
773 1945
775 1945
1365 1945
1578 1945
680 1946
12 1948
148 1950
766 1951
799 1952
380 1953
1576 1953
1848 1953
580 1954
721 1955
174 1956
174 1958
23 1960
653 1961
731 1961
1506 1962
106 1964
279 1964
819 1965
885 1965
1076 1965
1187 1965
1502 1965
338 1967
1442 1967
1734 1968
1104 1970
455 1972
896 1972
940 1972
537 1973
816 1975
1677 1975
143 1976
217 1976
291 1976
301 1976
354 1976
403 1976
449 1976
521 1976
618 1976
867 1976
869 1976
998 1976
1060 1976
1312 1976
1732 1976
1875 1976
661 1977
1172 1978
1805 1978
1950 1978
1465 1979
112 1980
260 1980
263 1980
519 1980
563 1980
679 1980
947 1980
1170 1980
1825 1980
1738 1981
440 1982
661 1982
1326 1982
1350 1982
1601 1982
174 1983
581 1985
537 1986
904 1987
947 1987
386 1988
721 1989
628 1990
775 1990
525 1991
693 1992
4 1993
1327 1994
903 1995
766 1996
59 1997
578 1998
355 1999
390 2000
466 2000
819 2000
1187 2000
1835 2000
687 2001
106 2003
1423 2003
1940 2003
616 2004
435 2005
1278 2005
1926 2005
174 2006
4 2008
17 2009
1905 2009
106 2010
1104 2011
1188 2011
10 2012
60 2012
1976 2013
653 2014
1631 2014
11 2015
143 2015
291 2015
354 2015
423 2015
439 2015
521 2015
869 2015
1483 2015
1612 2015
1732 2015
1817 2015
1875 2015
1914 2015
770 2016
1315 2017
1919 2017
106 2018
4 2020
956 2021
4 2022
65 2022
128 2022
353 2022
370 2022
427 2022
687 2022
837 2022
850 2022
919 2022
1116 2022
1526 2022
1541 2022
1646 2022
1778 2022
1954 2022
291 2024
32 2025
95 2025
405 2025
587 2025
861 2025
875 2025
1055 2025
1083 2025
1141 2025
1197 2025
1268 2025
1721 2025
1991 2025
483 2026
1571 2026
222 2028
1465 2029
174 2031
106 2032
537 2034
103 2035
118 2035
155 2035
352 2035
517 2035
551 2035
731 2035
1455 2035
1628 2035
1631 2035
1998 2035
1108 2036
1798 2036
303 2037
200 2038
695 2038
1117 2038
1680 2038
10 2039
1846 2039
1 2041
1035 2041
1318 2041
120 2042
1187 2042
1502 2042
496 2043
1300 2043
211 2044
274 2045
616 2046
331 2047
770 2047
828 2047
1635 2047
2016 2047
824 2048
1172 2049
382 2050
1197 2050
106 2051
397 2052
904 2053
1728 2054
591 2055
663 2055
2035 2055
1073 2057
113 2058
402 2058
1346 2058
1087 2059
1237 2059
1657 2059
1497 2060
1787 2060
1879 2060
328 2061
416 2061
1300 2061
653 2062
59 2063
101 2063
1879 2063
341 2064
174 2065
1517 2066
405 2067
1195 2067
1562 2067
463 2069
62 2070
721 2071
181 2072
222 2072
4 2073
1442 2074
399 2075
380 2076
399 2076
478 2076
1189 2076
42 2078
61 2078
71 2078
120 2078
207 2078
299 2078
424 2078
844 2078
957 2078
1191 2078
1858 2078
1886 2078
555 2079
721 2079
274 2080
668 2082
1377 2082
1976 2083
2015 2083
328 2084
855 2085
943 2085
959 2085
1049 2085
1285 2085
1487 2085
1741 2085
1925 2085
480 2086
995 2087
9 2088
338 2088
504 2088
525 2088
852 2088
1062 2088
1191 2088
174 2089
463 2090
154 2091
577 2091
641 2091
1021 2091
1462 2091
1468 2091
1542 2091
1805 2091
2049 2091
174 2092
368 2092
1059 2093
584 2094
1666 2094
1935 2095
661 2096
672 2096
1721 2096
581 2097
1433 2097
199 2098
450 2098
707 2098
1125 2098
1730 2098
1854 2098
2023 2098
1789 2099
1465 2100
977 2101
1002 2101
1882 2102
780 2103
987 2103
1571 2103
2026 2103
174 2104
4 2105
405 2106
1230 2107
1506 2108
23 2109
496 2109
616 2109
870 2109
988 2109
1002 2109
1221 2109
1326 2109
1350 2109
1352 2109
1687 2109
1839 2109
154 2110
321 2110
346 2110
527 2110
763 2110
942 2110
990 2110
1062 2110
2036 2110
106 2113
23 2114
1879 2115
852 2116
1062 2116
1064 2116
1166 2116
1214 2116
721 2117
418 2118
1093 2118
537 2119
970 2119
1374 2119
84 2120
596 2120
179 2121
229 2121
874 2121
1383 2121
1394 2121
1424 2121
1794 2121
2038 2121
904 2122
636 2123
660 2123
704 2123
1039 2123
1966 2123
2025 2123
770 2124
10 2125
1298 2126
1276 2128
279 2129
61 2130
316 2131
179 2132
525 2132
533 2132
719 2132
1230 2132
1744 2132
2025 2132
2064 2132
2127 2132
1770 2133
1517 2134
1618 2134
174 2136
852 2137
1062 2137
174 2138
616 2139
1062 2142
405 2143
1724 2144
1874 2144
106 2145
362 2145
791 2145
1143 2145
1595 2145
274 2146
338 2147
721 2148
106 2149
385 2150
1285 2150
561 2152
174 2153
101 2155
222 2155
364 2155
1235 2155
1402 2155
1719 2155
1726 2155
1800 2155
1879 2155
1500 2157
1799 2157
260 2158
511 2158
835 2158
1825 2158
1880 2158
405 2159
1003 2160
1064 2160
104 2161
896 2161
1350 2162
661 2163
721 2164
174 2166
896 2167
1780 2168
91 2169
113 2170
394 2170
1576 2170
2076 2170
4 2171
666 2173
1365 2173
1506 2173
355 2174
1999 2174
1025 2175
1506 2176
113 2177
241 2177
478 2177
844 2177
1579 2177
4 2178
174 2179
1327 2181
496 2182
568 2182
1383 2183
794 2185
1338 2185
1034 2186
590 2188
822 2190
1263 2190
1698 2190
397 2192
200 2193
241 2194
616 2196
1 2198
174 2198
204 2198
274 2198
722 2198
875 2198
970 2198
1145 2198
1188 2198
1303 2198
1361 2198
1883 2198
1930 2198
2025 2198
1188 2199
76 2200
107 2200
1576 2200
1860 2200
200 2201
25 2203
1905 2203
174 2204
1075 2206
91 2207
98 2207
99 2207
114 2207
137 2207
197 2207
213 2207
216 2207
257 2207
270 2207
278 2207
309 2207
376 2207
411 2207
473 2207
485 2207
547 2207
579 2207
616 2207
625 2207
658 2207
669 2207
673 2207
740 2207
765 2207
787 2207
795 2207
833 2207
871 2207
925 2207
946 2207
950 2207
1031 2207
1056 2207
1069 2207
1081 2207
1124 2207
1153 2207
1192 2207
1201 2207
1205 2207
1261 2207
1277 2207
1288 2207
1289 2207
1345 2207
1367 2207
1405 2207
1425 2207
1471 2207
1509 2207
1544 2207
1589 2207
1634 2207
1654 2207
1684 2207
1729 2207
1737 2207
1757 2207
1763 2207
1767 2207
1779 2207
1789 2207
1792 2207
1809 2207
1811 2207
1829 2207
1840 2207
1924 2207
1963 2207
1974 2207
2008 2207
2020 2207
2030 2207
2033 2207
2056 2207
2068 2207
2077 2207
2105 2207
2172 2207
2178 2207
2180 2207
2025 2208
661 2210
2121 2211
156 2212
400 2212
409 2212
627 2212
695 2212
816 2212
1067 2212
1076 2212
1517 2212
1743 2212
1760 2212
904 2213
947 2213
95 2215
1837 2215
523 2216
1352 2216
1397 2216
375 2218
514 2218
988 2218
721 2219
10 2220
168 2221
1230 2221
2025 2221
106 2222
160 2223
1049 2224
2200 2224
176 2225
316 2226
541 2227
1108 2227
1 2228
30 2228
82 2228
203 2228
260 2228
331 2228
341 2228
410 2228
412 2228
451 2228
495 2228
519 2228
546 2228
680 2228
737 2228
742 2228
1309 2228
1350 2228
1361 2228
1374 2228
1418 2228
1842 2228
1880 2228
2202 2228
1976 2229
4 2230
795 2230
2207 2230
283 2231
496 2231
530 2231
629 2231
1166 2231
1377 2231
91 2232
1409 2233
103 2235
36 2236
775 2236
1383 2236
174 2237
1523 2238
274 2239
1319 2239
463 2240
1541 2240
240 2242
680 2242
103 2244
1535 2245
2207 2246
1657 2247
174 2248
668 2251
174 2252
1243 2252
328 2253
680 2254
680 2255
405 2256
108 2257
115 2257
160 2257
225 2257
347 2257
395 2257
470 2257
523 2257
640 2257
687 2257
783 2257
906 2257
908 2257
1324 2257
1340 2257
1353 2257
1510 2257
1575 2257
1850 2257
2060 2257
291 2258
4 2260
1530 2260
752 2261
1037 2261
1064 2261
733 2262
375 2263
514 2263
988 2263
1866 2263
397 2264
138 2265
695 2265
1361 2265
9 2266
292 2266
341 2266
892 2266
1049 2266
1214 2266
2200 2266
138 2267
61 2268
919 2269
1237 2269
1657 2269
1896 2269
2200 2269
2015 2270
10 2271
591 2272
731 2272
1276 2272
558 2273
938 2273
1364 2274
130 2275
171 2275
1969 2275
1999 2275
2174 2275
73 2276
463 2278
875 2279
783 2280
4 2281
2207 2281
537 2282
336 2283
174 2284
328 2284
338 2284
660 2284
1230 2284
1856 2284
1780 2285
482 2286
1002 2286
405 2289
279 2291
837 2292
31 2293
341 2293
478 2293
573 2293
649 2293
1489 2293
1576 2293
2037 2293
904 2294
240 2295
680 2295
949 2295
338 2296
1240 2296
678 2297
3 2298
96 2298
341 2299
773 2299
1352 2299
1659 2299
1988 2299
1298 2301
1849 2302
2035 2302
1327 2303
1073 2305
1681 2305
7 2307
1879 2307
617 2309
1497 2310
1879 2310
294 2311
341 2311
1578 2311
174 2312
228 2313
483 2313
1780 2313
2311 2313
1276 2314
42 2315
105 2315
299 2315
782 2315
844 2315
891 2315
994 2315
1260 2315
1592 2315
1630 2315
1943 2315
2151 2315
2245 2315
2207 2316
274 2317
630 2318
1103 2318
1860 2318
2200 2318
2224 2318
680 2320
362 2321
1540 2321
2228 2321
182 2322
2207 2323
61 2324
106 2324
983 2324
1273 2324
1565 2324
680 2325
1002 2326
2207 2327
681 2328
1276 2328
1649 2328
287 2329
1562 2329
291 2330
229 2331
399 2331
955 2331
1134 2331
1475 2331
1530 2331
1874 2331
1972 2331
2188 2331
2197 2331
2243 2331
2304 2331
1414 2332
1857 2332
2025 2332
1605 2333
69 2334
976 2334
1131 2334
1150 2334
1191 2334
1772 2334
1784 2334
2250 2334
2297 2334
2319 2334
95 2335
185 2335
331 2335
525 2335
2025 2335
9 2336
14 2336
875 2336
1324 2336
174 2337
581 2338
148 2339
226 2339
1805 2339
1841 2339
2102 2339
2331 2340
405 2341
1 2342
875 2342
1774 2342
1465 2343
902 2344
992 2344
996 2344
1281 2344
1786 2344
540 2345
2228 2346
10 2347
1846 2348
61 2349
2070 2350
1782 2351
397 2352
291 2353
825 2353
328 2354
2321 2355
1361 2356
2121 2356
947 2357
226 2358
2102 2358
2227 2358
93 2359
129 2359
135 2359
280 2359
328 2359
415 2359
626 2359
704 2359
798 2359
864 2359
1012 2359
1066 2359
1119 2359
1383 2359
1453 2359
1971 2359
1994 2359
307 2360
2098 2360
336 2362
471 2362
5 2363
106 2364
322 2365
350 2365
484 2365
680 2365
1020 2365
1569 2365
1620 2365
2287 2365
123 2366
106 2367
897 2367
174 2368
1626 2369
1327 2370
617 2371
2288 2371
906 2372
2257 2372
8 2373
325 2373
1776 2373
405 2374
296 2375
2207 2375
995 2376
2258 2376
1002 2377
1438 2377
2216 2377
200 2378
79 2380
212 2380
225 2380
362 2380
384 2380
395 2380
496 2380
564 2380
687 2380
906 2380
1147 2380
1148 2380
1326 2380
1353 2380
1692 2380
1747 2380
2372 2380
373 2381
537 2382
1374 2382
65 2384
1506 2384
223 2385
280 2385
750 2385
1007 2385
1119 2385
1241 2385
1383 2385
1602 2385
1847 2385
1873 2385
1901 2385
1909 2385
2181 2385
483 2386
854 2386
1790 2386
2376 2386
341 2388
523 2388
870 2388
933 2388
1397 2388
2377 2388
2207 2390
354 2391
743 2391
998 2391
300 2392
321 2392
390 2392
434 2392
461 2392
551 2392
554 2392
766 2392
808 2392
1262 2392
1445 2392
1627 2392
1628 2392
1647 2392
1719 2392
1828 2392
2126 2392
2128 2392
2206 2392
2301 2392
518 2393
534 2393
855 2393
892 2393
985 2393
2207 2394
59 2395
72 2396
90 2396
1254 2396
1275 2396
1690 2396
1874 2396
2187 2396
1409 2397
1104 2398
537 2399
1584 2399
1638 2399
2373 2399
1327 2400
1879 2401
1849 2402
1497 2403
68 2404
81 2404
450 2404
486 2404
653 2404
707 2404
832 2404
1107 2404
1290 2404
1490 2404
1904 2404
1947 2404
496 2405
4 2406
1434 2406
336 2408
336 2409
241 2410
399 2410
752 2410
1003 2410
1037 2410
1062 2410
353 2411
370 2411
660 2411
700 2411
704 2411
1007 2411
1113 2411
1141 2411
1412 2411
2025 2411
221 2412
240 2412
289 2412
680 2412
1240 2412
1655 2412
1710 2412
1832 2412
1894 2412
508 2413
176 2414
1383 2416
74 2417
237 2417
478 2417
491 2417
660 2417
2109 2417
896 2418
1180 2418
1715 2418
1 2419
303 2420
495 2420
648 2420
755 2420
1180 2420
1237 2420
1297 2420
1497 2421
1879 2421
2257 2421
773 2422
405 2423
529 2424
550 2424
1722 2424
1927 2424
2093 2424
695 2425
1365 2425
1666 2425
1442 2426
508 2427
960 2427
970 2427
984 2427
1281 2427
1758 2427
1878 2427
2216 2427
2292 2427
177 2428
238 2428
349 2428
881 2428
886 2428
1227 2428
1430 2428
1514 2428
1613 2428
2207 2429
2207 2430
425 2431
489 2431
584 2431
659 2431
747 2431
1733 2431
2047 2431
1524 2433
2309 2433
2371 2433
163 2434
409 2435
975 2435
1976 2436
2015 2436
2207 2437
212 2438
1774 2439
1687 2440
4 2441
106 2442
495 2443
755 2443
1087 2443
1420 2443
1675 2443
2170 2443
2200 2443
2293 2443
2318 2443
331 2445
341 2445
520 2445
721 2447
752 2448
1666 2448
2101 2448
81 2449
1125 2449
1854 2449
4 2450
2207 2450
537 2451
3 2452
96 2452
51 2453
345 2453
628 2453
773 2453
1376 2453
2427 2453
211 2454
1694 2454
31 2455
1576 2455
2365 2456
661 2457
672 2457
1721 2457
2411 2457
7 2458
4 2459
904 2460
947 2460
1721 2461
2411 2461
26 2462
61 2462
84 2462
108 2462
331 2462
427 2462
616 2462
874 2462
1140 2462
1209 2462
1254 2462
1526 2462
1646 2462
1704 2462
2050 2462
2249 2462
2110 2463
279 2464
311 2464
522 2464
1052 2464
1126 2464
1407 2464
2367 2464
241 2465
4 2466
1405 2466
1 2467
59 2467
1318 2467
540 2468
661 2468
1385 2468
1959 2468
331 2469
341 2469
1618 2469
825 2471
174 2472
753 2472
273 2473
822 2473
1386 2473
1491 2473
1543 2473
399 2474
464 2474
1038 2474
628 2475
967 2475
1013 2475
1117 2475
1680 2475
1760 2475
1343 2476
174 2477
208 2477
212 2477
218 2477
292 2477
570 2477
604 2477
711 2477
857 2477
868 2477
1333 2477
1342 2477
1379 2477
1453 2477
1515 2477
1563 2477
1619 2477
1711 2477
1812 2477
1846 2477
1863 2477
1934 2477
2348 2477
1 2478
59 2478
110 2478
1035 2478
1318 2478
1531 2478
1877 2478
698 2479
949 2479
1741 2479
1894 2479
2393 2479
1157 2480
1346 2480
1383 2481
405 2482
1542 2483
8 2484
335 2485
378 2485
2044 2485
2454 2485
174 2486
544 2487
630 2487
2070 2487
2116 2487
397 2488
775 2488
338 2489
405 2490
424 2491
536 2491
1391 2491
1879 2491
1880 2491
286 2492
453 2492
1976 2493
426 2494
1 2495
37 2495
87 2495
920 2495
1160 2495
1513 2495
1685 2495
2157 2495
61 2496
84 2496
427 2496
616 2496
778 2496
874 2496
1230 2496
1526 2496
2025 2496
241 2497
2165 2497
2207 2498
212 2502
706 2502
1899 2502
430 2503
1879 2503
174 2504
480 2505
174 2506
1616 2506
229 2507
1846 2508
2477 2508
731 2509
2098 2510
1976 2511
2331 2512
168 2513
653 2513
1535 2513
373 2514
80 2515
472 2515
79 2516
108 2516
160 2516
200 2516
292 2516
384 2516
430 2516
564 2516
640 2516
661 2516
691 2516
901 2516
1148 2516
1230 2516
1340 2516
1692 2516
2300 2516
680 2517
1188 2517
405 2519
1239 2519
106 2520
200 2521
212 2521
1497 2521
2257 2521
373 2523
3 2524
10 2524
80 2524
101 2524
331 2524
338 2524
370 2524
631 2524
672 2524
783 2524
919 2524
922 2524
1009 2524
1033 2524
1101 2524
1163 2524
1230 2524
1247 2524
1361 2524
1466 2524
1497 2524
1879 2524
1946 2524
2359 2524
2467 2524
2478 2524
12 2525
2155 2525
1500 2526
174 2527
1564 2527
101 2528
453 2528
1391 2528
1402 2528
1680 2528
1687 2528
1800 2528
1948 2528
2379 2528
2207 2529
274 2531
331 2532
720 2532
775 2532
1618 2532
120 2533
1062 2533
1409 2534
807 2535
480 2536
222 2537
671 2537
405 2538
346 2539
1021 2539
1445 2539
1538 2539
1626 2539
2055 2539
2501 2539
1976 2541
1073 2542
338 2543
2359 2544
1044 2545
1278 2545
1308 2546
314 2547
412 2547
631 2547
1007 2547
1459 2547
556 2548
1506 2550
478 2551
1180 2551
1428 2551
1851 2551
1276 2552
105 2553
390 2553
461 2553
517 2553
526 2553
551 2553
575 2553
595 2553
653 2553
731 2553
980 2553
1095 2553
1191 2553
1198 2553
1347 2553
1445 2553
1455 2553
1462 2553
1472 2553
1546 2553
1701 2553
1808 2553
2055 2553
2128 2553
2314 2553
2499 2553
2552 2553
496 2554
695 2554
752 2554
4 2555
2207 2555
350 2556
1338 2556
1362 2556
1620 2556
2195 2556
2325 2556
118 2557
155 2557
300 2557
390 2557
434 2557
461 2557
548 2557
551 2557
610 2557
1144 2557
1545 2557
1546 2557
1674 2557
2206 2557
2404 2557
19 2558
138 2558
482 2558
1361 2558
2411 2558
2524 2558
1350 2559
354 2560
743 2560
793 2560
2436 2560
83 2561
101 2561
892 2561
959 2561
1879 2561
174 2562
297 2563
531 2563
1701 2564
262 2565
326 2565
1073 2565
1126 2565
236 2566
775 2566
1050 2566
1603 2566
1760 2566
1768 2566
1465 2567
1846 2568
2477 2568
212 2569
2524 2569
17 2570
61 2570
120 2570
389 2570
606 2570
1162 2570
2078 2570
680 2571
2325 2571
2556 2571
174 2573
106 2574
902 2575
1899 2575
397 2576
674 2577
1122 2577
1178 2577
1402 2577
1900 2577
200 2578
361 2578
1457 2578
734 2579
1879 2580
380 2581
1189 2581
1428 2581
2132 2581
616 2582
660 2582
706 2582
1326 2582
2109 2582
2315 2583
138 2584
405 2585
772 2586
172 2587
259 2587
320 2587
330 2587
611 2587
966 2587
341 2588
48 2589
154 2589
390 2589
551 2589
703 2589
817 2589
990 2589
1445 2589
1462 2589
1558 2589
2112 2589
2140 2589
2397 2589
341 2591
2023 2592
160 2593
1724 2593
312 2594
363 2594
883 2594
1013 2594
1374 2594
1417 2594
1507 2594
1540 2594
1680 2594
1760 2594
1946 2594
2119 2594
2198 2594
2382 2594
16 2595
731 2595
1075 2595
1276 2595
1308 2595
2035 2595
2553 2595
2557 2595
1 2596
853 2596
889 2596
1664 2596
1870 2597
992 2598
996 2598
1281 2598
1786 2598
2141 2598
770 2599
1579 2599
1585 2599
14 2601
1 2602
482 2602
661 2602
672 2602
680 2602
779 2602
1477 2602
1581 2602
2332 2602
1530 2603
698 2604
772 2604
1741 2604
2561 2604
2110 2606
386 2607
2299 2607
721 2608
947 2609
311 2610
522 2610
897 2610
1126 2610
1407 2610
2367 2610
583 2611
106 2612
2 2613
237 2613
405 2613
870 2613
1326 2613
1659 2613
1666 2613
1982 2613
2417 2613
61 2614
189 2614
1348 2614
663 2615
200 2616
126 2617
672 2617
1623 2617
2411 2617
405 2618
63 2620
152 2620
156 2620
176 2620
283 2620
1228 2620
1559 2620
1578 2620
1618 2620
1666 2620
1680 2620
1770 2620
1865 2620
2161 2620
2217 2620
2427 2620
661 2621
926 2622
1655 2622
1697 2622
1710 2622
2266 2622
2393 2622
1414 2623
1879 2623
2022 2623
2388 2623
3 2624
391 2625
581 2625
1044 2625
1127 2625
1182 2625
1926 2625
2427 2625
721 2627
4 2628
1763 2628
163 2629
2389 2629
2207 2630
1892 2633
736 2634
970 2634
1601 2634
229 2635
370 2635
399 2635
1874 2635
2188 2635
8 2636
325 2636
621 2636
966 2636
1403 2636
1499 2636
1776 2636
2399 2636
921 2637
1302 2637
1577 2637
1617 2637
722 2638
2165 2639
312 2641
2594 2641
2625 2642
496 2643
1419 2643
174 2644
879 2645
1745 2645
1879 2645
523 2646
933 2646
1397 2646
1659 2646
2427 2646
1038 2647
496 2648
138 2649
161 2651
384 2651
760 2651
976 2651
1004 2651
1131 2651
1772 2651
2241 2651
2297 2651
2488 2651
2514 2651
5 2652
101 2653
1497 2653
628 2654
1276 2655
2553 2655
8 2656
179 2656
229 2656
1394 2656
1794 2656
2211 2656
273 2657
279 2657
373 2657
822 2657
1052 2657
2464 2657
2610 2657
2516 2658
731 2659
1649 2659
1849 2659
2035 2659
2110 2659
316 2660
742 2661
328 2662
721 2663
338 2664
4 2665
234 2666
373 2666
483 2666
82 2667
203 2667
269 2667
331 2667
334 2667
341 2667
409 2667
412 2667
495 2667
546 2667
572 2667
597 2667
704 2667
797 2667
1070 2667
1361 2667
1686 2667
1780 2667
1842 2667
1854 2667
2205 2667
2318 2667
2321 2667
2594 2667
54 2668
97 2668
185 2668
340 2668
356 2668
402 2668
697 2668
873 2668
2215 2668
8 2669
3 2670
26 2670
59 2670
126 2670
150 2670
212 2670
225 2670
308 2670
324 2670
338 2670
341 2670
496 2670
536 2670
564 2670
751 2670
792 2670
875 2670
879 2670
883 2670
1147 2670
1211 2670
1230 2670
1324 2670
1353 2670
1371 2670
1575 2670
1692 2670
1707 2670
1745 2670
1797 2670
1925 2670
2156 2670
2310 2670
2421 2670
2528 2670
2653 2670
370 2672
636 2672
660 2672
2025 2672
2411 2672
104 2673
174 2673
195 2673
203 2673
341 2673
410 2673
457 2673
500 2673
680 2673
722 2673
970 2673
1070 2673
1131 2673
1189 2673
1293 2673
1361 2673
1780 2673
1883 2673
1930 2673
2025 2673
2198 2673
2594 2673
1062 2674
1734 2675
16 2676
1276 2676
1631 2676
2553 2676
207 2677
260 2677
487 2677
679 2677
1852 2677
33 2678
318 2678
463 2678
1135 2678
1804 2678
1897 2678
1928 2678
2257 2678
2500 2678
1748 2680
721 2681
2207 2682
328 2683
1350 2684
328 2685
463 2686
2022 2686
667 2687
734 2688
1271 2688
1506 2689
8 2690
1539 2690
1540 2690
2228 2690
2667 2690
3 2692
61 2692
79 2692
108 2692
174 2692
188 2692
308 2692
324 2692
338 2692
341 2692
344 2692
536 2692
557 2692
616 2692
632 2692
640 2692
660 2692
792 2692
879 2692
916 2692
1183 2692
1211 2692
1234 2692
1286 2692
1324 2692
1353 2692
1461 2692
1575 2692
1797 2692
1850 2692
1902 2692
2115 2692
2155 2692
2401 2692
2421 2692
2561 2692
292 2694
1037 2695
1045 2695
2116 2695
2160 2695
721 2696
1066 2697
1465 2698
54 2699
94 2699
287 2699
302 2699
530 2699
544 2699
629 2699
929 2699
1453 2699
1474 2699
1511 2699
1521 2699
1759 2699
1815 2699
1837 2699
2165 2699
2177 2699
2194 2699
2224 2699
2296 2699
2361 2699
2405 2699
2410 2699
2566 2699
2650 2699
1062 2700
1879 2701
525 2702
4 2703
1 2704
2035 2705
1038 2706
1669 2706
2396 2706
1680 2707
1933 2707
425 2708
2216 2708
2388 2708
2462 2708
106 2709
1578 2710
2427 2710
1849 2711
163 2712
1911 2712
241 2713
2699 2713
13 2714
488 2714
511 2714
582 2714
2258 2714
1215 2715
293 2716
852 2718
1062 2718
168 2719
731 2719
1040 2719
2091 2719
2539 2719
212 2720
970 2720
1638 2720
1879 2720
2594 2720
2670 2720
2692 2721
138 2722
463 2722
2462 2722
174 2723
663 2724
1172 2724
2049 2724
200 2725
366 2725
581 2727
904 2727
1359 2727
2103 2727
1523 2728
1156 2729
2005 2729
132 2730
566 2730
1143 2730
1167 2730
380 2731
1976 2732
2270 2732
106 2733
2502 2733
680 2734
4 2735
215 2736
680 2737
393 2738
895 2738
2094 2739
287 2740
1419 2741
163 2742
1666 2743
1383 2745
1540 2745
2667 2745
370 2746
1475 2746
3 2747
65 2747
80 2747
146 2747
331 2747
616 2747
631 2747
859 2747
1022 2747
1163 2747
1230 2747
1247 2747
1254 2747
1324 2747
1466 2747
1544 2747
1746 2747
1946 2747
2121 2747
2307 2747
2395 2747
2396 2747
2467 2747
2478 2747
2656 2747
2670 2747
291 2748
2315 2748
106 2749
2207 2750
1525 2752
13 2753
488 2753
511 2753
582 2753
1662 2753
106 2754
856 2755
2025 2755
1246 2756
1116 2757
1954 2757
903 2758
4 2759
10 2759
18 2759
157 2759
745 2759
862 2759
1223 2759
1300 2759
1467 2759
1941 2759
1984 2759
2043 2759
2061 2759
2207 2759
2359 2759
2619 2759
1073 2760
2031 2761
2412 2762
1302 2763
2637 2763
2593 2764
536 2765
1393 2765
136 2766
1020 2766
1158 2766
1970 2766
2011 2766
2195 2766
2365 2766
2726 2766
2207 2767
221 2768
240 2768
1240 2768
1655 2768
1710 2768
794 2770
1338 2770
2404 2771
4 2772
212 2773
1879 2773
2670 2773
2692 2773
2207 2774
1365 2775
1578 2775
1587 2775
2003 2775
397 2776
77 2777
264 2777
1120 2777
1227 2777
1514 2777
1843 2777
2061 2777
2184 2777
903 2778
1780 2779
1626 2780
2207 2781
174 2782
118 2783
352 2783
551 2783
1455 2783
1628 2783
2522 2783
2659 2783
12 2784
286 2784
480 2785
76 2786
654 2786
1047 2786
1436 2786
1770 2786
2420 2786
483 2787
581 2787
1359 2787
2314 2788
2553 2788
12 2789
2528 2789
137 2790
187 2790
278 2790
381 2790
411 2790
454 2790
465 2790
510 2790
613 2790
694 2790
787 2790
809 2790
830 2790
946 2790
950 2790
1078 2790
1121 2790
1238 2790
1261 2790
1270 2790
1289 2790
1345 2790
1367 2790
1398 2790
1446 2790
1463 2790
1636 2790
1700 2790
1763 2790
1789 2790
1829 2790
1834 2790
2008 2790
2027 2790
2040 2790
2068 2790
2178 2790
2230 2790
2406 2790
2450 2790
2540 2790
2555 2790
2628 2790
2640 2790
2693 2790
2703 2790
10 2791
101 2791
221 2791
680 2791
1583 2791
1879 2791
2088 2791
2150 2791
2359 2791
2477 2791
2207 2792
1300 2793
511 2794
508 2795
634 2795
2445 2795
174 2796
1374 2796
1038 2797
2007 2798
1213 2799
1406 2799
1884 2799
2221 2799
2513 2799
229 2800
1976 2801
2391 2801
2560 2801
2098 2802
399 2803
752 2803
1497 2806
2516 2806
294 2807
775 2807
1879 2808
629 2809
1214 2809
2231 2809
2487 2809
2699 2809
491 2810
1438 2810
2299 2810
2646 2810
405 2811
2207 2812
174 2813
2221 2814
373 2816
904 2816
2651 2816
693 2817
661 2818
1652 2818
2298 2818
58 2819
996 2819
1786 2819
2475 2819
2598 2819
341 2820
174 2821
2412 2822
138 2823
1721 2823
2121 2823
2656 2823
373 2824
397 2824
2651 2824
1276 2825
1649 2825
1849 2825
1579 2826
2599 2826
341 2827
824 2828
1038 2829
2647 2829
127 2830
1976 2830
1465 2831
106 2832
65 2833
206 2834
921 2834
1072 2834
1361 2834
1497 2835
1399 2837
1400 2837
2212 2837
2790 2838
616 2839
16 2840
1409 2840
375 2841
1866 2841
1429 2842
1535 2843
1833 2843
425 2844
659 2844
870 2844
1195 2844
1369 2844
1562 2844
1945 2844
2440 2844
1097 2845
1799 2845
2273 2845
106 2846
1215 2847
2207 2848
160 2849
404 2849
106 2850
2678 2851
174 2852
169 2853
1535 2853
101 2854
2670 2854
65 2856
1076 2857
1578 2857
326 2858
522 2858
717 2858
1073 2858
2657 2858
241 2859
341 2859
495 2859
892 2859
1214 2859
1324 2859
1603 2859
2266 2859
2699 2859
2207 2860
583 2861
2516 2863
1437 2864
2139 2864
921 2865
1361 2865
1239 2866
65 2867
666 2867
720 2867
875 2867
2795 2867
1099 2868
776 2869
2156 2871
2670 2871
174 2872
2673 2873
721 2874
341 2875
308 2877
138 2878
1361 2878
2121 2878
2656 2878
106 2879
483 2879
1 2880
889 2880
920 2880
938 2880
1097 2880
1160 2880
1755 2880
2744 2880
2845 2880
655 2881
766 2881
884 2882
1275 2882
1892 2882
2380 2883
2207 2884
65 2885
1189 2885
2132 2885
4 2886
2207 2887
12 2888
537 2888
544 2888
1157 2888
1562 2888
1585 2888
1604 2888
2265 2888
2528 2888
2743 2888
1500 2889
341 2890
1049 2890
1925 2890
2699 2890
1107 2892
78 2893
463 2893
533 2893
894 2893
896 2893
1053 2893
1232 2893
1429 2893
2269 2893
2384 2893
2532 2893
2588 2893
2833 2893
1639 2894
12 2895
2528 2895
4 2896
2790 2896
8 2897
90 2897
412 2897
680 2897
730 2897
816 2897
892 2897
902 2897
1187 2897
1925 2897
1949 2897
2228 2897
2306 2897
2307 2897
2622 2897
2791 2897
2805 2897
10 2898
2477 2898
853 2899
921 2899
2207 2900
174 2901
36 2902
1383 2902
1433 2902
2427 2902
1107 2903
174 2904
405 2905
174 2906
1391 2907
341 2908
536 2909
751 2909
2078 2909
2491 2909
2691 2909
2902 2910
65 2911
237 2911
478 2911
1275 2911
1309 2911
1365 2911
1414 2911
1587 2911
2109 2911
2388 2911
2431 2911
2613 2911
2799 2912
2814 2912
1933 2913
17 2914
405 2915
241 2916
375 2917
422 2918
793 2918
998 2918
1875 2918
731 2919
2509 2919
2670 2920
2692 2920
103 2921
106 2922
421 2923
1038 2923
788 2924
1379 2924
1846 2924
2477 2924
240 2925
1644 2925
2386 2926
2678 2927
4 2928
1214 2929
1815 2929
2699 2929
405 2930
812 2930
1041 2930
1045 2930
1461 2930
2155 2930
336 2931
2625 2932
2699 2933
165 2934
525 2934
533 2934
979 2934
1744 2934
1851 2934
2025 2934
2581 2934
2591 2934
2769 2934
4 2935
128 2935
235 2935
367 2935
370 2935
580 2935
850 2935
1116 2935
1541 2935
1778 2935
2207 2935
2623 2935
2678 2935
2708 2935
274 2936
163 2937
2678 2938
743 2939
1976 2939
2015 2939
2391 2939
542 2940
1188 2940
2897 2940
336 2941
10 2942
200 2942
1327 2942
2385 2942
652 2943
2207 2944
326 2945
522 2945
717 2945
1073 2945
1126 2945
1661 2945
2473 2945
2657 2945
2858 2945
78 2946
648 2946
894 2946
896 2946
1735 2946
1944 2946
2588 2946
174 2947
2207 2948
405 2949
174 2950
1856 2950
341 2951
380 2951
1696 2951
2132 2951
2934 2951
113 2952
169 2952
193 2952
1157 2952
2315 2952
2528 2952
1701 2953
2035 2953
2499 2953
2783 2953
741 2954
416 2955
749 2955
1442 2955
2777 2955
1497 2956
1197 2957
2462 2957
2935 2957
1146 2958
1858 2958
2078 2958
2315 2958
83 2959
221 2959
772 2959
380 2960
1680 2961
1933 2961
2599 2961
2826 2961
236 2963
308 2963
619 2963
1682 2963
1760 2963
2494 2963
2226 2964
237 2965
281 2965
567 2965
1293 2966
2228 2966
1409 2967
2539 2967
2589 2967
2799 2967
369 2968
799 2968
813 2968
880 2968
973 2968
981 2968
1149 2968
1165 2968
1184 2968
1441 2968
1622 2968
1689 2968
2283 2968
2408 2968
2409 2968
2836 2968
2941 2968
23 2969
10 2970
101 2970
292 2970
680 2970
1710 2970
1879 2970
2085 2970
2088 2970
2150 2970
2897 2970
8 2972
291 2972
1535 2972
2667 2972
23 2973
992 2974
2475 2974
1482 2975
965 2976
2 2977
241 2977
283 2977
345 2977
496 2977
508 2977
723 2977
870 2977
1350 2977
1540 2977
1774 2977
1982 2977
2228 2977
2413 2977
2911 2977
2207 2978
616 2979
1770 2980
95 2981
1837 2981
2215 2981
2335 2981
2668 2981
2420 2982
463 2983
106 2984
7 2985
2207 2986
2394 2986
406 2987
515 2987
1691 2987
1781 2987
274 2988
1013 2989
2207 2990
8 2991
450 2991
1202 2991
1220 2991
1226 2991
1269 2991
1351 2991
1383 2991
1422 2991
1713 2991
1736 2991
1996 2991
2275 2991
904 2992
1450 2992
106 2993
1321 2993
495 2994
2200 2994
2946 2994
14 2995
852 2995
1062 2995
174 2996
2692 2996
661 2997
969 2997
2015 2998
2678 2999
680 3000
106 3001
1517 3003
904 3004
947 3004
695 3005
902 3005
1013 3005
1666 3005
1680 3005
2575 3005
2888 3005
2897 3005
291 3006
1017 3006
2714 3006
1465 3008
241 3009
1300 3010
405 3011
496 3012
2350 3012
15 3013
61 3013
139 3013
456 3013
466 3013
563 3013
816 3013
1043 3013
1077 3013
1321 3013
1662 3013
2024 3013
2245 3013
2330 3013
2513 3013
2843 3013
2 3014
1350 3014
104 3016
212 3016
537 3016
992 3016
1424 3016
2315 3017
1849 3018
617 3019
1209 3019
2240 3019
409 3020
704 3020
106 3021
576 3022
672 3022
861 3022
870 3022
1686 3022
1931 3022
2332 3022
2363 3022
2652 3022
2911 3022
455 3023
1254 3023
1587 3023
1874 3023
2558 3023
2602 3023
1215 3024
2589 3024
120 3025
189 3025
212 3025
561 3025
3013 3025
405 3026
2200 3027
1882 3028
2752 3028
174 3029
10 3030
1327 3030
540 3031
1385 3031
1392 3031
15 3032
390 3032
844 3032
1043 3032
1719 3032
2058 3032
2525 3032
2952 3032
653 3033
731 3033
2553 3033
328 3034
1666 3035
176 3037
212 3038
776 3038
1017 3038
212 3039
2566 3039
66 3040
1097 3040
1799 3040
2495 3040
2880 3040
328 3041
1038 3042
163 3043
1976 3044
1275 3045
776 3046
967 3046
1281 3046
1976 3047
2015 3047
2560 3047
1419 3048
1879 3049
2692 3049
359 3050
400 3050
816 3050
885 3050
1009 3050
1399 3050
1517 3050
1601 3050
1609 3050
2634 3050
2888 3050
229 3051
576 3052
1037 3052
1064 3052
119 3053
1465 3053
1626 3054
660 3055
172 3056
232 3056
330 3056
363 3056
537 3056
628 3056
775 3056
883 3056
944 3056
1024 3056
1242 3056
1258 3056
1396 3056
1454 3056
1488 3056
1507 3056
1716 3056
1973 3056
2034 3056
2119 3056
2282 3056
2399 3056
2641 3056
2796 3056
2815 3056
2888 3056
2996 3056
3016 3056
221 3057
2959 3057
328 3058
211 3059
1846 3060
228 3061
586 3061
634 3061
776 3061
1281 3061
1374 3061
1590 3061
1878 3061
2566 3061
2620 3061
2625 3061
2646 3061
775 3062
1626 3062
2315 3062
1721 3063
2461 3063
8 3064
53 3064
730 3064
1187 3064
2307 3064
2432 3064
1465 3065
773 3066
2692 3067
4 3068
2670 3070
2692 3070
3056 3070
174 3071
1116 3072
1954 3072
2757 3072
683 3073
816 3073
1780 3074
14 3075
273 3076
392 3076
603 3076
961 3076
1389 3076
1661 3076
1688 3076
2817 3076
2945 3076
2044 3077
2485 3077
241 3078
2699 3078
759 3079
2765 3079
199 3080
450 3080
591 3080
653 3080
1075 3080
1276 3080
1290 3080
1431 3080
1490 3080
1631 3080
1849 3080
2557 3080
2783 3080
328 3081
882 3082
2391 3083
721 3084
1657 3085
2383 3085
212 3086
2275 3087
584 3088
821 3088
1666 3088
1680 3088
1903 3088
2007 3088
2215 3088
2798 3088
2015 3089
2918 3089
331 3090
8 3091
53 3091
292 3091
412 3091
475 3091
730 3091
892 3091
1476 3091
2432 3091
2622 3091
556 3092
1774 3092
106 3093
578 3094
1649 3094
2392 3094
271 3096
1157 3096
1281 3096
2238 3096
652 3097
2277 3097
8 3098
1846 3099
2412 3100
1465 3101
2880 3101
2207 3102
1255 3103
2428 3104
331 3105
2207 3106
106 3107
237 3108
984 3108
1309 3108
1374 3108
1436 3108
1511 3108
1579 3108
1604 3108
1687 3108
1899 3108
2425 3108
2440 3108
2453 3108
2554 3108
2613 3108
2780 3108
3050 3108
2553 3109
240 3110
1644 3110
2085 3110
1172 3111
1215 3111
1409 3111
426 3112
1639 3112
1846 3112
260 3113
487 3113
519 3113
563 3113
679 3113
734 3114
817 3115
391 3116
435 3116
581 3116
947 3116
1044 3116
1118 3116
1203 3116
1278 3116
1433 3116
2322 3116
2334 3116
2717 3116
328 3117
106 3118
1849 3119
106 3120
742 3121
174 3122
78 3124
178 3124
508 3124
670 3124
733 3124
863 3124
1449 3124
1885 3124
2022 3124
2269 3124
174 3125
825 3126
2677 3126
274 3127
2239 3127
721 3128
2663 3128
1308 3129
1276 3130
8 3131
4 3132
2207 3132
2790 3132
373 3133
904 3133
975 3134
1409 3135
1218 3136
816 3137
174 3138
2553 3139
16 3140
600 3140
1108 3140
1388 3140
1706 3140
1882 3140
2110 3140
3123 3140
1343 3141
174 3142
1725 3142
386 3143
405 3144
200 3146
243 3147
308 3147
1332 3147
1682 3147
463 3148
1260 3149
2315 3149
338 3150
496 3150
2664 3150
1585 3151
1579 3152
1538 3153
2539 3153
154 3154
300 3154
551 3154
554 3154
614 3154
808 3154
1191 3154
1271 3154
1674 3154
1719 3154
1998 3154
2126 3154
3094 3154
373 3155
678 3155
1770 3155
2334 3155
2651 3155
1240 3156
2699 3156
1437 3157
2004 3157
2864 3157
1433 3158
639 3159
1666 3159
1770 3159
2119 3159
2427 3159
2773 3159
3061 3159
3082 3159
19 3160
314 3160
331 3160
3091 3160
877 3161
2955 3161
2553 3162
3013 3163
1 3164
779 3164
1035 3164
1318 3164
2747 3164
335 3165
2044 3165
2454 3165
3077 3165
405 3166
2404 3167
2880 3168
33 3169
1116 3169
766 3170
1220 3170
2991 3170
6 3171
65 3171
463 3171
1414 3171
2022 3171
2216 3171
751 3172
1346 3172
2491 3172
109 3173
234 3173
650 3173
1157 3173
1273 3173
1276 3173
1308 3173
1346 3173
2078 3173
2088 3173
2334 3173
2553 3173
3145 3173
3154 3173
672 3174
2123 3174
31 3176
1576 3176
2443 3176
14 3177
956 3177
174 3178
37 3179
558 3179
2331 3180
174 3181
212 3181
1442 3181
2428 3181
2777 3181
2553 3182
661 3183
969 3183
174 3184
721 3185
2696 3185
965 3186
2763 3186
1272 3187
174 3188
774 3188
2207 3189
2005 3190
688 3191
816 3191
291 3192
1535 3192
2315 3192
3013 3192
2207 3193
3165 3194
106 3195
545 3196
1308 3196
1849 3196
721 3197
550 3198
1059 3198
731 3199
148 3200
379 3201
909 3201
924 3201
1190 3201
1220 3201
1226 3201
1422 3201
1736 3201
1951 3201
1996 3201
2415 3201
1694 3202
2485 3202
742 3203
120 3204
313 3204
601 3204
780 3204
971 3204
2026 3204
2787 3204
258 3205
391 3205
435 3205
581 3205
1182 3205
1508 3205
3061 3205
678 3206
2334 3206
174 3208
721 3210
1383 3211
241 3212
1214 3212
2699 3212
2929 3212
1 3213
196 3213
680 3213
710 3213
1318 3213
1531 3213
1686 3213
1879 3213
1931 3213
1967 3213
2524 3213
1188 3214
2214 3216
229 3217
1685 3217
2495 3217
10 3218
1442 3219
12 3221
58 3221
504 3221
2528 3221
2888 3222
1874 3223
1579 3224
2599 3224
61 3225
1442 3226
3201 3227
341 3228
464 3228
608 3228
1695 3228
731 3229
1276 3229
1631 3229
1649 3229
2392 3229
2015 3230
752 3231
1497 3232
3022 3233
752 3234
1003 3234
1037 3234
3052 3234
341 3235
464 3235
1690 3235
1695 3235
1062 3236
104 3237
544 3237
842 3237
941 3237
1157 3237
2290 3237
752 3238
1064 3238
2893 3239
2249 3240
2462 3240
158 3241
231 3241
309 3241
381 3241
398 3241
411 3241
454 3241
616 3241
694 3241
765 3241
1238 3241
1270 3241
1358 3241
1463 3241
1636 3241
1700 3241
1763 3241
1789 3241
1809 3241
1829 3241
1993 3241
2027 3241
2040 3241
2068 3241
2099 3241
2105 3241
2260 3241
2498 3241
2555 3241
2628 3241
2772 3241
2774 3241
2790 3241
2838 3241
2876 3241
2891 3241
2935 3241
3132 3241
65 3242
1189 3242
65 3243
463 3243
489 3243
875 3243
1414 3243
1497 3243
1879 3243
2216 3243
2257 3243
241 3244
2207 3245
12 3246
79 3246
108 3246
174 3246
239 3246
268 3246
310 3246
338 3246
384 3246
496 3246
523 3246
535 3246
687 3246
698 3246
783 3246
792 3246
831 3246
906 3246
916 3246
1132 3246
1135 3246
1148 3246
1211 3246
1234 3246
1324 3246
1326 3246
1340 3246
1510 3246
1551 3246
1692 3246
1747 3246
1850 3246
2310 3246
2403 3246
2528 3246
2653 3246
2678 3246
2747 3246
2835 3246
2883 3246
2956 3246
2996 3246
3213 3246
3232 3246
380 3247
2897 3248
14 3249
356 3249
399 3249
496 3249
1214 3249
1626 3249
2200 3249
1054 3250
1172 3250
1215 3250
1409 3250
328 3251
3041 3251
2365 3252
11 3253
117 3253
2516 3254
373 3255
1805 3256
1978 3256
338 3257
174 3259
236 3260
308 3260
775 3260
1032 3260
1057 3260
1403 3260
816 3261
341 3262
533 3262
1489 3262
1529 3262
1696 3262
2951 3262
163 3263
7 3264
3064 3264
2462 3265
1213 3266
1406 3266
1542 3266
2221 3266
2513 3266
2967 3266
2934 3267
2331 3268
1062 3269
174 3270
179 3271
370 3271
523 3271
1084 3271
1424 3271
1637 3271
1794 3271
2708 3271
2725 3271
399 3272
770 3272
1214 3272
3249 3272
698 3273
1644 3273
1741 3273
3064 3273
1465 3274
2598 3276
2524 3277
464 3278
1690 3278
2207 3279
228 3280
634 3280
1878 3280
2620 3280
2632 3280
3205 3280
2428 3281
328 3282
3058 3282
717 3283
2945 3283
66 3284
1465 3284
1500 3284
1799 3284
1506 3285
421 3286
1038 3286
3241 3287
1539 3288
378 3289
758 3289
1042 3289
1908 3289
2444 3289
2476 3289
2971 3289
3069 3289
3141 3289
262 3290
311 3290
392 3290
3076 3290
810 3291
1688 3291
1748 3291
113 3292
380 3292
478 3292
844 3292
2058 3292
2699 3292
10 3293
7 3294
3064 3294
680 3295
2737 3295
1374 3296
101 3297
61 3298
2207 3299
1107 3300
341 3301
399 3301
1180 3301
2170 3301
174 3302
2472 3302
2078 3303
1653 3304
731 3305
1276 3305
515 3306
1328 3306
2081 3306
163 3307
1465 3308
1062 3309
2331 3310
581 3311
1433 3311
298 3312
584 3312
1666 3312
1680 3312
2215 3312
2329 3312
2798 3312
328 3313
1310 3314
1872 3314
2673 3314
3237 3315
83 3316
101 3316
351 3316
518 3316
662 3316
959 3316
2604 3316
2670 3316
2692 3316
3057 3316
3209 3316
3056 3317
653 3318
1075 3318
2557 3318
109 3319
193 3319
678 3319
2000 3319
2088 3319
1073 3320
2404 3321
336 3322
471 3322
328 3323
8 3324
355 3324
379 3324
1226 3324
1422 3324
1736 3324
1951 3324
2392 3324
2415 3324
2881 3324
3227 3324
1249 3325
1308 3325
54 3326
192 3326
244 3326
544 3326
576 3326
654 3326
1002 3326
1166 3326
1214 3326
1326 3326
1496 3326
1531 3326
1562 3326
1585 3326
1728 3326
1929 3326
2043 3326
2182 3326
2231 3326
2380 3326
2448 3326
2566 3326
2613 3326
2643 3326
2648 3326
2664 3326
2670 3326
2725 3326
2820 3326
2954 3326
2977 3326
3035 3326
3048 3326
3150 3326
3246 3326
1837 3327
1506 3328
212 3329
2524 3329
2587 3330
8 3331
1726 3331
405 3333
499 3334
1540 3334
2667 3334
480 3335
731 3336
3018 3336
2443 3337
254 3338
294 3338
397 3338
1127 3338
1486 3338
1578 3338
1891 3338
1976 3338
2003 3338
2219 3338
2572 3338
1738 3339
3056 3340
182 3341
721 3342
3 3343
148 3344
1978 3344
2227 3344
17 3345
61 3345
106 3345
995 3345
1008 3345
1077 3345
1118 3345
1382 3345
1519 3345
1641 3345
1665 3345
2042 3345
2313 3345
2666 3345
3025 3345
3204 3345
721 3346
2699 3347
106 3348
731 3349
1172 3349
1276 3349
1308 3349
2328 3349
3130 3349
661 3350
380 3351
1232 3351
2934 3351
3262 3351
536 3352
2491 3352
903 3353
537 3354
3056 3354
106 3355
984 3355
1899 3355
3338 3355
2315 3356
537 3357
364 3358
424 3358
466 3358
752 3358
1497 3358
1666 3358
1680 3358
1719 3358
1900 3358
2257 3358
2480 3358
2516 3358
3172 3358
85 3359
199 3359
307 3359
486 3359
585 3359
845 3359
1125 3359
1181 3359
1730 3359
2360 3359
2802 3359
2589 3360
1874 3361
2022 3362
2411 3362
2935 3362
309 3363
708 3363
724 3364
373 3365
904 3365
2667 3366
2673 3366
113 3367
291 3367
504 3367
2177 3367
3292 3367
3358 3367
341 3368
1189 3368
1428 3368
2591 3368
177 3369
452 3369
467 3369
739 3369
907 3369
1120 3369
1227 3369
1467 3369
1495 3369
1531 3369
1613 3369
1734 3369
2426 3369
3181 3369
3226 3369
328 3370
1442 3370
146 3371
314 3371
1738 3371
2308 3371
3339 3371
373 3372
1146 3373
2015 3374
2391 3374
2207 3375
2207 3376
293 3377
3088 3379
3312 3379
1770 3381
428 3382
2158 3382
462 3383
2207 3384
3241 3384
491 3385
616 3385
660 3385
706 3385
1940 3385
2109 3385
2582 3385
2613 3385
1108 3386
2339 3386
2358 3386
3344 3386
61 3387
2036 3388
3140 3388
2022 3389
2935 3389
581 3390
397 3391
338 3392
1108 3393
1388 3393
1798 3393
1882 3393
3123 3393
3388 3393
2331 3394
248 3395
772 3396
2393 3396
652 3397
3097 3397
10 3398
309 3399
23 3400
2965 3400
174 3401
174 3402
4 3403
2207 3403
2790 3403
106 3404
2207 3405
2790 3405
3241 3405
722 3406
892 3407
2412 3407
2791 3407
25 3408
560 3408
1097 3409
1374 3410
2636 3410
649 3411
2293 3411
14 3412
54 3412
263 3412
285 3412
299 3412
419 3412
684 3412
947 3412
1162 3412
1633 3412
2111 3412
2539 3412
2780 3412
2958 3412
3249 3412
2528 3413
228 3414
776 3414
896 3414
1281 3414
1528 3414
2260 3414
2665 3414
2855 3414
106 3415
839 3415
2207 3416
586 3417
1423 3417
2620 3417
2632 3417
2646 3417
3205 3417
496 3418
3150 3418
2035 3419
2564 3419
279 3420
405 3421
380 3422
721 3423
200 3424
750 3424
1327 3424
2359 3424
2385 3424
443 3425
838 3425
855 3425
1285 3425
2085 3425
2791 3425
3273 3425
2207 3426
2466 3426
1442 3428
336 3429
2639 3430
4 3431
283 3432
2598 3432
2819 3432
616 3433
65 3434
1506 3434
2946 3434
2515 3435
133 3436
10 3437
2864 3438
338 3439
9 3440
985 3440
1214 3440
1324 3440
1925 3440
2412 3440
3110 3440
54 3441
113 3441
240 3441
302 3441
929 3441
930 3441
1326 3441
1837 3441
2116 3441
2154 3441
2165 3441
2194 3441
2405 3441
2410 3441
2497 3441
2859 3441
3244 3441
3332 3441
200 3442
1606 3442
3095 3442
661 3443
2412 3444
2762 3444
2768 3444
1748 3445
331 3446
54 3447
493 3447
525 3447
697 3447
828 3447
1275 3447
1309 3447
1739 3447
2016 3447
2025 3447
2124 3447
2599 3447
2826 3447
2977 3447
3272 3447
1879 3448
287 3449
2007 3449
3088 3449
3312 3449
1189 3450
2581 3450
2934 3450
3271 3450
101 3451
386 3451
1879 3451
2216 3451
2388 3451
2935 3451
52 3452
104 3452
228 3452
776 3452
896 3452
2603 3452
2620 3452
2855 3452
904 3453
2122 3453
616 3454
292 3455
385 3455
637 3455
1919 3456
2017 3456
1248 3457
2263 3457
2841 3457
2917 3457
9 3458
65 3458
225 3458
331 3458
338 3458
370 3458
672 3458
896 3458
1033 3458
1101 3458
1163 3458
1247 3458
1497 3458
1544 3458
1857 3458
1879 3458
1946 3458
2063 3458
2307 3458
2395 3458
2396 3458
2467 3458
2558 3458
2569 3458
2626 3458
2692 3458
2868 3458
3023 3458
3164 3458
3277 3458
3329 3458
1604 3459
3050 3459
106 3460
279 3460
313 3461
511 3461
2376 3461
2753 3461
1089 3463
1849 3463
1 3464
405 3465
1517 3466
3003 3466
1066 3467
1666 3468
1770 3468
2399 3468
2427 3468
2720 3468
1442 3469
1734 3469
2428 3469
2777 3469
26 3471
108 3471
138 3471
144 3471
235 3471
244 3471
315 3471
778 3471
850 3471
1140 3471
1256 3471
1458 3471
1646 3471
1831 3471
1893 3471
2265 3471
2267 3471
2309 3471
2518 3471
2584 3471
2590 3471
2631 3471
2649 3471
2823 3471
2878 3471
3220 3471
3240 3471
3389 3471
3462 3471
428 3472
536 3472
2078 3472
2158 3472
2228 3472
2207 3473
193 3474
504 3474
1146 3474
2088 3474
2528 3474
3032 3474
405 3475
165 3476
525 3476
1715 3476
2075 3476
2387 3476
2551 3476
2581 3476
3207 3476
3368 3476
72 3477
90 3477
455 3477
2187 3477
2524 3477
2747 3477
3458 3477
1976 3478
2015 3478
947 3479
2625 3480
1093 3481
2118 3481
1849 3482
106 3483
279 3483
2464 3483
127 3484
1976 3484
2918 3484
544 3485
752 3485
2699 3485
3016 3485
3096 3485
3237 3485
4 3486
2 3487
1101 3487
2524 3487
3458 3487
176 3488
616 3489
726 3489
496 3490
568 3490
6 3491
1414 3491
2388 3491
160 3492
3312 3493
724 3494
1052 3495
399 3496
1263 3497
1698 3497
2190 3497
3312 3498
719 3499
1189 3499
2132 3499
1350 3500
489 3501
616 3501
2216 3501
2388 3501
328 3502
1377 3503
1010 3504
1679 3504
2771 3504
2737 3505
586 3506
2005 3506
3116 3506
341 3507
523 3507
1007 3507
1659 3507
2431 3507
2708 3507
3243 3507
3491 3507
3501 3507
1343 3508
3289 3508
1276 3509
2328 3509
3130 3509
3349 3509
106 3511
731 3512
2110 3512
653 3513
1018 3514
1602 3514
1846 3514
2385 3514
480 3515
248 3516
464 3516
3395 3516
1863 3517
2477 3517
440 3518
587 3518
661 3518
723 3518
784 3518
875 3518
1009 3518
1080 3518
1496 3518
1742 3518
1743 3518
1879 3518
1931 3518
2107 3518
2221 3518
2413 3518
2516 3518
2524 3518
249 3520
1383 3520
1770 3520
306 3521
409 3521
489 3521
491 3521
672 3521
975 3521
1721 3521
2359 3521
2477 3521
2667 3521
3020 3521
174 3522
106 3523
11 3524
782 3524
1935 3524
2095 3524
1585 3525
212 3526
2733 3526
721 3527
601 3528
971 3528
1772 3528
2727 3528
1465 3529
2214 3530
2671 3530
3216 3530
399 3531
755 3531
1087 3531
1657 3531
1848 3531
1896 3531
2293 3531
211 3532
1694 3532
2485 3532
2828 3533
2420 3534
173 3535
2747 3535
3246 3535
616 3536
174 3537
2428 3537
1500 3538
286 3539
453 3539
752 3539
1041 3539
2379 3539
2492 3539
2784 3539
3413 3539
1346 3540
1461 3540
2155 3540
2177 3540
3292 3540
3358 3540
2315 3541
3356 3541
3246 3542
331 3543
296 3544
308 3544
395 3544
604 3544
619 3544
775 3544
1032 3544
1057 3544
1760 3544
3112 3544
2207 3545
3241 3545
3471 3546
2263 3547
211 3548
1375 3549
2596 3549
76 3550
302 3550
356 3550
863 3550
952 3550
1103 3550
1576 3550
1660 3550
1690 3550
2076 3550
2116 3550
2331 3550
2396 3550
2410 3550
2474 3550
2994 3550
3002 3550
3249 3550
3531 3550
138 3551
3471 3551
892 3552
2412 3552
2622 3552
2791 3552
3407 3552
480 3553
3241 3554
2081 3555
106 3556
3 3557
1879 3557
1375 3558
2596 3558
2880 3558
2 3559
970 3559
1007 3559
1604 3559
2747 3559
174 3560
2393 3561
2155 3562
61 3563
106 3563
483 3563
2570 3563
69 3564
2322 3564
2614 3564
85 3565
1730 3565
1814 3565
1849 3565
2235 3565
2244 3565
2802 3565
313 3566
511 3566
2 3567
1882 3568
517 3569
1215 3569
1409 3569
1 3570
558 3570
920 3570
1685 3570
2157 3570
2845 3570
3040 3570
3217 3570
3284 3570
668 3571
2070 3571
2182 3571
108 3572
200 3572
292 3572
308 3572
362 3572
395 3572
408 3572
496 3572
523 3572
661 3572
687 3572
783 3572
792 3572
906 3572
1148 3572
1234 3572
1340 3572
1346 3572
1353 3572
1575 3572
1850 3572
2372 3572
2421 3572
2470 3572
2521 3572
2708 3572
3243 3572
3326 3572
3491 3572
168 3573
663 3573
1215 3573
1409 3573
2539 3573
2589 3573
2207 3574
1075 3575
2557 3575
1568 3576
2386 3576
903 3577
350 3578
1279 3578
1338 3578
2571 3578
2625 3579
1461 3580
2155 3580
721 3581
1590 3581
61 3582
120 3582
391 3582
581 3582
1008 3582
1348 3582
1378 3582
2324 3582
405 3583
260 3584
782 3584
844 3584
957 3584
994 3584
1043 3584
1858 3584
1976 3584
2135 3584
2570 3584
3017 3584
3345 3584
3474 3584
2968 3585
168 3586
1409 3586
2539 3586
2799 3586
3266 3586
2622 3587
2385 3588
10 3589
174 3590
2738 3590
4 3591
1683 3591
2790 3591
61 3592
606 3592
1008 3592
1348 3592
2078 3592
3013 3592
405 3593
574 3593
1497 3594
3246 3594
2401 3595
2692 3595
234 3596
373 3596
390 3596
983 3596
1565 3596
3345 3596
752 3597
1003 3597
1037 3597
2930 3597
3052 3597
1517 3598
2828 3598
2870 3598
3533 3598
342 3599
1606 3599
3095 3599
491 3600
706 3600
2109 3600
2582 3600
174 3601
370 3602
523 3602
874 3602
1084 3602
1424 3602
1637 3602
1794 3602
2708 3602
2725 3602
3171 3602
354 3603
521 3603
743 3603
836 3603
1483 3603
350 3604
1020 3604
163 3605
736 3606
970 3606
405 3607
1146 3608
2315 3608
3584 3608
409 3609
412 3609
737 3609
1309 3609
1361 3609
1854 3609
2977 3609
3334 3609
3521 3609
1146 3610
2987 3611
416 3612
3369 3612
775 3614
1578 3614
2315 3614
3412 3614
2198 3615
14 3616
28 3616
263 3616
285 3616
311 3616
390 3616
424 3616
569 3616
674 3616
737 3616
760 3616
852 3616
856 3616
1062 3616
1131 3616
1156 3616
1178 3616
1196 3616
1402 3616
1407 3616
1482 3616
1512 3616
1567 3616
1712 3616
2019 3616
2241 3616
2294 3616
2381 3616
2523 3616
2530 3616
2605 3616
2657 3616
2666 3616
2730 3616
2816 3616
3133 3616
3155 3616
3331 3616
3365 3616
3372 3616
3391 3616
3420 3616
3596 3616
397 3617
912 3618
2671 3618
3216 3618
3530 3618
400 3619
736 3619
3050 3619
2965 3620
1409 3621
2233 3621
207 3622
260 3622
466 3622
844 3622
957 3622
1917 3622
1976 3622
2958 3622
3373 3622
3474 3622
3608 3622
1848 3623
2059 3623
3085 3623
274 3624
174 3625
228 3625
2566 3625
2 3626
1350 3626
200 3627
388 3627
1066 3627
2736 3627
341 3628
2844 3628
345 3629
466 3629
516 3629
1191 3629
1680 3629
1719 3629
2480 3629
3172 3629
3572 3629
3580 3629
237 3630
616 3630
870 3630
1002 3630
1326 3630
1383 3630
1774 3630
2417 3630
3108 3630
2214 3631
3530 3631
3618 3631
106 3632
106 3633
2516 3634
463 3635
2935 3635
3471 3635
1374 3636
2636 3636
3056 3636
199 3637
583 3637
2376 3637
1508 3638
1578 3638
1587 3638
2427 3638
3280 3638
3417 3638
2198 3639
2321 3639
106 3640
92 3641
206 3641
853 3641
896 3641
1160 3641
1309 3641
1361 3641
1664 3641
2331 3641
2637 3641
2977 3641
3051 3641
3217 3641
3510 3641
2207 3642
2790 3642
1497 3643
1551 3643
2673 3644
174 3645
776 3645
984 3645
1780 3645
1899 3645
2453 3645
2620 3645
3369 3645
807 3646
212 3647
426 3647
1374 3647
1639 3647
2636 3647
3544 3647
504 3648
2528 3648
3013 3648
3032 3648
3584 3648
2005 3649
584 3650
775 3650
1892 3650
2431 3650
2844 3650
262 3651
2145 3651
160 3652
200 3652
504 3652
525 3652
634 3652
650 3652
660 3652
1375 3652
1624 3652
1724 3652
1874 3652
2228 3652
2342 3652
2445 3652
2670 3652
3243 3652
3518 3652
8 3653
2673 3653
61 3654
189 3654
212 3654
1348 3654
2207 3655
1782 3656
3072 3656
338 3657
316 3658
2207 3659
2790 3659
837 3660
2292 3660
2427 3660
2893 3660
3639 3661
199 3662
305 3662
583 3662
776 3662
1017 3662
2620 3662
1255 3663
2678 3664
117 3665
127 3665
207 3665
210 3665
424 3665
552 3665
609 3665
674 3665
844 3665
1161 3665
1592 3665
2391 3665
3253 3665
336 3666
2968 3666
2678 3667
1846 3668
1214 3669
106 3670
72 3671
199 3671
331 3671
399 3671
1724 3671
2187 3671
2286 3671
2524 3671
2706 3671
3458 3671
241 3672
174 3673
228 3674
742 3674
776 3674
896 3674
1154 3674
1528 3674
2394 3674
2566 3674
3519 3674
189 3675
234 3675
1075 3675
1276 3675
2155 3675
2334 3675
2553 3675
2557 3675
597 3676
1540 3676
3623 3677
3 3678
661 3678
571 3679
875 3679
2548 3679
2965 3679
3652 3679
1517 3680
1662 3680
2386 3680
1618 3681
1126 3682
2657 3682
644 3683
2188 3683
57 3684
752 3684
2094 3684
2739 3684
3441 3684
661 3685
3466 3686
1874 3687
2790 3688
508 3689
616 3689
720 3689
2445 3689
2532 3689
2867 3689
296 3692
2161 3692
2207 3692
736 3693
1067 3693
2212 3693
3050 3693
2186 3694
3010 3694
2207 3695
3241 3695
397 3696
1781 3696
2987 3696
340 3697
496 3697
1002 3697
1309 3697
1326 3697
2101 3697
2187 3697
2329 3697
2613 3697
3630 3697
386 3698
2625 3699
2642 3699
42 3700
61 3700
120 3700
299 3700
424 3700
957 3700
1225 3700
1858 3700
1886 3700
2909 3700
2958 3700
3303 3700
3472 3700
3592 3700
3648 3700
2880 3701
724 3702
1659 3703
2427 3703
3171 3703
3451 3703
3698 3703
111 3704
1849 3705
174 3706
2104 3706
1203 3707
3116 3707
19 3708
138 3708
482 3708
1361 3708
2121 3708
2411 3708
3458 3708
1484 3709
222 3710
1427 3710
2180 3711
2207 3711
212 3712
1350 3713
141 3714
1127 3714
1578 3714
1976 3714
3617 3714
314 3715
331 3715
1459 3715
2228 3715
2897 3715
179 3716
370 3716
874 3716
1383 3716
1746 3716
1794 3716
2777 3717
8 3718
12 3719
866 3719
908 3719
1346 3719
2491 3719
3629 3719
2207 3720
1506 3721
1172 3722
1215 3722
1409 3722
174 3723
2428 3724
24 3725
334 3725
737 3725
1540 3725
1854 3725
2205 3725
2977 3725
3334 3725
3521 3725
2207 3726
3289 3727
59 3728
70 3728
121 3728
138 3728
200 3728
261 3728
275 3728
314 3728
331 3728
463 3728
482 3728
596 3728
636 3728
665 3728
700 3728
701 3728
837 3728
969 3728
1000 3728
1036 3728
1197 3728
1254 3728
1350 3728
1415 3728
1524 3728
1562 3728
1635 3728
1676 3728
1702 3728
1830 3728
2047 3728
2170 3728
2189 3728
2191 3728
2228 3728
2462 3728
2469 3728
2524 3728
2532 3728
2679 3728
2751 3728
2893 3728
3023 3728
3036 3728
3160 3728
3175 3728
3380 3728
3471 3728
3543 3728
3671 3728
338 3729
762 3729
4 3730
101 3731
1086 3732
2109 3732
507 3733
822 3733
1491 3733
1698 3733
2945 3733
2404 3734
287 3735
331 3736
574 3737
103 3738
3565 3738
1361 3739
742 3740
1780 3740
2620 3740
378 3741
1315 3741
1432 3741
1908 3741
1919 3741
1922 3741
2444 3741
2476 3741
3727 3741
1361 3742
1666 3743
2844 3743
293 3744
397 3745
59 3746
2692 3747
76 3748
113 3748
331 3748
394 3748
705 3748
1436 3748
1576 3748
1770 3748
1848 3748
2443 3748
3301 3748
3427 3748
3728 3748
2 3749
3097 3750
174 3751
3402 3751
1585 3752
469 3753
616 3753
1437 3753
3275 3753
2257 3754
405 3755
559 3756
1653 3756
2022 3757
2207 3758
174 3759
273 3760
279 3760
1263 3760
1681 3760
1720 3760
2305 3760
2542 3760
2858 3760
2945 3760
3320 3760
52 3761
742 3761
776 3761
2331 3761
2587 3761
2603 3761
1327 3762
1343 3763
3741 3763
1215 3764
2589 3764
12 3765
151 3765
444 3765
445 3765
3358 3765
45 3766
116 3766
174 3766
218 3766
252 3766
280 3766
626 3766
704 3766
1082 3766
1193 3766
1333 3766
1379 3766
1504 3766
1515 3766
1544 3766
1552 3766
1619 3766
1643 3766
1740 3766
1783 3766
1863 3766
1925 3766
2125 3766
2220 3766
2259 3766
2347 3766
2549 3766
2747 3766
2759 3766
3030 3766
3215 3766
3218 3766
3293 3766
3398 3766
3437 3766
3691 3766
2207 3767
775 3768
2582 3768
3355 3768
336 3769
799 3769
1073 3770
825 3771
85 3772
86 3772
357 3772
372 3772
379 3772
729 3772
1220 3772
1384 3772
1422 3772
1658 3772
2045 3772
2146 3772
2198 3772
2531 3772
2673 3772
3127 3772
101 3773
943 3773
2586 3773
2670 3773
2959 3773
3396 3773
3613 3773
1214 3774
1409 3775
1350 3776
106 3777
59 3778
2692 3778
176 3779
458 3779
1559 3779
1169 3780
1780 3780
409 3781
1686 3781
3521 3781
54 3782
910 3782
1047 3782
1837 3782
2859 3782
2916 3782
3007 3782
3009 3782
3015 3782
3212 3782
3244 3782
3332 3782
345 3783
496 3783
525 3783
1062 3783
1117 3783
1180 3783
1687 3783
2025 3783
2575 3783
2699 3783
2786 3783
3108 3783
3441 3783
3748 3783
542 3784
2897 3784
2790 3785
3241 3785
8 3786
59 3786
229 3786
644 3786
874 3786
1394 3786
1794 3786
2038 3786
2211 3786
2823 3786
2878 3786
3005 3786
3641 3786
3708 3786
2790 3787
2207 3788
3246 3789
1579 3790
1585 3790
2668 3790
3447 3790
8 3791
21 3791
38 3791
53 3791
680 3791
794 3791
885 3791
1009 3791
1076 3791
1257 3791
1323 3791
1349 3791
1693 3791
2011 3791
2199 3791
2209 3791
2307 3791
2365 3791
2517 3791
2702 3791
2940 3791
3214 3791
3258 3791
3559 3791
3791 3792
91 3793
101 3793
145 3793
179 3793
212 3793
215 3793
297 3793
342 3793
359 3793
395 3793
462 3793
616 3793
635 3793
661 3793
841 3793
902 3793
1038 3793
1079 3793
1253 3793
1309 3793
1424 3793
1457 3793
1608 3793
1637 3793
1690 3793
1695 3793
2193 3793
2201 3793
2234 3793
2407 3793
2516 3793
2578 3793
2692 3793
2725 3793
2962 3793
2977 3793
3095 3793
3146 3793
3378 3793
3383 3793
3424 3793
3470 3793
3572 3793
3627 3793
3728 3793
380 3794
2359 3795
639 3796
1666 3796
2399 3796
1383 3797
2667 3797
1107 3798
1133 3798
3241 3799
133 3800
138 3801
463 3801
2983 3801
3471 3801
61 3802
3476 3803
2111 3804
3412 3804
1631 3805
1037 3806
2160 3806
2695 3806
644 3807
656 3807
2188 3807
742 3808
283 3809
496 3809
695 3809
752 3809
1038 3809
3471 3809
661 3810
175 3811
496 3811
544 3811
629 3811
764 3811
2361 3811
2859 3811
3326 3811
3369 3812
2207 3813
2862 3814
616 3815
2499 3816
2953 3816
1419 3817
4 3818
2207 3818
1214 3819
293 3820
591 3821
623 3821
2035 3821
186 3822
779 3822
1035 3822
1318 3822
1856 3823
56 3824
2404 3824
2477 3825
3013 3826
742 3827
1780 3827
627 3828
1067 3828
2212 3828
2837 3828
391 3829
581 3829
678 3829
2651 3829
238 3830
886 3830
907 3830
1430 3830
1495 3830
1514 3830
1613 3830
2955 3830
3181 3830
3226 3830
3469 3830
731 3831
1276 3831
1649 3831
2553 3831
2557 3831
1805 3832
65 3833
919 3833
1237 3833
1657 3833
3124 3833
3550 3833
240 3834
680 3834
3440 3834
355 3835
2102 3835
2446 3835
3028 3835
4 3836
2207 3836
294 3837
1578 3837
2411 3838
2461 3838
3063 3838
965 3839
1137 3839
1475 3839
1957 3839
2637 3839
2834 3839
2865 3839
2899 3839
591 3840
3821 3840
661 3841
3 3842
161 3842
195 3842
230 3842
296 3842
327 3842
341 3842
374 3842
412 3842
500 3842
546 3842
661 3842
835 3842
970 3842
1001 3842
1015 3842
1131 3842
1188 3842
1199 3842
1204 3842
1554 3842
1590 3842
1709 3842
1878 3842
1930 3842
2200 3842
2236 3842
2359 3842
2385 3842
2416 3842
2670 3842
2902 3842
2991 3842
3080 3842
3159 3842
3211 3842
3271 3842
3520 3842
3728 3842
3797 3842
4 3843
1809 3843
2790 3843
3241 3843
120 3844
1062 3844
2570 3844
3582 3844
3369 3845
3741 3846
54 3847
212 3847
842 3847
941 3847
1157 3847
2989 3847
508 3848
1000 3848
2532 3848
896 3849
2331 3849
2635 3849
3683 3849
3807 3849
174 3850
1976 3851
653 3852
2062 3852
1230 3853
1309 3853
5 3854
338 3854
695 3854
752 3854
1022 3854
3022 3854
2393 3855
3561 3855
1038 3856
341 3857
405 3858
174 3859
4 3860
114 3860
680 3861
3791 3861
361 3862
1506 3863
2207 3864
163 3865
2 3866
1350 3866
2678 3867
639 3868
1666 3868
2427 3868
386 3869
3 3870
161 3870
230 3870
314 3870
331 3870
412 3870
546 3870
970 3870
975 3870
1001 3870
1125 3870
1188 3870
1199 3870
1204 3870
1291 3870
1709 3870
1878 3870
1930 3870
2241 3870
2656 3870
2991 3870
3159 3870
3205 3870
3271 3870
3520 3870
3602 3870
3786 3870
721 3871
1361 3872
947 3873
917 3874
921 3874
1614 3874
1617 3874
2763 3874
3839 3874
200 3875
366 3875
1948 3875
2121 3875
3602 3875
2207 3876
1428 3877
2075 3877
2934 3877
405 3878
3241 3879
1728 3880
405 3881
904 3882
380 3883
1189 3883
2132 3883
5 3884
237 3884
386 3884
491 3884
584 3884
1414 3884
1438 3884
2109 3884
2431 3884
2602 3884
2613 3884
3022 3884
1172 3885
1276 3885
3130 3885
3349 3885
3241 3886
189 3887
212 3887
3564 3887
424 3888
466 3888
516 3888
1191 3888
1719 3888
2058 3888
2257 3888
3540 3888
3719 3888
591 3889
2553 3889
2791 3890
46 3891
1473 3891
776 3892
1062 3893
1449 3894
3124 3894
8 3895
1770 3895
2673 3895
3842 3895
2862 3896
1506 3897
141 3898
254 3898
1127 3898
1250 3898
2003 3898
2207 3899
2165 3900
2639 3900
776 3901
967 3901
106 3902
2574 3902
106 3903
148 3904
2339 3904
73 3905
616 3906
1414 3906
2257 3906
2388 3906
2646 3906
3716 3906
200 3907
2725 3907
3271 3907
3326 3907
3602 3907
480 3908
480 3909
63 3910
296 3910
2207 3910
354 3911
836 3911
1483 3911
2436 3911
3047 3911
3318 3912
174 3913
195 3913
230 3913
296 3913
341 3913
397 3913
412 3913
500 3913
519 3913
597 3913
760 3913
835 3913
860 3913
970 3913
1107 3913
1156 3913
1180 3913
1255 3913
1304 3913
1539 3913
1584 3913
1638 3913
1854 3913
1879 3913
1930 3913
2133 3913
2170 3913
2366 3913
2404 3913
2600 3913
2692 3913
2786 3913
2897 3913
2902 3913
2980 3913
3155 3913
3468 3913
3602 3913
3868 3913
3895 3913
2489 3914
504 3915
1637 3915
3875 3915
7 3916
8 3916
53 3916
892 3916
2307 3916
2985 3916
4 3917
3241 3917
2385 3918
3793 3918
23 3919
1774 3919
1497 3920
1551 3920
3471 3921
2790 3922
947 3923
2524 3924
2626 3924
3458 3924
1300 3925
2759 3925
2555 3926
380 3927
1189 3927
462 3928
174 3929
2132 3930
2170 3930
2335 3931
3379 3932
3241 3933
969 3934
2790 3935
3241 3935
157 3936
264 3936
371 3936
476 3936
724 3936
1467 3936
1547 3936
1941 3936
2043 3936
2061 3936
2359 3936
2619 3936
2790 3936
3925 3936
1475 3937
148 3938
1978 3938
854 3939
1790 3939
2376 3939
2926 3939
3390 3939
661 3940
480 3941
731 3942
16 3943
663 3943
1172 3943
1215 3943
2539 3943
1400 3944
3693 3944
336 3945
386 3946
2388 3946
3703 3946
8 3947
313 3948
1498 3948
3461 3948
577 3949
1021 3949
1406 3949
1542 3949
1805 3949
2049 3949
2719 3949
2724 3949
1 3950
103 3951
155 3951
517 3951
1628 3951
2595 3951
2659 3951
2676 3951
2705 3951
2953 3951
3080 3951
3419 3951
3565 3951
3840 3951
3728 3952
106 3953
129 3954
135 3954
174 3954
242 3954
280 3954
328 3954
415 3954
626 3954
864 3954
999 3954
1383 3954
1453 3954
1847 3954
1909 3954
1971 3954
2303 3954
2370 3954
2524 3954
3147 3954
3521 3954
3795 3954
3842 3954
3936 3954
1631 3955
345 3956
695 3956
2888 3956
183 3957
214 3957
246 3957
396 3957
526 3957
538 3957
641 3957
1025 3957
1048 3957
1276 3957
1534 3957
1570 3957
2404 3957
2509 3957
2553 3957
2606 3957
3229 3957
3565 3957
1808 3958
214 3959
396 3959
461 3959
526 3959
551 3959
577 3959
591 3959
623 3959
732 3959
1016 3959
1198 3959
1276 3959
1480 3959
1961 3959
2002 3959
2014 3959
2509 3959
2595 3959
2705 3959
2919 3959
3196 3959
3199 3959
3229 3959
3336 3959
3349 3959
3831 3959
3951 3959
11 3960
782 3960
954 3960
1935 3960
2315 3960
2692 3961
2909 3961
3172 3961
11 3962
354 3962
439 3962
998 3962
1536 3962
3047 3962
3083 3962
3374 3962
3665 3962
212 3963
212 3964
405 3965
106 3966
6 3967
386 3967
875 3967
2216 3967
2388 3967
2462 3967
2935 3967
3572 3967
3652 3967
3716 3967
2257 3968
2380 3968
2516 3968
338 3969
74 3970
91 3970
131 3970
525 3970
596 3970
636 3970
672 3970
700 3970
704 3970
963 3970
1039 3970
1254 3970
1537 3970
2096 3970
2457 3970
2524 3970
2602 3970
3022 3970
1475 3971
2507 3971
3326 3972
854 3973
3390 3973
405 3974
1618 3975
174 3976
2015 3977
17 3978
112 3978
260 3978
389 3978
707 3978
896 3978
947 3978
956 3978
1118 3978
1178 3978
1402 3978
2366 3978
3352 3978
3602 3978
3690 3978
2699 3979
3201 3980
8 3981
325 3981
966 3981
2373 3981
3647 3981
794 3982
731 3983
1542 3983
1837 3984
2077 3985
2207 3985
4 3986
2207 3986
2790 3986
3241 3986
380 3987
1246 3988
918 3989
405 3990
3755 3990
80 3991
3436 3991
3800 3991
69 3992
661 3993
2333 3993
2804 3993
775 3994
1433 3994
1912 3994
2427 3994
346 3995
390 3995
417 3995
461 3995
551 3995
1546 3995
1628 3995
1674 3995
2302 3995
2659 3995
2825 3995
3229 3995
3831 3995
2539 3996
174 3997
2015 3998
328 3999
3471 4000
