1 4
2 10
12 15
14 15
16 17
7 19
8 34
12 38
9 39
6 46
9 47
17 50
7 54
58 59
18 62
12 63
59 64
12 69
68 71
8 73
56 74
60 74
13 77
12 79
12 80
42 85
3 87
55 87
12 91
12 93
48 98
64 98
87 98
3 100
98 104
2 107
3 111
7 114
2 119
11 121
12 124
1 130
10 130
74 130
87 130
100 130
1 133
74 133
111 133
18 134
51 137
16 140
8 141
10 141
97 141
18 142
8 143
12 145
42 146
137 148
12 149
13 149
14 149
35 151
3 153
61 153
12 154
157 158
153 159
3 160
3 162
130 162
98 163
141 163
147 163
133 165
153 165
92 167
153 169
153 170
18 172
12 174
141 175
12 176
3 177
11 177
17 177
64 177
130 177
149 177
150 177
152 177
74 182
141 183
156 183
12 189
12 195
179 196
153 197
1 198
123 198
113 199
113 204
12 205
153 206
51 207
71 208
179 212
2 214
141 214
9 222
153 224
1 225
219 225
8 227
9 227
111 227
222 227
158 228
153 230
17 231
151 231
198 236
10 237
180 237
217 237
9 238
36 240
74 240
148 240
36 241
237 246
11 248
40 250
62 250
132 250
2 253
45 255
130 256
8 258
111 258
71 259
12 267
51 268
207 268
12 269
147 271
182 272
12 273
9 276
12 278
57 278
81 278
89 278
138 278
149 278
151 278
187 278
215 278
218 278
237 278
248 278
153 280
59 281
108 283
141 283
225 283
150 284
8 291
30 291
130 291
141 291
216 291
153 293
12 295
245 295
84 296
12 298
24 298
295 300
158 302
198 303
225 303
291 304
108 305
12 306
250 307
9 308
59 308
175 309
5 315
8 315
64 315
74 315
75 315
105 315
112 315
115 315
135 315
164 315
194 315
203 315
235 315
252 315
261 315
64 316
141 316
9 317
151 317
71 318
116 319
141 319
225 319
12 320
7 321
12 323
133 326
227 326
31 327
51 327
12 328
163 330
319 332
278 333
278 336
113 337
158 338
64 344
130 344
141 344
153 344
12 349
23 350
35 350
118 350
140 350
286 350
86 351
231 351
98 353
308 354
315 355
201 356
240 356
179 358
192 358
245 358
153 359
350 360
1 361
3 361
123 361
219 361
283 361
303 361
361 362
158 365
158 366
177 366
193 366
4 367
99 368
59 369
161 370
283 370
317 370
56 372
305 373
344 373
350 374
278 375
171 377
214 377
251 377
6 378
315 380
301 381
85 387
138 387
177 387
295 387
278 389
12 391
69 391
12 392
140 396
350 396
301 397
9 398
12 399
278 402
114 403
143 403
311 403
398 405
2 406
12 407
3 408
10 408
130 408
309 410
102 411
149 411
391 414
123 417
237 418
315 418
13 419
237 420
410 420
71 422
153 424
12 425
16 425
118 425
221 425
291 426
8 428
370 429
8 430
111 430
168 430
326 430
161 434
317 434
15 438
25 438
124 438
166 438
195 438
205 438
269 438
306 438
320 438
391 438
401 438
411 438
433 438
9 439
11 440
168 440
326 440
12 441
9 442
153 445
225 445
171 446
171 447
49 448
366 449
387 449
104 450
12 452
153 453
125 454
245 454
358 455
101 457
340 461
1 462
315 462
330 462
379 462
250 463
15 464
245 464
282 464
461 464
150 466
177 466
240 469
327 469
469 471
179 472
398 473
141 474
417 474
346 482
8 483
74 483
181 483
252 483
283 483
331 483
418 483
449 483
480 483
278 484
464 485
10 486
90 486
272 486
291 486
416 486
427 486
356 488
32 489
9 490
183 491
130 492
153 492
278 492
297 493
369 493
12 494
150 501
177 501
64 503
234 504
84 506
177 508
165 510
198 510
153 513
10 514
347 515
449 515
473 515
10 516
493 516
118 517
158 517
49 518
12 519
13 520
71 521
329 522
319 524
9 525
123 526
198 529
138 530
155 530
158 530
177 530
248 530
351 530
425 530
449 530
32 532
130 532
153 532
182 532
270 532
275 532
326 532
449 532
97 533
140 533
231 533
283 533
155 534
237 534
454 534
434 535
11 536
426 537
278 538
499 538
71 539
5 541
15 541
84 541
461 541
315 542
14 544
149 544
370 545
467 545
115 546
2 547
74 547
165 548
378 548
311 550
63 551
72 551
124 551
167 551
174 551
189 551
195 551
210 551
247 551
249 551
269 551
295 551
310 551
341 551
349 551
385 551
389 551
433 551
437 551
4 552
330 552
451 552
12 553
115 554
181 554
153 555
2 556
141 557
316 559
343 559
557 559
74 560
545 560
104 563
532 563
151 564
522 565
117 566
130 566
500 567
12 570
153 571
70 574
126 574
245 574
251 574
398 574
12 576
14 576
118 576
140 576
351 576
425 577
574 577
504 578
534 578
361 579
183 580
377 581
530 583
440 585
179 586
150 587
153 588
551 589
141 590
1 591
3 591
219 591
339 591
378 591
529 591
49 592
504 592
11 593
111 594
168 594
430 594
179 595
250 595
59 596
143 596
185 596
255 596
272 596
291 596
411 597
94 598
130 598
410 598
12 599
2 601
64 601
49 603
141 604
363 604
559 604
12 606
438 606
237 608
483 609
426 610
530 611
88 612
140 612
350 612
127 613
237 613
351 613
574 613
483 615
278 617
70 618
461 618
577 618
177 619
160 621
563 621
551 622
317 623
370 623
377 623
434 623
226 625
395 625
108 626
143 626
370 626
462 626
552 626
560 626
148 627
220 627
13 628
14 629
290 629
9 630
207 631
13 632
6 633
361 633
434 633
582 633
117 634
237 634
515 634
101 635
149 635
464 635
534 637
611 637
66 638
151 638
295 638
425 638
517 638
183 639
491 639
3 640
130 640
12 641
151 641
534 641
278 642
481 642
255 643
427 643
71 645
304 647
426 647
27 648
292 648
294 648
372 648
384 648
487 648
84 649
12 650
11 651
491 652
415 653
464 654
315 655
70 657
225 659
418 660
141 661
197 661
241 661
253 661
303 661
308 661
486 661
624 661
204 663
644 664
15 665
265 665
541 665
1 666
3 666
55 666
117 666
121 666
147 666
361 666
400 666
449 666
515 666
532 666
552 666
623 666
84 667
17 668
237 668
497 668
168 669
235 670
315 670
140 671
350 671
278 672
12 673
13 674
71 676
1 677
10 677
53 677
114 677
388 677
13 678
111 680
140 681
3 683
219 683
288 683
114 684
74 685
141 686
687 688
188 689
676 691
661 692
427 694
71 695
150 698
177 698
297 699
113 703
3 704
177 704
634 704
377 705
403 705
624 705
522 706
98 707
217 707
418 707
664 707
666 707
237 708
438 709
551 709
527 710
61 711
153 711
74 712
648 713
403 714
222 715
153 716
492 718
31 719
327 719
469 719
71 721
147 723
276 725
473 725
509 725
12 728
315 730
411 731
358 732
42 734
140 735
2 736
139 736
253 736
303 736
308 736
377 736
403 736
473 736
486 736
523 736
675 736
692 736
8 737
9 737
74 737
331 737
456 737
487 737
552 737
354 738
704 739
9 741
116 742
133 742
153 742
3 745
10 745
73 745
137 745
147 745
246 745
408 745
418 745
486 745
492 745
497 745
534 745
668 745
153 746
724 746
153 748
315 748
601 748
739 748
315 749
9 751
551 753
74 754
12 757
298 757
137 760
5 761
581 761
604 761
123 762
736 762
483 763
98 765
50 766
149 766
250 766
278 766
411 766
12 767
551 767
153 768
12 769
625 770
127 771
158 771
237 771
641 771
59 772
153 772
736 772
742 772
632 773
9 774
3 775
12 776
14 776
15 776
544 776
499 777
538 777
42 778
51 778
138 778
155 778
158 778
177 778
179 778
248 778
295 778
449 778
651 778
315 780
139 781
378 781
579 781
633 781
3 782
130 782
319 784
278 785
165 786
117 788
12 789
475 790
11 791
59 791
153 791
198 791
315 791
666 791
725 791
737 791
674 793
704 794
11 795
70 795
221 795
577 795
278 797
12 798
45 799
53 799
56 799
83 799
130 799
147 799
175 799
244 799
315 799
322 799
388 799
666 799
727 799
729 799
295 800
517 800
576 800
715 801
438 802
11 803
84 803
198 804
605 806
799 806
263 807
71 808
292 809
315 810
737 810
551 812
1 813
78 813
548 813
42 814
148 815
530 817
147 818
153 819
368 819
551 820
10 821
45 821
114 821
130 821
147 821
222 821
315 821
357 821
388 821
408 821
465 821
503 821
9 822
173 823
1 824
10 824
37 824
87 824
104 824
107 824
119 824
177 824
253 824
343 824
406 824
468 824
476 824
614 824
12 825
14 825
158 825
296 825
638 825
2 826
370 828
434 828
677 828
153 830
153 831
12 832
551 833
583 834
29 835
799 835
12 836
141 837
149 837
483 837
315 839
278 840
14 841
464 841
612 842
140 843
151 843
177 843
2 845
824 845
773 846
315 847
670 847
725 849
104 850
326 850
403 850
450 850
627 850
2 851
264 854
585 855
59 856
74 856
596 856
551 857
295 858
296 858
795 858
278 859
515 859
533 859
707 859
13 860
115 861
12 862
438 863
500 863
153 864
12 867
759 868
358 869
732 869
12 870
789 870
46 871
71 871
438 872
551 872
153 873
532 874
545 874
594 874
626 874
440 875
113 876
199 877
690 877
111 878
577 879
858 879
4 880
346 880
576 881
778 881
483 882
737 882
278 883
545 884
179 886
361 887
8 888
9 888
292 888
372 888
432 888
480 888
487 888
572 888
623 888
646 888
713 888
725 888
8 890
55 890
73 890
135 890
178 890
223 890
380 890
682 890
799 890
438 891
10 892
747 893
824 893
361 894
1 895
10 895
114 895
130 895
175 895
312 895
321 895
388 895
404 895
474 895
493 895
722 896
648 897
12 899
495 900
483 902
888 902
150 904
153 905
153 906
138 908
177 908
248 908
356 908
651 908
745 908
767 908
237 909
647 910
301 911
11 913
12 915
132 915
149 915
243 915
254 915
475 915
726 915
74 916
670 917
71 918
140 919
151 919
177 919
51 921
440 921
27 923
74 923
95 923
103 923
171 923
372 923
380 923
432 923
487 923
511 923
581 923
720 923
756 923
799 923
821 923
897 923
153 924
9 926
875 926
148 927
113 929
101 930
149 930
147 933
715 933
835 933
132 934
149 934
364 934
438 934
470 934
543 934
551 934
764 934
773 934
776 934
860 934
41 935
198 935
534 935
666 935
908 935
403 936
761 937
8 938
59 938
165 938
315 938
443 938
601 938
666 938
739 938
113 941
923 942
9 944
524 946
923 947
10 948
44 948
163 948
283 948
305 948
408 948
474 948
557 948
604 948
686 948
738 948
837 948
126 949
245 949
290 949
577 949
858 949
378 950
579 950
633 950
781 950
291 951
74 952
841 953
411 954
12 956
361 958
898 959
934 961
150 962
12 964
182 965
486 965
596 965
895 965
8 966
87 966
160 966
451 966
461 966
666 966
888 966
923 966
346 967
482 967
123 968
12 969
104 970
141 970
644 970
707 970
748 970
874 970
907 970
469 972
237 973
416 974
9 976
143 976
278 976
295 976
823 977
13 980
799 981
790 983
1 984
74 984
160 984
165 984
515 984
666 984
143 985
240 985
461 985
462 985
541 985
598 985
301 986
9 987
147 988
715 988
982 988
151 989
350 989
12 990
167 990
438 990
9 991
141 992
923 993
464 995
41 996
403 996
585 996
921 996
278 997
153 998
113 999
551 1002
717 1004
942 1004
130 1006
101 1008
149 1008
953 1008
9 1009
377 1009
473 1009
483 1009
692 1009
740 1009
826 1010
177 1012
492 1012
12 1013
438 1013
551 1013
74 1014
411 1016
315 1017
5 1018
171 1018
214 1018
74 1019
64 1020
799 1020
821 1020
684 1021
955 1021
315 1022
483 1022
554 1022
6 1024
319 1024
361 1024
736 1024
781 1024
527 1025
113 1026
42 1027
309 1028
515 1028
923 1029
143 1030
177 1030
474 1030
557 1030
686 1030
127 1031
155 1031
158 1031
215 1031
237 1031
481 1031
771 1031
791 1031
795 1031
834 1031
913 1031
4 1032
61 1032
116 1032
123 1032
136 1032
169 1032
184 1032
186 1032
219 1032
224 1032
230 1032
280 1032
285 1032
293 1032
317 1032
339 1032
344 1032
378 1032
390 1032
449 1032
459 1032
497 1032
513 1032
581 1032
588 1032
623 1032
711 1032
722 1032
739 1032
746 1032
758 1032
791 1032
830 1032
831 1032
905 1032
924 1032
947 1032
984 1032
1001 1032
13 1033
13 1034
697 1034
773 1035
13 1036
361 1038
111 1039
398 1041
461 1041
12 1042
65 1042
173 1042
213 1043
237 1043
9 1044
27 1044
181 1044
305 1044
531 1044
581 1044
600 1044
609 1044
623 1044
837 1044
151 1046
814 1046
935 1046
1000 1046
4 1047
133 1047
153 1047
175 1047
276 1047
479 1047
483 1047
656 1047
686 1047
692 1047
985 1047
1023 1047
1032 1047
13 1049
1 1050
74 1050
143 1050
209 1050
283 1050
305 1050
579 1050
1021 1050
71 1051
12 1052
838 1052
153 1053
1032 1053
12 1055
535 1056
505 1057
799 1057
315 1058
278 1059
2 1060
378 1060
824 1060
250 1061
12 1062
132 1062
229 1062
232 1062
277 1062
352 1062
364 1062
393 1062
438 1062
470 1062
528 1062
544 1062
551 1062
628 1062
773 1062
776 1062
961 1062
975 1062
1033 1062
1054 1062
152 1063
289 1063
466 1063
279 1064
283 1064
311 1064
890 1065
304 1066
596 1066
910 1066
454 1067
574 1067
9 1069
363 1071
446 1071
59 1072
493 1072
315 1073
888 1073
315 1074
358 1075
12 1076
125 1078
425 1078
551 1079
153 1081
1032 1081
761 1082
198 1083
51 1084
545 1084
12 1085
148 1086
177 1087
594 1088
722 1089
1032 1090
250 1091
287 1091
507 1091
561 1091
1061 1091
551 1092
153 1093
165 1094
311 1095
179 1096
397 1096
464 1096
953 1096
15 1097
635 1097
12 1098
147 1099
225 1100
835 1101
1 1102
13 1102
14 1102
149 1102
497 1102
888 1103
71 1104
165 1105
175 1105
371 1105
634 1105
666 1105
740 1105
742 1105
779 1105
992 1105
123 1106
474 1106
495 1107
278 1108
438 1109
12 1110
704 1111
214 1112
604 1112
89 1113
248 1113
651 1113
745 1113
315 1114
1107 1115
737 1116
761 1116
1032 1116
1112 1116
132 1117
151 1117
438 1117
764 1117
957 1118
551 1119
551 1120
585 1121
438 1122
153 1123
495 1124
142 1125
315 1126
464 1126
541 1126
761 1126
875 1126
957 1126
1018 1126
913 1127
74 1128
559 1129
292 1130
480 1130
487 1130
572 1130
966 1130
1022 1130
9 1131
854 1132
12 1133
111 1134
222 1134
515 1134
725 1134
18 1135
191 1136
111 1137
430 1137
140 1138
350 1138
829 1139
153 1140
153 1142
84 1143
71 1144
350 1145
13 1146
676 1147
12 1148
240 1149
250 1150
263 1150
278 1151
153 1152
483 1153
111 1154
430 1154
143 1156
240 1156
547 1156
563 1156
874 1156
8 1157
304 1157
486 1157
647 1157
910 1157
914 1157
315 1158
125 1159
398 1159
985 1159
1009 1159
1067 1159
74 1160
115 1160
252 1160
462 1160
902 1160
942 1160
1022 1160
745 1161
71 1162
425 1163
618 1163
795 1163
803 1163
879 1163
890 1164
298 1165
153 1166
8 1167
71 1168
418 1169
438 1171
147 1172
715 1172
629 1173
725 1174
2 1175
841 1176
3 1177
137 1177
207 1177
268 1177
530 1177
631 1177
778 1177
938 1177
1084 1177
153 1178
819 1178
430 1179
560 1179
535 1181
130 1183
147 1183
222 1183
330 1183
920 1183
725 1184
411 1186
868 1186
64 1187
87 1187
104 1187
111 1187
117 1187
168 1187
658 1187
704 1187
723 1187
765 1187
874 1187
948 1187
185 1188
806 1188
936 1188
237 1189
351 1189
574 1189
578 1189
613 1189
745 1189
881 1189
425 1191
618 1191
795 1191
1032 1192
16 1193
245 1193
576 1193
577 1193
629 1193
858 1193
104 1194
137 1194
335 1194
370 1194
467 1194
560 1194
585 1194
874 1194
486 1195
404 1196
278 1197
9 1198
73 1199
237 1199
17 1200
377 1201
394 1201
486 1201
824 1201
945 1201
16 1202
315 1204
445 1205
898 1205
38 1206
438 1206
551 1206
98 1207
626 1207
984 1207
1187 1207
179 1209
185 1210
537 1210
610 1210
805 1210
936 1210
198 1211
934 1213
42 1214
530 1214
611 1214
637 1214
315 1215
1105 1216
155 1217
158 1217
193 1217
248 1217
449 1217
651 1217
778 1217
67 1218
135 1219
149 1220
364 1220
438 1220
551 1220
693 1220
764 1220
773 1220
1033 1220
123 1221
9 1222
183 1222
354 1222
633 1222
736 1222
747 1222
1044 1224
12 1225
438 1226
278 1227
315 1228
2 1229
227 1230
98 1232
890 1233
18 1234
2 1235
141 1235
948 1235
315 1236
315 1237
642 1238
913 1238
1031 1238
153 1239
113 1240
464 1241
3 1242
14 1243
179 1243
464 1243
953 1243
1096 1243
183 1244
515 1244
1047 1244
791 1245
996 1245
1044 1246
707 1247
394 1248
661 1248
454 1249
278 1250
411 1250
934 1250
737 1251
1032 1251
1116 1251
240 1252
326 1252
376 1252
563 1252
931 1252
464 1254
761 1254
875 1254
923 1254
1018 1254
36 1257
59 1257
648 1258
59 1259
1105 1259
74 1260
1252 1260
725 1262
301 1263
841 1263
930 1263
1096 1263
104 1264
141 1264
148 1264
1194 1264
18 1265
18 1266
20 1266
127 1266
151 1266
438 1266
472 1266
551 1266
586 1266
635 1266
778 1266
886 1266
1007 1266
1096 1266
1241 1266
12 1267
237 1268
2 1269
317 1271
623 1271
737 1272
149 1273
766 1273
948 1273
1044 1273
140 1275
350 1275
803 1275
1159 1275
12 1276
474 1277
1106 1277
474 1278
1106 1278
11 1279
12 1281
133 1282
190 1282
276 1282
410 1282
737 1282
985 1282
1032 1282
1129 1282
974 1283
204 1284
9 1285
43 1285
74 1285
130 1285
133 1285
153 1285
346 1285
367 1285
532 1285
938 1285
1047 1285
1105 1285
1126 1285
1183 1285
1254 1285
940 1286
1032 1286
212 1287
1266 1287
483 1288
888 1288
12 1289
149 1289
250 1289
344 1289
12 1290
59 1291
12 1292
551 1292
1155 1293
153 1294
278 1294
725 1294
1105 1294
625 1295
278 1296
612 1298
350 1299
1159 1299
12 1300
736 1301
74 1302
545 1302
1137 1302
1179 1302
551 1303
181 1304
194 1304
324 1304
418 1304
912 1304
966 1304
1058 1304
707 1305
1105 1305
491 1306
147 1307
240 1308
425 1308
598 1308
1159 1308
1260 1308
11 1309
366 1309
796 1310
1042 1310
594 1311
315 1312
907 1313
970 1313
240 1314
761 1315
1112 1315
9 1317
1069 1317
358 1318
52 1319
151 1319
425 1319
1220 1320
12 1321
1116 1322
1304 1323
130 1324
949 1325
1191 1325
1193 1325
71 1326
257 1326
691 1326
527 1327
173 1328
191 1328
1280 1328
627 1329
497 1331
776 1331
315 1332
89 1333
127 1333
158 1333
578 1333
1031 1333
115 1335
181 1335
609 1335
966 1335
1022 1335
22 1337
278 1337
483 1338
71 1339
446 1340
464 1340
532 1340
648 1340
1182 1341
9 1342
464 1342
666 1342
875 1342
923 1342
98 1344
296 1346
506 1346
541 1346
618 1346
1143 1346
12 1347
199 1348
140 1349
350 1349
954 1350
1061 1350
14 1351
9 1352
525 1352
148 1353
1252 1353
278 1354
10 1355
301 1356
551 1358
1097 1359
666 1360
1285 1360
552 1361
966 1361
923 1362
991 1364
278 1365
13 1366
415 1366
140 1367
231 1367
18 1368
821 1369
773 1370
1 1371
5 1371
9 1371
361 1371
623 1371
880 1371
1047 1371
1126 1371
486 1372
8 1373
304 1373
1210 1373
139 1374
225 1374
361 1374
784 1374
1024 1374
1205 1374
1277 1374
1278 1374
577 1375
858 1375
101 1376
149 1376
397 1376
1046 1377
9 1378
153 1379
293 1379
32 1380
74 1380
2 1381
59 1381
824 1381
150 1382
49 1383
14 1384
1041 1384
59 1385
177 1386
198 1386
291 1386
356 1386
602 1386
666 1386
704 1386
813 1386
1177 1386
1264 1386
153 1387
1 1388
143 1388
279 1388
283 1388
311 1388
633 1388
1156 1388
890 1391
153 1392
742 1392
9 1393
14 1393
55 1393
278 1393
410 1393
966 1393
1041 1393
1159 1393
74 1394
712 1394
12 1395
204 1396
334 1396
1182 1396
113 1397
483 1397
1044 1397
576 1398
949 1398
1193 1398
1293 1399
551 1400
676 1401
761 1402
135 1403
1208 1403
1219 1403
1032 1404
707 1405
251 1406
1009 1406
220 1408
532 1408
418 1409
660 1409
551 1410
12 1411
326 1412
450 1412
515 1413
736 1413
551 1414
56 1417
648 1417
1004 1417
7 1418
821 1418
895 1418
227 1420
9 1421
118 1422
396 1422
612 1422
865 1422
919 1422
1266 1422
1367 1422
491 1423
403 1424
183 1425
915 1427
74 1428
2 1429
111 1430
140 1431
2 1433
974 1434
123 1435
123 1436
147 1437
8 1438
71 1439
1389 1439
153 1440
315 1441
278 1442
289 1443
325 1443
508 1443
549 1443
315 1444
12 1445
250 1446
475 1446
954 1446
12 1448
1443 1449
2 1450
1346 1451
9 1452
315 1453
934 1455
14 1456
665 1456
1041 1456
761 1457
171 1459
317 1459
295 1460
574 1460
618 1460
657 1460
803 1460
879 1460
1401 1461
1439 1461
175 1462
312 1462
330 1462
388 1462
474 1462
895 1462
1048 1462
1418 1462
427 1463
799 1463
153 1464
36 1465
532 1465
890 1466
1304 1466
12 1467
142 1468
140 1469
151 1469
843 1469
315 1470
522 1471
890 1472
49 1473
71 1474
643 1475
1183 1475
504 1476
464 1477
51 1478
74 1478
237 1478
410 1478
1149 1478
773 1479
50 1480
278 1480
934 1480
169 1481
824 1482
10 1483
493 1483
1032 1484
824 1485
773 1486
12 1487
791 1488
935 1488
1210 1489
51 1490
165 1491
278 1493
13 1495
351 1495
641 1495
778 1495
843 1495
919 1495
1046 1495
1340 1495
59 1496
272 1496
699 1496
705 1496
591 1498
140 1499
350 1499
551 1500
350 1501
117 1502
745 1502
788 1502
676 1503
292 1504
483 1504
13 1505
960 1505
206 1506
737 1508
350 1509
383 1510
1447 1510
28 1511
152 1511
289 1511
508 1511
619 1511
962 1511
1449 1511
71 1512
890 1514
59 1515
596 1515
1463 1515
278 1516
8 1517
115 1517
292 1517
317 1517
432 1517
462 1517
623 1517
725 1517
966 1517
993 1517
1103 1517
1288 1517
915 1518
1427 1518
612 1519
12 1520
594 1521
1415 1522
745 1523
824 1524
1222 1524
45 1525
596 1525
14 1526
150 1527
707 1528
1247 1528
974 1529
113 1530
315 1531
153 1532
737 1532
1028 1532
139 1533
316 1533
1030 1533
237 1537
495 1538
1310 1538
2 1539
377 1539
479 1539
692 1539
317 1540
633 1540
153 1542
789 1543
648 1545
974 1547
148 1548
361 1549
1038 1549
52 1550
140 1550
425 1550
1422 1550
132 1551
243 1551
438 1551
475 1551
726 1551
1016 1551
625 1552
225 1553
361 1553
688 1553
1032 1553
1270 1553
141 1554
369 1554
394 1554
444 1554
447 1554
486 1554
596 1554
791 1554
866 1554
935 1554
1028 1554
1072 1554
1259 1554
1340 1554
1345 1554
1496 1554
1515 1554
799 1555
12 1556
356 1557
315 1558
101 1559
149 1559
242 1559
397 1559
953 1559
1263 1559
274 1560
448 1560
518 1560
578 1560
1383 1560
591 1561
16 1562
461 1562
9 1564
940 1565
64 1566
96 1566
109 1566
115 1566
135 1566
181 1566
194 1566
203 1566
223 1566
384 1566
418 1566
478 1566
655 1566
743 1566
902 1566
1114 1566
1215 1566
1312 1566
2 1567
58 1567
225 1567
303 1567
361 1567
526 1567
762 1567
824 1567
968 1567
1106 1567
1221 1567
1343 1567
1435 1567
618 1568
985 1568
1159 1568
1218 1568
1562 1568
934 1569
1220 1569
71 1570
141 1572
123 1573
474 1573
1278 1573
1374 1573
5 1574
171 1574
214 1574
926 1574
1116 1574
1254 1574
1340 1574
7 1575
84 1576
153 1577
153 1578
165 1578
1212 1578
241 1579
281 1579
486 1579
1188 1579
287 1580
475 1580
507 1580
561 1580
744 1580
979 1580
1061 1580
532 1581
71 1583
127 1584
193 1584
345 1584
440 1584
578 1584
593 1584
651 1584
791 1584
803 1584
922 1584
1045 1584
1309 1584
237 1585
9 1586
725 1586
3 1587
288 1587
12 1589
746 1590
938 1590
1105 1590
438 1591
551 1591
147 1592
871 1593
13 1594
1117 1594
125 1595
425 1595
1299 1595
1319 1595
1550 1595
890 1596
1566 1596
97 1598
141 1598
153 1598
515 1598
533 1598
725 1598
1105 1598
410 1599
1028 1599
1032 1599
591 1600
530 1601
725 1602
1127 1603
9 1604
1023 1604
1047 1604
71 1605
153 1606
1032 1606
319 1607
1374 1607
908 1608
1231 1609
1582 1609
113 1610
55 1611
715 1611
723 1611
799 1611
580 1612
1293 1612
438 1613
696 1614
826 1615
9 1616
677 1617
733 1617
895 1617
1261 1617
14 1618
118 1618
140 1618
158 1618
638 1618
949 1618
101 1619
149 1619
242 1619
74 1620
209 1621
283 1621
545 1621
579 1621
936 1621
1575 1621
643 1622
348 1624
1132 1624
113 1625
974 1627
279 1628
598 1628
1273 1628
1293 1629
1612 1629
923 1630
278 1631
62 1632
142 1632
595 1632
1125 1632
1234 1632
1265 1632
1266 1632
1297 1632
1368 1632
8 1633
411 1634
1551 1634
625 1635
116 1637
141 1637
225 1637
332 1637
524 1637
529 1637
784 1637
1024 1637
1277 1637
1374 1637
177 1638
601 1638
666 1638
739 1638
1047 1638
137 1639
201 1639
207 1639
260 1639
268 1639
278 1639
921 1639
938 1639
1084 1639
1478 1639
1490 1639
1374 1640
1567 1640
12 1641
141 1642
996 1642
1329 1642
1 1643
10 1643
55 1643
56 1643
73 1643
104 1643
258 1643
275 1643
315 1643
428 1643
430 1643
483 1643
563 1643
888 1643
903 1643
923 1643
1199 1643
1373 1643
1430 1643
1438 1643
1517 1643
1544 1643
150 1644
12 1645
551 1645
153 1646
1032 1646
9 1647
525 1647
9 1649
130 1649
222 1649
330 1649
357 1649
920 1649
1285 1649
1611 1649
11 1650
530 1650
908 1650
202 1651
485 1651
541 1651
616 1651
618 1651
787 1651
1070 1651
1554 1652
704 1653
1651 1654
486 1655
1253 1655
14 1656
522 1657
974 1658
604 1659
1116 1659
153 1660
1032 1660
551 1661
1205 1662
1107 1663
641 1664
481 1665
642 1665
1031 1665
211 1667
276 1667
347 1667
377 1667
449 1667
752 1667
791 1667
888 1667
925 1667
1005 1667
1174 1667
1294 1667
1497 1667
1517 1667
1602 1667
150 1668
1086 1669
278 1670
291 1671
12 1672
187 1673
1248 1674
436 1675
736 1676
806 1678
638 1679
483 1680
509 1682
943 1682
301 1683
1032 1684
46 1685
633 1685
1328 1686
1554 1687
799 1688
821 1688
895 1688
1649 1688
530 1690
834 1690
9 1692
315 1693
530 1694
237 1695
397 1696
911 1696
1068 1696
1356 1696
1683 1696
591 1698
1107 1699
1089 1700
1667 1701
666 1702
278 1703
806 1704
9 1705
9 1706
1357 1706
12 1707
1 1708
113 1708
128 1708
283 1708
292 1708
305 1708
413 1708
418 1708
449 1708
623 1708
636 1708
679 1708
837 1708
882 1708
901 1708
902 1708
1009 1708
1037 1708
1047 1708
1073 1708
1153 1708
1254 1708
1338 1708
1340 1708
1397 1708
1643 1708
1680 1708
305 1709
344 1709
411 1709
12 1710
783 1712
1408 1712
125 1713
350 1713
425 1713
1159 1713
1275 1713
633 1714
67 1715
1041 1715
1218 1715
9 1716
198 1717
127 1718
158 1718
237 1718
641 1718
1664 1718
791 1719
996 1719
915 1720
1551 1721
408 1722
425 1723
1149 1723
1159 1723
1260 1723
148 1724
22 1725
42 1725
51 1725
129 1725
218 1725
237 1725
333 1725
375 1725
411 1725
412 1725
502 1725
538 1725
562 1725
642 1725
883 1725
928 1725
932 1725
1059 1725
1108 1725
1141 1725
1151 1725
1250 1725
1294 1725
1337 1725
1393 1725
1516 1725
1597 1725
1639 1725
1666 1725
1670 1725
1673 1725
113 1726
1032 1727
86 1728
231 1728
295 1728
530 1728
613 1728
1217 1728
311 1729
773 1730
11 1731
41 1731
59 1731
534 1731
666 1731
737 1731
1046 1731
1554 1731
1667 1731
647 1732
111 1733
1643 1733
158 1734
541 1735
1462 1736
1478 1736
483 1737
888 1737
1517 1737
391 1739
1022 1740
1 1741
209 1741
283 1741
305 1741
626 1741
7 1742
799 1742
350 1743
1495 1743
250 1744
954 1744
979 1744
14 1745
1656 1745
158 1746
1031 1746
1718 1746
147 1747
404 1748
1057 1748
908 1749
38 1750
551 1750
464 1751
108 1752
684 1752
181 1753
791 1754
996 1754
1651 1755
12 1756
151 1757
278 1757
366 1757
534 1757
641 1757
771 1757
1333 1757
169 1758
1032 1758
29 1759
933 1759
988 1759
12 1760
292 1762
483 1762
1708 1762
500 1763
1062 1764
153 1765
1480 1766
83 1767
677 1767
1062 1768
464 1769
522 1770
12 1771
12 1772
113 1773
545 1774
914 1775
1157 1775
823 1776
438 1777
1170 1778
9 1779
165 1779
361 1779
384 1779
552 1779
623 1779
1032 1779
1047 1779
1126 1779
1254 1779
1417 1779
591 1780
524 1781
183 1782
914 1783
1004 1784
604 1785
1071 1785
309 1786
677 1786
725 1786
895 1786
1047 1786
1462 1786
12 1787
854 1788
1517 1790
135 1791
1403 1791
591 1792
315 1793
12 1794
948 1795
11 1796
1031 1796
1127 1796
1603 1796
240 1797
370 1797
547 1797
560 1797
874 1797
884 1797
1302 1797
1388 1797
1580 1798
52 1799
125 1799
151 1799
296 1799
350 1799
879 1799
1319 1799
1375 1799
1550 1799
1714 1800
12 1801
1750 1801
1071 1802
454 1803
179 1804
212 1804
106 1805
141 1805
332 1805
524 1805
1024 1805
1607 1805
1640 1805
3 1806
182 1806
1194 1806
168 1807
669 1807
874 1807
315 1808
165 1809
1028 1809
1294 1809
725 1810
1667 1810
125 1811
1191 1811
153 1813
1286 1813
1565 1813
295 1814
358 1814
618 1814
9 1815
1352 1815
1647 1815
350 1816
1159 1816
237 1817
890 1818
9 1819
898 1820
1662 1820
1632 1821
150 1822
177 1822
1443 1822
315 1823
1304 1823
915 1824
1052 1825
715 1826
594 1827
458 1828
1249 1828
1595 1828
108 1830
1064 1830
291 1831
1066 1831
51 1832
327 1832
1177 1832
591 1833
1062 1834
626 1835
791 1835
935 1835
1731 1835
408 1836
1032 1837
70 1838
126 1838
1460 1838
761 1839
10 1840
59 1840
97 1840
141 1840
163 1840
175 1840
183 1840
214 1840
262 1840
291 1840
326 1840
386 1840
408 1840
474 1840
557 1840
563 1840
686 1840
738 1840
837 1840
939 1840
1071 1840
1157 1840
1235 1840
1247 1840
1273 1840
1405 1840
1457 1840
1554 1840
1598 1840
1637 1840
1786 1840
1805 1840
315 1841
11 1842
551 1843
315 1844
9 1845
746 1846
1032 1846
1590 1846
52 1847
350 1847
425 1847
1159 1847
1275 1847
425 1848
551 1849
477 1850
567 1850
575 1850
1588 1850
1632 1851
486 1853
1515 1853
243 1854
438 1854
1634 1854
1691 1854
1824 1854
315 1855
1531 1855
316 1856
343 1856
686 1856
1129 1856
1457 1856
670 1857
153 1858
648 1859
923 1859
1004 1859
1044 1859
1708 1859
391 1860
890 1861
625 1862
1107 1864
141 1865
415 1866
1266 1867
551 1868
753 1868
198 1869
1643 1870
1130 1871
974 1872
1669 1873
1374 1874
108 1876
143 1876
240 1876
552 1876
560 1876
874 1876
1084 1876
1774 1876
1835 1876
923 1877
1130 1877
1517 1877
1725 1878
483 1879
1708 1879
237 1880
153 1882
182 1883
486 1883
596 1883
895 1883
697 1884
16 1885
18 1886
71 1887
826 1888
1615 1888
1 1889
114 1889
321 1889
388 1889
493 1889
1077 1889
1261 1889
1495 1889
1617 1889
147 1890
222 1890
353 1890
801 1890
835 1890
1611 1890
745 1891
530 1892
611 1892
1690 1892
183 1893
408 1894
2 1895
824 1895
153 1896
773 1897
932 1898
1725 1898
1032 1899
948 1900
923 1901
1708 1901
438 1902
1016 1902
1427 1902
1720 1902
954 1903
51 1904
100 1904
153 1904
198 1904
408 1904
602 1904
775 1904
813 1904
1177 1904
1264 1904
1806 1904
1863 1904
725 1905
222 1906
353 1906
1187 1906
1611 1906
256 1907
12 1908
12 1909
1304 1910
33 1912
231 1912
272 1913
493 1913
438 1914
500 1914
863 1914
1850 1914
130 1915
1904 1915
272 1916
1725 1917
739 1918
837 1918
1273 1918
278 1919
1403 1920
440 1921
315 1923
2 1924
71 1925
12 1926
1714 1927
1725 1928
84 1929
1044 1930
153 1931
7 1932
12 1933
888 1934
515 1935
1809 1935
59 1936
493 1936
985 1937
1030 1937
1388 1937
1904 1937
515 1938
1809 1938
150 1939
315 1940
1708 1941
278 1942
410 1942
985 1942
1562 1942
1568 1942
438 1943
551 1943
1850 1944
143 1945
279 1945
283 1945
633 1945
1937 1945
888 1946
1517 1946
974 1947
1725 1948
1708 1949
495 1950
750 1950
900 1950
1124 1950
1447 1950
12 1951
370 1952
278 1953
934 1954
153 1955
1032 1955
225 1956
683 1956
736 1956
1587 1956
791 1957
1377 1957
278 1958
1478 1958
1105 1959
84 1960
1929 1960
1062 1961
460 1962
1008 1962
1376 1962
1559 1962
1619 1962
1875 1962
153 1963
871 1963
1685 1963
1667 1964
57 1965
129 1965
138 1965
144 1965
187 1965
218 1965
237 1965
248 1965
375 1965
502 1965
642 1965
883 1965
928 1965
932 1965
1141 1965
1151 1965
1354 1965
1393 1965
1516 1965
1601 1965
1639 1965
1666 1965
1878 1965
1898 1965
736 1966
14 1967
149 1967
250 1967
278 1967
411 1967
837 1967
1766 1967
1220 1968
38 1969
1801 1969
725 1970
1667 1970
358 1971
140 1972
350 1972
425 1972
1422 1972
98 1973
1840 1973
113 1974
263 1976
475 1976
790 1976
915 1976
1350 1976
1446 1976
1105 1977
9 1978
1579 1979
790 1980
915 1980
1446 1980
569 1981
1261 1981
111 1982
591 1983
1498 1983
677 1984
799 1984
1478 1984
569 1985
1617 1985
806 1986
653 1987
1366 1987
84 1988
12 1989
1052 1990
890 1991
1304 1991
1062 1992
493 1993
1408 1994
153 1995
159 1995
1032 1995
147 1996
21 1997
198 1997
946 1997
425 1998
618 1998
795 1998
879 1998
949 1998
76 1999
687 1999
1553 1999
2 2001
141 2001
747 2001
824 2001
1840 2001
527 2002
1025 2002
153 2004
278 2004
644 2004
1105 2004
1667 2004
1725 2004
12 2005
486 2006
9 2007
59 2007
315 2007
446 2007
464 2007
648 2007
923 2007
1554 2007
1708 2007
114 2008
311 2008
705 2008
806 2008
936 2008
1056 2008
1752 2008
12 2009
704 2010
1111 2010
16 2011
250 2012
1632 2012
806 2013
522 2014
315 2015
11 2016
534 2016
613 2016
771 2016
1189 2016
1584 2016
1746 2016
854 2017
7 2018
895 2018
1183 2018
438 2019
551 2019
290 2020
295 2020
795 2020
949 2020
1159 2020
1828 2020
1062 2021
1220 2021
278 2023
746 2024
1374 2024
278 2025
1255 2026
14 2027
795 2027
1624 2028
1854 2029
98 2030
141 2030
147 2030
330 2030
559 2030
1840 2030
101 2031
299 2031
635 2031
1376 2031
1559 2031
1619 2031
1962 2031
934 2032
179 2033
191 2034
383 2034
12 2035
647 2036
50 2037
149 2037
1766 2037
149 2038
315 2039
1304 2040
160 2041
213 2041
1264 2041
370 2042
409 2042
434 2042
974 2042
1056 2042
1181 2042
1424 2042
1326 2043
551 2044
56 2045
1708 2045
250 2047
165 2048
551 2049
622 2049
74 2050
84 2052
42 2053
57 2053
89 2053
248 2053
411 2053
777 2053
932 2053
1108 2053
1151 2053
1250 2053
1354 2053
1365 2053
1393 2053
1426 2053
1516 2053
1534 2053
1601 2053
1639 2053
1878 2053
1898 2053
1948 2053
440 2054
85 2055
387 2055
71 2057
8 2058
287 2059
1061 2059
135 2060
792 2060
1403 2060
177 2061
466 2061
1063 2061
153 2062
237 2063
113 2064
438 2065
500 2065
1850 2065
177 2067
492 2067
12 2068
10 2069
54 2069
114 2069
175 2069
493 2069
1077 2069
1261 2069
1736 2069
1981 2069
625 2070
1062 2072
486 2073
1496 2073
190 2074
347 2074
473 2074
634 2074
859 2074
1028 2074
1134 2074
1598 2074
1935 2074
1938 2074
2004 2074
315 2075
504 2076
1231 2077
113 2078
148 2079
11 2080
1127 2080
1238 2080
486 2081
914 2082
32 2083
9 2084
1708 2085
1261 2086
2069 2086
56 2087
423 2087
1011 2087
1159 2088
1816 2088
411 2089
315 2090
132 2091
149 2091
438 2091
693 2091
764 2091
773 2091
793 2091
1569 2091
1594 2091
200 2092
663 2092
971 2092
1697 2092
483 2093
1708 2093
410 2094
1 2095
5 2095
9 2095
482 2095
880 2095
1047 2095
1126 2095
1254 2095
1590 2095
1638 2095
1731 2095
36 2096
996 2097
408 2098
250 2099
974 2100
551 2101
309 2102
464 2103
890 2104
51 2105
74 2105
148 2105
1736 2105
1984 2105
315 2106
577 2107
1998 2107
350 2108
55 2109
74 2109
95 2109
103 2109
372 2109
423 2109
713 2109
720 2109
799 2109
993 2109
1011 2109
1390 2109
1415 2109
1417 2109
1901 2109
2087 2109
715 2110
715 2111
723 2111
821 2111
1183 2111
1649 2111
14 2112
340 2112
381 2112
498 2112
1041 2112
1275 2113
648 2114
1130 2114
722 2115
165 2116
683 2116
1850 2117
1285 2118
1566 2118
1779 2118
715 2119
517 2120
1623 2120
36 2121
1579 2121
9 2122
89 2123
158 2123
578 2123
745 2123
130 2124
6 2125
119 2125
153 2125
601 2125
950 2125
1032 2125
1060 2125
1685 2125
1714 2125
1846 2125
2116 2125
923 2126
2109 2126
1218 2127
113 2128
885 2129
1720 2129
74 2131
1394 2131
113 2132
436 2132
538 2133
777 2133
551 2134
315 2135
1522 2135
736 2136
33 2138
574 2138
778 2138
1189 2138
12 2139
8 2140
9 2140
11 2140
130 2140
149 2140
198 2140
225 2140
315 2140
342 2140
483 2140
544 2140
824 2140
1050 2140
1304 2140
1371 2140
1584 2140
1708 2140
1779 2140
1260 2142
1723 2142
278 2143
411 2143
739 2143
1725 2143
438 2144
736 2146
666 2147
10 2148
87 2148
143 2148
177 2148
291 2148
408 2148
598 2148
640 2148
666 2148
739 2148
821 2148
895 2148
1006 2148
1294 2148
1324 2148
1649 2148
1907 2148
1937 2148
2124 2148
2140 2148
9 2149
574 2149
795 2149
1159 2149
1173 2149
1259 2149
1406 2149
1413 2149
638 2150
2120 2150
483 2151
1571 2151
2053 2152
725 2153
1285 2153
1554 2153
890 2154
1566 2154
1554 2155
491 2156
153 2157
474 2158
1106 2158
12 2160
340 2161
381 2161
2112 2161
12 2162
1697 2163
12 2164
102 2164
229 2164
278 2164
307 2164
551 2164
573 2164
595 2164
700 2164
731 2164
766 2164
885 2164
1016 2164
1725 2164
1967 2164
2089 2164
2143 2164
16 2165
125 2165
461 2165
577 2165
1163 2165
1393 2165
1460 2165
2129 2166
1191 2167
1998 2167
462 2168
612 2169
350 2170
612 2170
467 2171
585 2171
874 2171
1084 2171
1207 2171
1388 2171
12 2172
1032 2173
12 2175
237 2176
1880 2176
67 2177
1393 2177
51 2178
237 2178
450 2178
626 2178
745 2178
850 2178
1156 2178
1194 2178
1252 2178
1639 2178
2022 2179
1337 2180
1725 2180
1624 2181
18 2182
960 2184
648 2185
2073 2186
512 2187
885 2187
1720 2187
2166 2187
1304 2188
64 2189
100 2189
104 2189
117 2189
141 2189
163 2189
704 2189
748 2189
775 2189
874 2189
1169 2189
1302 2189
1313 2189
2066 2189
20 2190
1266 2190
8 2191
26 2191
73 2191
96 2191
105 2191
112 2191
135 2191
178 2191
181 2191
194 2191
223 2191
252 2191
380 2191
478 2191
655 2191
1065 2191
1190 2191
1199 2191
1223 2191
1391 2191
1454 2191
1466 2191
1514 2191
1536 2191
1596 2191
1630 2191
1861 2191
1911 2191
2104 2191
2174 2191
1725 2192
1965 2192
141 2193
32 2194
82 2194
104 2194
130 2194
168 2194
240 2194
270 2194
326 2194
449 2194
563 2194
677 2194
821 2194
963 2194
1032 2194
1047 2194
1408 2194
1465 2194
1581 2194
1599 2194
1870 2194
2056 2194
2096 2194
2148 2194
784 2195
491 2196
74 2197
13 2198
1987 2198
71 2199
155 2200
158 2200
449 2200
641 2200
1495 2200
1664 2200
1757 2200
1495 2201
181 2202
266 2202
292 2202
372 2202
487 2202
572 2202
837 2202
902 2202
966 2202
1636 2202
1871 2202
2114 2202
824 2203
56 2204
923 2204
1708 2204
1046 2205
177 2206
283 2206
474 2206
607 2206
686 2206
1129 2206
51 2207
996 2207
315 2208
1285 2208
1779 2208
64 2209
87 2209
111 2209
117 2209
160 2209
353 2209
406 2209
547 2209
704 2209
1232 2209
1256 2209
1638 2209
2030 2209
32 2210
982 2211
773 2212
113 2213
71 2214
755 2214
545 2215
626 2215
1177 2215
1194 2215
2 2216
7 2216
122 2216
130 2216
141 2216
237 2216
256 2216
408 2216
486 2216
514 2216
516 2216
745 2216
824 2216
895 2216
1015 2216
1355 2216
1483 2216
2069 2216
2124 2216
2148 2216
461 2217
1568 2217
724 2218
746 2218
1965 2219
178 2220
115 2221
199 2221
233 2221
239 2221
315 2221
337 2221
431 2221
435 2221
436 2221
496 2221
568 2221
701 2221
848 2221
876 2221
1026 2221
1040 2221
1203 2221
1316 2221
1334 2221
1419 2221
1458 2221
1530 2221
1535 2221
1610 2221
1648 2221
2000 2221
2022 2221
2078 2221
2132 2221
2183 2221
598 2222
1393 2222
1478 2222
2094 2222
2105 2222
1389 2223
1032 2224
115 2225
1022 2225
12 2226
278 2226
530 2226
1495 2226
1664 2226
153 2227
1046 2228
237 2229
101 2230
55 2231
330 2231
895 2231
1183 2231
2030 2231
1584 2232
522 2233
2221 2234
725 2235
1682 2235
350 2236
612 2236
598 2237
745 2238
788 2238
140 2239
1422 2239
9 2240
1330 2241
1515 2241
1689 2241
1922 2241
2073 2241
2130 2241
725 2242
358 2243
486 2244
1201 2244
2053 2245
934 2246
141 2247
308 2247
479 2247
692 2247
1293 2247
1629 2247
32 2248
74 2248
530 2249
576 2249
31 2250
974 2251
2100 2251
648 2252
890 2252
153 2253
591 2253
724 2253
1590 2253
1846 2253
2218 2253
32 2254
1511 2255
736 2256
2136 2256
1374 2257
3 2258
108 2258
182 2258
300 2258
596 2258
948 2258
985 2258
1149 2258
1194 2258
1628 2258
1643 2258
1741 2258
2008 2258
2105 2258
2148 2258
2222 2258
551 2259
551 2260
1032 2262
257 2263
1326 2263
84 2264
1340 2265
71 2266
74 2267
532 2267
2194 2267
8 2268
551 2269
55 2270
73 2270
82 2270
133 2270
168 2270
240 2270
275 2270
315 2270
712 2270
884 2270
916 2270
923 2270
952 2270
1014 2270
1105 2270
1260 2270
1335 2270
1428 2270
1432 2270
1478 2270
1515 2270
1525 2270
1581 2270
1620 2270
1621 2270
1626 2270
2083 2270
2105 2270
2109 2270
2148 2270
2191 2271
315 2272
1531 2272
1855 2272
120 2273
141 2273
241 2273
253 2273
308 2273
403 2273
473 2273
516 2273
624 2273
816 2273
1222 2273
1248 2273
1459 2273
2096 2273
1712 2274
1994 2274
11 2275
530 2275
908 2275
532 2276
1579 2276
1062 2277
676 2278
934 2279
1062 2279
301 2280
1696 2280
648 2281
1044 2281
620 2282
1612 2282
1881 2282
2247 2282
278 2283
153 2284
293 2284
890 2285
49 2286
1062 2287
1220 2287
178 2288
1032 2289
2263 2290
594 2291
382 2292
941 2292
1203 2292
1407 2292
1974 2292
2000 2292
2064 2292
2078 2292
74 2293
143 2293
305 2293
579 2293
806 2293
13 2294
147 2295
1307 2295
153 2296
350 2297
12 2298
824 2300
915 2301
1551 2301
1902 2301
2187 2301
125 2302
221 2302
245 2302
1163 2302
1275 2302
1299 2302
1568 2302
1723 2302
1847 2302
2020 2302
2088 2302
1724 2303
773 2304
551 2305
12 2306
167 2306
438 2306
165 2307
123 2308
1567 2308
153 2309
153 2310
1387 2310
111 2311
2 2312
377 2312
491 2312
692 2312
403 2313
535 2313
522 2314
141 2315
1840 2315
1744 2316
486 2317
32 2318
676 2319
31 2320
315 2321
403 2322
923 2323
934 2324
370 2325
1056 2325
1181 2325
1424 2325
2270 2326
408 2327
890 2328
8 2329
1643 2329
530 2330
12 2331
1032 2332
74 2333
1432 2333
1753 2333
1220 2334
1252 2335
59 2336
493 2336
790 2337
1580 2337
101 2338
1619 2338
2038 2338
111 2339
111 2340
430 2340
1430 2340
2058 2340
438 2341
59 2342
661 2342
2273 2342
131 2343
1614 2343
2299 2343
278 2344
12 2345
149 2345
250 2345
344 2345
358 2346
12 2347
126 2348
251 2348
629 2348
657 2348
827 2348
1249 2348
1460 2348
1838 2348
2149 2348
56 2349
74 2349
372 2349
423 2349
799 2349
1103 2349
1415 2349
1643 2349
2045 2349
2135 2349
532 2350
996 2350
1329 2350
1840 2350
32 2351
74 2351
2270 2351
12 2352
551 2352
2164 2353
11 2354
366 2354
530 2354
908 2354
1113 2354
1957 2354
2221 2355
370 2356
434 2356
1064 2356
1388 2356
1628 2356
1003 2357
278 2358
618 2358
2217 2358
231 2359
1912 2359
2249 2359
50 2360
1632 2361
59 2362
309 2362
515 2362
1532 2362
1554 2362
1809 2362
2074 2362
1170 2363
315 2364
346 2365
482 2365
613 2366
3 2367
108 2367
141 2367
149 2367
225 2367
361 2367
370 2367
483 2367
843 2367
948 2367
1030 2367
1050 2367
1388 2367
1643 2367
1708 2367
1741 2367
2206 2367
2293 2367
837 2368
1062 2368
153 2369
278 2370
1032 2371
2332 2371
227 2372
2221 2373
165 2374
378 2374
591 2374
683 2374
2116 2374
315 2375
7 2376
469 2377
972 2377
438 2378
1287 2379
1804 2379
1643 2380
71 2381
12 2382
464 2383
666 2384
926 2384
1018 2384
12 2385
24 2385
438 2385
757 2385
1165 2385
1336 2385
59 2386
153 2386
661 2386
1554 2386
2221 2387
689 2388
772 2388
896 2388
1738 2388
71 2389
99 2390
2109 2391
611 2392
1118 2393
1126 2393
1363 2393
1457 2393
1812 2393
137 2394
326 2394
376 2394
627 2394
811 2394
815 2394
927 2394
931 2394
1086 2394
1264 2394
1353 2394
1408 2394
1548 2394
1669 2394
1724 2394
1873 2394
2079 2394
2105 2394
111 2395
954 2397
150 2398
1443 2398
1511 2398
1950 2399
7 2400
147 2400
271 2400
557 2400
723 2400
745 2400
818 2400
821 2400
933 2400
988 2400
1172 2400
1437 2400
1492 2400
1546 2400
1592 2400
1649 2400
1681 2400
1747 2400
1890 2400
1996 2400
2030 2400
2071 2400
2295 2400
483 2401
115 2402
181 2402
462 2402
1022 2402
179 2403
59 2404
237 2404
1177 2404
1252 2404
1308 2404
2394 2404
974 2405
495 2406
1107 2406
180 2407
150 2408
278 2409
530 2409
613 2409
778 2409
1718 2409
1997 2410
2221 2411
996 2412
1329 2412
108 2413
1388 2413
1830 2413
683 2414
1386 2414
1904 2414
2116 2414
2140 2414
2374 2414
308 2415
377 2415
491 2415
692 2415
2312 2415
2069 2416
3 2417
108 2417
596 2417
985 2417
1149 2417
1308 2417
1478 2417
1628 2417
1741 2417
1958 2417
2148 2417
2222 2417
2237 2417
65 2418
889 2418
1328 2418
1510 2418
2077 2418
12 2419
141 2420
533 2420
1840 2420
2074 2420
404 2421
117 2422
704 2422
938 2422
1638 2422
1918 2422
469 2423
898 2424
1553 2424
1662 2424
1820 2424
135 2425
315 2425
853 2425
1791 2425
2060 2425
1220 2426
101 2427
149 2427
397 2427
930 2427
953 2427
278 2428
2053 2428
153 2429
1578 2429
315 2430
278 2431
278 2432
1718 2432
2200 2432
59 2433
1022 2434
278 2435
1965 2435
315 2437
206 2438
1032 2438
1506 2438
440 2439
1342 2439
983 2440
1976 2440
1980 2440
10 2441
1632 2442
11 2443
366 2443
908 2443
1113 2443
1584 2443
1033 2444
1220 2444
522 2445
1725 2446
2219 2446
1062 2447
541 2448
2221 2449
1708 2450
278 2451
12 2452
117 2453
373 2453
704 2453
748 2453
2143 2453
1667 2454
12 2455
935 2456
12 2457
293 2458
250 2459
49 2460
1560 2460
890 2461
890 2462
12 2463
438 2463
844 2463
1119 2463
1541 2463
2137 2463
483 2464
9 2465
1032 2466
74 2467
1194 2467
1876 2467
1708 2468
824 2470
9 2471
394 2472
661 2472
1674 2472
140 2473
1422 2473
420 2474
438 2475
361 2476
370 2477
434 2477
438 2478
551 2478
136 2479
1032 2479
153 2480
1554 2480
2342 2480
1575 2481
1752 2481
2376 2481
1071 2482
1032 2483
41 2484
168 2484
403 2484
855 2484
996 2484
1043 2484
1245 2484
1488 2484
2207 2484
2350 2484
2412 2484
2439 2484
2257 2485
771 2486
1718 2486
1746 2486
2200 2486
648 2487
914 2488
350 2489
1510 2490
1254 2491
1342 2491
2484 2491
890 2492
1164 2492
745 2493
14 2494
340 2494
515 2495
1047 2495
1105 2495
1282 2495
2074 2495
1643 2496
2194 2496
204 2497
663 2497
2092 2497
330 2498
379 2498
626 2498
648 2498
737 2498
888 2498
1044 2498
1517 2498
1876 2498
2168 2498
2202 2498
9 2499
59 2499
648 2499
923 2499
1018 2499
1285 2499
2194 2499
1328 2500
943 2501
2235 2501
278 2502
1965 2502
2219 2502
2446 2502
237 2503
1308 2503
2474 2503
1326 2505
2263 2505
551 2506
120 2507
661 2507
350 2508
612 2508
1999 2509
1071 2510
137 2511
335 2511
462 2511
467 2511
560 2511
626 2511
874 2511
1194 2511
1264 2511
1806 2511
1876 2511
1937 2511
2215 2511
2417 2511
241 2512
1374 2513
1032 2514
9 2515
725 2515
1667 2515
821 2516
1742 2516
64 2517
689 2517
237 2518
158 2519
62 2520
132 2520
172 2520
250 2520
463 2520
885 2520
1016 2520
1061 2520
1091 2520
1446 2520
1563 2520
1580 2520
1744 2520
2012 2520
2059 2520
2345 2520
2469 2520
55 2521
73 2521
96 2521
105 2521
115 2521
135 2521
223 2521
252 2521
380 2521
418 2521
799 2521
1164 2521
1190 2521
1466 2521
1472 2521
1514 2521
1630 2521
1861 2521
1991 2521
2104 2521
2154 2521
2252 2521
2288 2521
2328 2521
2504 2521
1032 2522
3 2523
1904 2523
2189 2523
2216 2523
272 2524
1913 2524
1335 2525
1708 2525
78 2526
1386 2526
1904 2526
2140 2526
2191 2527
13 2528
1840 2529
377 2530
446 2530
761 2530
1018 2530
1112 2530
1221 2530
1436 2530
1557 2530
1574 2530
199 2531
1348 2531
1902 2532
12 2533
2 2535
488 2535
1221 2535
1574 2535
2484 2536
2 2537
824 2537
1797 2537
2209 2537
1187 2538
278 2539
12 2540
1105 2541
551 2542
12 2543
158 2544
12 2545
474 2546
1278 2546
1374 2546
153 2547
569 2548
1617 2548
1981 2548
2086 2548
2416 2548
13 2549
594 2550
1062 2551
2164 2551
126 2552
251 2552
629 2552
1249 2552
1838 2552
2149 2552
632 2553
1505 2553
2051 2553
438 2554
1725 2555
59 2556
504 2557
613 2557
1031 2557
1189 2557
2 2558
613 2559
1062 2560
140 2561
151 2561
890 2562
2191 2562
2521 2562
1840 2563
1218 2564
1393 2564
1715 2564
17 2565
140 2565
351 2565
541 2565
800 2565
879 2565
1562 2565
1885 2565
2120 2565
2165 2565
1266 2566
2338 2566
854 2567
370 2568
1945 2568
1021 2569
150 2570
1 2571
135 2571
181 2571
324 2571
418 2571
478 2571
743 2571
792 2571
1058 2571
1114 2571
1312 2571
1466 2571
1789 2571
1823 2571
1991 2571
2040 2571
2046 2571
2188 2571
71 2573
799 2574
123 2575
474 2575
1277 2575
1567 2575
1573 2575
2158 2575
2546 2575
9 2576
594 2577
84 2578
74 2579
23 2580
317 2580
533 2580
778 2580
919 2580
1185 2580
1266 2580
1319 2580
1550 2580
1728 2580
1743 2580
2091 2580
2120 2580
2200 2580
2226 2580
2499 2580
2572 2580
1950 2581
646 2582
888 2582
179 2583
315 2584
1566 2584
1590 2585
1032 2586
1089 2586
5 2587
604 2587
1118 2587
1126 2587
1363 2587
361 2588
177 2589
2221 2590
1566 2591
1975 2591
64 2592
87 2592
104 2592
707 2592
775 2592
874 2592
1313 2592
2066 2592
1 2593
9 2593
367 2593
1032 2593
2007 2593
2140 2593
2 2594
153 2595
676 2596
237 2597
748 2597
938 2597
1032 2597
1638 2597
1918 2597
2453 2597
71 2598
552 2599
966 2599
661 2600
1554 2600
9 2601
490 2601
1408 2602
2274 2602
150 2603
177 2603
1443 2603
1080 2604
2481 2604
59 2605
1566 2606
2591 2606
504 2607
1584 2607
141 2608
1607 2608
125 2609
461 2609
577 2609
1275 2609
1393 2609
1799 2609
2358 2609
149 2610
151 2610
438 2610
693 2610
773 2610
793 2610
1594 2610
315 2611
13 2612
315 2613
12 2614
1374 2615
12 2616
121 2618
745 2618
791 2618
2354 2618
498 2619
1510 2620
1304 2621
1566 2621
925 2622
1667 2622
1554 2623
363 2624
1071 2624
351 2625
533 2625
641 2625
778 2625
843 2625
919 2625
1046 2625
1889 2625
2120 2625
2226 2625
2572 2625
2580 2625
13 2626
179 2627
1266 2627
612 2628
14 2629
795 2629
2552 2629
335 2630
467 2630
855 2630
874 2630
884 2630
1621 2630
1774 2630
2215 2630
2467 2630
1725 2631
137 2632
326 2632
627 2632
811 2632
815 2632
1086 2632
1264 2632
1548 2632
1669 2632
1724 2632
2079 2632
2105 2632
2303 2632
821 2633
9 2634
250 2635
2520 2635
12 2636
638 2637
2 2638
1797 2638
2209 2638
1805 2639
315 2640
183 2641
10 2642
53 2642
114 2642
828 2642
1617 2642
1767 2642
1786 2642
2194 2642
2216 2642
2231 2642
133 2643
1578 2643
2394 2644
2632 2644
438 2645
454 2646
641 2646
1031 2646
1718 2646
2016 2646
2432 2646
2486 2646
59 2647
1107 2648
2282 2649
1725 2650
125 2651
126 2651
221 2651
398 2651
985 2651
1067 2651
1163 2651
1275 2651
1308 2651
1847 2651
2020 2651
358 2652
467 2653
1084 2653
289 2654
325 2654
466 2654
2061 2654
315 2655
315 2656
74 2657
366 2657
387 2657
483 2657
515 2657
530 2657
532 2657
534 2657
736 2657
778 2657
1032 2657
1046 2657
1217 2657
1708 2657
2200 2657
1293 2658
1399 2658
1629 2658
2247 2658
2282 2658
71 2659
59 2660
625 2661
464 2662
425 2663
666 2664
1004 2664
1517 2664
2109 2664
29 2665
988 2665
1172 2665
1274 2665
648 2666
1828 2667
2053 2668
1293 2669
8 2670
2 2671
824 2671
824 2672
884 2672
438 2673
116 2674
784 2674
1607 2674
8 2675
1643 2675
2216 2676
153 2677
761 2677
923 2677
1032 2677
179 2678
411 2678
1632 2678
2164 2678
483 2679
1708 2679
12 2680
551 2680
736 2681
2146 2681
13 2682
1584 2683
13 2684
1062 2684
1567 2685
18 2686
1632 2686
370 2687
315 2688
1923 2688
2591 2689
2606 2689
854 2690
2484 2691
1 2692
13 2692
14 2692
149 2692
776 2692
915 2692
1062 2692
2140 2692
59 2693
1890 2694
1973 2694
2333 2695
141 2696
890 2697
1912 2698
2120 2698
2138 2698
84 2699
64 2700
644 2700
707 2700
765 2700
1344 2700
1973 2700
2030 2700
212 2701
586 2701
595 2701
778 2701
1007 2701
1096 2701
1243 2701
1632 2701
2033 2701
2190 2701
2583 2701
2678 2701
253 2702
1201 2702
1496 2702
1062 2703
12 2704
147 2705
1307 2705
2400 2705
12 2706
1329 2707
2333 2708
113 2709
527 2710
12 2711
1448 2711
1 2712
209 2712
305 2712
598 2712
626 2712
2258 2712
278 2713
14 2714
290 2714
358 2714
795 2714
1173 2714
1193 2714
2348 2714
2552 2714
551 2715
1293 2716
2221 2717
2221 2718
2688 2719
315 2720
890 2720
700 2721
2164 2721
98 2722
1187 2722
504 2723
971 2724
2092 2724
52 2725
158 2725
231 2725
278 2725
317 2725
564 2725
641 2725
778 2725
919 2725
1046 2725
1185 2725
1319 2725
1757 2725
1799 2725
2053 2725
2226 2725
2561 2725
313 2726
2234 2726
2411 2726
502 2727
1725 2727
1965 2727
9 2729
38 2730
438 2730
551 2730
500 2731
824 2732
1524 2732
7 2733
799 2733
821 2733
1649 2733
1282 2734
1568 2734
2094 2734
7 2735
9 2736
27 2736
110 2736
292 2736
305 2736
317 2736
456 2736
540 2736
552 2736
581 2736
609 2736
810 2736
1224 2736
1273 2736
1507 2736
1930 2736
2159 2736
2205 2736
2525 2736
315 2737
311 2738
705 2738
736 2738
850 2738
1056 2738
1752 2738
2484 2738
2679 2739
1805 2740
2639 2740
304 2741
910 2741
661 2742
551 2743
722 2744
2388 2744
1047 2745
1282 2745
1667 2745
118 2746
533 2746
919 2746
1139 2746
1319 2746
1367 2746
1972 2746
2108 2746
2239 2746
2565 2746
759 2747
1186 2747
361 2748
253 2749
377 2749
394 2749
945 2749
2186 2749
2244 2749
2261 2749
2702 2749
16 2750
231 2750
668 2750
1032 2751
278 2752
618 2752
966 2752
985 2752
2217 2752
2302 2752
2651 2752
2734 2752
438 2753
252 2754
266 2754
292 2754
372 2754
572 2754
942 2754
966 2754
1022 2754
1636 2754
1877 2754
821 2755
415 2756
315 2757
821 2758
2755 2758
245 2759
576 2759
577 2759
629 2759
949 2759
2714 2759
309 2760
515 2760
1809 2760
2074 2760
799 2761
340 2762
381 2762
498 2762
1041 2762
315 2763
2135 2763
9 2764
121 2764
133 2764
153 2764
346 2764
361 2764
367 2764
482 2764
503 2764
791 2764
938 2764
1047 2764
1126 2764
1649 2764
2153 2764
2205 2764
2499 2764
84 2765
1346 2765
491 2766
23 2767
118 2767
125 2767
360 2767
396 2767
989 2767
1138 2767
1266 2767
1275 2767
1319 2767
1349 2767
1494 2767
1501 2767
1550 2767
1713 2767
1847 2767
2108 2767
2170 2767
2297 2767
2489 2767
2508 2767
126 2768
245 2768
461 2768
1067 2768
1393 2768
1803 2768
153 2769
165 2770
153 2771
1217 2772
2200 2772
2226 2772
12 2773
206 2774
370 2775
403 2775
434 2775
676 2776
761 2777
1112 2777
1708 2778
12 2779
771 2779
1031 2779
1333 2779
12 2780
530 2781
576 2781
2359 2781
482 2782
880 2782
1285 2782
2764 2782
23 2783
118 2783
125 2783
245 2783
286 2783
396 2783
989 2783
1138 2783
1266 2783
1275 2783
1319 2783
1550 2783
1595 2783
1799 2783
1829 2783
2108 2783
2297 2783
2489 2783
12 2784
464 2785
278 2786
641 2786
1217 2786
2200 2786
13 2787
2511 2788
1431 2789
2746 2789
1651 2790
65 2791
1136 2791
1582 2791
2034 2791
2077 2791
835 2792
2111 2792
2665 2792
884 2793
1084 2793
1207 2793
1774 2793
2215 2793
2159 2794
2736 2794
2189 2795
802 2796
1677 2796
2137 2796
123 2797
1567 2797
438 2798
158 2799
311 2800
1752 2800
113 2801
2221 2801
2292 2801
934 2802
1062 2802
153 2803
613 2804
2366 2804
113 2805
2221 2805
67 2806
541 2806
1393 2806
1715 2806
2127 2806
2564 2806
84 2807
2701 2808
915 2810
295 2811
795 2811
858 2811
879 2811
949 2811
1159 2811
1193 2811
1375 2811
2165 2811
2609 2811
707 2812
1247 2812
2221 2813
12 2814
798 2814
12 2815
789 2815
464 2816
315 2817
177 2818
1063 2818
1511 2818
9 2819
1554 2820
305 2821
344 2821
1031 2822
2016 2822
923 2823
1004 2823
70 2824
1595 2824
1799 2824
1998 2824
2565 2824
2811 2824
910 2825
1416 2825
1732 2825
2741 2825
773 2826
2189 2827
148 2828
1329 2828
1712 2828
2394 2828
2632 2828
8 2829
216 2829
486 2829
1643 2829
676 2830
1374 2831
2615 2831
1706 2832
464 2833
483 2834
1517 2834
1708 2834
2333 2835
491 2836
59 2837
103 2838
1566 2838
2109 2838
133 2839
510 2839
515 2839
786 2839
1779 2839
2003 2839
2253 2839
2585 2839
2593 2839
221 2840
574 2840
795 2840
2651 2840
113 2841
2221 2842
1904 2843
2189 2843
2216 2843
2523 2843
5 2844
410 2844
461 2844
665 2844
1254 2844
1715 2844
1761 2844
2448 2844
2494 2844
2619 2844
315 2845
625 2846
1408 2847
71 2848
2381 2848
2092 2849
278 2850
278 2851
149 2852
464 2852
1266 2852
11 2853
1047 2854
1580 2855
247 2856
551 2856
934 2857
237 2858
32 2859
1293 2860
181 2861
713 2861
1753 2861
2270 2861
2333 2861
12 2862
416 2863
828 2863
1180 2863
1434 2863
1547 2863
1711 2863
2042 2863
2100 2863
2396 2863
2405 2863
2728 2863
2809 2863
9 2864
317 2864
331 2864
456 2864
462 2864
487 2864
552 2864
810 2864
882 2864
935 2864
1116 2864
1282 2864
1417 2864
2498 2864
2521 2865
745 2866
1329 2867
2484 2867
1725 2868
799 2869
530 2870
666 2871
1285 2871
1 2872
147 2872
165 2872
880 2872
1126 2872
1254 2872
2688 2873
361 2874
98 2875
824 2875
970 2875
1187 2875
1268 2875
1294 2875
1598 2875
2004 2875
2189 2875
2592 2875
633 2876
315 2877
2075 2877
854 2878
111 2879
222 2879
725 2879
1408 2879
2209 2880
135 2881
315 2881
2425 2881
111 2882
1643 2882
464 2883
666 2883
875 2883
16 2884
2565 2884
2221 2885
153 2886
5 2887
15 2887
84 2887
410 2887
985 2887
1126 2887
1346 2887
1715 2887
1735 2887
2619 2887
2806 2887
2767 2888
2783 2888
2209 2889
565 2890
706 2890
1396 2890
1471 2890
1657 2890
1770 2890
2014 2890
2411 2890
9 2891
2729 2891
908 2892
315 2893
113 2894
436 2894
116 2895
141 2895
332 2895
784 2895
1607 2895
551 2896
2151 2898
2679 2898
153 2899
1105 2900
2149 2900
315 2901
492 2902
634 2902
227 2903
2839 2904
889 2905
1136 2905
1510 2905
1513 2905
1582 2905
1950 2905
841 2906
1243 2906
2393 2907
2151 2908
1 2909
311 2909
936 2909
1830 2909
2568 2909
1113 2910
1957 2910
14 2911
340 2911
381 2911
2887 2911
421 2912
1031 2912
791 2913
996 2913
158 2914
438 2914
530 2914
551 2914
576 2914
638 2914
1078 2914
1191 2914
1299 2914
1308 2914
1319 2914
1713 2914
1723 2914
1799 2914
1848 2914
2020 2914
2840 2914
9 2915
740 2915
803 2915
1159 2915
1406 2915
1413 2915
1708 2915
2141 2915
2900 2915
231 2916
668 2916
1422 2916
2565 2916
2767 2917
2783 2917
74 2918
545 2918
1137 2918
1156 2918
1179 2918
2189 2918
2270 2918
2630 2918
74 2919
36 2920
661 2920
1579 2920
2194 2920
2273 2920
2512 2920
898 2921
1553 2921
486 2922
113 2923
2221 2923
2292 2923
2617 2923
1891 2924
2238 2924
545 2925
626 2925
984 2925
1194 2925
2209 2925
2630 2925
2653 2925
12 2926
8 2927
942 2927
1643 2927
1877 2927
141 2928
1856 2928
2393 2928
9 2929
2521 2930
2348 2931
2768 2931
278 2932
1965 2932
12 2933
11 2934
908 2934
358 2935
278 2936
1063 2937
2654 2937
315 2938
1443 2939
1511 2939
158 2940
193 2940
1495 2940
1664 2940
1757 2940
2226 2940
2432 2940
2486 2940
2657 2940
2772 2940
2786 2940
1062 2941
9 2942
278 2943
113 2944
2292 2944
799 2945
12 2946
153 2947
150 2948
1063 2948
1511 2948
2654 2948
2863 2949
84 2950
1346 2950
1460 2950
1595 2950
1799 2950
1816 2950
1828 2950
2088 2950
2667 2950
361 2951
337 2952
436 2952
558 2952
584 2952
690 2952
703 2952
929 2952
941 2952
999 2952
1026 2952
1407 2952
1530 2952
1610 2952
1974 2952
2000 2952
2064 2952
2292 2952
2436 2952
2709 2952
2801 2952
2805 2952
2944 2952
898 2953
959 2953
1667 2954
1566 2955
309 2956
2074 2956
1554 2957
1798 2958
1852 2958
1976 2958
391 2959
158 2960
670 2961
12 2962
74 2963
1725 2964
64 2965
104 2965
765 2965
1232 2965
1344 2965
1638 2965
1906 2965
2030 2965
2722 2965
996 2966
2484 2966
2536 2966
237 2967
1266 2968
2338 2968
421 2969
536 2969
578 2969
1476 2969
2076 2969
2557 2969
2559 2969
2607 2969
2017 2970
111 2971
1778 2971
2145 2971
2363 2971
1062 2972
1950 2973
2490 2973
551 2974
974 2975
2863 2975
370 2976
660 2977
704 2977
84 2978
153 2979
12 2980
311 2981
464 2982
2540 2983
534 2984
611 2984
4 2985
483 2985
541 2985
761 2985
957 2985
1004 2985
1018 2985
1285 2985
1371 2985
1574 2985
1708 2985
1779 2985
2393 2985
2587 2985
2593 2985
2844 2985
2887 2985
1850 2986
113 2987
84 2988
153 2989
761 2990
923 2990
1112 2990
532 2991
1579 2991
2194 2991
464 2992
1651 2992
153 2993
1032 2993
12 2994
149 2995
232 2995
277 2995
314 2995
364 2995
419 2995
520 2995
551 2995
628 2995
632 2995
662 2995
674 2995
697 2995
702 2995
852 2995
860 2995
978 2995
980 2995
994 2995
1034 2995
1049 2995
1102 2995
1146 2995
1495 2995
1594 2995
1768 2995
1884 2995
2198 2995
2334 2995
2534 2995
2549 2995
2612 2995
2625 2995
2682 2995
2684 2995
2692 2995
2787 2995
2897 2995
32 2996
1458 2997
2221 2997
315 2998
1850 2999
71 3000
1326 3000
