1 4
4 5
1 8
1 9
4 9
2 10
7 10
1 11
16 17
7 19
8 34
2 37
9 39
6 46
9 47
7 54
55 56
12 63
55 74
56 74
60 74
73 74
13 77
12 79
74 82
42 85
55 87
48 98
56 103
2 107
3 111
7 114
113 115
12 124
1 130
10 130
87 130
1 133
51 137
16 140
35 140
97 141
130 143
12 145
1 149
12 149
14 149
35 151
52 151
61 153
12 154
153 159
3 160
98 160
3 162
130 162
141 163
147 163
153 165
92 167
74 168
153 169
153 170
12 174
141 175
12 176
11 177
17 177
64 177
149 177
74 182
64 188
65 191
179 196
59 197
153 197
1 198
123 198
113 199
84 202
113 204
153 206
51 207
179 212
2 214
9 222
153 224
1 225
219 225
9 227
158 228
153 230
17 231
151 231
113 233
198 236
10 237
137 237
180 237
217 237
9 238
113 239
36 240
74 240
36 241
101 242
237 246
11 248
40 250
132 250
172 250
2 253
10 256
8 258
111 258
51 268
147 271
12 273
49 274
74 275
9 276
12 278
57 278
81 278
89 278
138 278
144 278
149 278
187 278
215 278
218 278
237 278
248 278
153 280
3 283
108 283
141 283
149 283
150 284
245 290
30 291
130 291
216 291
153 293
245 295
24 298
149 299
242 299
198 303
225 303
291 304
108 305
12 306
250 307
9 308
59 308
175 309
13 314
1 315
5 315
74 315
75 315
105 315
112 315
115 315
135 315
164 315
194 315
261 315
64 316
9 317
151 317
116 319
141 319
225 319
12 320
7 321
133 326
227 326
12 328
55 330
163 330
319 332
278 333
278 336
113 337
158 338
1 342
130 344
23 350
35 350
118 350
125 350
140 350
245 350
286 350
16 351
86 351
231 351
98 353
308 354
315 355
7 357
179 358
192 358
245 358
153 359
350 360
1 361
123 361
219 361
283 361
303 361
361 362
158 365
155 366
158 366
177 366
193 366
99 368
161 370
279 370
283 370
278 375
171 377
251 377
6 378
119 378
153 378
141 379
315 384
85 387
138 387
177 387
278 389
69 391
140 396
350 396
9 398
12 399
278 402
114 403
311 403
2 406
98 406
12 407
3 408
10 408
130 408
102 411
149 411
229 411
278 411
307 411
391 414
237 418
59 420
237 420
410 420
71 422
153 424
12 425
16 425
221 425
291 426
8 428
8 430
168 430
326 430
279 434
93 438
166 438
195 438
205 438
269 438
306 438
320 438
391 438
401 438
411 438
425 438
433 438
9 439
11 440
168 440
260 440
326 440
9 442
153 445
171 446
171 447
74 449
387 449
104 450
137 450
153 453
125 454
245 454
358 455
101 457
454 461
1 462
315 462
330 462
379 462
250 463
245 464
282 464
461 464
177 466
240 469
179 472
4 482
346 482
1 483
5 483
8 483
74 483
181 483
252 483
283 483
331 483
418 483
449 483
480 483
278 484
214 488
32 489
74 489
9 490
183 491
130 492
153 492
278 492
297 493
369 493
12 494
14 498
340 498
381 498
150 501
177 501
64 503
421 504
84 506
177 508
165 510
198 510
153 513
190 515
347 515
449 515
10 516
493 516
118 517
158 517
12 519
13 520
71 521
313 522
329 522
9 525
123 526
198 529
177 530
248 530
425 530
82 532
104 532
130 532
153 532
168 532
182 532
240 532
270 532
275 532
326 532
449 532
97 533
140 533
155 534
237 534
454 534
409 535
434 535
11 536
278 538
71 539
5 541
16 541
84 541
410 541
461 541
498 541
315 542
1 544
13 544
149 544
370 545
467 545
115 546
74 547
165 548
378 548
311 550
13 551
63 551
72 551
124 551
174 551
189 551
195 551
210 551
247 551
249 551
269 551
295 551
310 551
341 551
349 551
385 551
389 551
425 551
433 551
437 551
4 552
330 552
451 552
115 554
181 554
462 554
153 555
2 556
141 557
113 558
163 559
532 563
151 564
522 565
117 566
500 567
113 568
153 571
411 573
70 574
221 574
245 574
251 574
398 574
12 576
14 576
118 576
140 576
290 576
351 576
290 577
574 577
504 578
361 579
153 581
377 581
530 583
113 584
440 585
545 585
179 586
150 587
153 588
551 589
141 590
1 591
339 591
378 591
529 591
548 591
11 593
111 594
168 594
430 594
179 595
411 595
143 596
185 596
255 596
272 596
291 596
130 598
596 598
2 601
64 601
378 601
363 604
12 606
237 608
483 609
426 610
530 611
88 612
140 612
89 613
237 613
351 613
421 613
574 613
483 615
278 617
70 618
461 618
177 619
160 621
213 621
563 621
551 622
317 623
434 623
226 625
395 625
108 626
137 626
143 626
462 626
552 626
560 626
220 627
13 628
290 629
9 630
207 631
13 632
117 634
237 634
101 635
149 635
242 635
464 635
534 637
611 637
66 638
151 638
517 638
183 639
3 640
12 641
151 641
278 641
366 641
534 641
278 642
481 642
255 643
427 643
71 645
426 647
292 648
294 648
462 648
487 648
600 648
84 649
11 651
491 652
464 654
315 655
70 657
241 661
253 661
303 661
308 661
403 661
486 661
516 661
624 661
13 662
204 663
644 664
660 664
265 665
541 665
43 666
117 666
121 666
130 666
361 666
515 666
532 666
552 666
84 667
17 668
237 668
497 668
235 670
315 670
140 671
350 671
278 672
12 673
71 676
1 677
114 677
330 677
388 677
13 678
111 680
140 681
315 682
219 683
288 683
548 683
114 684
74 685
188 689
71 691
676 691
427 694
131 696
177 698
486 699
13 702
113 703
3 704
98 704
177 704
634 704
664 704
377 705
403 705
522 706
217 707
418 707
664 707
666 707
438 709
551 709
527 710
61 711
153 711
74 712
648 713
153 716
293 716
492 718
634 718
31 719
327 719
121 725
473 725
315 730
358 732
42 734
140 735
2 736
139 736
303 736
486 736
523 736
675 736
8 737
74 737
317 737
462 737
552 737
141 738
117 739
9 741
116 742
10 745
73 745
137 745
147 745
418 745
492 745
497 745
534 745
668 745
153 746
724 746
153 748
315 748
739 748
9 751
551 753
74 754
298 757
137 760
5 761
604 761
736 762
483 763
149 766
278 766
12 767
551 767
153 768
625 770
127 771
641 771
59 772
153 772
188 772
736 772
632 773
9 774
3 775
12 776
14 776
15 776
544 776
499 777
538 777
42 778
51 778
89 778
155 778
177 778
179 778
248 778
449 778
315 780
378 781
579 781
633 781
3 782
10 782
130 782
119 784
319 784
278 785
165 786
117 788
12 789
475 790
11 791
153 791
198 791
315 791
666 791
737 791
315 792
674 793
704 794
70 795
278 797
45 799
53 799
83 799
130 799
147 799
175 799
244 799
322 799
357 799
388 799
666 799
727 799
729 799
16 800
33 800
295 800
517 800
576 800
715 801
438 802
11 803
84 803
198 804
605 806
71 808
292 809
315 810
737 810
148 811
551 812
1 813
78 813
148 815
661 816
530 817
611 817
153 819
368 819
551 820
10 821
114 821
222 821
357 821
388 821
408 821
465 821
503 821
532 821
801 821
9 822
1 824
10 824
87 824
343 824
476 824
614 824
738 824
12 825
14 825
158 825
2 826
454 827
795 827
370 828
434 828
350 829
153 830
153 831
551 833
583 834
12 836
141 837
373 837
483 837
12 838
315 839
278 840
464 841
612 842
140 843
151 843
283 843
802 844
824 845
315 847
670 847
113 848
326 850
627 850
2 851
13 852
135 853
315 853
792 853
264 854
585 855
74 856
596 856
551 857
295 858
795 858
278 859
515 859
115 861
438 863
500 863
153 864
12 867
759 868
732 869
12 870
46 871
71 871
438 872
551 872
153 873
532 874
545 874
594 874
626 874
440 875
113 876
199 877
690 877
111 878
16 879
70 879
125 879
461 879
577 879
858 879
4 880
346 880
576 881
778 881
483 882
278 883
74 884
545 884
411 885
179 886
8 888
9 888
372 888
462 888
480 888
487 888
572 888
646 888
713 888
191 889
26 890
55 890
73 890
75 890
96 890
105 890
112 890
115 890
135 890
178 890
181 890
194 890
223 890
252 890
380 890
418 890
478 890
655 890
682 890
799 890
438 891
747 893
824 893
1 895
10 895
114 895
130 895
321 895
330 895
404 895
188 896
722 896
12 899
495 900
483 901
483 902
150 904
153 905
153 906
138 908
177 908
248 908
356 908
767 908
237 909
647 910
11 913
132 915
149 915
254 915
475 915
544 915
726 915
74 916
532 916
670 917
71 918
140 919
151 919
51 921
74 923
103 923
171 923
372 923
487 923
511 923
720 923
756 923
821 923
153 924
9 926
666 926
875 926
148 927
113 929
149 930
397 930
148 931
715 933
149 934
543 934
764 934
860 934
41 935
198 935
534 935
666 935
737 935
908 935
403 936
761 937
165 938
315 938
443 938
601 938
666 938
113 941
9 944
253 945
486 945
524 946
923 947
44 948
163 948
283 948
408 948
474 948
604 948
738 948
837 948
245 949
579 950
633 950
291 951
74 952
841 953
930 953
411 954
5 957
604 957
361 958
532 963
596 965
895 965
87 966
160 966
451 966
888 966
346 967
12 969
64 970
87 970
100 970
104 970
117 970
141 970
163 970
644 970
704 970
707 970
748 970
775 970
874 970
907 970
204 971
416 974
828 974
278 976
823 977
13 978
13 980
799 981
790 983
1 984
74 984
160 984
165 984
515 984
666 984
240 985
541 985
9 987
725 987
147 988
151 989
12 990
167 990
438 990
9 991
141 992
56 993
923 993
13 994
464 995
41 996
168 996
403 996
585 996
875 996
278 997
153 998
113 999
622 1002
5 1004
717 1004
942 1004
130 1006
179 1007
101 1008
149 1008
953 1008
9 1009
377 1009
483 1009
740 1009
803 1009
826 1010
423 1011
492 1012
551 1013
74 1014
250 1016
411 1016
315 1017
74 1019
821 1020
684 1021
955 1021
315 1022
483 1022
554 1022
6 1024
319 1024
361 1024
781 1024
527 1025
42 1027
515 1028
923 1029
283 1030
474 1030
607 1030
686 1030
155 1031
215 1031
237 1031
421 1031
481 1031
771 1031
791 1031
913 1031
4 1032
61 1032
116 1032
123 1032
136 1032
169 1032
184 1032
186 1032
219 1032
224 1032
230 1032
285 1032
293 1032
317 1032
339 1032
344 1032
378 1032
390 1032
449 1032
459 1032
497 1032
513 1032
532 1032
588 1032
722 1032
746 1032
758 1032
791 1032
830 1032
831 1032
924 1032
984 1032
1001 1032
13 1033
697 1034
13 1036
498 1041
65 1042
173 1042
237 1043
996 1043
9 1044
110 1044
181 1044
292 1044
317 1044
456 1044
462 1044
531 1044
540 1044
552 1044
600 1044
609 1044
810 1044
837 1044
151 1046
449 1046
814 1046
935 1046
1000 1046
4 1047
175 1047
479 1047
532 1047
656 1047
985 1047
1023 1047
13 1049
1 1050
74 1050
209 1050
579 1050
806 1050
12 1052
838 1052
153 1053
12 1055
403 1056
505 1057
799 1057
315 1058
278 1059
2 1060
378 1060
250 1061
12 1062
132 1062
229 1062
232 1062
277 1062
352 1062
393 1062
438 1062
528 1062
544 1062
551 1062
773 1062
776 1062
961 1062
975 1062
152 1063
289 1063
325 1063
466 1063
962 1063
1 1064
279 1064
311 1064
936 1064
890 1065
216 1066
304 1066
910 1066
454 1067
9 1069
464 1070
446 1071
493 1072
315 1073
888 1073
315 1074
358 1075
12 1076
425 1078
551 1079
19 1080
153 1081
1032 1081
761 1082
198 1083
51 1084
545 1084
12 1085
594 1088
722 1089
1032 1090
250 1091
287 1091
561 1091
1061 1091
551 1092
153 1093
165 1094
311 1095
179 1096
397 1096
464 1096
953 1096
15 1097
635 1097
12 1098
149 1098
250 1098
147 1099
225 1100
1 1102
13 1102
149 1102
497 1102
888 1103
71 1104
165 1105
190 1105
634 1105
740 1105
992 1105
123 1106
495 1107
278 1108
438 1109
704 1111
89 1113
248 1113
745 1113
1107 1115
737 1116
761 1116
1032 1116
151 1117
693 1117
551 1119
551 1120
585 1121
153 1123
495 1124
142 1125
4 1126
315 1126
464 1126
541 1126
875 1126
957 1126
913 1127
32 1128
74 1128
1030 1129
181 1130
252 1130
462 1130
487 1130
572 1130
600 1130
902 1130
942 1130
966 1130
1022 1130
9 1131
854 1132
12 1133
111 1134
191 1136
383 1136
111 1137
140 1138
350 1138
829 1139
153 1140
153 1142
84 1143
350 1145
13 1146
676 1147
12 1148
240 1149
420 1149
598 1149
250 1150
278 1151
153 1152
483 1153
111 1154
430 1154
137 1156
240 1156
563 1156
874 1156
8 1157
486 1157
914 1157
125 1159
221 1159
1067 1159
74 1160
115 1160
252 1160
462 1160
902 1160
942 1160
1022 1160
745 1161
788 1161
71 1162
618 1163
803 1163
879 1163
1159 1163
890 1164
153 1166
8 1167
71 1168
418 1169
970 1169
111 1170
12 1171
167 1171
438 1171
147 1172
715 1172
982 1172
126 1173
251 1173
657 1173
827 1173
725 1174
2 1175
841 1176
3 1177
137 1177
207 1177
268 1177
420 1177
631 1177
778 1177
938 1177
153 1178
560 1179
974 1180
130 1183
147 1183
321 1183
920 1183
151 1185
411 1186
868 1186
704 1187
765 1187
948 1187
185 1188
806 1188
936 1188
237 1189
351 1189
421 1189
578 1189
613 1189
745 1189
881 1189
890 1190
618 1191
1032 1192
16 1193
245 1193
104 1194
137 1194
335 1194
370 1194
462 1194
585 1194
626 1194
874 1194
486 1195
404 1196
278 1197
9 1198
73 1199
890 1199
17 1200
377 1201
394 1201
16 1202
315 1204
445 1205
38 1206
438 1206
551 1206
545 1207
984 1207
1187 1207
179 1209
185 1210
537 1210
610 1210
805 1210
936 1210
198 1211
530 1214
611 1214
637 1214
1105 1216
155 1217
158 1217
193 1217
248 1217
449 1217
651 1217
778 1217
67 1218
541 1218
135 1219
149 1220
352 1220
364 1220
693 1220
764 1220
994 1220
214 1221
9 1222
183 1222
633 1222
661 1222
890 1223
1044 1224
278 1227
315 1228
2 1229
227 1230
889 1231
1136 1231
98 1232
890 1233
141 1235
948 1235
315 1236
315 1237
642 1238
913 1238
1031 1238
153 1239
242 1241
464 1241
179 1243
464 1243
953 1243
1096 1243
515 1244
791 1245
996 1245
1044 1246
707 1247
394 1248
411 1250
739 1250
737 1251
1032 1251
1116 1251
137 1252
240 1252
326 1252
376 1252
420 1252
563 1252
931 1252
4 1254
464 1254
541 1254
875 1254
923 1254
1003 1255
98 1256
36 1257
59 1257
648 1258
59 1259
251 1259
1105 1259
1252 1260
569 1261
725 1262
841 1263
1096 1263
141 1264
621 1264
1194 1264
18 1265
18 1266
20 1266
127 1266
151 1266
551 1266
586 1266
635 1266
778 1266
1007 1266
1096 1266
1241 1266
644 1268
2 1269
317 1271
737 1272
948 1273
1044 1273
982 1274
803 1275
879 1275
1078 1275
12 1276
1106 1277
474 1278
1106 1278
11 1279
133 1282
190 1282
276 1282
410 1282
737 1282
985 1282
1032 1282
204 1284
5 1285
9 1285
43 1285
74 1285
133 1285
153 1285
346 1285
361 1285
367 1285
384 1285
482 1285
503 1285
532 1285
791 1285
938 1285
1105 1285
1126 1285
1183 1285
1254 1285
940 1286
1032 1286
212 1287
483 1288
888 1288
12 1289
149 1289
250 1289
344 1289
12 1290
59 1291
551 1292
620 1293
1155 1293
130 1294
153 1294
625 1295
278 1296
612 1298
350 1299
425 1299
12 1300
736 1301
74 1302
545 1302
970 1302
1137 1302
1156 1302
1179 1302
1194 1302
551 1303
135 1304
181 1304
324 1304
743 1304
707 1305
491 1306
147 1307
240 1308
420 1308
598 1308
1260 1308
11 1309
366 1309
908 1309
1113 1309
796 1310
1042 1310
594 1311
907 1313
240 1314
761 1315
9 1317
358 1318
52 1319
151 1319
1220 1320
12 1321
1116 1322
130 1324
949 1325
1191 1325
691 1326
527 1327
173 1328
497 1331
776 1331
89 1333
578 1333
1031 1333
74 1335
115 1335
181 1335
609 1335
966 1335
1022 1335
298 1336
22 1337
278 1337
483 1338
71 1339
4 1340
59 1340
446 1340
532 1340
923 1340
1018 1340
1285 1340
875 1342
618 1346
1143 1346
12 1347
199 1348
140 1349
9 1352
148 1353
278 1354
551 1358
1097 1359
1285 1360
552 1361
966 1361
923 1362
957 1363
9 1364
991 1364
278 1365
13 1366
415 1366
140 1367
231 1367
668 1367
18 1368
821 1369
1 1371
9 1371
147 1371
165 1371
880 1371
1126 1371
486 1372
8 1373
1210 1373
106 1374
361 1374
724 1374
784 1374
1024 1374
1205 1374
1277 1374
1278 1374
101 1376
397 1376
1113 1377
9 1378
153 1379
293 1379
74 1380
150 1382
49 1383
14 1384
59 1385
177 1386
198 1386
291 1386
356 1386
602 1386
666 1386
704 1386
813 1386
1177 1386
1264 1386
153 1387
1 1388
279 1388
311 1388
1156 1388
178 1391
890 1391
9 1393
14 1393
55 1393
278 1393
410 1393
454 1393
879 1393
966 1393
1218 1393
712 1394
334 1396
522 1396
1182 1396
113 1397
483 1397
1044 1397
576 1398
1193 1398
1293 1399
551 1400
676 1401
761 1402
135 1403
1208 1403
1219 1403
1032 1404
707 1405
251 1406
148 1408
220 1408
532 1408
418 1409
551 1410
326 1412
450 1412
251 1413
515 1413
736 1413
1009 1413
551 1414
647 1416
56 1417
1004 1417
9 1421
865 1422
1266 1422
491 1423
403 1424
535 1424
915 1427
74 1428
884 1429
1167 1430
140 1431
1422 1431
74 1432
2 1433
974 1434
123 1436
214 1436
71 1439
755 1439
1389 1439
315 1441
278 1442
289 1443
325 1443
549 1443
315 1444
12 1445
1443 1449
2 1450
1346 1451
9 1452
315 1453
890 1454
14 1456
665 1456
141 1457
761 1457
171 1459
317 1459
661 1459
618 1460
657 1460
879 1460
1173 1460
1439 1461
175 1462
388 1462
474 1462
895 1462
1048 1462
427 1463
699 1463
799 1463
1330 1463
153 1464
36 1465
532 1465
661 1465
648 1466
890 1466
12 1467
142 1468
140 1469
151 1469
843 1469
522 1471
890 1472
49 1473
1183 1475
504 1476
464 1477
51 1478
74 1478
237 1478
410 1478
598 1478
1149 1478
773 1479
50 1480
278 1480
169 1481
824 1482
10 1483
493 1483
1032 1484
791 1488
935 1488
996 1488
1210 1489
51 1490
996 1490
165 1491
147 1492
278 1493
13 1495
317 1495
351 1495
366 1495
641 1495
778 1495
800 1495
843 1495
919 1495
1046 1495
1185 1495
59 1496
699 1496
945 1496
591 1498
140 1499
350 1499
551 1500
350 1501
745 1502
788 1502
676 1503
292 1504
483 1504
13 1505
960 1505
206 1506
1032 1506
1044 1507
350 1509
1231 1510
1447 1510
28 1511
289 1511
508 1511
619 1511
71 1512
1231 1513
890 1514
59 1515
74 1515
596 1515
1463 1515
278 1516
8 1517
115 1517
317 1517
432 1517
462 1517
623 1517
966 1517
993 1517
1103 1517
1288 1517
915 1518
612 1519
12 1520
594 1521
56 1522
315 1522
1415 1522
1222 1524
74 1525
14 1526
150 1527
1247 1528
315 1531
153 1532
1028 1532
316 1533
1030 1533
890 1536
237 1537
1310 1538
2 1539
308 1539
377 1539
479 1539
692 1539
1293 1539
317 1540
802 1541
153 1542
12 1543
56 1545
1004 1545
1517 1545
147 1546
974 1547
1038 1549
140 1550
1495 1550
132 1551
243 1551
438 1551
726 1551
1016 1551
688 1553
141 1554
197 1554
369 1554
394 1554
444 1554
447 1554
596 1554
791 1554
866 1554
935 1554
1028 1554
1072 1554
1259 1554
1340 1554
1345 1554
1496 1554
1515 1554
799 1555
12 1556
149 1559
242 1559
397 1559
953 1559
1263 1559
274 1560
591 1561
16 1562
461 1562
250 1563
9 1564
64 1566
96 1566
109 1566
115 1566
194 1566
203 1566
223 1566
384 1566
418 1566
478 1566
655 1566
902 1566
1114 1566
1215 1566
1312 1566
1343 1567
340 1568
985 1568
71 1570
763 1571
1106 1573
1278 1573
1374 1573
5 1574
171 1574
214 1574
1116 1574
1254 1574
1340 1574
7 1575
1080 1575
84 1576
153 1577
153 1578
159 1578
165 1578
1212 1578
241 1579
281 1579
1188 1579
1465 1579
250 1580
287 1580
507 1580
561 1580
744 1580
979 1580
983 1580
1061 1580
74 1581
532 1581
1 1584
193 1584
345 1584
440 1584
578 1584
592 1584
593 1584
651 1584
791 1584
803 1584
922 1584
1045 1584
1309 1584
237 1585
9 1586
12 1589
4 1590
746 1590
786 1590
938 1590
1105 1590
1491 1590
438 1591
551 1591
147 1592
871 1593
1117 1594
125 1595
425 1595
1299 1595
890 1596
1566 1596
97 1598
141 1598
515 1598
1105 1598
410 1599
532 1599
1028 1599
1032 1599
57 1601
278 1601
1127 1603
9 1604
1023 1604
71 1605
153 1606
1032 1606
1374 1607
1231 1609
1582 1609
29 1611
715 1611
723 1611
799 1611
821 1611
580 1612
1293 1612
696 1614
826 1615
9 1616
677 1617
895 1617
140 1618
158 1618
638 1618
949 1618
101 1619
242 1619
74 1620
74 1621
209 1621
283 1621
545 1621
579 1621
936 1621
1575 1621
643 1622
638 1623
348 1624
1132 1624
74 1626
974 1627
1273 1628
1539 1629
1612 1629
278 1631
142 1632
172 1632
179 1632
1125 1632
1234 1632
1265 1632
1266 1632
1297 1632
1368 1632
1551 1634
1130 1636
141 1637
529 1637
784 1637
1024 1637
1277 1637
4 1638
98 1638
177 1638
601 1638
666 1638
739 1638
1047 1638
201 1639
207 1639
260 1639
268 1639
278 1639
921 1639
938 1639
1478 1639
1490 1639
1374 1640
1567 1640
12 1641
141 1642
532 1642
996 1642
1329 1642
1 1643
10 1643
73 1643
275 1643
283 1643
315 1643
428 1643
430 1643
483 1643
563 1643
598 1643
888 1643
903 1643
923 1643
1004 1643
1066 1643
1199 1643
1373 1643
1438 1643
1517 1643
1544 1643
150 1644
12 1645
551 1645
153 1646
1032 1646
9 1647
525 1647
9 1649
222 1649
330 1649
357 1649
920 1649
1285 1649
1611 1649
11 1650
908 1650
202 1651
485 1651
541 1651
616 1651
618 1651
787 1651
1070 1651
1554 1652
1651 1654
1253 1655
14 1656
522 1657
1116 1659
153 1660
551 1661
1205 1662
495 1663
1107 1663
278 1664
366 1664
641 1664
1217 1664
642 1665
190 1667
211 1667
276 1667
377 1667
752 1667
791 1667
888 1667
925 1667
987 1667
1005 1667
1174 1667
1294 1667
1497 1667
1517 1667
1602 1667
150 1668
148 1669
278 1670
291 1671
12 1672
1201 1674
436 1675
806 1678
638 1679
483 1680
509 1682
943 1682
1032 1684
46 1685
1554 1687
799 1688
821 1688
1649 1688
1463 1689
530 1690
9 1692
315 1693
237 1695
1068 1696
1683 1696
1182 1697
591 1698
1107 1699
1032 1700
1089 1700
1667 1701
278 1703
9 1705
9 1706
1357 1706
1 1708
5 1708
113 1708
128 1708
283 1708
305 1708
413 1708
418 1708
449 1708
609 1708
636 1708
679 1708
763 1708
837 1708
901 1708
902 1708
1009 1708
1029 1708
1037 1708
1073 1708
1153 1708
1254 1708
1288 1708
1338 1708
1397 1708
1504 1708
1643 1708
1680 1708
12 1710
627 1712
1408 1712
125 1713
350 1713
1275 1713
378 1714
633 1714
67 1715
541 1715
1218 1715
9 1716
198 1717
89 1718
127 1718
237 1718
791 1719
996 1719
915 1720
1551 1720
1551 1721
408 1722
425 1723
1149 1723
1159 1723
1260 1723
148 1724
22 1725
42 1725
51 1725
57 1725
129 1725
218 1725
333 1725
375 1725
411 1725
412 1725
502 1725
562 1725
642 1725
883 1725
928 1725
932 1725
1059 1725
1108 1725
1141 1725
1151 1725
1250 1725
1294 1725
1337 1725
1365 1725
1393 1725
1516 1725
1597 1725
1639 1725
1666 1725
1670 1725
1673 1725
113 1726
1032 1727
86 1728
231 1728
530 1728
613 1728
1217 1728
311 1729
773 1730
41 1731
534 1731
666 1731
1046 1731
1554 1731
1667 1731
647 1732
111 1733
541 1735
483 1737
888 1737
1517 1737
722 1738
391 1739
1022 1740
1432 1740
1 1741
209 1741
283 1741
305 1741
7 1742
799 1742
1495 1743
250 1744
954 1744
1656 1745
127 1746
454 1746
641 1746
1031 1746
1718 1746
404 1748
1057 1748
908 1749
38 1750
464 1751
108 1752
684 1752
1080 1752
1729 1752
74 1753
181 1753
713 1753
1432 1753
791 1754
996 1754
1651 1755
151 1757
278 1757
366 1757
641 1757
771 1757
1333 1757
169 1758
1032 1758
29 1759
933 1759
988 1759
12 1760
541 1761
292 1762
483 1762
1708 1762
1062 1764
153 1765
1098 1766
83 1767
677 1767
13 1768
1062 1768
464 1769
522 1770
12 1771
113 1773
545 1774
626 1774
1177 1774
914 1775
1157 1775
1 1779
5 1779
9 1779
165 1779
384 1779
552 1779
623 1779
1032 1779
1047 1779
1126 1779
1254 1779
1417 1779
1590 1779
524 1781
183 1782
914 1783
1004 1784
604 1785
1071 1785
677 1786
1047 1786
1462 1786
12 1787
854 1788
1517 1790
135 1791
591 1792
315 1793
948 1795
11 1796
1031 1796
1127 1796
1603 1796
240 1797
370 1797
547 1797
560 1797
874 1797
884 1797
1302 1797
1388 1797
1580 1798
52 1799
125 1799
350 1799
425 1799
1319 1799
1550 1799
99 1800
1714 1800
12 1801
1750 1801
1071 1802
1340 1802
278 1803
454 1803
179 1804
212 1804
106 1805
141 1805
332 1805
3 1806
182 1806
1194 1806
168 1807
315 1808
97 1809
165 1809
190 1809
859 1809
1028 1809
125 1811
957 1812
153 1813
1286 1813
1565 1813
358 1814
618 1814
9 1815
1352 1815
1647 1815
350 1816
237 1817
890 1818
9 1819
1706 1819
1553 1820
1662 1820
1632 1821
177 1822
915 1824
12 1825
1052 1825
715 1826
594 1827
858 1828
1249 1828
1799 1828
1388 1830
291 1831
1066 1831
31 1832
51 1832
1177 1832
1062 1834
626 1835
791 1835
935 1835
408 1836
1032 1837
70 1838
761 1839
10 1840
59 1840
141 1840
163 1840
175 1840
183 1840
214 1840
262 1840
291 1840
326 1840
386 1840
408 1840
474 1840
563 1840
837 1840
939 1840
1071 1840
1157 1840
1235 1840
1247 1840
1273 1840
1405 1840
1457 1840
1554 1840
1637 1840
1642 1840
1786 1840
1805 1840
315 1841
11 1842
551 1843
9 1845
378 1846
1032 1846
425 1848
551 1849
477 1850
567 1850
575 1850
1588 1850
1632 1851
1515 1853
315 1855
316 1856
343 1856
1457 1856
670 1857
153 1858
1004 1859
1044 1859
1708 1859
391 1860
890 1861
625 1862
1107 1864
141 1865
1840 1865
1266 1867
551 1868
753 1868
198 1869
532 1870
1643 1870
1130 1871
974 1872
1669 1873
1374 1874
108 1876
240 1876
462 1876
552 1876
560 1876
874 1876
1084 1876
1194 1876
1302 1876
1774 1876
1835 1876
1004 1877
1517 1877
1725 1878
483 1879
1708 1879
1293 1881
153 1882
182 1883
596 1883
895 1883
697 1884
16 1885
18 1886
71 1887
826 1888
1615 1888
1 1889
10 1889
114 1889
175 1889
321 1889
388 1889
493 1889
1077 1889
1261 1889
1617 1889
1736 1889
147 1890
222 1890
353 1890
801 1890
835 1890
1611 1890
745 1891
788 1891
530 1892
611 1892
1690 1892
408 1894
2 1895
824 1895
153 1896
773 1897
932 1898
1725 1898
1032 1899
948 1900
56 1901
923 1901
1708 1901
438 1902
512 1902
1016 1902
1427 1902
1720 1902
51 1904
100 1904
153 1904
198 1904
408 1904
775 1904
813 1904
1177 1904
1264 1904
1806 1904
1863 1904
353 1906
1611 1906
130 1907
890 1911
493 1913
500 1914
863 1914
1850 1914
130 1915
272 1916
1725 1917
739 1918
837 1918
1273 1918
278 1919
1403 1920
440 1921
1463 1922
315 1923
2 1924
12 1926
1714 1927
1725 1928
84 1929
1044 1930
153 1931
7 1932
12 1933
888 1934
515 1935
1809 1935
59 1936
493 1936
130 1937
985 1937
1030 1937
1194 1937
1388 1937
1904 1937
515 1938
1809 1938
1708 1941
278 1942
985 1942
1562 1942
438 1943
551 1943
1850 1944
143 1945
1937 1945
888 1946
1517 1946
974 1947
1725 1948
1708 1949
495 1950
750 1950
900 1950
1124 1950
1231 1950
1447 1950
12 1951
278 1953
934 1954
153 1955
1032 1955
745 1957
791 1957
1309 1957
1377 1957
278 1958
309 1958
1282 1958
1393 1958
1478 1958
1508 1958
1105 1959
1929 1960
1062 1961
1875 1962
153 1963
1667 1964
129 1965
138 1965
218 1965
237 1965
375 1965
411 1965
777 1965
1151 1965
1601 1965
1639 1965
1878 1965
14 1967
250 1967
278 1967
1220 1968
1801 1969
1667 1970
358 1971
98 1973
1840 1973
1890 1973
113 1974
1566 1975
263 1976
915 1976
9 1978
1579 1979
915 1980
569 1981
1261 1981
1889 1981
111 1982
1498 1983
677 1984
799 1984
1478 1984
569 1985
1366 1987
84 1988
1052 1990
1062 1992
493 1993
1408 1994
153 1995
159 1995
1032 1995
21 1997
198 1997
618 1998
879 1998
76 1999
687 1999
959 2002
1205 2002
1820 2002
64 2003
103 2003
181 2003
194 2003
203 2003
478 2003
655 2003
1312 2003
1566 2003
1975 2003
240 2004
327 2004
471 2004
719 2004
972 2004
13 2005
799 2006
821 2006
583 2007
1031 2007
49 2008
518 2008
592 2008
603 2008
823 2009
362 2010
666 2010
887 2010
1024 2010
1371 2010
1374 2010
1549 2010
1779 2010
551 2012
1002 2012
1062 2013
108 2014
373 2014
948 2014
1044 2014
1050 2014
1708 2014
1709 2014
440 2015
1921 2015
350 2016
1009 2017
653 2018
1366 2018
103 2019
181 2019
203 2019
223 2019
743 2019
912 2019
1215 2019
1975 2019
1136 2020
1422 2021
888 2023
1566 2023
1463 2024
133 2025
1105 2025
113 2026
16 2027
396 2027
612 2027
735 2027
865 2027
919 2027
1138 2027
1266 2027
1972 2027
2021 2027
2 2028
7 2028
122 2028
141 2028
514 2028
516 2028
677 2028
745 2028
775 2028
782 2028
892 2028
895 2028
948 2028
1015 2028
1355 2028
1643 2028
1840 2028
1889 2028
551 2029
460 2030
1559 2030
1619 2030
74 2031
890 2032
604 2033
272 2034
278 2035
991 2036
153 2037
515 2038
1408 2038
1809 2038
1044 2039
214 2040
13 2041
263 2042
10 2043
1907 2043
669 2044
874 2044
2002 2045
291 2047
1667 2048
1690 2049
350 2050
1272 2051
486 2052
974 2052
1280 2053
1328 2053
179 2054
179 2055
430 2057
560 2057
1179 2057
1302 2057
799 2058
2 2061
294 2062
648 2062
12 2063
1062 2064
1370 2064
1486 2064
1897 2064
1114 2065
1566 2065
3 2066
9 2067
991 2067
1364 2067
736 2068
545 2069
626 2069
1194 2069
1384 2070
198 2071
1590 2071
4 2072
515 2072
746 2072
938 2072
1779 2072
1846 2072
2071 2072
715 2074
722 2075
250 2077
250 2078
411 2078
141 2079
354 2079
1840 2079
1725 2081
551 2082
1044 2084
551 2085
764 2085
773 2085
1054 2085
1455 2085
1478 2086
316 2087
343 2087
557 2087
604 2087
1129 2087
13 2088
913 2089
1031 2089
486 2090
1191 2091
3 2092
139 2092
362 2092
579 2092
1038 2092
1549 2092
1567 2092
1779 2092
464 2094
295 2095
13 2096
113 2099
1667 2100
515 2101
1667 2101
1809 2101
11 2102
12 2102
534 2102
613 2102
771 2102
1031 2102
1189 2102
1266 2102
1333 2102
1746 2102
638 2103
800 2103
74 2104
87 2104
890 2104
1393 2104
1611 2104
1643 2104
187 2105
1673 2105
1725 2105
1315 2106
12 2107
1119 2107
1677 2107
113 2108
317 2111
370 2111
888 2111
1032 2111
1371 2111
1517 2111
1779 2111
432 2112
888 2112
7 2113
147 2113
799 2113
933 2113
988 2113
1437 2113
1546 2113
1747 2113
1996 2113
1708 2114
147 2115
377 2116
666 2116
888 2116
1032 2116
1044 2116
1779 2116
761 2117
638 2118
11 2119
613 2119
1031 2119
1189 2119
1266 2119
1584 2119
126 2120
245 2120
290 2120
1398 2120
1618 2120
1998 2120
761 2121
12 2122
38 2123
63 2123
80 2123
91 2123
195 2123
205 2123
267 2123
273 2123
278 2123
298 2123
323 2123
349 2123
391 2123
392 2123
399 2123
407 2123
425 2123
441 2123
452 2123
494 2123
519 2123
553 2123
570 2123
576 2123
599 2123
641 2123
650 2123
673 2123
728 2123
750 2123
757 2123
767 2123
769 2123
776 2123
789 2123
798 2123
832 2123
862 2123
867 2123
899 2123
915 2123
956 2123
964 2123
969 2123
990 2123
1042 2123
1052 2123
1062 2123
1076 2123
1098 2123
1110 2123
1133 2123
1148 2123
1225 2123
1267 2123
1276 2123
1281 2123
1289 2123
1290 2123
1321 2123
1395 2123
1411 2123
1448 2123
1467 2123
1487 2123
1641 2123
1645 2123
1707 2123
1710 2123
1756 2123
1771 2123
1772 2123
1794 2123
1801 2123
1825 2123
1908 2123
1909 2123
1989 2123
2011 2123
2063 2123
2102 2123
2107 2123
2109 2123
1740 2124
1753 2124
12 2125
12 2126
358 2127
1318 2127
464 2128
1295 2129
1552 2129
1635 2129
315 2130
141 2132
1840 2132
140 2133
350 2133
425 2133
1038 2136
1549 2136
152 2137
1511 2137
319 2138
946 2138
1805 2138
143 2139
279 2139
283 2139
545 2139
633 2139
1156 2139
1243 2140
188 2141
71 2142
821 2143
948 2144
55 2145
95 2145
372 2145
511 2145
713 2145
720 2145
799 2145
993 2145
1011 2145
1029 2145
1103 2145
1390 2145
1415 2145
1643 2145
1901 2145
74 2146
246 2147
408 2147
418 2147
497 2147
534 2147
608 2147
908 2147
1161 2147
1891 2147
1957 2147
2028 2147
9 2148
153 2149
250 2150
507 2150
561 2150
1061 2150
790 2151
915 2151
545 2152
1177 2152
1194 2152
1876 2152
123 2153
1567 2153
1032 2154
515 2155
661 2155
1009 2155
3 2156
288 2156
240 2157
488 2157
116 2158
153 2158
772 2158
278 2159
799 2160
1416 2161
118 2162
140 2162
158 2162
638 2162
12 2163
438 2163
14 2164
618 2165
803 2165
879 2165
1173 2165
147 2166
179 2167
845 2168
27 2169
294 2169
384 2169
462 2169
600 2169
713 2169
897 2169
1417 2169
1466 2169
1545 2169
1859 2169
2062 2169
736 2170
859 2171
1725 2172
319 2173
1805 2173
113 2174
1240 2174
824 2175
387 2176
530 2176
778 2176
545 2177
1194 2177
59 2178
1579 2178
140 2179
286 2179
374 2179
612 2179
989 2179
1145 2179
1266 2179
1298 2179
1299 2179
1319 2179
1349 2179
1494 2179
1595 2179
1743 2179
1799 2179
1816 2179
1829 2179
2016 2179
2022 2179
2093 2179
2133 2179
574 2180
795 2180
1667 2181
643 2182
71 2184
1150 2185
1976 2185
2042 2185
715 2187
464 2188
923 2188
888 2189
1033 2191
1220 2191
1132 2192
1624 2192
2 2193
1235 2193
3 2194
150 2195
16 2196
70 2196
125 2196
461 2196
1163 2196
1393 2196
1460 2196
1799 2196
2165 2196
448 2197
1032 2198
799 2199
1478 2200
895 2203
315 2204
279 2205
283 2205
936 2205
1830 2205
9 2207
1374 2208
5 2209
9 2209
147 2209
1047 2209
1254 2209
1371 2209
3 2210
94 2210
300 2210
403 2210
410 2210
948 2210
985 2210
1149 2210
1194 2210
1308 2210
1478 2210
1741 2210
1958 2210
126 2211
221 2211
251 2211
398 2211
858 2211
1009 2211
1163 2211
1275 2211
1308 2211
1713 2211
1723 2211
1816 2211
806 2212
1032 2213
949 2214
1191 2214
2120 2214
292 2215
153 2216
871 2216
736 2217
1327 2218
12 2219
399 2219
350 2220
915 2221
1551 2221
1854 2221
225 2223
683 2223
1587 2223
2123 2224
614 2225
824 2225
317 2226
1505 2227
1462 2228
278 2229
1315 2230
2 2232
74 2232
824 2232
1156 2232
1797 2232
1107 2233
29 2234
933 2234
1890 2234
1243 2235
12 2237
2123 2237
59 2238
1889 2239
113 2240
1032 2241
551 2242
3 2243
130 2243
970 2243
1904 2243
315 2245
1030 2247
1194 2247
1388 2247
1904 2247
147 2249
84 2250
1 2251
53 2251
330 2251
388 2251
532 2251
828 2251
1767 2251
1984 2251
2028 2251
291 2252
951 2252
106 2253
1024 2253
551 2255
1443 2256
279 2257
1937 2257
461 2258
498 2258
1568 2258
2123 2259
1 2260
219 2260
283 2260
303 2260
319 2260
445 2260
659 2260
1374 2260
1567 2260
2206 2260
361 2261
2092 2261
2136 2261
1566 2262
278 2263
1031 2264
633 2265
781 2265
1540 2265
722 2266
290 2267
295 2267
296 2267
425 2267
879 2267
949 2267
1193 2267
1375 2267
792 2269
1403 2269
183 2270
676 2271
1461 2271
923 2272
1057 2273
430 2274
1302 2274
2123 2275
363 2276
604 2276
1071 2276
1341 2277
350 2278
2179 2278
74 2279
95 2279
103 2279
372 2279
432 2279
581 2279
799 2279
821 2279
897 2279
923 2279
942 2279
947 2279
993 2279
1362 2279
1630 2279
1643 2279
1859 2279
1877 2279
2188 2279
738 2280
1222 2280
111 2281
890 2282
12 2284
2123 2284
1293 2286
117 2287
84 2288
551 2289
1030 2290
522 2291
140 2292
350 2292
803 2292
879 2292
2196 2292
2283 2293
263 2294
2123 2295
12 2297
1030 2298
31 2299
327 2299
719 2299
1832 2299
1004 2300
1517 2300
263 2301
1580 2301
2185 2301
361 2302
106 2303
141 2303
1024 2303
1840 2303
2253 2303
551 2304
2008 2305
2197 2305
421 2306
578 2306
2296 2306
344 2307
739 2307
1062 2307
430 2308
1179 2308
1302 2308
114 2309
161 2309
311 2309
661 2309
705 2309
714 2309
736 2309
996 2309
1056 2309
1752 2309
2083 2309
2210 2309
696 2310
257 2311
14 2312
15 2312
149 2312
498 2312
544 2312
629 2312
776 2312
825 2312
827 2312
1102 2312
1243 2312
1351 2312
1393 2312
1456 2312
1745 2312
2162 2312
2164 2312
783 2314
1408 2314
1994 2314
153 2316
1440 2316
697 2317
1044 2318
12 2319
2123 2319
283 2320
545 2320
626 2320
828 2320
1194 2320
1797 2320
2116 2320
1440 2321
1248 2323
292 2324
462 2324
487 2324
837 2324
902 2324
1636 2324
1871 2324
1062 2325
179 2326
1266 2326
147 2327
64 2328
890 2329
12 2330
2123 2330
1533 2331
991 2332
278 2333
153 2335
9 2336
411 2337
868 2337
1579 2338
1979 2338
559 2339
948 2339
1030 2339
59 2340
824 2340
890 2341
666 2342
1044 2342
1046 2342
1554 2342
1957 2342
278 2343
340 2343
618 2343
966 2343
985 2343
1562 2343
1958 2343
2196 2343
2211 2343
2258 2343
16 2344
71 2345
2236 2345
9 2346
715 2346
1134 2346
1183 2346
1906 2346
2038 2346
12 2347
2123 2347
84 2348
130 2349
237 2349
373 2349
704 2349
938 2349
1032 2349
1638 2349
1918 2349
1263 2350
2312 2350
2008 2351
115 2352
1159 2353
1562 2353
1958 2353
2196 2353
2258 2353
1 2354
177 2354
278 2354
283 2354
299 2354
635 2354
837 2354
930 2354
1008 2354
1117 2354
1241 2354
1273 2354
1376 2354
1559 2354
1619 2354
257 2355
691 2355
537 2357
610 2357
647 2357
12 2358
1350 2359
1744 2359
1903 2359
483 2360
1728 2361
1814 2361
666 2362
887 2362
894 2362
1553 2362
1779 2362
2261 2362
2331 2362
12 2363
2123 2363
350 2364
1509 2364
736 2365
826 2366
635 2367
1241 2367
1559 2367
1619 2367
1962 2367
1062 2368
1 2369
181 2369
324 2369
418 2369
478 2369
912 2369
966 2369
1312 2369
1323 2369
1789 2369
2231 2369
153 2370
1 2371
74 2371
256 2371
291 2371
492 2371
566 2371
739 2371
799 2371
1183 2371
1285 2371
1649 2371
2243 2371
761 2372
101 2373
397 2373
2030 2373
2160 2374
113 2375
584 2375
551 2376
2242 2376
9 2377
405 2377
1159 2377
2001 2377
2211 2377
415 2378
1987 2378
2018 2378
147 2379
623 2379
880 2379
2010 2379
2123 2380
871 2381
1593 2381
356 2382
1639 2382
2 2383
278 2384
739 2384
1965 2384
2085 2384
2349 2384
1816 2385
2277 2386
648 2387
923 2387
1044 2387
132 2388
470 2388
764 2388
961 2388
1569 2388
2384 2388
1696 2389
397 2390
911 2390
1068 2390
1356 2390
1683 2390
821 2391
807 2392
1150 2392
1976 2392
2042 2392
2098 2392
2185 2392
2301 2392
544 2393
934 2393
1062 2393
1331 2393
2085 2393
2123 2393
2312 2393
241 2394
308 2394
516 2394
692 2394
816 2394
1222 2394
1248 2394
2153 2394
2155 2394
2226 2394
2309 2394
315 2395
448 2396
518 2396
2056 2396
2305 2396
12 2397
115 2398
13 2399
1105 2400
1304 2401
2369 2401
915 2402
12 2403
25 2404
93 2404
205 2404
298 2404
306 2404
320 2404
433 2404
709 2404
872 2404
1013 2404
1109 2404
1117 2404
1220 2404
1266 2404
1613 2404
1777 2404
1854 2404
1914 2404
2126 2404
2403 2404
583 2405
1690 2405
278 2406
613 2406
1523 2406
1718 2406
1580 2407
1798 2407
153 2408
1032 2408
12 2409
165 2410
190 2410
347 2410
473 2410
634 2410
859 2410
1028 2410
1294 2410
1598 2410
618 2411
1562 2411
1958 2411
2196 2411
1811 2412
1183 2413
467 2414
545 2414
1194 2414
1 2415
219 2415
378 2415
591 2415
746 2415
1498 2415
1561 2415
1600 2415
1780 2415
1833 2415
1983 2415
1032 2416
504 2417
1032 2418
2154 2418
2277 2419
183 2420
639 2420
1306 2420
1539 2420
153 2421
772 2421
1392 2421
570 2422
2123 2422
2 2423
141 2423
377 2423
446 2423
488 2423
761 2423
1221 2423
1436 2423
1557 2423
1574 2423
1840 2423
2040 2423
2230 2423
13 2425
934 2425
874 2426
461 2427
541 2427
1282 2427
1568 2427
1937 2427
2211 2427
2343 2427
2076 2428
464 2429
1651 2429
420 2430
534 2430
708 2430
739 2430
909 2430
973 2430
1189 2430
1199 2430
1585 2430
1718 2430
1817 2430
2322 2430
74 2431
799 2432
819 2434
3 2436
133 2436
227 2436
430 2436
1039 2436
1154 2436
1982 2436
2038 2436
2097 2436
2281 2436
1462 2437
737 2438
2051 2438
1346 2439
74 2440
12 2441
33 2442
231 2442
71 2443
123 2444
2293 2445
198 2446
804 2446
113 2447
74 2448
350 2449
2179 2449
888 2450
2359 2451
29 2452
278 2453
8 2454
304 2454
647 2454
910 2454
923 2456
1462 2457
278 2458
240 2459
532 2460
278 2461
12 2462
1443 2463
252 2464
292 2464
480 2464
487 2464
572 2464
1877 2464
974 2465
1706 2467
14 2468
464 2468
541 2468
665 2468
1097 2468
2312 2468
2404 2468
417 2469
2444 2469
661 2470
705 2470
2394 2470
13 2471
373 2472
2014 2472
1725 2473
123 2474
1567 2474
17 2475
66 2476
825 2476
1618 2476
1679 2476
2103 2476
2118 2476
59 2477
410 2478
985 2478
9 2479
2367 2480
59 2481
493 2481
890 2482
8 2483
87 2483
160 2483
461 2483
666 2483
923 2483
1304 2483
1393 2483
1517 2483
2343 2483
2369 2483
2411 2483
227 2484
1696 2485
13 2486
268 2487
631 2487
108 2488
153 2489
2421 2489
1725 2490
1965 2490
578 2491
2197 2491
1346 2492
84 2493
761 2494
2106 2494
1579 2495
240 2496
488 2496
1386 2496
725 2498
2369 2499
1579 2500
2495 2500
132 2501
149 2501
364 2501
438 2501
543 2501
773 2501
860 2501
961 2501
1054 2501
1213 2501
1954 2501
2393 2501
2404 2501
1293 2502
1399 2502
1612 2502
1629 2502
2056 2503
2396 2503
218 2504
278 2504
1965 2504
120 2505
197 2505
308 2505
447 2505
516 2505
816 2505
1222 2505
1248 2505
1465 2505
2155 2505
2226 2505
2470 2505
1253 2506
141 2507
580 2507
1425 2507
1782 2507
1893 2507
2420 2507
551 2508
9 2509
464 2509
666 2509
875 2509
890 2510
1183 2511
84 2512
1651 2513
1062 2514
70 2515
126 2515
398 2515
574 2515
577 2515
613 2515
881 2515
1067 2515
1189 2515
2377 2515
679 2516
1708 2516
1460 2517
638 2518
800 2518
648 2519
888 2519
923 2519
1130 2519
2169 2519
113 2521
279 2522
598 2522
1273 2522
291 2523
806 2524
12 2525
149 2526
764 2526
793 2526
1495 2526
1594 2526
2354 2526
74 2527
165 2527
175 2527
371 2527
666 2527
740 2527
779 2527
1259 2527
1294 2527
1305 2527
1590 2527
1598 2527
1959 2527
1977 2527
677 2528
1767 2528
2058 2528
12 2529
2123 2529
2438 2531
1767 2532
283 2533
859 2533
272 2534
266 2535
480 2535
487 2535
966 2535
1636 2535
173 2536
191 2536
9 2537
143 2537
278 2537
70 2538
126 2538
1173 2538
1460 2538
150 2540
1443 2540
1511 2540
229 2541
438 2541
551 2541
597 2541
766 2541
885 2541
1186 2541
1634 2541
1725 2541
1967 2541
2123 2541
2337 2541
957 2542
373 2543
938 2543
2307 2543
2384 2543
2430 2543
2277 2544
2404 2545
1987 2546
3 2547
8 2548
1643 2548
823 2549
8 2550
1643 2550
806 2551
1704 2551
17 2552
464 2553
2124 2554
551 2555
495 2556
361 2557
1032 2557
1270 2557
1820 2557
2260 2557
361 2558
2010 2558
2092 2558
1511 2559
3 2560
11 2560
17 2560
28 2560
64 2560
130 2560
149 2560
152 2560
177 2560
366 2560
387 2560
466 2560
501 2560
619 2560
778 2560
824 2560
843 2560
919 2560
1012 2560
1030 2560
1087 2560
1638 2560
1822 2560
2354 2560
1110 2561
2123 2561
2546 2562
923 2563
679 2564
2123 2565
829 2566
2027 2566
522 2567
1352 2568
10 2569
1091 2571
1580 2571
74 2572
888 2573
116 2574
332 2574
529 2574
784 2574
1277 2574
1374 2574
1840 2574
2260 2574
890 2575
74 2576
1149 2576
1723 2576
175 2577
312 2577
388 2577
1048 2577
2203 2577
2228 2577
522 2578
2008 2579
1463 2580
115 2581
313 2581
315 2581
337 2581
431 2581
435 2581
496 2581
584 2581
701 2581
703 2581
848 2581
999 2581
1026 2581
1040 2581
1203 2581
1316 2581
1334 2581
1407 2581
1419 2581
1458 2581
1530 2581
1535 2581
1648 2581
1675 2581
2000 2581
2059 2581
2099 2581
2174 2581
2222 2581
2240 2581
2246 2581
2254 2581
2268 2581
2315 2581
2334 2581
2375 2581
2520 2581
2530 2581
2309 2582
250 2584
411 2584
1902 2584
2541 2584
113 2585
584 2585
2581 2585
2123 2586
821 2587
895 2587
1462 2587
7 2588
207 2590
631 2590
2487 2590
578 2591
745 2591
278 2592
1217 2592
1718 2592
2179 2593
903 2594
1643 2594
2145 2595
1624 2596
2060 2596
251 2597
1105 2597
2527 2597
2123 2598
828 2599
1283 2599
1547 2599
1658 2599
1711 2599
1872 2599
1947 2599
2052 2599
2433 2599
2465 2599
2583 2599
149 2600
352 2600
364 2600
438 2600
551 2600
693 2600
764 2600
1033 2600
1968 2600
2064 2600
2354 2600
177 2601
492 2601
961 2603
198 2604
55 2605
74 2605
103 2605
423 2605
511 2605
993 2605
1415 2605
1417 2605
1522 2605
1901 2605
2300 2605
12 2606
17 2607
1098 2607
1374 2608
2303 2608
134 2609
142 2609
172 2609
1135 2609
1266 2609
499 2610
777 2610
1725 2610
153 2611
1032 2611
1110 2612
2123 2612
29 2613
982 2613
988 2613
1032 2614
2349 2615
2543 2615
139 2616
579 2616
633 2616
2265 2616
934 2617
1062 2617
2085 2617
245 2618
290 2618
1325 2618
1618 2618
1998 2618
2267 2618
2412 2618
87 2619
153 2619
160 2619
408 2619
598 2619
640 2619
683 2619
704 2619
745 2619
1242 2619
1806 2619
2066 2619
2156 2619
2194 2619
2243 2619
2415 2619
1587 2620
1956 2620
2223 2620
245 2621
251 2621
1299 2621
1393 2621
1713 2621
1723 2621
2267 2621
2377 2621
158 2622
29 2623
292 2626
1762 2626
613 2627
1031 2627
1333 2627
1718 2627
2102 2627
2581 2628
591 2629
724 2629
746 2629
1032 2629
1846 2629
2072 2629
1266 2630
764 2631
1594 2631
353 2632
381 2633
397 2633
986 2633
1356 2633
1683 2633
1794 2634
2123 2634
764 2636
2354 2636
799 2637
113 2638
541 2639
315 2640
2113 2641
115 2642
348 2643
2596 2643
1044 2644
970 2645
18 2646
62 2646
142 2646
172 2646
2609 2646
12 2647
2123 2647
153 2648
74 2649
596 2649
1725 2650
799 2651
821 2651
1432 2652
2027 2653
566 2654
666 2654
739 2654
788 2654
970 2654
1187 2654
1032 2655
915 2656
870 2657
1543 2657
688 2658
1553 2658
551 2660
1 2661
209 2661
283 2661
626 2661
2014 2661
621 2662
1043 2662
153 2663
50 2664
278 2664
1766 2664
643 2665
761 2666
440 2667
52 2668
125 2668
151 2668
350 2668
425 2668
1375 2668
2179 2668
2196 2668
1996 2669
2113 2669
887 2670
2010 2670
350 2671
854 2672
1788 2672
2485 2673
11 2676
2306 2676
1035 2678
1062 2678
1117 2678
1486 2678
1730 2678
2064 2678
2186 2678
2202 2678
2526 2678
84 2679
825 2679
888 2680
1044 2680
1130 2680
1708 2680
2169 2680
2215 2680
137 2681
201 2681
207 2681
268 2681
278 2681
921 2681
938 2681
1478 2681
1490 2681
2667 2681
210 2682
551 2682
643 2683
150 2684
1443 2684
263 2685
790 2685
1446 2685
2185 2685
2402 2685
1725 2686
9 2687
1317 2687
438 2688
551 2688
2404 2688
915 2689
1427 2689
49 2690
1105 2691
2527 2691
461 2693
1715 2693
1850 2694
59 2695
13 2696
1032 2697
1950 2699
2673 2700
625 2701
115 2702
2415 2703
229 2704
278 2704
307 2704
551 2704
597 2704
700 2704
731 2704
885 2704
954 2704
1186 2704
1250 2704
1725 2704
2123 2704
2584 2704
125 2705
350 2705
425 2705
879 2705
1299 2705
1319 2705
1550 2705
1828 2705
2385 2705
84 2707
458 2707
1346 2707
1595 2707
1816 2707
2165 2707
2385 2707
2705 2707
13 2708
1062 2708
2369 2709
438 2710
59 2711
1105 2711
2527 2711
2421 2712
824 2714
1218 2715
1958 2715
2427 2715
58 2716
64 2716
281 2716
308 2716
369 2716
596 2716
791 2716
938 2716
1028 2716
1072 2716
1257 2716
1381 2716
1385 2716
1515 2716
1731 2716
1840 2716
2178 2716
2477 2716
2481 2716
2691 2716
2695 2716
888 2717
1517 2717
1708 2717
1779 2717
1135 2718
1234 2718
1265 2718
1266 2718
1886 2718
350 2719
2179 2719
970 2720
74 2721
1019 2721
2179 2722
1579 2723
2505 2724
1632 2725
290 2726
1325 2726
2214 2726
2412 2726
1340 2727
2441 2728
920 2729
2599 2730
491 2732
12 2733
2123 2733
353 2734
1231 2735
704 2736
1653 2736
217 2737
664 2737
666 2737
859 2737
970 2737
1247 2737
1405 2737
1528 2737
746 2739
84 2740
2267 2740
612 2741
2179 2741
763 2742
84 2744
403 2745
535 2745
2309 2745
2369 2746
2019 2747
165 2748
2123 2749
1130 2750
199 2751
1118 2752
4 2753
346 2753
1675 2754
1682 2755
2 2756
58 2756
303 2756
762 2756
968 2756
1106 2756
1221 2756
2092 2756
2153 2756
2260 2756
2444 2756
799 2757
551 2758
42 2759
177 2760
113 2761
802 2762
16 2764
118 2764
735 2764
1138 2764
1266 2764
1319 2764
2171 2764
2533 2764
483 2765
737 2765
153 2766
356 2767
2496 2767
1854 2768
1047 2769
1107 2770
183 2771
2507 2771
2191 2772
137 2773
240 2773
420 2773
811 2773
815 2773
1264 2773
1353 2773
1408 2773
1478 2773
1548 2773
1873 2773
141 2774
240 2775
1910 2777
272 2778
532 2778
1806 2778
1883 2778
2210 2778
346 2779
482 2779
12 2780
13 2781
204 2782
404 2783
113 2784
1374 2785
2560 2786
10 2787
114 2787
130 2787
175 2787
321 2787
388 2787
493 2787
965 2787
1418 2787
1617 2787
1688 2787
1786 2787
2028 2787
2203 2787
2577 2787
2587 2787
551 2788
141 2789
156 2789
580 2789
639 2789
1244 2789
1425 2789
1782 2789
1893 2789
2420 2789
2107 2790
12 2791
1206 2791
2123 2791
2293 2791
736 2792
2394 2792
2390 2793
2673 2793
1280 2794
1328 2794
2248 2794
737 2795
1028 2795
647 2796
149 2797
250 2797
278 2797
837 2797
1766 2797
2312 2797
2354 2797
2 2798
845 2798
632 2799
846 2799
934 2799
1062 2799
2501 2799
535 2800
183 2801
2507 2801
50 2802
149 2802
250 2802
278 2802
411 2802
1273 2802
2541 2802
315 2803
890 2803
683 2804
736 2804
1587 2804
74 2805
98 2805
14 2806
464 2806
776 2806
1097 2806
2123 2806
2312 2806
1187 2807
1533 2808
1856 2808
2087 2808
1706 2809
151 2810
98 2811
824 2811
970 2811
1268 2811
1294 2811
1598 2811
633 2812
13 2813
141 2814
948 2814
1030 2814
1047 2814
1840 2814
1856 2814
272 2816
462 2817
552 2817
677 2817
895 2817
1649 2817
278 2818
1327 2819
1170 2820
14 2821
290 2821
629 2821
1173 2821
2312 2821
12 2822
9 2823
1819 2823
2581 2824
449 2825
1000 2825
1377 2825
1731 2825
153 2826
373 2827
483 2827
948 2827
1044 2827
1840 2827
2324 2827
2354 2827
12 2828
59 2829
272 2829
1554 2829
1130 2830
2324 2830
2464 2830
1032 2831
9 2832
405 2832
574 2832
2211 2832
2515 2832
2621 2832
237 2833
113 2834
12 2835
2123 2835
153 2836
368 2836
1178 2836
2356 2836
888 2837
923 2837
1130 2837
2169 2837
42 2839
57 2839
89 2839
129 2839
138 2839
144 2839
248 2839
375 2839
502 2839
642 2839
932 2839
1108 2839
1141 2839
1151 2839
1250 2839
1365 2839
1393 2839
1426 2839
1516 2839
1534 2839
1601 2839
1639 2839
1666 2839
1878 2839
2384 2839
2406 2839
2424 2839
2490 2839
2504 2839
2681 2839
2704 2839
113 2840
13 2841
2696 2841
1386 2842
1904 2842
315 2843
780 2843
204 2844
2 2845
884 2845
532 2846
974 2847
890 2848
2421 2849
179 2850
664 2851
1268 2851
1294 2851
161 2852
279 2852
317 2852
535 2852
633 2852
828 2852
2717 2852
823 2853
915 2854
1551 2854
1580 2854
1976 2854
64 2855
378 2855
748 2855
1638 2855
378 2856
2265 2856
2123 2857
2404 2857
1462 2858
1281 2859
551 2861
1183 2862
69 2863
391 2863
2123 2863
240 2864
461 2864
462 2864
541 2864
1568 2864
2247 2864
2715 2864
532 2865
147 2866
1725 2867
141 2868
12 2869
391 2870
1690 2872
272 2873
661 2873
1157 2873
1195 2873
1579 2873
1655 2873
1883 2873
2028 2873
2110 2873
2147 2873
1708 2874
410 2875
985 2875
1562 2875
2864 2875
12 2876
2179 2877
791 2878
996 2878
1107 2879
915 2880
1551 2880
245 2881
576 2881
577 2881
629 2881
1325 2881
1398 2881
2359 2882
113 2883
2521 2883
2581 2883
747 2884
2714 2884
12 2885
1266 2886
2581 2887
745 2888
1066 2888
1195 2888
1655 2888
2110 2888
2731 2888
625 2889
2129 2889
1562 2890
2875 2890
139 2891
633 2891
1038 2891
1374 2891
1549 2891
2331 2891
1950 2892
2123 2893
2438 2894
315 2895
2113 2896
2183 2896
161 2897
535 2897
623 2897
633 2897
2123 2898
1310 2899
1706 2900
1032 2901
214 2902
1116 2902
12 2903
1850 2904
74 2905
133 2905
165 2905
1282 2905
1590 2905
2025 2905
895 2906
1462 2906
2577 2906
2436 2908
2 2909
153 2910
2581 2911
49 2913
1560 2913
2008 2913
2491 2913
2421 2914
2581 2915
1032 2916
454 2917
1173 2917
1346 2918
167 2919
2359 2920
1432 2921
2680 2922
895 2923
1462 2923
2251 2923
2577 2923
1643 2924
51 2925
2004 2925
1032 2926
92 2927
551 2927
990 2927
2919 2927
491 2928
183 2929
2270 2929
7 2930
1080 2930
1621 2930
934 2931
1117 2931
1569 2931
2085 2931
2501 2931
2526 2931
2600 2931
2631 2931
7 2932
147 2932
163 2932
557 2932
821 2932
933 2932
988 2932
1307 2932
1371 2932
1437 2932
1649 2932
1681 2932
2183 2932
2339 2932
2379 2932
2602 2932
2641 2932
2776 2932
2866 2932
2896 2932
1062 2933
1834 2933
1987 2934
2562 2934
545 2935
855 2935
996 2935
2154 2936
486 2937
1515 2937
2 2939
2169 2940
2267 2941
551 2942
1032 2943
71 2944
645 2944
1462 2945
201 2946
908 2946
1386 2946
2382 2946
2767 2946
2620 2948
2794 2949
46 2950
633 2950
237 2951
455 2952
869 2952
1075 2952
1318 2952
1814 2952
2127 2952
2135 2952
2821 2952
12 2953
551 2953
127 2954
1031 2954
1189 2954
1333 2954
1746 2954
2369 2957
736 2959
115 2960
2058 2961
2251 2961
1032 2962
272 2963
532 2963
965 2963
1883 2963
12 2964
2123 2964
2421 2965
773 2966
141 2967
417 2967
895 2967
1106 2967
1277 2967
1278 2967
1573 2967
237 2968
2581 2969
1403 2971
746 2972
1374 2972
1172 2973
2613 2973
2815 2973
583 2974
404 2975
2292 2976
1062 2977
291 2978
427 2978
745 2978
945 2978
965 2978
1066 2978
1157 2978
1195 2978
1253 2978
1853 2978
2028 2978
2110 2978
2731 2978
454 2979
1173 2979
2516 2980
2195 2981
315 2982
10 2983
246 2983
418 2983
420 2983
534 2983
613 2983
708 2983
771 2983
973 2983
1268 2983
1725 2983
1880 2983
2322 2983
2349 2983
2543 2983
237 2984
2430 2984
1310 2985
974 2986
1180 2986
1463 2987
1044 2988
1032 2989
1686 2990
2536 2990
404 2991
2599 2992
301 2993
397 2993
911 2993
1263 2993
2700 2993
524 2995
1637 2995
2466 2995
890 2996
551 2997
155 2998
158 2998
177 2998
248 2998
351 2998
425 2998
449 2998
817 2998
1177 2998
1309 2998
1601 2998
1650 2998
1694 2998
2406 2998
138 2999
248 2999
651 2999
767 2999
1309 2999
1608 2999
2496 2999
2946 2999
761 3000
2106 3000
826 3001
736 3002
824 3002
945 3002
1201 3002
350 3003
2179 3003
140 3004
9 3005
405 3005
574 3005
1222 3006
2079 3006
824 3007
923 3008
2145 3008
2907 3009
1579 3011
2716 3011
132 3012
149 3012
151 3012
693 3012
764 3012
773 3012
1495 3012
2354 3012
1030 3013
1047 3013
2083 3014
2309 3014
410 3015
1958 3015
627 3016
811 3016
1353 3016
1669 3016
2123 3017
199 3018
248 3019
356 3019
935 3019
1309 3019
1608 3019
2176 3019
2946 3019
125 3020
1275 3020
594 3021
458 3022
1249 3022
1346 3022
1799 3022
1816 3022
1201 3023
1248 3023
16 3025
361 3026
887 3026
130 3027
330 3027
920 3027
1285 3027
1475 3027
1611 3027
2635 3027
2817 3027
2 3028
1895 3028
113 3029
612 3030
240 3032
471 3032
972 3032
64 3033
104 3033
111 3033
117 3033
168 3033
644 3033
723 3033
765 3033
948 3033
2734 3033
2763 3033
2811 3033
2866 3033
2912 3033
2958 3033
2 3034
377 3034
488 3034
1112 3034
1436 3034
1574 3034
1840 3034
2040 3034
2767 3034
2902 3034
1999 3035
121 3036
211 3036
276 3036
473 3036
791 3036
849 3036
888 3036
943 3036
1134 3036
1174 3036
1184 3036
1294 3036
1517 3036
1602 3036
1786 3036
1905 3036
2100 3036
2155 3036
2342 3036
2698 3036
2738 3036
2994 3036
551 3037
1617 3038
1889 3038
1981 3038
245 3039
800 3039
858 3039
1460 3039
1728 3039
2095 3039
2123 3039
2267 3039
2537 3039
583 3040
179 3041
2055 3041
22 3042
113 3043
2743 3043
257 3044
350 3045
498 3046
1393 3046
1456 3046
9 3047
16 3048
118 3048
221 3048
530 3048
551 3048
576 3048
1163 3048
1319 3048
1723 3048
1972 3048
1998 3048
2123 3048
2180 3048
2267 3048
2404 3048
2476 3048
988 3049
1826 3049
2346 3049
2484 3049
1651 3050
934 3051
715 3052
821 3052
1183 3052
2038 3052
3049 3052
153 3053
206 3053
1708 3054
1708 3055
1061 3056
1976 3056
141 3057
2195 3058
534 3059
1333 3059
1523 3059
1560 3059
1032 3060
2697 3060
130 3061
1904 3061
1 3063
10 3063
37 3063
104 3063
468 3063
476 3063
738 3063
845 3063
1060 3063
1381 3063
1429 3063
1482 3063
1485 3063
1895 3063
2232 3063
2455 3063
2756 3063
2811 3063
2955 3063
2956 3063
3007 3063
2292 3064
890 3065
923 3066
425 3067
574 3067
618 3067
2120 3067
2196 3067
3048 3067
1030 3068
1129 3068
1282 3068
1856 3068
2087 3068
2345 3069
74 3070
626 3070
1179 3070
1797 3070
1876 3070
2057 3070
276 3071
473 3071
943 3071
1174 3071
1262 3071
1905 3071
12 3072
2123 3072
86 3073
530 3073
1495 3073
2361 3073
3039 3073
2581 3074
132 3075
438 3075
764 3075
1569 3075
2384 3075
3051 3075
541 3076
618 3076
2492 3076
2679 3076
2707 3076
3022 3076
84 3077
854 3078
1997 3079
2995 3079
2394 3080
2505 3080
1032 3081
1310 3082
418 3083
2 3084
524 3085
823 3086
153 3087
1032 3087
2581 3088
1554 3089
315 3090
179 3091
1632 3091
1462 3092
153 3093
344 3094
2704 3094
64 3095
111 3095
117 3095
658 3095
723 3095
765 3095
948 3095
1906 3095
2866 3095
2958 3095
9 3097
594 3098
278 3099
2839 3099
315 3100
1304 3100
2369 3100
1125 3101
1632 3101
1904 3102
1328 3104
2536 3104
974 3105
11 3106
778 3106
1113 3106
2999 3106
3019 3106
715 3107
16 3109
250 3110
2359 3110
1105 3111
315 3112
2624 3112
9 3113
890 3114
638 3115
800 3115
551 3116
1086 3117
1669 3117
2773 3117
297 3118
377 3118
486 3118
824 3118
945 3118
1201 3118
2603 3119
745 3120
788 3120
670 3121
12 3122
2123 3122
2179 3124
632 3125
1062 3125
1370 3125
1486 3125
1730 3125
1897 3125
2064 3125
2186 3125
2600 3125
2678 3125
1779 3126
2320 3126
71 3127
2028 3128
2619 3129
1539 3130
1612 3130
2502 3130
59 3131
1105 3131
2527 3131
1032 3132
151 3133
116 3134
784 3134
1277 3134
1374 3134
887 3135
577 3136
858 3136
2267 3136
2412 3136
2668 3136
3067 3136
2008 3137
2191 3138
2772 3138
2179 3139
2239 3140
696 3141
12 3142
1651 3143
1755 3143
2581 3144
2179 3145
64 3146
689 3146
772 3146
2141 3146
252 3147
315 3147
483 3147
1130 3147
2464 3147
2535 3147
2932 3148
532 3150
211 3151
943 3151
1184 3151
1905 3151
1970 3151
2155 3151
2498 3151
1374 3152
250 3153
1632 3153
1578 3154
2905 3154
46 3155
378 3155
633 3155
2216 3155
676 3156
1461 3156
101 3157
242 3157
635 3157
1559 3157
2367 3157
2373 3157
2480 3157
74 3158
594 3159
1107 3160
915 3161
315 3162
1114 3162
1566 3162
2369 3162
245 3163
638 3163
1814 3163
2123 3163
3073 3163
1675 3164
115 3165
829 3166
736 3167
278 3168
946 3169
1805 3169
2466 3169
315 3170
410 3171
1028 3171
1938 3171
581 3172
604 3172
1116 3172
2423 3172
2494 3172
3034 3172
821 3173
2649 3173
240 3174
1465 3174
2572 3175
545 3176
1179 3176
1194 3176
1797 3176
1876 3176
48 3177
64 3177
87 3177
98 3177
104 3177
111 3177
117 3177
160 3177
163 3177
547 3177
765 3177
1232 3177
1256 3177
1344 3177
1973 3177
2069 3177
2734 3177
2737 3177
2811 3177
764 3178
2581 3179
140 3180
350 3180
842 3180
1298 3180
1501 3180
1519 3180
2027 3180
2179 3180
2285 3180
2741 3180
2764 3180
2838 3180
890 3181
272 3182
965 3182
1806 3182
2210 3182
887 3183
2619 3184
648 3185
923 3185
2169 3185
2279 3185
1708 3186
9 3187
940 3189
934 3190
140 3191
2773 3192
3117 3192
150 3193
1063 3193
1511 3193
985 3194
1218 3194
1562 3194
2211 3194
2258 3194
2427 3194
2864 3194
493 3195
699 3195
3118 3195
890 3196
2145 3197
2581 3198
532 3200
563 3200
824 3200
1264 3200
3033 3200
2369 3201
113 3202
200 3202
663 3202
1396 3202
1697 3202
2190 3202
2201 3202
2581 3202
2844 3202
1304 3203
1361 3203
1393 3203
1517 3203
2343 3203
2464 3203
74 3204
171 3204
799 3204
897 3204
1643 3204
1877 3204
2916 3204
3185 3204
736 3205
2377 3205
2079 3206
4 3207
11 3207
41 3207
59 3207
666 3207
1554 3207
1835 3207
2716 3207
2825 3207
113 3208
74 3209
387 3209
483 3209
534 3209
666 3209
1046 3209
1667 3209
1708 3209
2998 3209
5 3210
581 3210
604 3210
937 3210
1082 3210
1126 3210
1254 3210
1315 3210
2106 3210
2121 3210
2372 3210
2947 3210
3000 3210
3096 3210
1651 3211
3063 3212
123 3213
2756 3213
2609 3214
2 3215
98 3215
824 3215
278 3216
2343 3216
1667 3218
582 3219
781 3219
2092 3219
2856 3219
2003 3220
403 3221
2309 3221
84 3222
2267 3222
2668 3222
1 3223
135 3223
181 3223
478 3223
792 3223
1058 3223
1466 3223
1823 3223
1910 3223
1991 3223
2483 3223
2747 3223
2777 3223
3203 3223
2244 3224
890 3225
188 3226
722 3226
896 3226
278 3227
2277 3228
2123 3229
2123 3230
22 3231
2151 3232
370 3233
434 3233
974 3233
1181 3233
2320 3233
2692 3233
2745 3233
2852 3233
13 3234
52 3235
158 3235
231 3235
278 3235
564 3235
638 3235
641 3235
778 3235
919 3235
1046 3235
1185 3235
1266 3235
1319 3235
1965 3235
2668 3235
2810 3235
2825 3235
2839 3235
2877 3235
3012 3235
3133 3235
3199 3235
5 3236
171 3236
926 3236
1126 3236
1254 3236
1340 3236
2423 3236
177 3237
193 3237
449 3237
641 3237
1309 3237
2560 3237
2592 3237
28 3238
289 3238
549 3238
1449 3238
1822 3238
2244 3238
2540 3238
2684 3238
2760 3238
2619 3239
2581 3240
464 3241
4 3242
133 3242
153 3242
175 3242
190 3242
276 3242
483 3242
985 3242
1023 3242
1032 3242
1244 3242
1285 3242
1604 3242
1708 3242
2209 3242
2792 3242
2905 3242
461 3243
498 3243
2353 3243
2715 3243
3194 3243
12 3244
115 3245
199 3245
204 3245
233 3245
382 3245
558 3245
568 3245
584 3245
690 3245
703 3245
876 3245
1240 3245
1316 3245
1397 3245
1419 3245
1610 3245
1625 3245
1648 3245
1708 3245
1726 3245
1773 3245
2046 3245
2059 3245
2099 3245
2108 3245
2334 3245
2447 3245
2743 3245
2784 3245
2834 3245
2840 3245
2883 3245
2915 3245
3043 3245
3179 3245
3202 3245
1462 3246
1625 3247
2581 3247
3245 3247
252 3248
791 3250
935 3250
315 3251
12 3252
452 3253
2123 3253
626 3254
1179 3254
1194 3254
1876 3254
1725 3255
2436 3256
604 3257
1126 3257
2542 3257
240 3258
890 3259
313 3260
1396 3260
551 3261
988 3263
2346 3263
2484 3263
3049 3263
3052 3263
1781 3264
2466 3264
3134 3264
7 3265
59 3266
596 3266
2404 3267
1183 3268
113 3269
2581 3269
211 3270
943 3270
1184 3270
1262 3270
1810 3270
2155 3270
2498 3270
541 3271
1515 3272
125 3273
3048 3273
1897 3274
2678 3274
3125 3274
1987 3275
2018 3275
29 3276
1172 3276
8 3277
596 3277
985 3277
1030 3277
1156 3277
1388 3277
1876 3277
1945 3277
2139 3277
2309 3277
2537 3277
291 3278
1904 3279
2551 3280
2932 3281
773 3282
84 3283
2768 3284
74 3285
394 3286
2323 3286
2394 3286
2505 3286
3023 3286
2008 3287
29 3288
933 3288
1101 3288
1890 3288
823 3289
1997 3290
2995 3290
3079 3290
498 3291
1384 3291
1393 3291
2377 3291
1132 3292
1624 3292
725 3293
3071 3293
3151 3293
574 3294
2211 3294
2515 3294
1062 3295
1904 3296
101 3297
635 3297
1619 3297
2373 3297
1032 3298
545 3299
984 3299
2069 3299
3177 3299
648 3300
890 3300
2369 3300
153 3301
273 3302
2123 3302
250 3303
475 3303
2359 3303
532 3304
1965 3305
2839 3305
250 3306
255 3307
168 3308
2044 3308
761 3309
923 3309
1032 3309
1044 3309
3172 3309
3210 3309
574 3310
657 3310
1173 3310
1838 3310
2517 3310
3039 3310
71 3311
140 3312
51 3313
1177 3313
1876 3313
2681 3313
14 3314
2312 3314
2292 3315
2976 3315
1828 3316
3022 3316
2836 3317
2309 3318
1708 3319
2516 3319
888 3320
1057 3321
12 3322
670 3323
917 3323
715 3324
1987 3325
2018 3325
489 3326
532 3326
1128 3326
1380 3326
12 3327
2933 3328
3 3329
2619 3329
153 3330
1032 3331
255 3332
1889 3333
140 3334
14 3335
149 3335
411 3335
1 3336
10 3336
87 3336
162 3336
256 3336
291 3336
408 3336
532 3336
566 3336
598 3336
666 3336
782 3336
799 3336
1006 3336
1183 3336
1324 3336
1907 3336
1915 3336
1937 3336
2543 3336
3027 3336
3288 3337
464 3338
1929 3339
1960 3339
234 3340
3245 3341
1218 3342
147 3343
799 3343
818 3343
821 3343
988 3343
1437 3343
1546 3343
1747 3343
1996 3343
2313 3343
2379 3343
2669 3343
416 3344
1180 3344
1529 3344
1547 3344
1627 3344
2052 3344
2433 3344
2970 3344
2986 3344
3105 3344
22 3345
153 3346
724 3346
746 3346
1590 3346
1846 3346
2072 3346
2208 3346
2629 3346
3262 3346
2369 3347
1069 3348
1384 3349
1393 3349
291 3350
3278 3350
12 3351
2525 3351
1061 3352
2359 3352
93 3353
124 3353
205 3353
306 3353
411 3353
477 3353
863 3353
1122 3353
1171 3353
1266 3353
1551 3353
1777 3353
2163 3353
2468 3353
2501 3353
2545 3353
3267 3353
890 3354
438 3355
844 3355
1541 3355
2123 3355
2404 3355
2762 3355
3353 3355
632 3356
532 3357
3150 3357
274 3358
448 3358
518 3358
1383 3358
1473 3358
2503 3358
2579 3358
736 3359
460 3360
1559 3360
1619 3360
2367 3360
2373 3360
2480 3360
2560 3361
9 3362
1691 3363
1824 3363
2675 3363
3353 3363
604 3364
1118 3364
1126 3364
1363 3364
1457 3364
2542 3364
2752 3364
665 3365
89 3366
138 3366
187 3366
248 3366
375 3366
411 3366
777 3366
883 3366
928 3366
932 3366
1108 3366
1354 3366
1393 3366
1516 3366
1601 3366
1639 3366
1666 3366
1898 3366
1965 3366
3305 3366
2 3367
308 3368
1706 3369
1819 3369
2823 3369
64 3371
130 3371
141 3371
153 3371
1289 3371
2472 3371
2615 3371
3094 3371
1009 3372
1047 3372
3242 3372
1266 3373
1584 3374
974 3375
2599 3375
438 3376
1226 3376
3353 3376
169 3377
1551 3378
1854 3378
3363 3378
2658 3379
3016 3380
140 3381
803 3381
879 3381
1847 3381
2179 3381
2196 3381
2211 3381
2976 3381
3064 3381
3273 3381
3315 3381
225 3382
2 3383
824 3383
153 3384
2321 3384
440 3385
9 3387
666 3388
676 3389
1461 3389
3156 3389
1032 3390
179 3391
250 3391
411 3391
2541 3391
907 3392
495 3393
1107 3393
1725 3394
470 3395
1062 3395
948 3396
1840 3396
2087 3396
532 3397
191 3398
1686 3398
2536 3398
9 3399
12 3400
2903 3400
567 3401
1763 3401
113 3402
486 3403
2599 3403
1696 3404
2390 3404
2993 3404
315 3405
2130 3405
150 3406
1443 3406
2560 3406
3238 3406
930 3407
1008 3407
2373 3407
3157 3407
583 3408
1031 3408
286 3409
350 3409
2179 3409
87 3410
160 3410
666 3410
923 3410
1304 3410
1361 3410
1393 3410
1517 3410
3223 3410
9 3411
574 3411
740 3411
1159 3411
1259 3411
1413 3411
2017 3411
2597 3411
278 3412
2839 3412
279 3413
283 3413
3219 3413
3277 3413
133 3414
850 3414
1412 3414
2773 3414
993 3415
1643 3415
2519 3415
2837 3415
2916 3415
3008 3415
3063 3416
612 3417
2293 3418
2495 3419
2500 3419
2723 3419
13 3420
141 3421
1893 3421
2420 3421
2415 3422
13 3423
1062 3423
2641 3424
3343 3424
11 3425
725 3425
1044 3425
1285 3425
1554 3425
1957 3425
3036 3425
117 3426
745 3426
1086 3427
3117 3427
890 3428
1566 3428
2990 3429
278 3430
3344 3431
51 3432
315 3433
52 3434
350 3434
3048 3434
3381 3434
2123 3435
1632 3436
792 3437
853 3437
1219 3437
1403 3437
2019 3437
2369 3437
158 3438
578 3438
2406 3438
3059 3438
255 3439
799 3439
438 3440
2584 3440
790 3441
915 3441
1446 3441
1580 3441
1976 3441
2685 3441
1801 3442
12 3443
826 3444
111 3445
430 3445
1167 3445
1643 3445
2436 3445
704 3446
2736 3446
1062 3447
9 3448
49 3449
1889 3450
2239 3450
378 3451
2616 3451
799 3452
2432 3452
130 3453
153 3453
278 3453
644 3453
2410 3453
2851 3453
3036 3453
591 3454
315 3455
736 3456
315 3457
483 3458
736 3458
1046 3458
1667 3458
1708 3458
430 3459
1179 3459
101 3460
117 3461
1809 3461
142 3462
1125 3462
12 3463
1 3464
34 3464
73 3464
141 3464
227 3464
258 3464
291 3464
315 3464
428 3464
430 3464
483 3464
888 3464
890 3464
938 3464
1004 3464
1066 3464
1157 3464
1373 3464
1438 3464
1517 3464
1633 3464
2548 3464
2550 3464
71 3465
13 3466
854 3467
527 3468
51 3469
1084 3469
1032 3470
115 3471
2 3472
2932 3473
1584 3475
153 3476
1392 3476
2489 3476
317 3477
429 3477
535 3477
545 3477
626 3477
1194 3477
1952 3477
890 3478
17 3479
2802 3479
31 3480
51 3480
327 3480
1177 3480
2299 3480
1210 3481
491 3482
9 3483
2123 3484
2581 3485
377 3486
1032 3486
3172 3486
3210 3486
535 3488
3036 3489
191 3490
1280 3490
1328 3490
2053 3490
2248 3490
2536 3490
1987 3491
2562 3491
1062 3492
715 3493
1 3494
143 3494
209 3494
283 3494
579 3494
806 3494
1021 3494
2014 3494
1334 3495
2581 3495
591 3496
3036 3497
736 3498
1266 3499
98 3500
1187 3500
1906 3500
2346 3500
3288 3501
18 3502
142 3502
172 3502
1368 3502
1886 3502
2609 3502
2718 3502
3214 3502
974 3504
153 3505
2223 3506
2804 3506
31 3507
51 3507
1177 3507
3 3508
130 3508
2527 3509
1032 3511
2697 3511
147 3512
1187 3512
2932 3512
3033 3512
12 3513
418 3514
1409 3514
532 3515
1128 3515
1032 3516
1684 3516
845 3517
1409 3518
3514 3518
52 3519
140 3519
425 3519
1595 3519
2027 3519
2179 3519
2705 3519
2123 3520
888 3521
607 3522
1030 3522
1651 3523
3143 3523
2123 3524
46 3525
378 3525
2265 3525
1566 3526
2019 3526
2369 3526
3223 3526
408 3527
845 3528
2 3529
3367 3529
139 3530
579 3530
887 3530
1024 3530
1553 3530
1779 3530
2261 3530
2331 3530
2860 3530
237 3531
515 3531
1105 3531
2410 3531
2654 3531
1172 3532
1274 3532
2195 3533
9 3534
405 3534
2211 3534
920 3535
1 3536
3 3536
43 3536
117 3536
121 3536
147 3536
361 3536
400 3536
449 3536
515 3536
552 3536
791 3536
799 3536
926 3536
935 3536
938 3536
984 3536
1105 3536
1342 3536
1360 3536
1386 3536
1638 3536
1702 3536
2104 3536
2111 3536
2116 3536
2300 3536
2371 3536
2483 3536
2527 3536
2654 3536
3207 3536
3241 3536
3336 3536
3410 3536
1708 3537
212 3538
36 3539
1105 3540
12 3541
391 3541
2123 3541
2863 3541
378 3542
610 3543
647 3543
68 3544
208 3544
259 3544
318 3544
422 3544
521 3544
539 3544
695 3544
721 3544
808 3544
1051 3544
1144 3544
1162 3544
1474 3544
1512 3544
1570 3544
1583 3544
1925 3544
2142 3544
2184 3544
2311 3544
2345 3544
2539 3544
2625 3544
2944 3544
3062 3544
3108 3544
3127 3544
3311 3544
3465 3544
3487 3544
3503 3544
237 3545
608 3545
2147 3545
14 3546
290 3546
795 3546
2312 3546
2821 3546
2881 3546
74 3547
95 3547
103 3547
897 3547
947 3547
2519 3547
2916 3547
3185 3547
148 3548
1252 3548
2773 3548
252 3549
315 3549
2464 3549
111 3550
1643 3550
574 3551
2196 3551
2517 3551
2538 3551
3039 3551
317 3552
1779 3552
74 3553
2057 3553
9 3554
317 3554
456 3554
487 3554
791 3554
810 3554
882 3554
935 3554
1116 3554
1251 3554
1272 3554
1417 3554
1508 3554
2497 3554
2894 3554
3015 3554
3207 3554
3464 3554
245 3555
551 3555
778 3555
2123 3555
3073 3555
551 3556
49 3557
274 3557
592 3557
2351 3557
2579 3557
3137 3557
581 3558
604 3558
1116 3558
2423 3558
3034 3558
71 3559
809 3560
1044 3560
1517 3560
1762 3560
2215 3560
2464 3560
2626 3560
829 3561
596 3562
1643 3562
3464 3562
84 3563
2668 3563
148 3564
1252 3564
2773 3564
890 3565
344 3566
373 3566
2543 3566
12 3567
123 3568
2609 3569
153 3570
704 3571
3123 3571
3446 3571
12 3572
1463 3573
2265 3574
3219 3574
1098 3575
2664 3575
2797 3575
936 3576
117 3577
3336 3577
315 3578
792 3578
890 3578
1219 3578
1403 3578
2019 3578
2369 3578
2581 3579
2129 3580
551 3581
2428 3581
1612 3582
3130 3582
1634 3583
2221 3583
2404 3583
3103 3583
3353 3583
3378 3583
1310 3584
821 3585
530 3587
611 3587
2998 3587
1021 3588
1590 3589
551 3590
2123 3590
3353 3590
625 3591
559 3592
604 3592
3068 3592
3396 3592
350 3593
3180 3593
551 3594
1868 3594
1714 3595
2340 3596
2716 3596
2185 3597
2392 3597
738 3598
1222 3598
1032 3599
2599 3600
7 3601
1462 3601
2787 3601
2678 3602
377 3603
1221 3603
1436 3603
1574 3603
2040 3603
2902 3603
481 3604
1031 3604
108 3605
1708 3605
2661 3605
70 3606
629 3606
795 3606
827 3606
1031 3606
1163 3606
2180 3606
2821 3606
3067 3606
3546 3606
594 3607
618 3608
2618 3608
2726 3608
3048 3608
278 3609
9 3610
9 3611
583 3612
3040 3612
890 3613
532 3614
1128 3614
1380 3614
888 3615
2379 3615
2852 3615
458 3616
1346 3616
1595 3616
2705 3616
2707 3616
3076 3616
13 3617
177 3618
317 3619
623 3619
2116 3619
12 3620
49 3621
1462 3622
1478 3622
149 3623
419 3623
544 3623
551 3623
628 3623
678 3623
852 3623
860 3623
980 3623
994 3623
1033 3623
1034 3623
1036 3623
1146 3623
1366 3623
1505 3623
1594 3623
1884 3623
2005 3623
2013 3623
2073 3623
2096 3623
2425 3623
2570 3623
2708 3623
2841 3623
2871 3623
2977 3623
3024 3623
3234 3623
3474 3623
3617 3623
12 3625
69 3625
2863 3625
141 3626
551 3627
71 3628
918 3628
2136 3629
2362 3629
2891 3629
3530 3629
1443 3630
440 3631
2008 3632
3110 3633
1366 3634
1866 3634
2378 3634
2562 3634
3275 3634
9 3635
2613 3636
147 3637
1231 3638
2020 3638
71 3639
2646 3640
1568 3641
2343 3641
2353 3641
12 3642
231 3643
2008 3644
3557 3644
3544 3645
9 3646
1845 3646
113 3647
3245 3647
1554 3648
3089 3648
792 3649
1302 3650
3459 3650
1170 3651
2820 3651
907 3652
2185 3653
3623 3654
121 3655
473 3655
1905 3655
1032 3656
56 3657
1517 3657
141 3658
10 3659
2028 3659
141 3660
1840 3660
2087 3660
2932 3660
3592 3660
9 3661
278 3661
133 3662
440 3662
1412 3662
1840 3662
2773 3662
165 3663
1590 3663
274 3664
578 3664
1383 3664
2913 3664
3059 3664
3233 3665
2581 3666
486 3667
141 3668
1105 3668
113 3669
97 3670
140 3670
859 3670
1422 3670
1598 3670
2764 3670
253 3671
486 3671
2888 3671
2978 3671
3002 3671
3118 3671
113 3672
643 3673
1725 3674
2756 3675
1579 3676
535 3677
3330 3678
2415 3679
1062 3680
115 3681
2438 3682
3554 3682
1584 3683
1107 3684
315 3685
151 3686
157 3686
228 3686
302 3686
365 3686
366 3686
771 3686
778 3686
1031 3686
1217 3686
1333 3686
1718 3686
1734 3686
1746 3686
2622 3686
2998 3686
3048 3686
3188 3686
3237 3686
3438 3686
116 3687
153 3687
1392 3687
2489 3687
3210 3688
78 3689
548 3689
683 3689
1904 3689
2123 3691
635 3692
1376 3692
403 3693
799 3693
1188 3693
1678 3693
1704 3693
1986 3693
2551 3693
2589 3693
3386 3693
2 3694
119 3694
784 3694
824 3694
263 3695
2185 3695
3653 3695
171 3696
1340 3696
3071 3697
3270 3697
85 3698
387 3698
1231 3699
1222 3700
2955 3700
3063 3700
9 3701
464 3702
1708 3703
1 3704
87 3704
291 3704
408 3704
492 3704
821 3704
1006 3704
1183 3704
1285 3704
1649 3704
1915 3704
1937 3704
71 3705
3544 3705
1047 3706
1539 3706
2394 3706
9 3707
1378 3707
76 3709
2557 3709
3035 3709
3149 3709
3693 3711
551 3712
234 3713
2676 3713
3033 3714
350 3715
23 3716
317 3716
533 3716
641 3716
778 3716
800 3716
843 3716
919 3716
1185 3716
1266 3716
1319 3716
1340 3716
1743 3716
1889 3716
2810 3716
3012 3716
3623 3716
3643 3716
5 3717
147 3717
880 3717
2379 3717
2717 3717
2753 3717
3343 3717
1141 3718
1725 3718
2839 3718
1696 3719
2485 3719
2673 3719
677 3720
733 3720
1985 3720
2787 3720
3708 3720
1840 3721
1889 3722
745 3723
788 3723
3120 3723
890 3724
142 3725
1125 3725
3462 3725
2646 3726
13 3727
150 3728
1443 3728
3238 3728
2123 3729
2 3730
303 3730
308 3730
377 3730
486 3730
523 3730
692 3730
736 3730
762 3730
772 3730
1024 3730
1222 3730
1301 3730
1413 3730
1676 3730
1966 3730
2068 3730
2155 3730
2170 3730
2217 3730
2309 3730
2792 3730
2959 3730
3205 3730
3359 3730
3456 3730
3498 3730
3586 3730
2277 3731
387 3732
551 3732
638 3732
800 3732
858 3732
2095 3732
2267 3732
272 3733
604 3734
829 3735
2027 3735
12 3736
551 3736
2008 3737
2306 3737
3557 3737
11 3738
221 3738
577 3738
858 3738
1031 3738
1163 3738
2180 3738
2412 3738
2821 3738
3067 3738
3411 3738
3546 3738
3606 3738
97 3739
141 3739
163 3739
175 3739
283 3739
291 3739
316 3739
319 3739
344 3739
557 3739
590 3739
604 3739
738 3739
1264 3739
1539 3739
1554 3739
1572 3739
1642 3739
1840 3739
2028 3739
2080 3739
2132 3739
2193 3739
2303 3739
2394 3739
2423 3739
2505 3739
2774 3739
2868 3739
2967 3739
3371 3739
3396 3739
3626 3739
3658 3739
3660 3739
2839 3740
988 3741
2346 3741
2484 3741
614 3742
824 3742
3063 3742
74 3743
736 3744
1567 3744
9 3745
464 3745
666 3745
875 3745
1574 3745
1374 3746
12 3747
74 3748
2572 3748
148 3750
915 3751
2560 3752
2260 3753
59 3754
153 3754
2505 3754
551 3755
3730 3756
1044 3757
2736 3758
3571 3758
2004 3759
551 3760
1062 3761
169 3762
397 3763
2700 3763
2993 3763
3288 3764
483 3765
1044 3765
1335 3765
1708 3765
153 3766
74 3767
171 3767
821 3767
947 3767
993 3767
1643 3767
2519 3767
2837 3767
2916 3767
3066 3767
3185 3767
2713 3768
3112 3768
495 3769
1107 3769
604 3770
3734 3770
12 3771
24 3771
438 3771
757 3771
1165 3771
1336 3771
2123 3771
2404 3771
3249 3771
460 3772
1008 3772
1619 3772
1875 3772
3353 3773
237 3774
612 3775
747 3776
2714 3776
3063 3776
3700 3776
108 3777
300 3777
596 3777
948 3777
1149 3777
1194 3777
1308 3777
2427 3777
2522 3777
2619 3777
3336 3777
551 3778
425 3779
3381 3779
1326 3780
2311 3780
2355 3780
3044 3780
799 3782
2757 3782
46 3783
450 3784
824 3784
1643 3784
498 3785
33 3786
881 3786
1912 3786
1890 3787
3263 3787
3741 3787
3063 3788
113 3789
522 3789
2581 3789
405 3790
3489 3790
220 3791
850 3791
1329 3791
1712 3791
790 3792
915 3792
12 3793
1206 3793
2293 3793
2669 3794
3343 3794
930 3795
1096 3795
1559 3795
2350 3795
2633 3795
2993 3795
2 3796
361 3796
762 3796
1221 3796
1640 3796
2092 3796
2153 3796
2260 3796
2444 3796
2474 3796
3063 3796
3568 3796
3744 3796
2123 3797
551 3798
438 3799
2123 3799
2404 3799
3353 3799
179 3800
1266 3800
2 3801
107 3801
74 3802
712 3802
1394 3802
3781 3802
1658 3803
2599 3803
3344 3803
1 3804
5 3804
8 3804
64 3804
74 3804
105 3804
112 3804
194 3804
203 3804
355 3804
384 3804
418 3804
462 3804
655 3804
749 3804
792 3804
799 3804
810 3804
821 3804
839 3804
1017 3804
1022 3804
1074 3804
1126 3804
1158 3804
1228 3804
1312 3804
1332 3804
1340 3804
1441 3804
1444 3804
1453 3804
1470 3804
1522 3804
1558 3804
1643 3804
1693 3804
1808 3804
1841 3804
1844 3804
1855 3804
1923 3804
1940 3804
2032 3804
2131 3804
2134 3804
2245 3804
2262 3804
2272 3804
2395 3804
2581 3804
2624 3804
2640 3804
2659 3804
2674 3804
2677 3804
2706 3804
2843 3804
2938 3804
2982 3804
3010 3804
3031 3804
3090 3804
3121 3804
3170 3804
3220 3804
3245 3804
3405 3804
3457 3804
3685 3804
3710 3804
2123 3805
2267 3806
1220 3807
2600 3807
2359 3808
13 3809
151 3810
534 3810
641 3810
3237 3810
278 3811
344 3812
739 3812
1062 3812
2014 3812
2543 3812
3605 3812
821 3813
263 3814
915 3814
1350 3814
2185 3814
3441 3814
1997 3815
1667 3816
3036 3816
326 3817
1230 3817
1420 3817
2436 3817
2484 3817
3414 3817
3787 3817
278 3818
524 3819
1637 3819
2466 3819
3079 3819
291 3820
647 3820
1066 3820
1373 3820
2454 3820
1852 3821
2042 3821
2098 3821
2301 3821
3370 3821
3597 3821
3695 3821
3749 3821
2309 3822
3014 3822
113 3823
2581 3823
1462 3824
18 3825
1886 3825
2718 3825
137 3826
850 3826
3784 3826
13 3827
793 3828
890 3829
1566 3829
315 3830
890 3831
1708 3832
16 3833
118 3833
221 3833
576 3833
577 3833
1163 3833
1308 3833
1713 3833
1723 3833
1972 3833
2123 3833
2180 3833
2267 3833
2476 3833
2705 3833
3067 3833
3273 3833
3353 3833
3434 3833
3519 3833
3608 3833
3686 3833
3544 3834
3346 3835
9 3836
198 3837
1004 3838
1130 3838
1517 3838
2279 3838
2464 3838
3204 3838
440 3839
996 3839
2017 3840
493 3841
90 3842
272 3842
291 3842
736 3842
1066 3842
1157 3842
1195 3842
1554 3842
1655 3842
2028 3842
2731 3842
2888 3842
425 3843
2211 3843
2621 3843
425 3844
618 3844
2214 3844
3606 3844
12 3845
151 3845
278 3845
366 3845
1495 3845
1664 3845
1718 3845
2123 3845
2592 3845
2998 3845
3235 3845
3716 3845
3810 3845
764 3846
1594 3846
2354 3846
2678 3846
2799 3846
2931 3846
3353 3846
3716 3846
1310 3847
9 3848
65 3849
889 3849
1328 3849
1582 3849
2053 3849
2536 3849
2990 3849
3104 3849
3398 3849
3490 3849
3638 3849
12 3850
1706 3852
84 3853
3076 3853
3686 3854
70 3855
1173 3855
2165 3855
3310 3855
522 3856
485 3857
2179 3858
2621 3858
117 3859
1105 3859
1809 3859
658 3860
704 3860
1906 3860
2654 3860
2811 3860
2912 3860
2958 3860
3095 3860
3217 3860
3512 3860
3851 3860
2136 3861
2362 3861
278 3862
985 3862
1562 3862
2343 3862
551 3863
2123 3863
3739 3864
266 3865
487 3865
966 3865
1636 3865
1871 3865
13 3866
85 3867
146 3867
814 3867
1725 3867
2839 3867
3587 3867
2421 3868
2197 3869
2396 3869
3358 3869
173 3870
1776 3870
2009 3870
2853 3870
3086 3870
3289 3870
251 3871
515 3871
736 3871
1009 3871
3411 3871
2646 3872
33 3873
231 3873
530 3873
551 3874
87 3875
160 3875
1304 3875
1393 3875
1517 3875
2343 3875
2464 3875
3223 3875
12 3876
1 3877
74 3877
209 3877
579 3877
1021 3877
3693 3877
3804 3878
1032 3879
2680 3880
2922 3880
316 3881
1457 3881
2808 3881
3068 3881
3623 3882
1675 3883
2581 3883
2754 3883
3164 3883
3245 3883
13 3884
934 3884
1062 3884
2501 3884
2600 3884
2169 3885
736 3886
125 3887
1299 3887
2179 3887
3616 3887
133 3888
227 3888
430 3888
903 3888
1137 3888
1982 3888
2038 3888
2281 3888
2908 3888
3256 3888
3445 3888
3550 3888
3690 3888
3817 3888
1310 3889
551 3890
3544 3891
12 3892
137 3893
326 3893
403 3893
2309 3893
3200 3893
3791 3893
3826 3893
1394 3894
3802 3894
974 3895
2599 3895
350 3896
535 3897
212 3898
1266 3898
2791 3899
291 3900
2047 3900
2312 3901
2018 3902
101 3903
397 3903
2354 3903
2367 3903
13 3904
1049 3904
198 3905
1997 3905
3079 3905
3290 3905
1196 3906
2787 3906
3624 3906
627 3907
3016 3907
3464 3908
612 3909
1221 3910
1435 3910
1573 3910
2068 3910
2444 3910
2474 3910
1350 3911
1903 3911
2920 3911
3110 3911
3303 3911
3352 3911
3808 3911
799 3912
141 3913
3739 3913
28 3914
177 3914
466 3914
501 3914
698 3914
962 3914
1527 3914
1822 3914
1939 3914
2195 3914
3406 3914
3510 3914
3728 3914
71 3915
3544 3915
1374 3916
3746 3916
1182 3917
2 3918
3206 3918
3368 3918
491 3919
2179 3920
141 3921
462 3921
504 3922
576 3923
736 3924
1374 3924
1533 3924
2362 3924
3530 3924
111 3925
1778 3925
3651 3925
1708 3926
2 3927
2179 3928
3804 3929
1044 3930
1667 3931
1032 3932
263 3933
3695 3933
898 3934
1553 3934
2002 3934
1725 3935
309 3936
677 3936
1047 3936
2251 3936
2787 3936
3036 3936
3655 3936
71 3937
755 3937
611 3938
637 3938
1214 3938
3587 3938
117 3939
2654 3939
3336 3939
3577 3939
97 3940
153 3940
1840 3940
2171 3940
2410 3940
2811 3940
3036 3940
3739 3940
819 3941
2581 3942
648 3943
2169 3943
84 3944
647 3945
59 3946
699 3946
705 3946
945 3946
1554 3946
3671 3946
210 3947
551 3947
13 3948
697 3948
1034 3948
4 3949
9 3949
59 3949
446 3949
464 3949
532 3949
648 3949
923 3949
1285 3949
1495 3949
1554 3949
1574 3949
1708 3949
1802 3949
2727 3949
3236 3949
3696 3949
3804 3949
1032 3950
311 3951
2 3952
354 3952
3368 3952
576 3953
2966 3954
278 3955
890 3956
2369 3956
3223 3956
1470 3957
3804 3957
9 3958
1706 3958
1819 3958
2823 3958
970 3959
1904 3959
251 3960
2017 3960
452 3961
2581 3962
1167 3963
2123 3964
1855 3965
2131 3965
3804 3965
74 3966
799 3966
821 3966
947 3966
993 3966
2519 3966
3008 3966
3066 3966
677 3967
1985 3967
2787 3967
3708 3967
890 3968
113 3969
3245 3969
2396 3970
2491 3970
3358 3970
315 3971
311 3972
1752 3972
278 3973
4 3974
367 3974
481 3975
413 3976
132 3977
961 3977
2931 3977
3119 3977
2502 3978
2123 3979
2435 3980
2581 3980
826 3981
87 3982
104 3982
704 3982
723 3982
765 3982
874 3982
2734 3982
2763 3982
2807 3982
2866 3982
2912 3982
2958 3982
3512 3982
2839 3983
319 3984
1805 3984
1032 3985
2145 3986
71 3987
3544 3987
135 3988
181 3988
194 3988
324 3988
478 3988
792 3988
1823 3988
2483 3988
3203 3988
3410 3988
3875 3988
2581 3989
3245 3989
1047 3990
315 3991
425 3992
3381 3992
890 3993
957 3994
633 3995
781 3995
2856 3995
16 3996
2027 3996
12 3997
438 3997
551 3997
9 3998
988 3999
2484 3999
3049 3999
3052 3999
90 4000
661 4000
1066 4000
1195 4000
1554 4000
2028 4000
2888 4000
