1 2
1 3
2 3
1 4
2 4
3 4
1 5
2 5
3 5
4 5
1 6
2 6
3 6
4 6
5 6
1 7
2 7
3 7
4 7
5 7
6 7
1 8
2 8
3 8
4 8
5 8
6 8
7 8
1 9
2 9
3 9
4 9
5 9
6 9
7 9
8 9
1 10
2 10
3 10
4 10
5 10
6 10
7 10
8 10
9 10
11 12
5 13
6 13
11 13
12 13
4 14
8 14
9 14
10 14
11 14
12 14
13 14
11 15
12 15
13 15
14 15
11 16
12 16
13 16
14 16
15 16
11 17
12 17
13 17
14 17
15 17
16 17
7 18
15 19
12 20
2 21
8 22
14 23
2 24
2 25
2 26
15 27
5 28
11 29
2 30
16 31
14 32
13 33
1 34
9 35
12 36
7 37
11 38
16 39
8 40
16 41
8 42
15 43
9 44
10 45
10 46
14 47
3 48
12 49
13 50
15 51
16 52
14 53
10 54
16 55
13 56
14 56
15 56
20 56
16 57
1 58
35 59
39 59
11 60
14 61
45 62
11 63
15 63
16 63
12 64
13 64
15 64
36 65
8 66
12 66
17 66
61 66
1 67
3 67
8 67
15 68
61 69
12 70
42 71
66 71
9 72
12 73
14 73
16 73
63 73
1 74
47 74
53 75
13 76
14 77
11 78
16 79
3 80
7 80
10 80
14 80
31 80
35 80
1 81
10 82
2 83
45 83
16 84
77 84
9 85
22 85
66 85
74 86
32 87
16 88
2 89
15 90
61 91
16 92
12 93
40 94
19 95
66 95
14 96
15 97
14 98
16 99
97 100
14 101
17 102
85 102
50 103
61 103
2 104
3 104
4 104
5 104
7 104
8 104
3 105
4 105
6 105
9 105
21 105
30 105
89 105
99 105
104 105
8 106
1 107
5 107
10 107
19 108
15 109
95 109
108 109
11 110
5 111
13 112
14 113
84 113
53 114
5 115
16 116
96 117
10 118
10 119
11 120
16 120
36 120
64 120
70 120
73 120
10 121
13 122
14 122
15 122
75 123
11 124
17 124
20 124
49 124
64 124
70 124
14 125
16 126
65 127
16 128
16 129
99 129
11 130
13 130
14 130
16 130
17 130
19 130
27 130
63 130
64 130
90 130
97 130
109 130
98 131
45 132
15 133
17 133
108 133
120 134
1 135
4 136
11 137
2 138
105 138
1 139
70 139
116 140
8 141
85 141
87 142
14 143
1 144
14 145
14 146
50 147
12 148
17 148
19 148
56 148
97 148
109 148
133 148
2 149
105 149
2 150
105 150
14 151
140 152
13 153
14 153
15 153
16 153
14 154
16 155
66 155
102 155
124 155
130 155
10 156
1 157
6 157
7 157
9 157
22 157
34 157
42 157
67 157
106 157
141 157
140 158
40 159
84 160
16 161
11 162
66 163
7 164
2 165
3 165
4 165
6 165
8 165
9 165
58 165
74 165
107 165
139 165
26 166
1 167
10 167
8 168
85 168
124 169
142 169
142 170
14 171
20 171
98 172
56 173
10 174
103 175
61 176
16 177
16 178
5 179
15 180
85 181
155 181
62 182
83 182
7 183
124 184
2 185
3 185
4 185
142 185
85 186
7 187
56 187
40 188
13 189
140 190
16 191
16 192
103 193
16 194
26 195
70 196
165 196
129 197
124 198
84 199
41 200
15 201
62 201
130 201
163 202
1 203
165 203
22 204
34 204
42 204
106 204
142 205
36 206
5 207
12 208
165 208
85 209
155 209
44 210
13 211
124 212
16 213
70 213
73 213
134 213
194 213
2 214
3 214
4 214
5 214
6 214
10 214
58 214
74 214
87 214
157 214
11 215
17 215
53 215
113 215
130 215
145 215
151 215
153 215
10 216
198 216
37 217
85 217
215 218
84 219
105 220
13 221
15 221
5 222
16 223
16 224
138 225
163 225
16 226
3 227
9 227
30 227
89 227
99 227
104 227
138 227
149 227
150 227
155 228
16 229
77 229
122 229
219 229
16 230
4 231
128 232
11 233
44 234
193 235
56 236
50 237
61 237
175 237
7 238
14 239
43 239
239 240
1 241
142 242
13 243
105 244
16 245
11 246
140 247
13 248
48 249
142 249
116 250
155 251
15 252
11 253
16 254
43 255
2 256
4 256
5 256
7 256
8 256
54 256
80 256
119 256
156 256
216 256
5 257
40 258
58 259
74 259
105 259
139 259
196 259
200 260
84 261
140 262
98 263
16 264
110 264
120 264
124 264
233 264
246 264
142 265
14 266
16 267
11 268
31 268
52 268
57 268
84 268
88 268
92 268
99 268
120 268
128 268
129 268
130 268
153 268
155 268
161 268
177 268
192 268
213 268
224 268
229 268
230 268
245 268
264 268
267 268
3 269
16 269
105 270
1 271
153 271
87 272
185 272
265 272
123 273
37 274
151 275
61 276
21 277
150 277
220 277
105 278
40 279
103 280
235 280
98 281
91 282
176 282
123 283
84 284
1 285
175 286
94 287
159 287
188 287
13 288
5 289
6 289
7 289
58 289
81 289
107 289
135 289
203 289
69 290
16 291
155 292
268 293
239 294
85 295
211 295
53 296
280 297
16 298
10 299
2 300
9 300
58 300
196 300
203 300
2 301
9 301
58 301
196 301
203 301
222 302
22 303
66 303
102 303
186 303
209 303
13 304
171 305
165 306
176 307
237 307
276 307
278 308
50 309
138 310
124 311
16 312
181 312
268 312
14 313
280 314
111 315
268 315
40 316
165 317
58 318
105 318
139 318
201 319
14 320
20 320
98 321
155 322
155 323
303 323
116 324
12 325
13 326
14 327
40 328
287 328
4 329
6 329
10 329
157 329
37 330
85 330
66 331
1 332
85 333
312 333
16 334
2 335
3 335
5 335
6 335
7 335
8 335
9 335
14 335
70 335
165 335
250 336
287 336
4 337
6 337
30 337
99 337
104 337
149 337
220 337
11 338
232 339
315 339
13 340
14 341
51 341
56 341
63 341
90 341
13 342
303 342
16 343
61 344
307 344
7 345
13 346
14 347
76 347
75 348
120 348
213 348
322 349
14 350
40 351
195 352
13 353
103 354
237 354
13 355
16 356
302 357
138 358
12 359
66 360
109 360
85 361
1 362
289 362
14 363
215 363
16 364
218 365
12 366
15 366
130 366
7 367
9 367
22 367
42 367
106 367
85 368
98 369
1 370
140 371
14 372
16 373
104 374
14 375
277 376
337 376
287 377
16 378
213 379
351 380
2 381
3 381
5 381
6 381
10 381
354 381
98 382
8 383
157 383
204 383
367 383
98 384
10 385
383 386
37 387
175 387
293 387
11 388
10 389
53 390
98 391
76 392
142 393
272 393
80 394
337 395
56 396
4 397
8 397
15 397
53 397
122 397
151 397
153 397
154 397
171 397
239 397
341 397
363 397
372 397
375 397
124 398
1 399
2 399
3 399
4 399
8 399
14 399
46 399
80 399
82 399
107 399
118 399
121 399
216 399
329 399
381 399
385 399
1 400
5 401
13 402
139 403
10 404
315 405
10 406
3 407
4 407
8 407
155 408
196 409
309 410
139 411
16 412
1 413
14 414
16 415
111 415
10 416
2 417
4 417
6 417
34 417
58 417
135 417
241 417
271 417
370 417
399 417
99 418
1 419
104 419
36 420
16 421
37 422
302 423
10 424
12 424
13 424
15 424
17 424
47 424
56 424
61 424
96 424
101 424
113 424
122 424
130 424
151 424
239 424
266 424
320 424
335 424
341 424
414 424
16 425
200 425
280 426
17 427
27 427
102 428
186 428
342 428
16 429
98 430
212 430
155 431
417 432
333 433
1 434
244 435
341 436
13 437
11 438
32 438
210 439
424 440
13 441
125 441
85 442
14 443
43 443
424 443
39 444
5 445
140 446
16 447
246 447
268 447
182 448
188 449
197 450
50 451
140 451
9 452
106 452
77 453
156 453
11 454
119 454
227 455
380 456
56 457
10 458
192 458
333 459
13 460
16 460
215 460
14 461
80 461
107 461
118 461
121 461
156 461
167 461
214 461
216 461
329 461
389 461
406 461
458 461
142 462
19 463
7 464
14 465
175 465
215 465
424 465
6 466
12 467
124 467
320 467
14 468
424 468
14 469
118 469
156 469
216 469
458 469
302 470
2 471
33 472
2 473
4 473
6 473
8 473
25 473
58 473
74 473
139 473
196 473
306 473
335 473
9 474
358 474
105 475
120 475
227 475
16 476
71 476
105 477
85 478
472 479
163 480
315 481
280 482
66 483
62 484
204 485
367 485
268 486
40 487
85 488
98 489
447 490
86 491
157 492
204 492
4 493
5 493
6 493
18 493
80 493
104 493
157 493
187 493
256 493
289 493
367 493
464 493
56 494
296 494
320 494
151 495
51 496
424 496
13 497
389 497
1 498
36 499
9 500
210 500
234 500
276 501
344 501
14 502
87 502
215 502
124 503
215 504
106 505
163 506
155 507
303 507
272 508
150 509
10 510
96 511
7 512
16 513
124 514
16 515
64 516
134 516
40 517
14 518
314 518
397 518
11 519
16 520
73 520
134 520
200 520
268 520
348 520
302 521
2 522
105 522
190 523
56 524
353 524
15 525
13 526
192 527
204 528
367 528
139 529
168 530
10 531
21 531
163 532
397 533
16 534
27 535
11 536
272 537
80 538
156 538
216 538
282 539
2 540
315 541
32 542
502 542
12 543
16 543
239 544
14 545
272 546
239 547
16 548
56 549
1 550
226 551
98 552
397 553
7 554
311 554
409 554
8 555
71 555
157 555
346 555
367 555
61 556
307 556
10 557
160 558
219 558
268 558
310 558
319 558
397 559
146 560
15 561
239 561
255 561
1 562
10 563
256 563
538 563
120 564
16 565
174 565
444 565
501 566
268 567
10 568
16 569
232 569
66 570
202 570
225 570
397 571
255 572
457 572
98 573
80 574
550 574
333 575
232 576
315 576
494 577
16 578
16 579
268 579
339 580
450 580
16 581
61 582
501 582
2 583
195 583
2 584
473 584
9 585
59 585
80 585
205 586
1 587
7 588
80 589
195 590
315 591
337 592
383 593
1 594
53 595
122 595
153 595
154 595
341 595
363 595
533 595
559 595
13 596
14 596
133 596
424 596
339 597
13 598
16 599
16 600
82 600
140 601
16 602
501 603
7 604
6 605
9 605
30 605
99 605
220 605
244 605
259 605
278 605
318 605
150 606
66 607
336 607
150 608
285 609
424 609
155 610
10 611
11 611
17 611
23 611
32 611
53 611
77 611
80 611
113 611
146 611
171 611
266 611
335 611
341 611
347 611
350 611
443 611
596 611
580 612
84 613
248 613
611 613
284 614
461 614
538 614
14 615
611 615
282 616
16 617
458 617
76 618
140 619
10 620
256 620
16 621
15 622
100 622
576 622
621 622
16 623
461 624
10 625
16 626
16 627
557 628
243 629
268 630
15 631
108 631
233 632
13 633
278 634
124 635
85 636
336 637
501 638
32 639
142 639
214 639
40 640
231 641
12 642
27 643
43 643
56 643
64 643
68 643
97 643
133 643
366 643
397 643
525 643
7 644
493 644
333 645
62 646
319 646
13 647
16 648
615 648
11 649
471 650
12 651
380 651
1 652
288 653
550 653
69 654
6 655
157 655
187 655
464 655
644 655
45 656
201 656
646 656
100 657
469 658
124 659
139 659
213 659
71 660
32 661
53 662
16 663
84 664
213 665
2 666
227 666
605 666
14 667
238 668
102 669
342 669
16 670
25 670
36 670
70 670
564 670
85 671
397 672
3 673
10 673
461 673
639 673
33 674
479 674
54 675
605 676
128 677
576 677
45 678
201 678
538 679
32 680
502 680
176 681
201 681
616 681
44 682
32 683
44 684
512 684
681 684
100 685
16 686
71 686
595 687
204 688
366 689
11 690
315 691
13 692
75 693
6 694
644 694
32 695
105 696
605 696
634 696
124 697
406 697
201 698
16 699
268 699
50 700
307 700
65 701
183 702
673 702
43 703
17 704
90 704
109 704
155 704
215 704
366 704
424 704
1 705
289 705
286 706
681 706
204 707
367 707
302 708
313 709
302 710
315 711
567 711
622 711
677 711
171 712
1 713
289 713
163 714
166 714
669 715
61 716
11 717
2 718
11 719
264 720
632 720
12 721
315 722
165 723
98 724
87 725
185 725
508 725
16 726
300 727
417 727
322 728
54 729
1 730
14 731
182 732
278 732
13 733
613 733
138 734
87 735
252 735
611 735
639 735
680 735
695 735
142 736
37 737
25 738
564 738
221 739
450 739
496 739
12 740
629 741
1 742
3 742
5 742
6 742
18 742
80 742
157 742
238 742
335 742
554 742
604 742
644 742
150 743
13 744
40 745
429 745
5 746
681 747
139 748
10 749
210 750
11 751
721 752
26 753
714 753
139 754
196 754
605 754
170 755
249 755
462 755
268 756
11 757
128 758
11 759
11 760
56 761
13 762
239 763
380 764
11 765
264 765
175 766
41 767
425 767
520 767
64 768
90 768
97 768
2 769
195 769
100 770
32 771
43 772
673 773
764 773
116 774
450 775
12 776
14 777
709 777
418 778
123 779
11 780
670 780
111 781
268 781
339 781
541 781
576 781
691 781
407 782
13 783
8 784
61 785
424 786
6 787
80 787
335 787
604 787
644 787
75 788
114 788
215 788
390 788
595 788
611 788
84 789
125 790
138 791
336 792
14 793
611 793
683 793
771 793
16 794
213 794
213 795
96 796
1 797
711 798
725 799
558 800
11 801
12 802
12 803
320 803
219 804
140 805
621 806
752 807
320 808
56 809
116 810
210 811
263 812
12 813
151 814
102 815
181 815
228 815
251 815
268 815
322 815
323 815
431 815
704 815
735 816
220 817
105 818
605 818
493 819
738 820
98 821
268 822
61 823
354 823
493 824
124 825
41 826
225 826
520 826
7 827
634 827
787 827
615 828
457 829
452 830
461 830
639 830
702 830
35 831
289 831
16 832
178 833
341 833
704 833
768 833
61 834
307 834
105 835
120 835
352 836
697 836
85 837
32 838
50 839
516 840
753 841
45 842
205 843
11 844
681 845
682 846
140 847
611 848
120 849
213 849
54 850
16 851
111 851
810 852
223 853
576 854
595 854
284 855
461 855
538 855
584 856
320 857
495 857
577 857
669 858
272 859
1 860
337 861
605 861
650 862
16 863
13 864
32 865
105 866
227 866
337 866
105 867
161 867
87 868
438 868
611 868
838 868
865 868
188 869
16 870
57 870
5 871
85 872
435 872
98 873
1 874
4 875
104 875
149 875
220 875
395 875
866 875
811 876
538 877
139 878
387 879
12 880
320 881
201 882
228 882
845 882
807 883
139 884
56 885
239 886
13 887
397 887
85 888
96 889
840 889
629 890
13 891
130 891
181 892
272 892
10 893
23 893
26 894
341 894
124 895
374 895
5 896
14 897
84 897
229 897
45 898
646 898
1 899
256 900
675 900
105 901
4 902
10 902
13 902
17 902
61 902
77 902
96 902
113 902
145 902
146 902
151 902
171 902
239 902
320 902
375 902
443 902
465 902
518 902
596 902
654 902
793 902
3 903
4 903
5 903
10 903
21 903
24 903
25 903
30 903
83 903
138 903
165 903
214 903
300 903
417 903
540 903
718 903
769 903
480 904
14 905
174 906
341 907
768 907
641 908
175 909
215 909
902 909
105 910
605 910
10 911
16 912
16 913
268 913
173 914
175 915
215 915
902 915
87 916
438 916
611 916
865 916
104 917
43 918
456 919
600 919
651 919
16 920
1 921
2 922
9 922
203 922
903 922
653 923
682 924
232 925
58 926
105 926
119 926
139 926
13 927
669 927
1 928
214 929
289 929
300 929
318 929
473 929
572 930
381 931
823 931
898 932
781 933
851 933
11 934
303 935
419 935
333 936
7 937
655 937
10 938
195 939
13 940
29 940
60 940
63 940
137 940
215 940
388 940
454 940
536 940
649 940
717 940
719 940
751 940
256 941
710 941
163 942
460 943
914 943
84 944
226 945
3 946
461 946
581 946
10 947
16 948
490 948
584 949
26 950
583 950
590 950
769 950
461 951
155 952
44 953
924 953
163 954
904 955
123 956
3 957
102 958
715 958
927 958
10 959
714 959
250 960
450 960
96 961
215 962
365 962
120 963
520 963
32 964
100 965
4 966
5 966
10 966
14 966
40 966
42 966
168 966
335 966
784 966
19 967
66 967
720 967
14 968
709 968
278 969
315 970
110 971
120 971
124 971
124 972
56 973
66 974
98 975
2 976
10 976
354 976
781 977
11 978
335 979
595 980
611 980
926 980
328 981
336 981
377 981
560 982
904 983
124 984
66 985
278 985
171 986
352 987
5 988
10 989
100 990
734 990
538 991
16 992
227 992
337 992
418 992
605 992
259 993
473 993
62 994
381 995
2 996
105 996
277 996
53 997
124 998
461 999
424 1000
81 1001
493 1001
713 1001
929 1001
124 1002
406 1002
836 1002
105 1003
526 1003
165 1004
66 1005
385 1005
700 1005
16 1006
21 1006
11 1007
13 1007
14 1007
16 1007
19 1007
43 1007
56 1007
63 1007
64 1007
109 1007
133 1007
153 1007
252 1007
397 1007
424 1007
525 1007
561 1007
631 1007
268 1008
5 1009
105 1010
441 1010
45 1011
201 1011
16 1012
595 1013
11 1014
940 1014
669 1015
228 1016
268 1017
381 1018
702 1019
773 1019
2 1020
105 1020
249 1021
462 1021
681 1022
12 1023
309 1024
5 1025
108 1026
898 1026
4 1027
10 1027
17 1027
320 1027
443 1027
465 1027
518 1027
596 1027
654 1027
909 1027
915 1027
438 1028
8 1029
966 1029
17 1030
19 1030
63 1030
90 1030
97 1030
109 1030
155 1030
201 1030
268 1030
366 1030
424 1030
30 1031
655 1031
742 1031
216 1032
458 1032
890 1033
14 1034
310 1034
611 1034
902 1034
406 1035
7 1036
903 1037
520 1038
197 1039
960 1039
87 1040
215 1040
98 1041
130 1042
56 1043
98 1044
328 1045
1 1046
3 1046
136 1046
214 1046
231 1046
329 1046
337 1046
473 1046
875 1046
1 1047
609 1047
40 1048
42 1048
168 1048
16 1049
1 1050
66 1051
570 1051
1007 1052
661 1053
680 1053
964 1053
140 1054
56 1055
84 1056
615 1057
14 1058
121 1059
495 1060
342 1061
495 1062
902 1062
333 1063
98 1064
205 1065
90 1066
915 1067
3 1068
165 1069
80 1070
335 1070
604 1070
644 1070
432 1071
904 1072
16 1073
4 1074
227 1074
417 1075
428 1076
1 1077
16 1078
71 1078
201 1079
845 1079
69 1080
65 1081
124 1081
1 1082
81 1083
643 1084
124 1085
781 1086
851 1086
116 1087
152 1088
262 1088
601 1088
619 1088
805 1088
1054 1088
165 1089
40 1090
520 1091
66 1092
17 1093
56 1093
63 1093
201 1093
252 1093
424 1093
525 1093
268 1094
584 1095
419 1096
124 1097
1 1098
53 1099
16 1100
232 1100
268 1100
677 1100
605 1101
634 1101
726 1101
165 1102
101 1103
368 1104
565 1105
197 1106
13 1107
359 1107
389 1107
16 1108
116 1109
626 1110
16 1111
174 1111
1 1112
4 1113
15 1113
122 1113
341 1113
363 1113
375 1113
518 1113
533 1113
571 1113
56 1114
353 1114
226 1115
558 1116
1 1117
45 1118
201 1118
4 1119
320 1119
465 1119
228 1120
102 1121
186 1121
33 1122
1 1123
19 1124
16 1125
725 1126
10 1127
461 1127
1002 1127
204 1128
367 1128
768 1129
16 1130
520 1131
16 1132
19 1132
27 1132
63 1132
64 1132
68 1132
90 1132
97 1132
109 1132
133 1132
180 1132
397 1132
622 1132
631 1132
13 1133
122 1134
571 1134
1024 1134
129 1135
1106 1135
50 1136
307 1136
13 1137
120 1138
520 1138
565 1139
98 1140
2 1141
98 1142
307 1143
14 1144
310 1144
40 1145
53 1146
150 1146
817 1147
14 1148
163 1149
103 1150
244 1151
151 1152
1060 1152
278 1153
781 1154
124 1155
61 1156
501 1156
16 1157
268 1157
61 1158
54 1159
622 1159
248 1160
733 1160
140 1161
140 1162
397 1163
595 1163
124 1164
14 1165
424 1165
513 1166
529 1166
1042 1167
684 1168
706 1168
747 1168
963 1168
1022 1168
62 1169
732 1169
479 1170
103 1171
235 1171
339 1172
661 1173
152 1174
536 1174
631 1175
1026 1175
5 1176
50 1177
840 1178
720 1179
124 1180
912 1181
124 1182
10 1183
241 1184
565 1185
906 1185
1111 1185
417 1186
139 1187
34 1188
42 1188
485 1188
688 1188
707 1188
441 1189
11 1190
495 1191
1152 1191
105 1192
1059 1192
5 1193
53 1194
150 1194
908 1194
287 1195
19 1196
643 1197
704 1197
155 1198
155 1199
336 1200
1034 1201
1041 1202
720 1203
681 1204
1080 1204
1168 1204
212 1205
655 1206
742 1206
787 1206
1070 1206
16 1207
10 1208
68 1208
600 1208
405 1209
481 1209
541 1209
591 1209
377 1210
536 1211
745 1212
907 1212
337 1213
418 1213
140 1214
1100 1214
16 1215
201 1216
720 1217
1209 1218
16 1219
41 1220
1209 1220
14 1221
15 1221
16 1221
17 1221
49 1221
73 1221
359 1221
424 1221
543 1221
721 1221
880 1221
26 1222
583 1222
590 1222
706 1223
405 1224
481 1224
591 1224
146 1225
982 1225
5 1226
6 1226
18 1226
80 1226
187 1226
289 1226
464 1226
644 1226
1001 1226
536 1227
558 1228
646 1228
12 1229
13 1230
1 1231
259 1231
473 1231
754 1231
1187 1231
85 1232
214 1233
673 1233
735 1233
605 1234
929 1234
883 1235
305 1236
720 1237
4 1238
1046 1238
13 1239
547 1240
655 1240
787 1240
1 1241
253 1242
1 1243
417 1243
100 1244
104 1245
228 1246
738 1247
233 1248
720 1248
525 1249
629 1250
1033 1250
677 1251
100 1252
98 1253
195 1254
518 1254
8 1255
17 1255
71 1255
95 1255
155 1255
331 1255
360 1255
483 1255
570 1255
974 1255
985 1255
1051 1255
1092 1255
12 1256
641 1257
66 1258
1255 1259
460 1260
479 1261
32 1262
268 1263
390 1264
654 1264
80 1265
104 1266
653 1267
732 1268
495 1269
577 1269
417 1270
1041 1271
5 1272
257 1273
90 1274
817 1274
165 1275
461 1275
66 1276
202 1276
1051 1276
525 1277
204 1278
1188 1278
4 1279
99 1279
149 1279
395 1279
592 1279
861 1279
992 1279
320 1280
1166 1281
1278 1281
704 1282
54 1283
11 1284
558 1285
84 1286
580 1287
40 1288
123 1289
711 1290
174 1291
444 1291
377 1292
1215 1292
215 1293
9 1294
210 1294
69 1295
5 1296
672 1296
1042 1297
14 1298
5 1299
7 1299
54 1299
119 1299
144 1299
216 1299
493 1299
1 1300
1156 1301
713 1302
929 1302
30 1303
268 1303
87 1304
185 1304
799 1304
407 1305
26 1306
352 1306
583 1306
1254 1306
139 1307
317 1307
43 1308
105 1309
774 1309
278 1310
268 1311
6 1312
80 1312
604 1312
1240 1312
5 1313
757 1314
302 1315
622 1316
512 1317
950 1317
940 1318
1209 1319
1224 1319
482 1320
417 1321
781 1322
50 1323
8 1324
966 1324
165 1325
342 1326
317 1327
165 1328
301 1328
13 1329
62 1330
1210 1330
56 1331
64 1331
525 1331
1084 1331
1160 1332
904 1333
1 1334
3 1335
136 1335
214 1335
329 1335
337 1335
1238 1335
50 1336
140 1336
13 1337
84 1338
195 1339
894 1339
1222 1339
354 1340
171 1341
168 1342
419 1343
303 1344
669 1344
1061 1344
1248 1344
1326 1344
883 1345
5 1346
24 1346
30 1346
104 1346
138 1346
256 1346
300 1346
301 1346
335 1346
381 1346
976 1346
43 1347
16 1348
56 1349
397 1349
525 1349
1084 1349
1197 1349
66 1350
1051 1350
13 1351
213 1352
14 1353
720 1354
256 1355
139 1356
495 1357
577 1357
383 1358
342 1359
1 1360
5 1361
496 1362
124 1363
268 1364
1227 1365
215 1366
1233 1367
904 1368
16 1369
200 1370
228 1371
223 1372
1 1373
1 1374
10 1374
461 1374
10 1375
13 1375
96 1375
145 1375
239 1375
320 1375
375 1375
443 1375
793 1375
1034 1375
66 1376
570 1376
1350 1376
720 1377
1168 1378
14 1379
10 1380
11 1381
98 1382
12 1383
200 1384
157 1385
204 1385
5 1386
366 1387
101 1388
684 1389
109 1390
734 1391
10 1392
614 1393
13 1394
19 1394
43 1394
64 1394
109 1394
133 1394
153 1394
397 1394
284 1395
1231 1395
1104 1396
105 1397
435 1397
605 1397
1147 1397
297 1398
16 1399
165 1400
65 1401
10 1402
13 1402
145 1402
320 1402
443 1402
793 1402
1034 1402
5 1403
565 1404
37 1405
10 1406
902 1407
1027 1407
1402 1407
720 1408
11 1409
264 1409
1061 1410
1359 1410
840 1411
32 1412
11 1413
13 1413
14 1413
19 1413
43 1413
56 1413
133 1413
397 1413
525 1413
1052 1413
1255 1414
108 1415
898 1415
98 1416
108 1417
898 1417
45 1418
11 1419
11 1420
13 1420
1052 1420
250 1421
287 1421
607 1421
637 1421
792 1421
981 1421
1200 1421
883 1422
37 1423
568 1423
460 1424
914 1424
5 1425
1235 1426
16 1427
933 1427
1086 1427
585 1428
153 1429
1222 1430
1072 1431
1237 1432
25 1433
74 1433
491 1433
9 1434
358 1434
735 1435
176 1436
616 1436
684 1436
706 1436
747 1436
5 1437
6 1437
18 1437
80 1437
289 1437
1001 1437
248 1438
990 1439
165 1440
1342 1441
26 1442
714 1442
383 1443
32 1444
1209 1445
890 1446
12 1447
15 1447
130 1447
516 1447
175 1448
706 1448
223 1449
85 1450
54 1451
140 1452
1174 1452
615 1453
1155 1453
241 1454
310 1455
19 1456
101 1456
11 1457
85 1458
10 1459
1005 1459
45 1460
12 1461
204 1462
139 1463
1231 1463
481 1464
22 1465
186 1465
442 1465
636 1465
671 1465
11 1466
165 1467
16 1468
124 1468
130 1468
181 1468
209 1468
268 1468
292 1468
610 1468
952 1468
1198 1468
1255 1468
763 1469
584 1470
11 1471
17 1472
359 1472
424 1472
880 1472
21 1473
558 1473
11 1474
63 1474
109 1474
201 1474
268 1474
424 1474
1042 1474
397 1475
607 1475
333 1476
44 1477
924 1477
10 1478
461 1478
697 1478
1035 1478
1276 1479
13 1480
43 1481
397 1481
1052 1481
103 1482
11 1483
781 1484
851 1484
13 1485
63 1486
268 1486
40 1487
380 1487
8 1488
157 1488
367 1488
452 1488
280 1489
10 1490
1215 1491
1252 1491
16 1492
36 1492
70 1492
780 1492
35 1493
631 1494
16 1495
956 1496
10 1497
40 1498
45 1499
16 1500
1292 1500
1491 1500
773 1501
150 1502
230 1503
347 1503
1037 1503
7 1504
787 1504
643 1505
741 1506
890 1506
3 1507
62 1508
681 1508
882 1508
1011 1508
1030 1508
1079 1508
1093 1508
1216 1508
98 1509
869 1509
986 1509
1046 1510
98 1511
1508 1512
914 1513
35 1514
474 1515
1434 1515
474 1516
1026 1517
1415 1517
647 1518
735 1519
170 1520
185 1520
265 1520
462 1520
929 1521
193 1522
10 1523
333 1524
681 1525
956 1526
16 1527
232 1527
868 1528
73 1529
767 1529
1091 1529
867 1530
1018 1530
600 1531
200 1532
1121 1533
12 1534
15 1534
193 1535
441 1536
580 1537
32 1538
98 1539
140 1540
1088 1540
285 1541
11 1542
10 1543
256 1543
538 1543
50 1544
685 1545
643 1546
867 1547
845 1548
1508 1548
11 1549
12 1549
13 1549
19 1549
27 1549
43 1549
51 1549
68 1549
90 1549
109 1549
180 1549
201 1549
424 1549
525 1549
622 1549
1113 1549
1447 1549
1534 1549
545 1550
406 1551
836 1551
732 1552
608 1553
84 1554
1465 1555
9 1556
58 1556
196 1556
727 1556
607 1557
1210 1558
8 1559
1 1560
1018 1560
525 1561
1197 1561
157 1562
96 1563
50 1564
105 1564
680 1564
104 1565
35 1566
983 1567
1333 1567
1368 1567
69 1568
1027 1568
417 1569
57 1570
195 1570
1222 1570
45 1571
5 1572
16 1573
16 1574
213 1574
77 1575
465 1575
596 1575
909 1575
1407 1575
339 1576
1287 1576
10 1577
538 1577
1496 1578
720 1579
5 1580
8 1580
227 1580
419 1580
1245 1580
1346 1580
417 1581
16 1582
268 1582
256 1583
130 1584
228 1584
251 1584
268 1584
292 1584
322 1584
431 1584
296 1585
940 1586
268 1587
32 1588
502 1588
735 1588
1053 1588
102 1589
715 1589
98 1590
16 1591
418 1592
1262 1592
1279 1592
1 1593
461 1593
639 1594
684 1594
342 1595
456 1596
651 1596
1487 1596
124 1597
14 1598
50 1599
12 1600
1354 1601
1408 1601
979 1602
595 1603
611 1603
926 1603
1045 1603
163 1604
807 1605
1235 1605
98 1606
1 1607
103 1608
320 1608
1135 1609
1172 1609
289 1610
1046 1611
10 1612
1233 1612
385 1613
5 1614
119 1614
144 1614
85 1615
3 1616
9 1616
89 1616
99 1616
104 1616
866 1616
150 1617
29 1618
1 1619
165 1619
318 1619
473 1619
529 1619
659 1619
748 1619
926 1619
1187 1619
1356 1619
1463 1619
128 1620
595 1621
268 1622
1292 1623
101 1624
10 1625
697 1625
1002 1625
227 1626
35 1627
585 1627
24 1628
1468 1629
16 1630
564 1630
1 1631
77 1632
479 1633
104 1634
185 1635
537 1635
546 1635
9 1636
1302 1636
1255 1637
16 1638
200 1638
681 1639
309 1640
14 1641
20 1641
148 1641
494 1641
761 1641
885 1641
1043 1641
1093 1641
99 1642
120 1642
124 1642
139 1642
196 1642
1078 1642
221 1643
1439 1644
1167 1645
1453 1646
397 1647
902 1647
1027 1647
1113 1647
1254 1647
11 1648
16 1649
102 1649
181 1649
209 1649
268 1649
292 1649
431 1649
507 1649
1030 1649
1198 1649
1199 1649
1255 1649
202 1650
1042 1651
1160 1652
106 1653
243 1653
1018 1654
2 1655
883 1656
10 1657
1 1658
3 1659
1 1660
570 1661
1350 1661
496 1662
605 1663
634 1663
197 1664
1135 1664
406 1665
282 1666
85 1667
16 1668
11 1669
152 1670
2 1671
473 1671
670 1671
1156 1672
940 1673
1041 1674
5 1675
302 1675
967 1675
993 1676
674 1677
595 1678
278 1679
1255 1679
1359 1679
846 1680
1394 1681
98 1682
32 1683
1198 1684
424 1685
902 1685
473 1686
205 1687
7 1688
1609 1689
576 1690
1527 1690
16 1691
615 1692
900 1692
735 1693
1091 1693
16 1694
870 1694
1225 1695
2 1696
4 1696
6 1696
34 1696
241 1696
370 1696
727 1696
903 1696
918 1697
16 1698
13 1699
130 1699
1394 1699
1472 1700
83 1701
732 1701
1224 1702
156 1703
458 1703
669 1704
1322 1705
1636 1705
1 1706
2 1706
3 1706
8 1706
35 1706
72 1706
301 1706
335 1706
452 1706
474 1706
585 1706
1556 1706
854 1707
1071 1707
1046 1708
1600 1708
58 1709
196 1709
50 1710
611 1711
1402 1711
1 1712
2 1712
301 1712
335 1712
474 1712
1556 1712
282 1713
62 1714
268 1715
1508 1715
904 1716
125 1717
132 1718
656 1718
678 1718
1011 1718
1118 1718
1418 1718
1571 1718
1342 1719
130 1720
985 1720
1549 1720
101 1721
50 1722
828 1723
347 1724
774 1725
297 1726
87 1727
205 1728
100 1729
14 1730
15 1730
49 1730
73 1730
16 1731
255 1732
930 1732
4 1733
1200 1734
13 1735
669 1735
124 1736
37 1737
244 1738
66 1739
684 1740
1204 1740
1508 1740
516 1741
1178 1741
902 1742
1071 1743
83 1744
732 1744
438 1745
788 1746
681 1747
1715 1747
1740 1747
2 1748
1306 1748
176 1749
684 1749
747 1749
17 1750
198 1750
264 1750
398 1750
467 1750
514 1750
659 1750
697 1750
895 1750
971 1750
984 1750
1085 1750
1097 1750
1155 1750
1210 1751
367 1752
34 1753
106 1753
528 1753
1385 1753
176 1754
237 1754
276 1754
344 1754
700 1754
1136 1754
14 1755
512 1756
950 1756
121 1757
1192 1757
1001 1758
474 1759
1436 1760
1720 1760
11 1761
4 1762
256 1762
300 1762
399 1762
417 1762
471 1762
522 1762
584 1762
769 1762
976 1762
1020 1762
1141 1762
1655 1762
1706 1762
1748 1762
200 1763
918 1764
155 1765
1492 1766
1422 1767
14 1768
711 1769
140 1770
432 1771
815 1771
557 1772
1224 1772
1706 1773
5 1774
1641 1775
1436 1776
1720 1776
13 1777
1052 1777
13 1778
629 1778
214 1779
735 1779
124 1780
16 1781
1409 1781
268 1782
1551 1783
650 1784
91 1785
716 1785
823 1785
937 1785
1158 1785
140 1786
1237 1787
1720 1787
54 1788
725 1789
1304 1789
1292 1790
526 1791
195 1792
3 1793
136 1793
473 1793
1708 1793
223 1794
124 1795
227 1796
16 1797
636 1797
1713 1798
1142 1799
98 1800
812 1800
10 1801
538 1801
16 1802
900 1803
335 1804
474 1804
1556 1804
558 1805
926 1806
761 1807
280 1808
1597 1808
175 1809
215 1809
1027 1809
473 1810
309 1811
328 1812
336 1812
929 1813
90 1814
50 1815
644 1816
205 1817
1051 1818
1376 1818
1661 1818
62 1819
140 1820
12 1821
406 1822
8 1823
12 1823
17 1823
20 1823
71 1823
155 1823
360 1823
604 1823
607 1823
967 1823
974 1823
1276 1823
583 1824
1254 1824
1748 1824
151 1825
907 1825
1191 1825
761 1826
1060 1827
1357 1827
1357 1828
1797 1828
16 1829
57 1829
1694 1829
108 1830
898 1830
1517 1830
1009 1831
11 1832
20 1832
49 1832
148 1832
359 1832
543 1832
642 1832
651 1832
721 1832
1023 1832
1256 1832
1383 1832
1821 1832
1823 1832
58 1833
105 1833
139 1833
605 1833
993 1833
66 1834
195 1835
71 1836
264 1837
1753 1838
268 1839
268 1840
153 1841
461 1842
124 1843
339 1844
1831 1845
171 1846
621 1847
1478 1848
1788 1848
256 1849
461 1849
538 1849
1032 1849
1299 1849
1542 1850
407 1851
226 1852
600 1853
9 1854
22 1854
42 1854
383 1854
493 1854
1488 1854
1191 1855
12 1856
27 1856
51 1856
68 1856
109 1856
230 1856
525 1856
1113 1856
1534 1856
1572 1856
182 1857
1 1858
318 1858
748 1858
926 1858
1187 1858
307 1859
1210 1860
1276 1861
302 1862
941 1862
1042 1863
35 1864
16 1865
85 1866
1290 1867
1832 1867
1436 1868
1720 1868
22 1869
106 1869
707 1869
1385 1869
1462 1869
101 1870
56 1871
438 1872
1478 1873
1478 1874
406 1875
105 1876
914 1877
1454 1878
248 1879
1332 1879
10 1880
593 1881
14 1882
156 1882
658 1882
1598 1882
101 1883
450 1884
647 1885
565 1886
1233 1887
268 1888
1227 1888
896 1889
914 1889
668 1890
742 1890
57 1891
3 1892
1696 1893
14 1894
1550 1894
201 1895
226 1896
1610 1896
161 1897
268 1897
706 1898
926 1899
660 1900
605 1901
929 1901
160 1902
219 1902
310 1902
61 1903
1785 1903
155 1904
1584 1904
585 1905
2 1906
3 1906
4 1906
85 1907
59 1908
1566 1908
1864 1908
685 1909
772 1910
1308 1910
1347 1910
1413 1910
1753 1911
1 1912
13 1913
1791 1913
16 1914
366 1915
155 1916
8 1917
157 1917
452 1917
1854 1917
471 1918
862 1918
1784 1918
16 1919
85 1920
196 1921
87 1922
16 1923
16 1924
106 1925
528 1925
447 1926
948 1926
397 1927
1296 1927
1545 1928
1909 1928
611 1929
926 1929
1001 1930
100 1931
17 1932
63 1932
97 1932
424 1932
1508 1932
468 1933
260 1934
204 1935
1869 1935
157 1936
173 1937
1424 1937
1513 1937
1889 1937
993 1938
3 1939
4 1939
8 1939
1118 1940
3 1941
4 1941
641 1942
16 1943
227 1944
684 1945
1818 1946
1126 1947
573 1948
1947 1949
2 1950
1762 1950
1 1951
121 1952
584 1953
735 1954
5 1955
256 1956
1649 1957
367 1958
1850 1958
16 1959
918 1960
436 1961
595 1961
1113 1961
1723 1962
1026 1963
1415 1963
1830 1963
11 1964
15 1964
16 1964
940 1964
1007 1964
1030 1964
1093 1964
1474 1964
1932 1964
1785 1965
1942 1966
1045 1967
383 1968
797 1968
14 1969
424 1969
289 1970
105 1971
277 1971
1006 1971
1409 1971
11 1972
268 1973
541 1973
591 1973
691 1973
1 1974
720 1975
1024 1975
13 1976
16 1976
1424 1976
16 1977
1690 1977
98 1978
7 1979
742 1979
338 1980
450 1980
1597 1981
1084 1982
16 1983
13 1984
298 1984
1 1985
1090 1985
68 1986
230 1986
525 1986
1113 1986
116 1987
473 1988
98 1989
264 1990
14 1991
118 1991
216 1991
40 1992
287 1992
1400 1992
473 1993
1095 1993
1222 1993
1762 1993
229 1994
595 1994
1113 1994
13 1995
464 1996
1 1997
684 1998
720 1999
171 2000
1509 2000
139 2001
605 2001
929 2001
101 2002
10 2003
1793 2004
139 2005
1754 2006
116 2007
275 2008
983 2008
1410 2008
10 2009
828 2010
307 2011
714 2012
315 2013
124 2014
1 2015
2 2015
10 2015
104 2015
105 2015
227 2015
269 2015
1046 2015
1068 2015
1335 2015
1507 2015
1793 2015
1939 2015
1941 2015
160 2016
310 2016
124 2017
5 2018
6 2018
80 2018
464 2018
644 2018
824 2018
1299 2018
1854 2018
5 2019
1335 2020
3 2021
380 2022
66 2023
40 2024
1968 2024
339 2025
450 2025
1287 2025
1537 2025
226 2026
1331 2026
817 2027
1295 2027
1701 2027
1027 2028
1118 2028
1575 2028
417 2029
171 2030
235 2031
732 2032
1624 2033
1721 2033
1870 2033
1883 2033
73 2034
767 2034
219 2035
166 2036
98 2037
8 2038
71 2038
171 2039
1509 2039
628 2040
11 2041
1096 2042
207 2043
438 2044
11 2045
1472 2046
185 2047
462 2047
1368 2048
681 2049
219 2050
284 2051
461 2051
87 2052
871 2053
605 2054
1147 2054
101 2055
25 2056
74 2056
1879 2056
130 2057
431 2057
461 2058
702 2058
1721 2059
1870 2059
1883 2059
631 2060
124 2061
389 2062
16 2063
1690 2063
70 2064
259 2064
473 2064
1642 2064
1921 2064
56 2065
128 2066
1443 2066
333 2067
213 2068
171 2069
1439 2070
168 2071
210 2072
17 2073
669 2073
1589 2073
1103 2074
1456 2074
1624 2074
1883 2074
124 2075
738 2076
840 2077
232 2078
580 2078
1576 2078
1844 2078
2033 2079
2059 2079
81 2080
873 2081
397 2082
595 2082
2 2083
1616 2083
15 2084
16 2084
17 2084
359 2084
424 2084
543 2084
11 2085
1342 2085
924 2086
1978 2086
1400 2087
210 2088
318 2089
16 2090
206 2090
287 2091
449 2091
869 2091
5 2092
2043 2092
102 2093
323 2093
342 2093
1275 2093
110 2094
120 2094
1962 2095
7 2096
330 2096
10 2097
256 2098
501 2099
223 2100
2080 2101
904 2102
1567 2102
2048 2102
124 2103
904 2104
85 2105
201 2106
1508 2106
161 2107
61 2108
1754 2108
80 2109
855 2109
877 2109
1577 2109
13 2110
653 2110
235 2111
482 2111
1168 2112
288 2113
550 2113
923 2113
2110 2113
903 2114
113 2115
219 2115
789 2115
944 2115
1286 2115
85 2116
287 2116
303 2116
428 2116
1121 2116
817 2117
1863 2117
14 2118
609 2118
35 2119
369 2119
584 2119
84 2120
990 2121
4 2122
8 2122
58 2122
993 2122
1046 2122
1793 2122
1810 2122
1988 2122
133 2123
1026 2123
1118 2124
406 2125
1041 2126
317 2127
1783 2128
105 2129
743 2129
1146 2129
1194 2129
1617 2129
732 2130
1857 2130
1413 2131
3 2132
4 2132
21 2132
30 2132
138 2132
417 2132
540 2132
769 2132
43 2133
173 2134
341 2134
424 2134
457 2134
549 2134
643 2134
809 2134
885 2134
973 2134
1007 2134
1043 2134
1055 2134
1093 2134
2065 2134
478 2135
904 2135
1567 2135
2048 2135
481 2136
577 2137
1 2138
16 2139
165 2140
2093 2140
725 2141
1762 2141
288 2142
550 2142
16 2143
644 2143
285 2144
886 2145
1156 2146
1011 2147
1030 2147
1216 2147
1512 2147
1932 2147
2106 2147
952 2148
1848 2148
16 2149
333 2150
758 2151
1716 2152
124 2153
898 2154
15 2155
53 2156
854 2156
1013 2156
1621 2156
1994 2156
85 2157
1577 2158
772 2159
918 2159
1007 2159
1413 2159
761 2160
525 2161
1197 2161
1 2162
12 2163
16 2164
66 2164
102 2164
124 2164
181 2164
251 2164
431 2164
507 2164
704 2164
1030 2164
1198 2164
1199 2164
1255 2164
1765 2164
1823 2164
1 2165
1518 2166
993 2167
14 2168
424 2168
685 2168
796 2168
902 2168
961 2168
1375 2168
1 2169
638 2170
1055 2170
373 2171
1961 2172
2110 2173
227 2174
1041 2175
407 2176
918 2177
11 2178
16 2179
1491 2179
459 2180
1984 2181
383 2182
256 2183
33 2184
1222 2185
1306 2185
1442 2185
1465 2186
531 2187
1006 2187
1473 2187
2132 2187
103 2188
518 2189
1647 2189
1824 2189
557 2190
26 2191
590 2191
1430 2191
13 2192
930 2193
1 2194
1636 2195
4 2196
99 2196
1592 2196
98 2197
1255 2198
926 2199
2037 2200
1625 2201
1870 2202
81 2203
1685 2204
2074 2205
4 2206
12 2206
15 2206
32 2206
47 2206
77 2206
101 2206
113 2206
145 2206
146 2206
266 2206
313 2206
341 2206
347 2206
350 2206
372 2206
375 2206
465 2206
897 2206
1298 2206
1353 2206
1598 2206
1641 2206
1768 2206
1991 2206
2118 2206
2168 2206
74 2207
45 2208
1026 2208
1415 2208
1417 2208
1830 2208
1 2209
227 2209
1068 2209
1939 2209
2091 2209
69 2210
565 2211
61 2212
750 2213
1294 2213
303 2214
797 2214
368 2215
62 2216
132 2216
898 2216
1499 2216
737 2217
787 2218
1312 2218
1508 2219
5 2220
13 2221
397 2221
607 2222
653 2223
2113 2223
58 2224
105 2224
11 2225
13 2225
14 2225
15 2225
16 2225
102 2225
124 2225
148 2225
611 2225
902 2225
1255 2225
1472 2225
45 2226
14 2227
1550 2227
742 2228
474 2229
1434 2229
98 2230
35 2231
44 2232
205 2233
2065 2234
12 2235
6 2236
289 2236
1001 2236
1854 2236
101 2237
2074 2237
432 2238
1707 2238
282 2239
387 2240
547 2241
201 2242
152 2243
84 2244
902 2245
10 2246
1614 2246
213 2247
1961 2248
397 2249
595 2249
1281 2250
11 2251
1870 2252
98 2253
948 2254
248 2255
201 2256
845 2256
1747 2257
381 2258
680 2259
2050 2260
96 2261
142 2261
2232 2261
107 2262
3 2263
5 2263
74 2263
81 2263
144 2263
370 2263
419 2263
434 2263
594 2263
652 2263
730 2263
742 2263
860 2263
874 2263
899 2263
928 2263
1046 2263
1047 2263
1077 2263
1117 2263
1123 2263
1241 2263
1243 2263
1300 2263
1334 2263
1374 2263
1607 2263
1619 2263
1631 2263
1658 2263
1660 2263
1951 2263
2015 2263
2138 2263
2162 2263
2194 2263
2235 2263
1231 2264
120 2265
520 2265
1478 2266
366 2267
94 2268
159 2268
328 2268
1992 2268
2116 2268
3 2269
4 2269
142 2269
1304 2269
1635 2269
2047 2269
735 2270
1706 2271
163 2272
2015 2273
1453 2274
1415 2275
1417 2275
1830 2275
2154 2275
2206 2275
990 2276
1644 2276
102 2277
791 2277
1015 2277
474 2278
407 2279
599 2280
1059 2281
15 2282
84 2283
2115 2283
886 2284
629 2285
1446 2285
157 2286
2038 2286
383 2287
432 2288
1707 2288
238 2289
1166 2289
1209 2290
58 2291
993 2291
1046 2291
1793 2291
1810 2291
1988 2291
264 2292
226 2293
282 2294
653 2294
140 2295
50 2296
1831 2297
85 2298
1696 2299
1 2300
98 2301
102 2302
255 2303
930 2303
152 2304
1452 2304
383 2305
1886 2306
1704 2307
904 2308
1721 2309
495 2310
287 2311
1304 2312
227 2313
495 2314
1152 2314
684 2315
643 2316
1208 2316
1986 2316
1570 2317
1891 2317
417 2318
735 2319
940 2320
1379 2321
1209 2322
622 2323
993 2324
1471 2324
1909 2325
469 2326
1882 2326
16 2327
1926 2327
268 2328
711 2329
2314 2329
902 2330
1254 2330
2189 2330
1367 2331
1194 2332
383 2333
1312 2333
397 2334
168 2335
2085 2335
681 2336
1740 2336
2315 2336
10 2337
461 2337
1107 2337
4 2338
44 2339
846 2339
924 2339
53 2340
615 2341
729 2342
1231 2343
381 2344
56 2345
1741 2346
6 2347
250 2348
383 2348
1762 2349
192 2350
1279 2351
2268 2352
87 2353
169 2353
170 2353
242 2353
736 2353
2261 2353
13 2354
525 2354
1543 2354
2159 2354
105 2355
962 2355
37 2356
120 2357
1580 2357
1132 2358
1175 2358
1494 2358
375 2359
1237 2359
1985 2360
62 2361
14 2362
215 2362
2206 2362
1 2363
333 2364
96 2365
840 2365
520 2366
1820 2366
169 2367
462 2367
2261 2367
116 2368
328 2369
16 2370
720 2370
765 2370
1051 2371
16 2372
1934 2373
22 2374
773 2375
103 2376
15 2377
1886 2377
37 2378
101 2379
2033 2379
2074 2379
26 2380
583 2380
590 2380
769 2380
1317 2380
16 2381
2 2382
166 2382
195 2382
894 2382
950 2382
1306 2382
2380 2382
333 2383
752 2384
1605 2384
13 2385
347 2385
392 2385
725 2386
1304 2386
2085 2386
711 2387
228 2388
1035 2389
753 2390
2110 2391
157 2392
605 2393
1412 2393
287 2394
161 2395
1530 2395
1547 2395
840 2396
1784 2397
15 2398
1606 2398
937 2399
1421 2400
257 2401
641 2401
1046 2401
1225 2402
738 2403
713 2404
1636 2404
2304 2405
1886 2406
894 2407
13 2408
347 2408
392 2408
516 2409
2346 2409
948 2410
903 2411
914 2412
13 2413
957 2413
71 2414
98 2415
644 2416
2372 2416
351 2417
2022 2417
432 2418
501 2419
11 2420
1984 2421
2019 2422
550 2423
337 2424
1636 2424
101 2425
1857 2425
1584 2426
10 2427
600 2428
16 2429
113 2429
160 2429
219 2429
407 2429
613 2429
664 2429
944 2429
1056 2429
2098 2429
2120 2429
2244 2429
2081 2430
735 2431
410 2432
16 2433
140 2434
611 2435
98 2436
684 2437
996 2437
2263 2438
526 2439
223 2440
722 2440
333 2441
1 2442
2 2442
8 2442
35 2442
474 2442
1556 2442
1762 2442
2271 2442
13 2443
145 2443
320 2443
375 2443
443 2443
1034 2443
2168 2443
482 2444
13 2445
14 2446
807 2447
218 2448
962 2448
56 2449
577 2449
447 2450
948 2450
2327 2450
681 2451
275 2452
11 2453
13 2454
1729 2454
197 2455
315 2456
406 2457
99 2458
197 2458
1135 2458
124 2459
380 2460
506 2461
954 2461
1035 2462
1665 2462
1822 2462
2255 2462
268 2463
2281 2463
867 2464
2113 2465
7 2466
10 2467
108 2468
1517 2468
1963 2468
2353 2469
11 2470
570 2471
218 2472
755 2473
36 2474
641 2475
268 2476
725 2477
1307 2477
168 2478
2193 2479
2303 2479
11 2480
1237 2481
668 2482
742 2482
309 2483
50 2484
307 2484
354 2484
2263 2485
61 2486
681 2486
1681 2486
2042 2487
54 2488
2414 2488
36 2489
14 2490
1453 2490
2341 2490
5 2491
520 2492
1475 2492
1 2493
289 2493
300 2493
301 2493
132 2494
678 2494
1571 2494
1027 2495
2161 2495
15 2496
197 2497
256 2498
729 2499
9 2500
22 2500
42 2500
106 2500
485 2500
493 2500
528 2500
707 2500
1958 2500
1718 2501
1940 2501
2124 2501
12 2502
99 2503
120 2503
124 2503
1831 2504
1762 2505
1570 2506
228 2507
2140 2508
2332 2508
1 2509
2263 2509
2396 2509
2209 2510
684 2511
2502 2511
11 2512
1 2513
101 2514
1721 2515
1883 2515
50 2516
180 2517
390 2517
1309 2518
1725 2518
815 2519
1016 2519
1371 2519
13 2520
1003 2520
76 2521
1724 2521
2206 2521
2385 2521
2408 2521
461 2522
1380 2523
558 2524
469 2525
1942 2526
153 2527
178 2528
704 2528
32 2529
3 2530
4 2530
9 2530
21 2530
30 2530
139 2530
150 2530
220 2530
835 2530
1010 2530
1020 2530
1192 2530
1309 2530
1564 2530
1833 2530
2015 2530
2129 2530
71 2531
2488 2531
14 2532
397 2532
595 2532
138 2533
826 2533
1886 2534
335 2535
1556 2535
1121 2536
1589 2536
2277 2536
2302 2536
2263 2537
2396 2537
429 2538
1212 2538
607 2539
3 2540
2004 2540
2122 2540
2291 2540
368 2541
532 2542
1716 2543
13 2544
1003 2544
1139 2545
366 2546
1168 2547
264 2548
593 2548
1 2549
2 2550
531 2550
903 2550
1473 2550
2530 2550
287 2551
116 2552
677 2552
646 2553
48 2554
200 2554
761 2555
320 2556
1549 2556
4 2557
1046 2557
2145 2558
1641 2559
1397 2560
320 2561
577 2561
14 2562
397 2562
902 2562
1375 2562
2359 2562
2443 2562
1209 2563
10 2564
11 2565
139 2566
196 2566
2064 2566
525 2567
2495 2567
1696 2568
2519 2568
37 2569
98 2570
1 2571
259 2571
1433 2571
407 2572
1102 2572
1168 2573
1448 2573
2006 2574
1255 2575
5 2576
2043 2576
165 2577
2000 2577
11 2578
940 2578
941 2578
16 2579
1376 2580
613 2581
684 2582
11 2583
210 2584
1477 2584
11 2585
2263 2586
5 2587
375 2588
2023 2588
434 2589
1713 2589
2 2590
474 2590
1762 2590
2271 2590
2200 2591
1438 2592
120 2593
2038 2594
1831 2595
443 2596
793 2596
1034 2596
1407 2596
8 2597
279 2597
316 2597
351 2597
640 2597
745 2597
1048 2597
1090 2597
1145 2597
1288 2597
1498 2597
2024 2597
815 2598
2093 2598
2269 2598
11 2599
410 2600
1121 2601
633 2602
735 2602
16 2603
1886 2604
2100 2604
212 2605
2130 2606
102 2607
322 2607
323 2607
704 2607
1771 2607
2081 2608
128 2609
12 2610
1750 2610
76 2611
103 2612
2138 2612
926 2613
239 2614
765 2614
2284 2614
105 2615
743 2615
1146 2615
1617 2615
1832 2616
773 2617
256 2618
940 2619
241 2620
124 2621
105 2622
139 2622
605 2622
1231 2622
2571 2622
1503 2623
1856 2623
1625 2624
120 2625
335 2625
2608 2625
103 2626
10 2627
105 2628
735 2629
2532 2629
407 2630
621 2631
2318 2632
1962 2633
1434 2634
315 2635
2107 2636
2382 2637
584 2638
922 2639
1589 2639
2302 2639
124 2640
1750 2640
1985 2641
81 2642
713 2642
1226 2642
1930 2642
2236 2642
1475 2643
10 2644
2019 2645
382 2646
391 2646
430 2646
489 2646
573 2646
975 2646
1064 2646
1140 2646
1142 2646
1416 2646
1800 2646
2301 2646
2415 2646
2436 2646
2570 2646
18 2647
289 2647
1001 2647
200 2648
578 2649
13 2650
7 2651
787 2651
1810 2652
1988 2652
2636 2653
13 2654
5 2655
105 2656
13 2657
565 2658
600 2659
200 2660
2016 2661
157 2662
1753 2662
12 2663
19 2663
51 2663
68 2663
90 2663
109 2663
180 2663
201 2663
424 2663
525 2663
1113 2663
1447 2663
1720 2663
2556 2663
366 2664
627 2664
957 2664
139 2665
1333 2666
2312 2667
449 2668
98 2669
963 2670
433 2671
645 2671
1063 2671
2067 2671
2383 2671
966 2672
762 2673
11 2674
1880 2675
8 2676
71 2676
155 2676
360 2676
967 2676
1276 2676
2164 2676
1505 2677
641 2678
1046 2678
62 2679
132 2679
842 2679
898 2679
1418 2679
1460 2679
1499 2679
1571 2679
1707 2679
2208 2679
106 2680
413 2680
66 2681
16 2682
108 2683
2275 2683
171 2684
525 2685
215 2686
14 2687
302 2688
1475 2689
98 2690
1435 2691
16 2692
60 2693
63 2693
137 2693
215 2693
388 2693
649 2693
751 2693
1014 2693
1586 2693
1964 2693
11 2694
1423 2694
182 2695
2425 2695
2278 2696
1 2697
2263 2697
2606 2698
1072 2699
94 2700
157 2700
268 2701
124 2702
307 2703
1 2704
990 2705
5 2706
2673 2707
300 2708
417 2708
1556 2708
1696 2708
1649 2709
116 2710
631 2711
4 2712
8 2712
122 2712
151 2712
153 2712
171 2712
239 2712
375 2712
1132 2712
1163 2712
1481 2712
2249 2712
2334 2712
1845 2713
342 2714
2491 2714
1762 2715
195 2716
1222 2716
929 2717
182 2718
963 2719
2280 2720
811 2721
1 2722
16 2723
227 2724
5 2725
228 2726
643 2727
1349 2727
50 2728
1639 2728
5 2729
54 2730
2683 2730
1 2731
1140 2732
1800 2732
2301 2732
2570 2732
2074 2733
502 2734
735 2734
1053 2734
76 2735
2206 2735
407 2736
1342 2737
101 2738
170 2739
249 2739
2677 2739
605 2740
105 2741
373 2741
634 2741
969 2741
1153 2741
584 2742
1209 2743
1224 2743
2490 2744
14 2745
1168 2746
13 2747
12 2748
2382 2749
1505 2750
1849 2750
205 2751
422 2751
720 2752
286 2753
2505 2753
2134 2754
706 2755
259 2756
2167 2756
424 2757
11 2758
713 2759
1636 2759
278 2760
163 2761
2461 2761
149 2762
946 2762
1690 2762
35 2763
375 2764
13 2765
347 2765
392 2765
2611 2765
268 2766
1477 2766
2086 2766
14 2767
2741 2768
2531 2769
1053 2770
572 2771
1732 2771
1718 2772
2216 2772
2679 2772
457 2773
337 2774
418 2774
13 2775
781 2776
1209 2776
383 2777
1312 2777
747 2778
962 2779
706 2780
2 2781
195 2781
903 2781
950 2781
1762 2781
268 2782
16 2783
268 2783
62 2784
1281 2785
13 2786
629 2786
474 2787
696 2788
2488 2789
2480 2790
1 2791
576 2791
36 2792
428 2792
309 2793
155 2794
1584 2794
5 2795
140 2796
1 2797
1741 2798
2683 2799
2079 2800
1746 2801
2325 2802
107 2803
103 2804
2562 2804
787 2805
1212 2806
1292 2807
417 2808
1771 2808
44 2809
1026 2810
26 2811
847 2811
684 2812
185 2813
265 2813
508 2813
537 2813
859 2813
892 2813
1584 2814
85 2815
2215 2815
689 2816
11 2817
13 2817
15 2817
102 2817
387 2818
268 2819
1477 2819
2086 2819
1625 2820
278 2821
1359 2821
1042 2822
128 2823
1443 2823
2263 2824
8 2825
12 2825
155 2825
607 2825
967 2825
1832 2825
2164 2825
16 2826
309 2827
64 2828
2508 2829
260 2830
520 2830
1638 2830
2459 2830
426 2831
1436 2831
1720 2831
165 2832
2194 2833
54 2834
336 2835
104 2836
2147 2837
66 2838
74 2839
205 2840
2611 2841
1435 2842
1980 2843
2606 2844
1762 2845
1770 2846
16 2847
1152 2848
1825 2848
10 2849
434 2849
600 2849
2316 2849
2110 2850
250 2851
607 2851
16 2852
765 2852
16 2853
957 2854
16 2855
2407 2855
1848 2856
15 2857
735 2857
1007 2857
1093 2857
1 2858
124 2859
286 2860
681 2860
2015 2861
5 2862
165 2863
1992 2863
287 2864
13 2865
413 2866
103 2867
278 2868
54 2869
495 2870
1452 2871
2405 2871
682 2872
1680 2872
2339 2872
765 2873
9 2874
234 2874
2102 2875
2135 2875
1 2876
929 2877
660 2878
268 2879
76 2880
239 2881
1567 2882
16 2883
36 2884
16 2885
1 2886
138 2887
989 2888
1481 2889
382 2890
391 2890
573 2890
1142 2890
1416 2890
2301 2890
2415 2890
351 2891
2022 2891
950 2892
2380 2892
157 2893
2663 2894
61 2895
2043 2896
647 2897
11 2898
195 2899
43 2900
56 2900
68 2900
366 2900
1084 2900
1197 2900
2134 2900
84 2901
1628 2901
140 2902
939 2903
56 2904
150 2905
2127 2906
110 2907
1332 2907
1209 2908
1118 2909
268 2910
1046 2911
268 2912
741 2913
1728 2913
2812 2914
2872 2914
685 2915
1928 2915
228 2916
1257 2917
169 2918
205 2918
242 2918
265 2918
639 2918
2269 2918
1160 2919
2353 2919
2911 2920
124 2921
16 2922
268 2922
16 2923
681 2924
1312 2925
13 2926
1653 2926
7 2927
407 2928
2707 2929
11 2930
1242 2930
1 2931
3 2931
231 2931
337 2931
473 2931
1465 2931
2015 2931
2263 2931
2401 2931
2280 2932
36 2933
322 2934
50 2935
1616 2935
615 2936
611 2937
902 2937
1558 2937
1481 2938
99 2939
866 2939
1179 2940
13 2941
139 2942
4 2943
1046 2943
104 2944
2111 2945
1544 2946
572 2947
829 2947
1255 2948
1448 2948
239 2949
2145 2949
2543 2950
53 2951
150 2951
2129 2951
2615 2951
17 2952
155 2952
366 2952
815 2952
1197 2952
1282 2952
2528 2952
1750 2953
2305 2954
372 2955
380 2956
104 2957
110 2958
1 2959
1601 2959
397 2960
1 2961
12 2962
205 2963
769 2964
2561 2964
336 2965
140 2966
1080 2967
1740 2967
1863 2968
155 2969
3 2970
138 2970
300 2970
417 2970
540 2970
769 2970
1696 2970
2114 2970
2550 2970
155 2971
1468 2971
2487 2972
3 2973
216 2974
1849 2974
2018 2974
573 2975
13 2976
77 2977
219 2977
897 2977
904 2978
2048 2978
333 2979
2280 2980
5 2981
150 2982
233 2983
720 2983
61 2984
501 2984
1672 2984
2146 2984
573 2985
835 2985
1415 2986
1417 2986
2206 2986
2683 2986
1 2987
658 2987
1047 2987
381 2988
282 2989
1882 2990
207 2991
1781 2991
2092 2991
2914 2992
255 2993
2771 2993
1718 2994
36 2995
108 2996
898 2996
1175 2996
215 2997
1755 2998
1407 2999
1190 3000
