1 2
1 3
2 3
1 4
2 4
3 4
1 5
2 5
3 5
4 5
1 6
2 6
3 6
4 6
5 6
1 7
2 7
3 7
4 7
5 7
6 7
1 8
2 8
3 8
4 8
5 8
6 8
7 8
1 9
2 9
3 9
4 9
5 9
6 9
7 9
8 9
1 10
2 10
3 10
4 10
5 10
6 10
7 10
8 10
9 10
11 12
5 13
6 13
11 13
12 13
4 14
8 14
9 14
10 14
11 14
12 14
13 14
11 15
12 15
13 15
14 15
11 16
12 16
13 16
14 16
15 16
11 17
12 17
13 17
14 17
15 17
16 17
7 18
15 19
12 20
2 21
8 22
14 23
2 24
2 25
2 26
15 27
5 28
11 29
2 30
16 31
14 32
13 33
1 34
9 35
12 36
7 37
11 38
16 39
8 40
16 41
8 42
15 43
9 44
10 45
10 46
14 47
3 48
12 49
13 50
15 51
16 52
14 53
10 54
16 55
13 56
14 56
15 56
20 56
16 57
1 58
35 59
39 59
11 60
14 61
45 62
11 63
15 63
16 63
12 64
13 64
15 64
36 65
8 66
12 66
17 66
61 66
1 67
3 67
8 67
15 68
61 69
12 70
42 71
66 71
9 72
12 73
14 73
16 73
63 73
1 74
47 74
53 75
13 76
14 77
11 78
16 79
3 80
7 80
10 80
14 80
31 80
35 80
1 81
10 82
2 83
45 83
16 84
77 84
9 85
22 85
66 85
74 86
32 87
16 88
2 89
15 90
61 91
16 92
12 93
40 94
19 95
66 95
14 96
15 97
14 98
16 99
97 100
14 101
17 102
85 102
50 103
61 103
2 104
3 104
4 104
5 104
7 104
8 104
3 105
4 105
6 105
9 105
21 105
30 105
89 105
99 105
104 105
8 106
1 107
5 107
10 107
19 108
15 109
95 109
108 109
11 110
5 111
13 112
14 113
84 113
53 114
5 115
16 116
96 117
10 118
10 119
11 120
16 120
36 120
64 120
70 120
73 120
10 121
13 122
14 122
15 122
75 123
11 124
17 124
20 124
49 124
64 124
70 124
14 125
16 126
65 127
16 128
16 129
99 129
11 130
13 130
14 130
16 130
17 130
19 130
27 130
63 130
64 130
90 130
97 130
109 130
98 131
45 132
15 133
17 133
108 133
120 134
1 135
4 136
11 137
2 138
105 138
1 139
70 139
116 140
8 141
85 141
87 142
14 143
1 144
14 145
14 146
50 147
12 148
17 148
19 148
56 148
97 148
109 148
133 148
2 149
105 149
2 150
105 150
14 151
140 152
13 153
14 153
15 153
16 153
14 154
16 155
66 155
102 155
124 155
130 155
10 156
1 157
6 157
7 157
9 157
22 157
34 157
42 157
67 157
106 157
141 157
140 158
40 159
84 160
16 161
11 162
66 163
7 164
2 165
3 165
4 165
6 165
8 165
9 165
58 165
74 165
107 165
139 165
26 166
1 167
10 167
8 168
85 168
124 169
142 169
142 170
14 171
20 171
98 172
56 173
10 174
103 175
61 176
16 177
16 178
5 179
15 180
85 181
155 181
62 182
83 182
7 183
124 184
2 185
3 185
4 185
142 185
85 186
7 187
56 187
40 188
13 189
140 190
16 191
16 192
103 193
16 194
26 195
70 196
165 196
129 197
124 198
84 199
41 200
15 201
62 201
130 201
163 202
1 203
165 203
22 204
34 204
42 204
106 204
142 205
36 206
5 207
12 208
165 208
85 209
155 209
44 210
13 211
124 212
16 213
70 213
73 213
134 213
194 213
2 214
3 214
4 214
5 214
6 214
10 214
58 214
74 214
87 214
157 214
11 215
17 215
53 215
113 215
130 215
145 215
151 215
153 215
10 216
198 216
37 217
85 217
215 218
84 219
105 220
13 221
15 221
5 222
16 223
16 224
138 225
163 225
16 226
3 227
9 227
30 227
89 227
99 227
104 227
138 227
149 227
150 227
155 228
16 229
77 229
122 229
219 229
16 230
4 231
128 232
11 233
44 234
193 235
56 236
50 237
61 237
175 237
7 238
14 239
43 239
239 240
1 241
142 242
13 243
105 244
16 245
11 246
140 247
13 248
48 249
142 249
116 250
155 251
15 252
11 253
16 254
43 255
2 256
4 256
5 256
7 256
8 256
54 256
80 256
119 256
156 256
216 256
5 257
40 258
58 259
74 259
105 259
139 259
196 259
200 260
84 261
140 262
98 263
16 264
110 264
120 264
124 264
233 264
246 264
142 265
14 266
16 267
11 268
31 268
52 268
57 268
84 268
88 268
92 268
99 268
120 268
128 268
129 268
130 268
153 268
155 268
161 268
177 268
192 268
213 268
224 268
229 268
230 268
245 268
264 268
267 268
3 269
16 269
105 270
1 271
153 271
87 272
185 272
265 272
123 273
37 274
151 275
61 276
21 277
150 277
220 277
105 278
40 279
103 280
235 280
98 281
91 282
176 282
123 283
84 284
1 285
175 286
94 287
159 287
188 287
13 288
5 289
6 289
7 289
58 289
81 289
107 289
135 289
203 289
69 290
16 291
155 292
268 293
239 294
85 295
211 295
53 296
280 297
16 298
10 299
2 300
9 300
58 300
196 300
203 300
2 301
9 301
58 301
196 301
203 301
222 302
22 303
66 303
102 303
186 303
209 303
13 304
171 305
165 306
176 307
237 307
276 307
278 308
50 309
138 310
124 311
16 312
181 312
268 312
14 313
280 314
111 315
268 315
40 316
165 317
58 318
105 318
139 318
201 319
14 320
20 320
98 321
155 322
155 323
303 323
116 324
12 325
13 326
14 327
40 328
287 328
4 329
6 329
10 329
157 329
37 330
85 330
66 331
1 332
85 333
312 333
16 334
2 335
3 335
5 335
6 335
7 335
8 335
9 335
14 335
70 335
165 335
250 336
287 336
4 337
6 337
30 337
99 337
104 337
149 337
220 337
11 338
232 339
315 339
13 340
14 341
51 341
56 341
63 341
90 341
13 342
303 342
16 343
61 344
307 344
7 345
13 346
14 347
76 347
75 348
120 348
213 348
322 349
14 350
40 351
195 352
13 353
103 354
237 354
13 355
16 356
302 357
138 358
12 359
66 360
109 360
85 361
1 362
289 362
14 363
215 363
16 364
218 365
12 366
15 366
130 366
7 367
9 367
22 367
42 367
106 367
85 368
98 369
1 370
140 371
14 372
16 373
104 374
14 375
277 376
337 376
287 377
16 378
213 379
351 380
2 381
3 381
5 381
6 381
10 381
354 381
98 382
8 383
157 383
204 383
367 383
98 384
10 385
383 386
37 387
175 387
293 387
11 388
10 389
53 390
98 391
76 392
142 393
272 393
80 394
337 395
56 396
4 397
8 397
15 397
53 397
122 397
151 397
153 397
154 397
171 397
239 397
341 397
363 397
372 397
375 397
124 398
1 399
2 399
3 399
4 399
8 399
14 399
46 399
80 399
82 399
107 399
118 399
121 399
216 399
329 399
381 399
385 399
1 400
5 401
13 402
139 403
10 404
315 405
10 406
3 407
4 407
8 407
155 408
196 409
309 410
139 411
16 412
1 413
14 414
16 415
111 415
10 416
2 417
4 417
6 417
34 417
58 417
135 417
241 417
271 417
370 417
399 417
99 418
1 419
104 419
36 420
16 421
37 422
302 423
10 424
12 424
13 424
15 424
17 424
47 424
56 424
61 424
96 424
101 424
113 424
122 424
130 424
151 424
239 424
266 424
320 424
335 424
341 424
414 424
16 425
200 425
280 426
17 427
27 427
102 428
186 428
342 428
16 429
98 430
212 430
155 431
417 432
333 433
1 434
244 435
341 436
13 437
11 438
32 438
210 439
424 440
13 441
125 441
85 442
14 443
43 443
424 443
39 444
5 445
140 446
16 447
246 447
268 447
182 448
188 449
197 450
50 451
140 451
9 452
106 452
77 453
156 453
11 454
119 454
227 455
380 456
56 457
10 458
192 458
333 459
13 460
16 460
215 460
14 461
80 461
107 461
118 461
121 461
156 461
167 461
214 461
216 461
329 461
389 461
406 461
458 461
142 462
19 463
7 464
14 465
175 465
215 465
424 465
6 466
12 467
124 467
320 467
14 468
424 468
14 469
118 469
156 469
216 469
458 469
302 470
2 471
33 472
2 473
4 473
6 473
8 473
25 473
58 473
74 473
139 473
196 473
306 473
335 473
9 474
358 474
105 475
120 475
227 475
16 476
71 476
105 477
85 478
472 479
163 480
315 481
280 482
66 483
62 484
204 485
367 485
268 486
40 487
85 488
98 489
447 490
86 491
157 492
204 492
4 493
5 493
6 493
18 493
80 493
104 493
157 493
187 493
256 493
289 493
367 493
464 493
56 494
296 494
320 494
151 495
51 496
424 496
13 497
389 497
1 498
36 499
9 500
210 500
234 500
276 501
344 501
14 502
87 502
215 502
124 503
215 504
106 505
163 506
155 507
303 507
272 508
150 509
10 510
96 511
7 512
16 513
124 514
16 515
64 516
134 516
40 517
14 518
314 518
397 518
11 519
16 520
73 520
134 520
200 520
268 520
348 520
302 521
2 522
105 522
190 523
56 524
353 524
15 525
13 526
192 527
204 528
367 528
139 529
168 530
10 531
21 531
163 532
397 533
16 534
27 535
11 536
272 537
80 538
156 538
216 538
282 539
2 540
315 541
32 542
502 542
12 543
16 543
239 544
14 545
272 546
239 547
16 548
56 549
1 550
226 551
98 552
397 553
7 554
311 554
409 554
8 555
71 555
157 555
346 555
367 555
61 556
307 556
10 557
160 558
219 558
268 558
310 558
319 558
397 559
146 560
15 561
239 561
255 561
1 562
10 563
256 563
538 563
120 564
16 565
174 565
444 565
501 566
268 567
10 568
16 569
232 569
66 570
202 570
225 570
397 571
255 572
457 572
98 573
80 574
550 574
333 575
232 576
315 576
494 577
16 578
16 579
268 579
339 580
450 580
16 581
61 582
501 582
2 583
195 583
2 584
473 584
9 585
59 585
80 585
205 586
1 587
7 588
80 589
195 590
315 591
337 592
383 593
1 594
53 595
122 595
153 595
154 595
341 595
363 595
533 595
559 595
13 596
14 596
133 596
424 596
339 597
13 598
16 599
16 600
82 600
140 601
16 602
501 603
7 604
6 605
9 605
30 605
99 605
220 605
244 605
259 605
278 605
318 605
150 606
66 607
336 607
150 608
285 609
424 609
155 610
10 611
11 611
17 611
23 611
32 611
53 611
77 611
80 611
113 611
146 611
171 611
266 611
335 611
341 611
347 611
350 611
443 611
596 611
580 612
84 613
248 613
611 613
284 614
461 614
538 614
14 615
611 615
282 616
16 617
458 617
76 618
140 619
10 620
256 620
16 621
15 622
100 622
576 622
621 622
16 623
461 624
10 625
16 626
16 627
557 628
243 629
268 630
15 631
108 631
233 632
13 633
278 634
124 635
85 636
336 637
501 638
32 639
142 639
214 639
40 640
231 641
12 642
27 643
43 643
56 643
64 643
68 643
97 643
133 643
366 643
397 643
525 643
7 644
493 644
333 645
62 646
319 646
13 647
16 648
615 648
11 649
471 650
12 651
380 651
1 652
288 653
550 653
69 654
6 655
157 655
187 655
464 655
644 655
45 656
201 656
646 656
100 657
469 658
124 659
139 659
213 659
71 660
32 661
53 662
16 663
84 664
213 665
2 666
227 666
605 666
14 667
238 668
102 669
342 669
16 670
25 670
36 670
70 670
564 670
85 671
397 672
3 673
10 673
461 673
639 673
33 674
479 674
54 675
605 676
128 677
576 677
45 678
201 678
538 679
32 680
502 680
176 681
201 681
616 681
44 682
32 683
44 684
512 684
681 684
100 685
16 686
71 686
595 687
204 688
366 689
11 690
315 691
13 692
75 693
6 694
644 694
32 695
105 696
605 696
634 696
124 697
406 697
201 698
16 699
268 699
50 700
307 700
65 701
183 702
673 702
43 703
17 704
90 704
109 704
155 704
215 704
366 704
424 704
1 705
289 705
286 706
681 706
204 707
367 707
302 708
313 709
302 710
315 711
567 711
622 711
677 711
171 712
1 713
289 713
163 714
166 714
669 715
61 716
11 717
2 718
11 719
264 720
632 720
12 721
315 722
165 723
98 724
87 725
185 725
508 725
16 726
300 727
417 727
322 728
54 729
1 730
14 731
182 732
278 732
13 733
613 733
138 734
87 735
252 735
611 735
639 735
680 735
695 735
142 736
37 737
25 738
564 738
221 739
450 739
496 739
12 740
629 741
1 742
3 742
5 742
6 742
18 742
80 742
157 742
238 742
335 742
554 742
604 742
644 742
150 743
13 744
40 745
429 745
5 746
681 747
139 748
10 749
210 750
11 751
721 752
26 753
714 753
139 754
196 754
605 754
170 755
249 755
462 755
268 756
11 757
128 758
11 759
11 760
56 761
13 762
239 763
380 764
11 765
264 765
175 766
41 767
425 767
520 767
64 768
90 768
97 768
2 769
195 769
100 770
32 771
43 772
673 773
764 773
116 774
450 775
12 776
14 777
709 777
418 778
123 779
11 780
670 780
111 781
268 781
339 781
541 781
576 781
691 781
407 782
13 783
8 784
61 785
424 786
6 787
80 787
335 787
604 787
644 787
75 788
114 788
215 788
390 788
595 788
611 788
84 789
125 790
138 791
336 792
14 793
611 793
683 793
771 793
16 794
213 794
213 795
96 796
1 797
711 798
725 799
558 800
11 801
12 802
12 803
320 803
219 804
140 805
621 806
752 807
320 808
56 809
116 810
210 811
263 812
12 813
151 814
102 815
181 815
228 815
251 815
268 815
322 815
323 815
431 815
704 815
735 816
220 817
105 818
605 818
493 819
738 820
98 821
268 822
61 823
354 823
493 824
124 825
41 826
225 826
520 826
7 827
634 827
787 827
615 828
457 829
452 830
461 830
639 830
702 830
35 831
289 831
16 832
178 833
341 833
704 833
768 833
61 834
307 834
105 835
120 835
352 836
697 836
85 837
32 838
50 839
516 840
753 841
45 842
205 843
11 844
681 845
682 846
140 847
611 848
120 849
213 849
54 850
16 851
111 851
810 852
223 853
576 854
595 854
284 855
461 855
538 855
584 856
320 857
495 857
577 857
669 858
272 859
1 860
337 861
605 861
650 862
16 863
13 864
32 865
105 866
227 866
337 866
105 867
161 867
87 868
438 868
611 868
838 868
865 868
188 869
16 870
57 870
5 871
85 872
435 872
98 873
1 874
4 875
104 875
149 875
220 875
395 875
866 875
811 876
538 877
139 878
387 879
12 880
320 881
201 882
228 882
845 882
807 883
139 884
56 885
239 886
13 887
397 887
85 888
96 889
840 889
629 890
13 891
130 891
181 892
272 892
10 893
23 893
26 894
341 894
124 895
374 895
5 896
14 897
84 897
229 897
45 898
646 898
1 899
256 900
675 900
105 901
4 902
10 902
13 902
17 902
61 902
77 902
96 902
113 902
145 902
146 902
151 902
171 902
239 902
320 902
375 902
443 902
465 902
518 902
596 902
654 902
793 902
3 903
4 903
5 903
10 903
21 903
24 903
25 903
30 903
83 903
138 903
165 903
214 903
300 903
417 903
540 903
718 903
769 903
480 904
14 905
174 906
341 907
768 907
641 908
175 909
215 909
902 909
105 910
605 910
10 911
16 912
16 913
268 913
173 914
175 915
215 915
902 915
87 916
438 916
611 916
865 916
104 917
43 918
456 919
600 919
651 919
16 920
1 921
2 922
9 922
203 922
903 922
653 923
682 924
232 925
58 926
105 926
119 926
139 926
13 927
669 927
1 928
214 929
289 929
300 929
318 929
473 929
572 930
381 931
823 931
898 932
781 933
851 933
11 934
303 935
419 935
333 936
7 937
655 937
10 938
195 939
13 940
29 940
60 940
63 940
137 940
215 940
388 940
454 940
536 940
649 940
717 940
719 940
751 940
256 941
710 941
163 942
460 943
914 943
84 944
226 945
3 946
461 946
581 946
10 947
16 948
490 948
584 949
26 950
583 950
590 950
769 950
461 951
155 952
44 953
924 953
163 954
904 955
123 956
3 957
102 958
715 958
927 958
10 959
714 959
250 960
450 960
96 961
215 962
365 962
120 963
520 963
32 964
100 965
4 966
5 966
10 966
14 966
40 966
42 966
168 966
335 966
784 966
19 967
66 967
720 967
14 968
709 968
278 969
315 970
110 971
120 971
124 971
124 972
56 973
66 974
98 975
2 976
10 976
354 976
781 977
11 978
335 979
595 980
611 980
926 980
328 981
336 981
377 981
560 982
904 983
124 984
66 985
278 985
171 986
352 987
5 988
10 989
100 990
734 990
538 991
16 992
227 992
337 992
418 992
605 992
259 993
473 993
62 994
381 995
2 996
105 996
277 996
53 997
124 998
461 999
424 1000
81 1001
493 1001
713 1001
929 1001
124 1002
406 1002
836 1002
105 1003
526 1003
165 1004
66 1005
385 1005
700 1005
16 1006
21 1006
11 1007
13 1007
14 1007
16 1007
19 1007
43 1007
56 1007
63 1007
64 1007
109 1007
133 1007
153 1007
252 1007
397 1007
424 1007
525 1007
561 1007
631 1007
268 1008
5 1009
105 1010
441 1010
45 1011
201 1011
16 1012
595 1013
11 1014
940 1014
669 1015
228 1016
268 1017
381 1018
702 1019
773 1019
2 1020
105 1020
249 1021
462 1021
681 1022
12 1023
309 1024
5 1025
108 1026
898 1026
4 1027
10 1027
17 1027
320 1027
443 1027
465 1027
518 1027
596 1027
654 1027
909 1027
915 1027
438 1028
8 1029
966 1029
17 1030
19 1030
63 1030
90 1030
97 1030
109 1030
155 1030
201 1030
268 1030
366 1030
424 1030
30 1031
655 1031
742 1031
216 1032
458 1032
890 1033
14 1034
310 1034
611 1034
902 1034
406 1035
7 1036
903 1037
520 1038
197 1039
960 1039
87 1040
215 1040
98 1041
130 1042
56 1043
98 1044
328 1045
1 1046
3 1046
136 1046
214 1046
231 1046
329 1046
337 1046
473 1046
875 1046
1 1047
609 1047
40 1048
42 1048
168 1048
16 1049
1 1050
66 1051
570 1051
1007 1052
661 1053
680 1053
964 1053
140 1054
56 1055
84 1056
615 1057
14 1058
121 1059
495 1060
342 1061
495 1062
902 1062
333 1063
98 1064
205 1065
90 1066
915 1067
3 1068
165 1069
80 1070
335 1070
604 1070
644 1070
432 1071
904 1072
16 1073
4 1074
227 1074
417 1075
428 1076
1 1077
16 1078
71 1078
201 1079
845 1079
69 1080
65 1081
124 1081
1 1082
81 1083
643 1084
124 1085
781 1086
851 1086
116 1087
152 1088
262 1088
601 1088
619 1088
805 1088
1054 1088
165 1089
40 1090
520 1091
66 1092
17 1093
56 1093
63 1093
201 1093
252 1093
424 1093
525 1093
268 1094
584 1095
419 1096
124 1097
1 1098
53 1099
16 1100
232 1100
268 1100
677 1100
605 1101
634 1101
726 1101
165 1102
101 1103
368 1104
565 1105
197 1106
13 1107
359 1107
389 1107
16 1108
116 1109
626 1110
16 1111
174 1111
1 1112
4 1113
15 1113
122 1113
341 1113
363 1113
375 1113
518 1113
533 1113
571 1113
56 1114
353 1114
226 1115
558 1116
1 1117
45 1118
201 1118
4 1119
320 1119
465 1119
228 1120
102 1121
186 1121
33 1122
1 1123
19 1124
16 1125
725 1126
10 1127
461 1127
1002 1127
204 1128
367 1128
768 1129
16 1130
520 1131
16 1132
19 1132
27 1132
63 1132
64 1132
68 1132
90 1132
97 1132
109 1132
133 1132
180 1132
397 1132
622 1132
631 1132
13 1133
122 1134
571 1134
1024 1134
129 1135
1106 1135
50 1136
307 1136
13 1137
120 1138
520 1138
565 1139
98 1140
2 1141
98 1142
307 1143
14 1144
310 1144
40 1145
53 1146
150 1146
817 1147
14 1148
163 1149
103 1150
244 1151
151 1152
1060 1152
278 1153
781 1154
124 1155
61 1156
501 1156
16 1157
268 1157
61 1158
54 1159
622 1159
248 1160
733 1160
140 1161
140 1162
397 1163
595 1163
124 1164
14 1165
424 1165
513 1166
529 1166
1042 1167
684 1168
706 1168
747 1168
963 1168
1022 1168
62 1169
732 1169
479 1170
103 1171
235 1171
339 1172
661 1173
152 1174
536 1174
631 1175
1026 1175
5 1176
50 1177
840 1178
720 1179
124 1180
912 1181
124 1182
10 1183
241 1184
565 1185
906 1185
1111 1185
417 1186
139 1187
34 1188
42 1188
485 1188
688 1188
707 1188
441 1189
11 1190
495 1191
1152 1191
105 1192
1059 1192
5 1193
53 1194
150 1194
908 1194
287 1195
19 1196
643 1197
704 1197
155 1198
155 1199
336 1200
1034 1201
1041 1202
720 1203
681 1204
1080 1204
1168 1204
212 1205
655 1206
742 1206
787 1206
1070 1206
16 1207
10 1208
68 1208
600 1208
405 1209
481 1209
541 1209
591 1209
377 1210
536 1211
745 1212
907 1212
337 1213
418 1213
140 1214
1100 1214
16 1215
201 1216
720 1217
1209 1218
16 1219
41 1220
1209 1220
14 1221
15 1221
16 1221
17 1221
49 1221
73 1221
359 1221
424 1221
543 1221
721 1221
880 1221
26 1222
583 1222
590 1222
706 1223
405 1224
481 1224
591 1224
146 1225
982 1225
5 1226
6 1226
18 1226
80 1226
187 1226
289 1226
464 1226
644 1226
1001 1226
536 1227
558 1228
646 1228
12 1229
13 1230
1 1231
259 1231
473 1231
754 1231
1187 1231
85 1232
214 1233
673 1233
735 1233
605 1234
929 1234
883 1235
305 1236
720 1237
4 1238
1046 1238
13 1239
547 1240
655 1240
787 1240
1 1241
253 1242
1 1243
417 1243
100 1244
104 1245
228 1246
738 1247
233 1248
720 1248
525 1249
629 1250
1033 1250
677 1251
100 1252
98 1253
195 1254
518 1254
8 1255
17 1255
71 1255
95 1255
155 1255
331 1255
360 1255
483 1255
570 1255
974 1255
985 1255
1051 1255
1092 1255
12 1256
641 1257
66 1258
1255 1259
460 1260
479 1261
32 1262
268 1263
390 1264
654 1264
80 1265
104 1266
653 1267
732 1268
495 1269
577 1269
417 1270
1041 1271
5 1272
257 1273
90 1274
817 1274
165 1275
461 1275
66 1276
202 1276
1051 1276
525 1277
204 1278
1188 1278
4 1279
99 1279
149 1279
395 1279
592 1279
861 1279
992 1279
320 1280
1166 1281
1278 1281
704 1282
54 1283
11 1284
558 1285
84 1286
580 1287
40 1288
123 1289
711 1290
174 1291
444 1291
377 1292
1215 1292
215 1293
9 1294
210 1294
69 1295
5 1296
672 1296
1042 1297
14 1298
5 1299
7 1299
54 1299
119 1299
144 1299
216 1299
493 1299
1 1300
1156 1301
713 1302
929 1302
30 1303
268 1303
87 1304
185 1304
799 1304
407 1305
26 1306
352 1306
583 1306
1254 1306
139 1307
317 1307
43 1308
105 1309
774 1309
278 1310
268 1311
6 1312
80 1312
604 1312
1240 1312
5 1313
757 1314
302 1315
622 1316
512 1317
950 1317
940 1318
1209 1319
1224 1319
482 1320
417 1321
781 1322
50 1323
8 1324
966 1324
165 1325
342 1326
317 1327
165 1328
301 1328
13 1329
62 1330
1210 1330
56 1331
64 1331
525 1331
1084 1331
1160 1332
904 1333
1 1334
3 1335
136 1335
214 1335
329 1335
337 1335
1238 1335
50 1336
140 1336
13 1337
84 1338
195 1339
894 1339
1222 1339
354 1340
171 1341
168 1342
419 1343
303 1344
669 1344
1061 1344
1248 1344
1326 1344
883 1345
5 1346
24 1346
30 1346
104 1346
138 1346
256 1346
300 1346
301 1346
335 1346
381 1346
976 1346
43 1347
16 1348
56 1349
397 1349
525 1349
1084 1349
1197 1349
66 1350
1051 1350
13 1351
213 1352
14 1353
720 1354
256 1355
139 1356
495 1357
577 1357
383 1358
342 1359
1 1360
5 1361
496 1362
124 1363
268 1364
1227 1365
215 1366
1233 1367
904 1368
16 1369
200 1370
228 1371
223 1372
1 1373
1 1374
10 1374
461 1374
10 1375
13 1375
96 1375
145 1375
239 1375
320 1375
375 1375
443 1375
793 1375
1034 1375
66 1376
570 1376
1350 1376
720 1377
1168 1378
14 1379
10 1380
11 1381
98 1382
12 1383
200 1384
157 1385
204 1385
5 1386
366 1387
101 1388
684 1389
109 1390
734 1391
10 1392
614 1393
13 1394
19 1394
43 1394
64 1394
109 1394
133 1394
153 1394
397 1394
284 1395
1231 1395
1104 1396
105 1397
435 1397
605 1397
1147 1397
297 1398
16 1399
165 1400
65 1401
10 1402
13 1402
145 1402
320 1402
443 1402
793 1402
1034 1402
5 1403
565 1404
37 1405
10 1406
902 1407
1027 1407
1402 1407
720 1408
11 1409
264 1409
1061 1410
1359 1410
840 1411
32 1412
11 1413
13 1413
14 1413
19 1413
43 1413
56 1413
133 1413
397 1413
525 1413
1052 1413
1255 1414
108 1415
898 1415
98 1416
108 1417
898 1417
45 1418
11 1419
11 1420
13 1420
1052 1420
250 1421
287 1421
607 1421
637 1421
792 1421
981 1421
1200 1421
883 1422
37 1423
568 1423
460 1424
914 1424
5 1425
1235 1426
16 1427
933 1427
1086 1427
585 1428
153 1429
1222 1430
1072 1431
1237 1432
25 1433
74 1433
491 1433
9 1434
358 1434
735 1435
176 1436
616 1436
684 1436
706 1436
747 1436
5 1437
6 1437
18 1437
80 1437
289 1437
1001 1437
248 1438
990 1439
165 1440
1342 1441
26 1442
714 1442
383 1443
32 1444
1209 1445
890 1446
12 1447
15 1447
130 1447
516 1447
175 1448
706 1448
223 1449
85 1450
54 1451
140 1452
1174 1452
615 1453
1155 1453
241 1454
310 1455
19 1456
101 1456
11 1457
85 1458
10 1459
1005 1459
45 1460
12 1461
204 1462
139 1463
1231 1463
481 1464
22 1465
186 1465
442 1465
636 1465
671 1465
11 1466
165 1467
16 1468
124 1468
130 1468
181 1468
209 1468
268 1468
292 1468
610 1468
952 1468
1198 1468
1255 1468
763 1469
584 1470
11 1471
17 1472
359 1472
424 1472
880 1472
21 1473
558 1473
11 1474
63 1474
109 1474
201 1474
268 1474
424 1474
1042 1474
397 1475
607 1475
333 1476
44 1477
924 1477
10 1478
461 1478
697 1478
1035 1478
1276 1479
13 1480
43 1481
397 1481
1052 1481
103 1482
11 1483
781 1484
851 1484
13 1485
63 1486
268 1486
40 1487
380 1487
8 1488
157 1488
367 1488
452 1488
280 1489
10 1490
1215 1491
1252 1491
16 1492
36 1492
70 1492
780 1492
35 1493
631 1494
16 1495
956 1496
10 1497
40 1498
45 1499
16 1500
1292 1500
1491 1500
773 1501
150 1502
230 1503
347 1503
1037 1503
7 1504
787 1504
643 1505
741 1506
890 1506
3 1507
62 1508
681 1508
882 1508
1011 1508
1030 1508
1079 1508
1093 1508
1216 1508
98 1509
869 1509
986 1509
1046 1510
98 1511
1508 1512
914 1513
35 1514
474 1515
1434 1515
474 1516
1026 1517
1415 1517
647 1518
735 1519
170 1520
185 1520
265 1520
462 1520
929 1521
193 1522
10 1523
333 1524
681 1525
956 1526
16 1527
232 1527
868 1528
73 1529
767 1529
1091 1529
867 1530
1018 1530
600 1531
200 1532
1121 1533
12 1534
15 1534
193 1535
441 1536
580 1537
32 1538
98 1539
140 1540
1088 1540
285 1541
11 1542
10 1543
256 1543
538 1543
50 1544
685 1545
643 1546
867 1547
845 1548
1508 1548
11 1549
12 1549
13 1549
19 1549
27 1549
43 1549
51 1549
68 1549
90 1549
109 1549
180 1549
201 1549
424 1549
525 1549
622 1549
1113 1549
1447 1549
1534 1549
545 1550
406 1551
836 1551
732 1552
608 1553
84 1554
1465 1555
9 1556
58 1556
196 1556
727 1556
607 1557
1210 1558
8 1559
1 1560
1018 1560
525 1561
1197 1561
157 1562
96 1563
50 1564
105 1564
680 1564
104 1565
35 1566
983 1567
1333 1567
1368 1567
69 1568
1027 1568
417 1569
57 1570
195 1570
1222 1570
45 1571
5 1572
16 1573
16 1574
213 1574
77 1575
465 1575
596 1575
909 1575
1407 1575
339 1576
1287 1576
10 1577
538 1577
1496 1578
720 1579
5 1580
8 1580
227 1580
419 1580
1245 1580
1346 1580
417 1581
16 1582
268 1582
256 1583
130 1584
228 1584
251 1584
268 1584
292 1584
322 1584
431 1584
296 1585
940 1586
268 1587
32 1588
502 1588
735 1588
1053 1588
102 1589
715 1589
98 1590
16 1591
418 1592
1262 1592
1279 1592
1 1593
461 1593
639 1594
684 1594
342 1595
456 1596
651 1596
1487 1596
124 1597
14 1598
50 1599
12 1600
1354 1601
1408 1601
979 1602
595 1603
611 1603
926 1603
1045 1603
163 1604
807 1605
1235 1605
98 1606
1 1607
103 1608
320 1608
1135 1609
1172 1609
289 1610
1046 1611
10 1612
1233 1612
385 1613
5 1614
119 1614
144 1614
85 1615
3 1616
9 1616
89 1616
99 1616
104 1616
866 1616
150 1617
29 1618
1 1619
165 1619
318 1619
473 1619
529 1619
659 1619
748 1619
926 1619
1187 1619
1356 1619
1463 1619
128 1620
595 1621
268 1622
1292 1623
101 1624
10 1625
697 1625
1002 1625
227 1626
35 1627
585 1627
24 1628
1468 1629
16 1630
564 1630
1 1631
77 1632
479 1633
104 1634
185 1635
537 1635
546 1635
9 1636
1302 1636
1255 1637
16 1638
200 1638
681 1639
309 1640
14 1641
20 1641
148 1641
494 1641
761 1641
885 1641
1043 1641
1093 1641
99 1642
120 1642
124 1642
139 1642
196 1642
1078 1642
221 1643
1439 1644
1167 1645
1453 1646
397 1647
902 1647
1027 1647
1113 1647
1254 1647
11 1648
16 1649
102 1649
181 1649
209 1649
268 1649
292 1649
431 1649
507 1649
1030 1649
1198 1649
1199 1649
1255 1649
202 1650
1042 1651
1160 1652
106 1653
243 1653
1018 1654
2 1655
883 1656
10 1657
1 1658
3 1659
1 1660
570 1661
1350 1661
496 1662
605 1663
634 1663
197 1664
1135 1664
406 1665
282 1666
85 1667
16 1668
11 1669
152 1670
2 1671
473 1671
670 1671
1156 1672
940 1673
1041 1674
5 1675
302 1675
967 1675
993 1676
674 1677
595 1678
278 1679
1255 1679
1359 1679
846 1680
1394 1681
98 1682
32 1683
1198 1684
424 1685
902 1685
473 1686
205 1687
7 1688
1609 1689
576 1690
1527 1690
16 1691
615 1692
900 1692
735 1693
1091 1693
16 1694
870 1694
1225 1695
2 1696
4 1696
6 1696
34 1696
241 1696
370 1696
727 1696
903 1696
918 1697
16 1698
13 1699
130 1699
1394 1699
1472 1700
83 1701
732 1701
1224 1702
156 1703
458 1703
669 1704
1322 1705
1636 1705
1 1706
2 1706
3 1706
8 1706
35 1706
72 1706
301 1706
335 1706
452 1706
474 1706
585 1706
1556 1706
854 1707
1071 1707
1046 1708
1600 1708
58 1709
196 1709
50 1710
611 1711
1402 1711
1 1712
2 1712
301 1712
335 1712
474 1712
1556 1712
282 1713
62 1714
268 1715
1508 1715
904 1716
125 1717
132 1718
656 1718
678 1718
1011 1718
1118 1718
1418 1718
1571 1718
1342 1719
130 1720
985 1720
1549 1720
101 1721
50 1722
828 1723
347 1724
774 1725
297 1726
87 1727
205 1728
100 1729
14 1730
15 1730
49 1730
73 1730
16 1731
255 1732
930 1732
4 1733
1200 1734
13 1735
669 1735
124 1736
37 1737
244 1738
66 1739
684 1740
1204 1740
1508 1740
516 1741
1178 1741
902 1742
1071 1743
83 1744
732 1744
438 1745
788 1746
681 1747
1715 1747
1740 1747
2 1748
1306 1748
176 1749
684 1749
747 1749
17 1750
198 1750
264 1750
398 1750
467 1750
514 1750
659 1750
697 1750
895 1750
971 1750
984 1750
1085 1750
1097 1750
1155 1750
1210 1751
367 1752
34 1753
106 1753
528 1753
1385 1753
176 1754
237 1754
276 1754
344 1754
700 1754
1136 1754
14 1755
512 1756
950 1756
121 1757
1192 1757
1001 1758
474 1759
1436 1760
1720 1760
11 1761
4 1762
256 1762
300 1762
399 1762
417 1762
471 1762
522 1762
584 1762
769 1762
976 1762
1020 1762
1141 1762
1655 1762
1706 1762
1748 1762
200 1763
918 1764
155 1765
1492 1766
1422 1767
14 1768
711 1769
140 1770
432 1771
815 1771
557 1772
1224 1772
1706 1773
5 1774
1641 1775
1436 1776
1720 1776
13 1777
1052 1777
13 1778
629 1778
214 1779
735 1779
124 1780
16 1781
1409 1781
268 1782
1551 1783
650 1784
91 1785
716 1785
823 1785
937 1785
1158 1785
140 1786
1237 1787
1720 1787
54 1788
725 1789
1304 1789
1292 1790
526 1791
195 1792
3 1793
136 1793
473 1793
1708 1793
223 1794
124 1795
227 1796
16 1797
636 1797
1713 1798
1142 1799
98 1800
812 1800
10 1801
538 1801
16 1802
900 1803
335 1804
474 1804
1556 1804
558 1805
926 1806
761 1807
280 1808
1597 1808
175 1809
215 1809
1027 1809
473 1810
309 1811
328 1812
336 1812
929 1813
90 1814
50 1815
644 1816
205 1817
1051 1818
1376 1818
1661 1818
62 1819
140 1820
12 1821
406 1822
8 1823
12 1823
17 1823
20 1823
71 1823
155 1823
360 1823
604 1823
607 1823
967 1823
974 1823
1276 1823
583 1824
1254 1824
1748 1824
151 1825
907 1825
1191 1825
761 1826
1060 1827
1357 1827
1357 1828
1797 1828
16 1829
57 1829
1694 1829
108 1830
898 1830
1517 1830
1009 1831
11 1832
20 1832
49 1832
148 1832
359 1832
543 1832
642 1832
651 1832
721 1832
1023 1832
1256 1832
1383 1832
1821 1832
1823 1832
58 1833
105 1833
139 1833
605 1833
993 1833
66 1834
195 1835
71 1836
264 1837
1753 1838
268 1839
268 1840
153 1841
461 1842
124 1843
339 1844
1831 1845
171 1846
621 1847
1478 1848
1788 1848
256 1849
461 1849
538 1849
1032 1849
1299 1849
1542 1850
407 1851
226 1852
600 1853
9 1854
22 1854
42 1854
383 1854
493 1854
1488 1854
1191 1855
12 1856
27 1856
51 1856
68 1856
109 1856
230 1856
525 1856
1113 1856
1534 1856
1572 1856
182 1857
1 1858
318 1858
748 1858
926 1858
1187 1858
307 1859
1210 1860
1276 1861
302 1862
941 1862
1042 1863
35 1864
16 1865
85 1866
1290 1867
1832 1867
1436 1868
1720 1868
22 1869
106 1869
707 1869
1385 1869
1462 1869
101 1870
56 1871
438 1872
1478 1873
1478 1874
406 1875
105 1876
914 1877
1454 1878
248 1879
1332 1879
10 1880
593 1881
14 1882
156 1882
658 1882
1598 1882
101 1883
450 1884
647 1885
565 1886
1233 1887
268 1888
1227 1888
896 1889
914 1889
668 1890
742 1890
57 1891
3 1892
1696 1893
14 1894
1550 1894
201 1895
226 1896
1610 1896
161 1897
268 1897
706 1898
926 1899
660 1900
605 1901
929 1901
160 1902
219 1902
310 1902
61 1903
1785 1903
155 1904
1584 1904
585 1905
2 1906
3 1906
4 1906
85 1907
59 1908
1566 1908
1864 1908
685 1909
772 1910
1308 1910
1347 1910
1413 1910
1753 1911
1 1912
13 1913
1791 1913
16 1914
366 1915
155 1916
8 1917
157 1917
452 1917
1854 1917
471 1918
862 1918
1784 1918
16 1919
85 1920
196 1921
87 1922
16 1923
16 1924
106 1925
528 1925
447 1926
948 1926
397 1927
1296 1927
1545 1928
1909 1928
611 1929
926 1929
1001 1930
100 1931
17 1932
63 1932
97 1932
424 1932
1508 1932
468 1933
260 1934
204 1935
1869 1935
157 1936
173 1937
1424 1937
1513 1937
1889 1937
993 1938
3 1939
4 1939
8 1939
1118 1940
3 1941
4 1941
641 1942
16 1943
227 1944
684 1945
1818 1946
1126 1947
573 1948
1947 1949
2 1950
1762 1950
1 1951
121 1952
584 1953
735 1954
5 1955
256 1956
1649 1957
367 1958
1850 1958
16 1959
918 1960
436 1961
595 1961
1113 1961
1723 1962
1026 1963
1415 1963
1830 1963
11 1964
15 1964
16 1964
940 1964
1007 1964
1030 1964
1093 1964
1474 1964
1932 1964
1785 1965
1942 1966
1045 1967
383 1968
797 1968
14 1969
424 1969
289 1970
105 1971
277 1971
1006 1971
1409 1971
11 1972
268 1973
541 1973
591 1973
691 1973
1 1974
720 1975
1024 1975
13 1976
16 1976
1424 1976
16 1977
1690 1977
98 1978
7 1979
742 1979
338 1980
450 1980
1597 1981
1084 1982
16 1983
13 1984
298 1984
1 1985
1090 1985
68 1986
230 1986
525 1986
1113 1986
116 1987
473 1988
98 1989
264 1990
14 1991
118 1991
216 1991
40 1992
287 1992
1400 1992
473 1993
1095 1993
1222 1993
1762 1993
229 1994
595 1994
1113 1994
13 1995
464 1996
1 1997
684 1998
720 1999
171 2000
1509 2000
61 2001
1754 2002
1697 2003
268 2004
1105 2005
56 2006
97 2006
133 2006
397 2006
525 2006
1084 2006
35 2007
44 2008
81 2009
79 2010
16 2011
232 2012
268 2012
1187 2013
793 2014
1468 2015
13 2016
979 2017
820 2018
5 2019
11 2019
14 2019
56 2019
153 2019
189 2019
221 2019
346 2019
402 2019
460 2019
598 2019
633 2019
692 2019
744 2019
783 2019
887 2019
902 2019
1007 2019
1107 2019
1375 2019
1394 2019
1549 2019
1735 2019
1913 2019
255 2020
930 2020
287 2021
10 2022
17 2022
596 2022
909 2022
915 2022
397 2023
50 2024
417 2025
1423 2026
309 2027
14 2028
1402 2028
757 2029
882 2030
124 2031
406 2031
58 2032
248 2033
1978 2033
1973 2034
458 2035
1530 2036
1560 2036
1654 2036
1862 2036
215 2037
636 2037
1027 2037
1575 2037
2022 2037
665 2038
560 2039
328 2040
377 2040
35 2041
1042 2042
1847 2043
98 2044
103 2045
237 2046
286 2046
387 2046
465 2046
909 2046
1448 2046
16 2047
745 2047
210 2048
405 2049
591 2049
1319 2049
738 2050
268 2051
124 2052
1478 2052
119 2053
12 2054
1549 2054
669 2055
958 2055
1649 2056
3 2057
6 2057
8 2057
9 2057
136 2057
165 2057
185 2057
231 2057
473 2057
1074 2057
1238 2057
1279 2057
1762 2057
1906 2057
1939 2057
116 2058
1245 2058
1725 2058
11 2059
14 2059
16 2059
19 2059
27 2059
133 2059
221 2059
252 2059
622 2059
684 2059
1221 2059
1534 2059
215 2060
365 2060
1958 2061
1856 2062
2 2063
5 2063
6 2063
10 2063
399 2063
931 2063
995 2063
1018 2063
1168 2064
37 2065
560 2066
287 2067
607 2067
637 2067
40 2068
215 2069
1028 2070
1745 2070
95 2071
108 2071
1030 2071
1124 2071
1132 2071
1413 2071
76 2072
100 2073
458 2074
268 2075
25 2076
36 2076
780 2076
1671 2076
1732 2077
2020 2077
720 2078
1675 2078
595 2079
19 2080
43 2080
133 2080
1910 2080
2071 2080
223 2081
237 2082
1832 2083
84 2084
1 2085
303 2086
1061 2086
1179 2086
1248 2086
1326 2086
12 2087
15 2087
1549 2087
161 2088
1118 2089
1827 2090
12 2091
1649 2092
1717 2092
233 2093
200 2094
229 2095
595 2095
2 2096
903 2096
950 2096
790 2097
76 2098
1856 2099
9 2100
12 2100
13 2100
23 2100
32 2100
53 2100
61 2100
73 2100
98 2100
122 2100
146 2100
266 2100
335 2100
341 2100
375 2100
615 2100
777 2100
1007 2100
1148 2100
1221 2100
1641 2100
2019 2100
2059 2100
1341 2101
967 2102
1179 2102
1217 2102
1237 2102
489 2103
122 2104
571 2104
11 2105
1245 2106
473 2107
1095 2107
1222 2107
12 2108
10 2109
538 2109
16 2110
337 2110
96 2111
1645 2112
983 2113
903 2114
697 2115
1002 2115
1 2116
98 2117
11 2118
19 2118
27 2118
63 2118
97 2118
109 2118
155 2118
201 2118
268 2118
366 2118
424 2118
891 2118
200 2119
1472 2120
44 2121
248 2122
1332 2122
241 2123
10 2124
1111 2124
150 2125
1414 2125
1814 2125
100 2126
952 2126
14 2127
1478 2128
1557 2128
1072 2129
859 2130
165 2131
98 2132
424 2133
653 2134
538 2135
16 2136
26 2137
714 2137
1 2138
406 2139
11 2140
426 2141
1808 2141
908 2142
385 2143
662 2143
16 2144
37 2145
568 2145
845 2146
140 2147
13 2148
1160 2148
185 2149
19 2150
68 2150
97 2150
133 2150
622 2150
461 2151
484 2152
653 2153
1458 2154
202 2155
302 2155
668 2156
1142 2157
312 2158
815 2158
1468 2158
471 2159
862 2159
797 2160
1478 2161
195 2162
950 2162
1222 2162
14 2163
611 2163
902 2163
1 2164
205 2165
11 2166
1652 2167
1708 2168
1 2169
473 2169
84 2170
1134 2171
232 2172
289 2173
1001 2173
2009 2173
540 2174
703 2175
268 2176
339 2176
576 2176
977 2176
1154 2176
1322 2176
1484 2176
3 2177
4 2177
8 2177
1305 2177
1420 2178
1777 2178
11 2179
1 2180
124 2181
268 2182
374 2183
1750 2183
56 2184
1807 2184
461 2185
1707 2186
438 2187
309 2188
697 2189
10 2190
165 2191
96 2192
182 2192
903 2192
1701 2192
2173 2193
1518 2194
175 2195
2046 2195
2050 2195
37 2196
16 2197
16 2198
379 2198
665 2198
794 2198
1574 2198
883 2199
978 2200
1041 2201
214 2202
735 2202
1887 2202
76 2203
611 2203
739 2203
1503 2203
1724 2203
232 2204
397 2205
568 2206
33 2207
87 2208
215 2208
501 2209
1304 2210
1478 2211
1502 2212
725 2213
1304 2213
2019 2214
335 2215
1494 2215
1773 2215
659 2216
153 2217
493 2217
50 2218
8 2219
94 2219
188 2219
258 2219
316 2219
487 2219
640 2219
745 2219
966 2219
1145 2219
1487 2219
1498 2219
1992 2219
1 2220
496 2221
644 2222
501 2223
234 2224
237 2224
1477 2224
2008 2224
1271 2225
1928 2226
307 2227
1478 2228
681 2229
1168 2229
1436 2229
1749 2229
1235 2230
383 2231
2 2232
4 2232
7 2232
8 2232
374 2232
493 2232
875 2232
917 2232
1266 2232
1565 2232
16 2233
241 2234
1948 2235
1001 2236
2154 2237
153 2238
98 2239
268 2240
704 2241
857 2242
1191 2242
1357 2242
10 2243
16 2244
1463 2244
211 2245
334 2245
417 2245
1297 2246
1474 2246
1651 2246
1863 2246
1059 2247
1446 2248
19 2249
16 2250
16 2251
1070 2252
1934 2253
13 2254
674 2254
1122 2254
9 2255
234 2255
684 2255
2008 2255
615 2256
62 2257
132 2257
842 2257
1118 2257
1418 2257
1571 2257
302 2258
2036 2258
681 2259
1720 2260
204 2261
555 2261
1753 2261
237 2262
344 2262
10 2263
381 2264
2063 2264
174 2265
2124 2265
7 2266
668 2266
742 2266
1458 2267
10 2268
893 2269
704 2270
124 2271
1151 2272
1290 2272
1602 2272
96 2273
138 2274
474 2274
1434 2274
268 2275
124 2276
1031 2276
2215 2277
14 2278
229 2278
453 2278
611 2278
5 2279
12 2280
227 2281
268 2281
418 2281
605 2281
605 2282
1097 2283
767 2284
54 2285
1226 2286
2 2287
5 2287
8 2287
10 2287
104 2287
105 2287
165 2287
185 2287
227 2287
269 2287
399 2287
407 2287
1068 2287
1335 2287
1616 2287
1706 2287
1941 2287
80 2288
604 2288
1240 2288
50 2289
680 2289
50 2290
278 2291
13 2292
42 2293
707 2293
1 2294
139 2295
287 2296
1344 2297
8 2298
40 2298
2107 2298
937 2299
66 2300
278 2300
1720 2300
205 2301
219 2302
7 2303
702 2303
796 2304
889 2304
2192 2304
2273 2304
342 2305
2086 2305
339 2306
192 2307
16 2308
1292 2308
1491 2308
53 2309
35 2310
1468 2310
2006 2310
69 2311
210 2312
370 2313
17 2314
155 2314
815 2314
1803 2315
903 2316
106 2317
670 2318
1210 2319
1997 2320
720 2321
8 2322
571 2323
1024 2323
489 2324
1 2325
2304 2326
268 2327
182 2328
155 2329
1584 2329
15 2330
124 2330
374 2330
609 2331
1541 2331
215 2332
397 2332
814 2332
902 2332
1152 2332
1825 2332
237 2333
387 2333
465 2333
2195 2333
793 2334
2212 2335
1408 2336
438 2337
1910 2338
823 2339
123 2340
469 2341
155 2342
312 2342
815 2342
1468 2342
607 2343
1344 2344
204 2345
16 2346
1185 2346
12 2347
1730 2347
16 2348
71 2348
940 2349
71 2350
1209 2351
100 2352
66 2353
1255 2353
424 2354
1971 2355
1789 2356
2335 2357
1270 2358
1314 2359
388 2360
454 2360
649 2360
1673 2360
1964 2360
16 2361
7 2362
128 2362
1 2363
34 2364
711 2365
1867 2365
605 2366
550 2367
603 2367
14 2368
16 2368
73 2368
424 2368
11 2369
40 2370
287 2370
13 2371
120 2372
23 2373
1481 2373
424 2374
914 2375
558 2376
2215 2377
190 2378
557 2378
16 2379
239 2380
1007 2380
105 2381
1059 2381
1757 2381
903 2382
738 2383
2093 2384
689 2385
1030 2385
2092 2386
1071 2387
15 2388
1007 2388
1093 2388
441 2389
11 2390
268 2391
2206 2392
192 2393
526 2394
227 2395
237 2396
909 2396
2162 2396
468 2397
1292 2398
2313 2398
1057 2399
1453 2399
1692 2399
14 2400
76 2401
5 2402
215 2403
190 2404
262 2404
1054 2404
1162 2404
1336 2404
1786 2404
1820 2404
2292 2405
146 2406
2039 2406
2066 2406
1550 2407
40 2408
287 2408
320 2409
171 2410
13 2411
388 2411
454 2411
536 2411
717 2411
751 2411
1014 2411
882 2412
1034 2413
215 2414
1027 2414
223 2415
1799 2416
16 2417
1984 2417
16 2418
99 2418
268 2418
1 2419
142 2420
1114 2420
1520 2420
153 2421
686 2421
22 2422
66 2422
186 2422
323 2422
685 2422
935 2422
2086 2422
101 2423
2416 2424
19 2425
11 2426
13 2426
16 2426
20 2426
36 2426
70 2426
424 2426
543 2426
642 2426
721 2426
740 2426
802 2426
1229 2426
1256 2426
1600 2426
1821 2426
2280 2426
2347 2426
302 2427
797 2428
260 2429
520 2429
2033 2430
139 2431
725 2432
1227 2433
13 2434
262 2435
619 2435
805 2435
1540 2435
1831 2436
2176 2437
219 2438
310 2438
319 2438
1116 2438
1285 2438
1198 2439
900 2440
2399 2440
646 2441
1417 2441
13 2442
1127 2443
1423 2444
1 2445
10 2446
16 2447
87 2448
185 2448
2213 2448
725 2449
1 2450
66 2451
237 2451
276 2451
902 2451
116 2452
180 2453
4 2454
227 2454
71 2455
1 2456
1002 2457
1551 2457
418 2458
13 2459
16 2459
1424 2459
219 2460
310 2460
319 2460
1285 2460
2113 2461
14 2462
170 2463
185 2463
6 2464
223 2465
1635 2466
1840 2467
527 2468
461 2469
1107 2469
2364 2469
1449 2470
1901 2470
1255 2471
13 2472
792 2473
205 2474
383 2475
1636 2476
1262 2477
302 2478
1344 2479
124 2480
1459 2480
1954 2481
2332 2481
320 2482
14 2483
80 2483
121 2483
389 2483
406 2483
458 2483
673 2483
1478 2483
1593 2483
571 2484
1024 2484
1210 2485
139 2486
50 2487
2 2488
195 2488
894 2488
193 2489
98 2490
1237 2491
1248 2491
1579 2491
1908 2492
106 2493
1690 2494
19 2495
85 2496
282 2497
150 2498
2164 2499
461 2500
1567 2501
116 2502
240 2503
294 2503
397 2503
424 2503
544 2503
763 2503
902 2503
2380 2503
14 2504
595 2505
200 2506
128 2507
164 2507
225 2507
2012 2507
13 2508
1424 2508
1867 2509
1883 2509
14 2510
87 2510
215 2510
1588 2510
387 2511
66 2512
1255 2512
2348 2512
2350 2512
62 2513
253 2513
188 2514
140 2515
443 2516
915 2516
1647 2516
2037 2516
2414 2516
142 2517
1890 2518
674 2519
638 2520
90 2521
417 2522
790 2523
16 2524
56 2525
353 2525
14 2526
310 2526
10 2527
682 2528
2314 2528
110 2529
101 2530
810 2531
16 2532
64 2532
70 2532
475 2532
564 2532
849 2532
963 2532
468 2533
557 2534
721 2535
565 2536
1291 2536
554 2537
2248 2537
1279 2538
2359 2539
14 2540
367 2541
2061 2541
139 2542
745 2543
1478 2544
104 2545
15 2546
239 2546
643 2546
772 2546
918 2546
1413 2546
2080 2546
635 2547
666 2548
684 2549
554 2550
41 2551
80 2552
105 2553
139 2553
605 2553
1619 2553
1858 2553
66 2554
101 2555
11 2556
1462 2556
890 2557
682 2558
953 2558
16 2559
1926 2559
1227 2560
45 2561
1718 2561
2257 2561
481 2562
564 2562
264 2563
473 2564
1775 2564
14 2565
140 2566
2404 2566
1314 2567
836 2568
1385 2568
5 2569
6 2569
8 2569
70 2569
473 2569
611 2569
787 2569
966 2569
979 2569
1070 2569
1346 2569
1471 2569
1804 2569
2100 2569
12 2570
460 2571
359 2572
389 2572
2019 2572
2469 2572
934 2573
1500 2574
2308 2574
66 2575
237 2575
276 2575
902 2575
163 2576
27 2577
43 2577
56 2577
64 2577
133 2577
366 2577
525 2577
1084 2577
1972 2578
98 2579
2480 2580
721 2581
1021 2582
53 2583
348 2583
789 2583
124 2584
1031 2584
2480 2585
753 2586
289 2587
1001 2587
1090 2588
1401 2588
13 2589
538 2590
157 2591
461 2591
256 2592
7 2593
7 2594
702 2594
1137 2595
1910 2596
250 2597
607 2597
637 2597
1645 2598
4 2599
2146 2600
116 2601
1209 2602
75 2603
520 2603
2583 2603
1750 2604
139 2605
1619 2605
2503 2606
902 2607
2546 2608
128 2609
807 2610
156 2611
268 2612
73 2613
767 2613
1922 2613
720 2614
1045 2615
385 2616
302 2617
140 2618
23 2619
2476 2620
2529 2621
14 2622
1402 2622
16 2623
61 2624
4 2625
5 2625
7 2625
9 2625
10 2625
34 2625
74 2625
107 2625
135 2625
167 2625
241 2625
285 2625
399 2625
400 2625
419 2625
434 2625
498 2625
587 2625
594 2625
652 2625
742 2625
899 2625
921 2625
1374 2625
1712 2625
1858 2625
1912 2625
1916 2625
1974 2625
1997 2625
2085 2625
2164 2625
2220 2625
2363 2625
2445 2625
2450 2625
124 2626
1750 2626
931 2627
13 2628
229 2628
424 2628
1113 2628
1134 2628
2104 2628
175 2629
1027 2629
1683 2630
98 2631
13 2632
2019 2632
186 2633
1028 2634
1745 2634
66 2635
1255 2635
1823 2635
319 2636
656 2636
898 2636
2441 2636
2 2637
105 2637
1006 2637
10 2638
461 2638
538 2638
1661 2638
12 2639
668 2640
742 2640
1212 2641
606 2642
665 2642
1656 2643
16 2644
45 2645
201 2645
1718 2645
2257 2645
226 2646
13 2647
526 2648
11 2649
2200 2649
26 2650
341 2650
142 2651
1520 2651
310 2652
1285 2652
16 2653
1158 2653
725 2654
644 2655
36 2656
193 2657
1942 2658
287 2659
1597 2660
10 2661
113 2661
146 2661
320 2661
375 2661
443 2661
518 2661
596 2661
915 2661
1034 2661
1062 2661
1685 2661
2019 2661
2163 2661
2451 2661
2575 2661
7 2662
16 2663
155 2664
1584 2664
66 2665
225 2665
480 2665
506 2665
714 2665
942 2665
954 2665
2576 2665
194 2666
580 2667
1654 2667
2176 2667
2306 2667
61 2668
654 2668
12 2669
292 2670
431 2670
473 2671
3 2672
10 2672
25 2672
83 2672
89 2672
138 2672
149 2672
150 2672
399 2672
473 2672
522 2672
584 2672
666 2672
1706 2672
1906 2672
2096 2672
2232 2672
2637 2672
7 2673
660 2673
629 2674
204 2675
367 2675
37 2676
155 2677
303 2677
1468 2677
1649 2677
2630 2678
782 2679
684 2680
584 2681
13 2682
1436 2683
2470 2683
84 2684
1248 2685
2093 2685
512 2686
1168 2686
1436 2686
1740 2686
1945 2686
2059 2686
2680 2686
98 2687
354 2688
2339 2688
1937 2689
103 2690
147 2690
309 2690
451 2690
1544 2690
1564 2690
1599 2690
1710 2690
1722 2690
2024 2690
2218 2690
2290 2690
2487 2690
193 2691
1586 2692
1801 2692
461 2693
37 2694
580 2694
2107 2694
461 2695
2103 2696
1723 2697
862 2698
684 2699
1762 2700
2171 2700
2187 2700
2477 2701
387 2702
1405 2702
1423 2702
1737 2702
2065 2702
2196 2702
3 2703
4 2703
9 2703
21 2703
89 2703
149 2703
278 2703
522 2703
835 2703
866 2703
867 2703
926 2703
1192 2703
1309 2703
1564 2703
1833 2703
1876 2703
2381 2703
2630 2704
268 2705
98 2706
13 2707
61 2708
19 2709
223 2710
979 2711
595 2712
385 2713
156 2714
925 2715
1478 2716
1788 2716
2 2717
227 2717
606 2717
743 2717
1146 2717
2503 2718
103 2719
2176 2720
6 2721
1302 2721
1545 2721
489 2722
342 2723
1344 2723
1855 2723
1049 2724
858 2725
1066 2726
2151 2726
2537 2726
1408 2727
10 2728
2132 2728
10 2729
735 2729
2481 2729
1492 2730
630 2731
2063 2731
140 2732
84 2733
447 2733
7 2734
493 2734
655 2734
1226 2734
12 2735
1641 2735
2426 2735
703 2736
745 2737
669 2738
58 2739
196 2739
1 2740
14 2741
1550 2741
1185 2742
7 2743
1526 2744
157 2745
1754 2746
16 2747
10 2748
1674 2749
1942 2749
85 2750
96 2751
287 2752
15 2753
1007 2753
1093 2753
685 2754
210 2755
558 2756
757 2757
276 2758
902 2758
399 2759
461 2759
990 2760
1369 2760
2672 2761
815 2762
1485 2762
84 2763
11 2764
1431 2765
87 2766
438 2766
865 2766
611 2767
225 2768
506 2768
714 2768
942 2768
268 2769
1947 2770
2528 2771
32 2772
735 2772
141 2773
168 2773
181 2773
295 2773
330 2773
333 2773
361 2773
368 2773
671 2773
1615 2773
1866 2773
2496 2773
66 2774
1255 2774
684 2775
2686 2775
473 2776
142 2777
2040 2777
2015 2778
17 2779
23 2779
171 2779
266 2779
341 2779
735 2779
793 2779
868 2779
2203 2779
16 2780
12 2781
16 2781
19 2781
43 2781
51 2781
56 2781
63 2781
64 2781
90 2781
97 2781
122 2781
525 2781
622 2781
1113 2781
1221 2781
1447 2781
1534 2781
1964 2781
2087 2781
2388 2781
1 2782
4 2782
6 2782
7 2782
10 2782
21 2782
24 2782
138 2782
150 2782
185 2782
256 2782
300 2782
399 2782
522 2782
666 2782
769 2782
976 2782
1020 2782
1141 2782
1655 2782
1748 2782
1906 2782
1950 2782
2063 2782
2096 2782
2287 2782
680 2783
1588 2783
1174 2784
1211 2784
2175 2785
1986 2786
155 2787
312 2787
815 2787
892 2787
296 2788
1762 2788
228 2789
2307 2790
1 2791
342 2792
2086 2792
142 2793
745 2794
239 2795
2065 2796
2196 2796
268 2797
11 2798
2411 2798
2 2799
5 2799
995 2799
2782 2799
368 2800
738 2801
2195 2801
1656 2802
926 2803
84 2804
681 2805
268 2806
2232 2807
105 2808
16 2809
268 2809
2760 2810
653 2811
2 2812
3 2812
452 2812
1556 2812
2672 2812
13 2813
6 2814
58 2814
81 2814
135 2814
493 2814
705 2814
713 2814
831 2814
929 2814
1226 2814
1437 2814
1610 2814
1487 2815
1803 2815
720 2816
12 2817
24 2817
2716 2817
570 2818
1818 2818
1769 2819
80 2820
13 2821
15 2822
1064 2822
1093 2822
1474 2822
1932 2822
1683 2823
106 2824
204 2825
367 2825
956 2826
80 2827
1240 2827
1567 2828
125 2829
856 2830
1095 2830
1470 2830
2681 2830
101 2831
1 2832
251 2833
323 2833
431 2833
704 2833
1771 2833
2158 2833
2314 2833
2762 2833
735 2834
170 2835
242 2835
265 2835
393 2835
462 2835
639 2835
2420 2835
2793 2835
452 2836
639 2836
16 2837
176 2838
1760 2838
2683 2838
2686 2838
1105 2839
16 2840
1292 2840
1491 2840
139 2841
669 2842
685 2843
2721 2843
14 2844
155 2845
2625 2845
16 2846
1649 2847
565 2848
906 2848
1111 2848
2742 2848
16 2849
1706 2850
2215 2850
62 2851
728 2852
877 2852
155 2853
349 2853
289 2854
1001 2854
735 2855
2481 2855
1 2856
3 2856
5 2856
35 2856
72 2856
157 2856
165 2856
367 2856
585 2856
605 2856
1636 2856
1854 2856
2255 2856
2703 2856
2730 2857
443 2858
918 2858
1394 2858
461 2859
1757 2859
1952 2859
634 2860
98 2861
2201 2861
195 2862
950 2862
629 2863
1410 2864
2086 2864
458 2865
2173 2866
12 2867
56 2867
124 2867
1832 2867
565 2868
906 2868
1111 2868
11 2869
264 2869
10 2870
1984 2870
35 2871
283 2872
2340 2872
66 2873
1255 2873
1276 2873
1350 2873
256 2874
98 2875
1210 2876
155 2877
303 2877
735 2878
2481 2878
2360 2879
516 2880
1411 2880
13 2881
14 2881
133 2881
525 2881
1052 2881
720 2882
2872 2883
13 2884
2503 2885
10 2886
1605 2887
924 2888
2558 2888
1541 2889
16 2890
1003 2891
182 2892
810 2893
282 2894
11 2895
2200 2895
282 2896
40 2897
580 2898
342 2899
1410 2899
2086 2899
157 2900
204 2900
367 2900
593 2900
1358 2900
1443 2900
1854 2900
2231 2900
1018 2901
339 2902
859 2902
335 2903
381 2903
2569 2903
1831 2904
2107 2905
2830 2905
744 2906
10 2907
461 2907
538 2907
725 2908
1304 2908
1975 2909
2323 2909
71 2910
16 2911
490 2911
1926 2911
2752 2911
16 2912
564 2912
106 2913
830 2913
1917 2913
2812 2913
2836 2913
1586 2914
1801 2914
820 2915
1542 2916
1958 2916
244 2917
106 2918
1541 2919
1959 2919
383 2920
1706 2921
2215 2921
2768 2922
214 2923
735 2923
697 2924
1551 2924
315 2925
105 2926
680 2926
2690 2926
1279 2927
196 2928
735 2929
1854 2930
2231 2930
2155 2931
37 2932
96 2933
5 2934
787 2934
966 2934
1471 2934
2903 2934
684 2935
16 2936
2245 2936
2372 2936
44 2937
2224 2937
1683 2938
64 2939
134 2939
1447 2939
2880 2939
104 2940
895 2940
2183 2940
101 2941
1366 2941
8 2942
71 2942
483 2942
974 2942
1051 2942
1414 2942
1468 2942
1637 2942
1649 2942
1679 2942
2353 2942
2471 2942
2512 2942
2635 2942
2873 2942
108 2943
898 2943
1175 2943
1222 2944
685 2945
232 2946
2219 2947
12 2948
202 2948
12 2949
611 2950
1402 2950
2096 2951
2862 2951
292 2952
322 2952
1269 2952
1904 2952
525 2953
89 2954
2048 2954
463 2955
344 2956
2258 2957
520 2958
270 2959
268 2960
10 2961
636 2962
1828 2962
19 2963
133 2963
252 2963
1049 2964
101 2965
268 2966
399 2967
1757 2967
2483 2967
105 2968
85 2969
2003 2970
1 2971
3 2971
238 2971
604 2971
1031 2971
1979 2971
2625 2971
2640 2971
310 2972
1285 2972
16 2973
174 2973
1105 2973
1139 2973
1185 2973
1886 2973
2536 2973
98 2974
908 2975
1423 2976
2558 2976
542 2977
725 2978
9 2979
42 2979
383 2979
1917 2979
767 2980
1255 2981
656 2982
678 2982
1011 2982
1571 2982
2561 2982
902 2983
2661 2983
232 2984
16 2985
106 2986
931 2987
4 2988
731 2989
845 2989
2367 2990
10 2991
1776 2992
1472 2993
557 2994
2773 2995
562 2996
10 2997
310 2998
120 2999
139 2999
155 3000
782 3000
13 3001
14 3002
605 3003
53 3004
904 3005
616 3006
706 3006
747 3006
1022 3006
1525 3006
2229 3006
2259 3006
2805 3006
215 3007
1223 3007
2883 3007
40 3008
252 3009
2703 3009
1832 3010
2830 3011
37 3012
2219 3013
2995 3013
387 3014
465 3014
909 3014
2195 3014
1910 3015
424 3016
1210 3017
50 3018
225 3019
714 3019
2922 3019
607 3020
637 3020
2 3021
105 3021
227 3021
1616 3021
2491 3021
2672 3021
2703 3021
1112 3022
289 3023
98 3024
2098 3024
4 3025
2795 3025
2315 3026
2876 3027
5 3028
1463 3029
282 3030
732 3031
1004 3032
2063 3032
2683 3032
5 3033
1402 3034
5 3035
11 3035
14 3035
887 3035
1107 3035
1375 3035
1394 3035
1549 3035
2100 3035
2214 3035
2572 3035
952 3036
227 3037
3029 3037
950 3038
2672 3038
461 3039
516 3040
2939 3040
16 3041
870 3041
577 3042
1518 3043
621 3044
25 3045
780 3045
1671 3045
438 3046
34 3047
688 3047
268 3048
523 3048
1665 3048
1116 3049
16 3050
489 3051
2781 3052
571 3053
1024 3053
2909 3053
940 3054
745 3055
907 3055
841 3056
940 3057
150 3058
2212 3058
2 3059
277 3059
903 3059
1006 3059
1022 3059
2782 3059
595 3060
181 3061
507 3061
1030 3061
1199 3061
1255 3061
2092 3061
180 3062
2155 3063
104 3064
2360 3065
2411 3065
367 3066
2 3067
903 3067
907 3068
721 3069
807 3069
9 3070
22 3070
383 3070
1488 3070
1917 3070
2900 3070
904 3071
1567 3071
1726 3071
2113 3071
761 3072
1043 3072
1775 3072
2473 3073
105 3074
419 3074
493 3074
917 3074
1245 3074
1565 3074
1616 3074
3064 3074
241 3075
1018 3076
140 3077
65 3078
14 3079
175 3079
215 3079
581 3079
2043 3080
2170 3080
1553 3081
2830 3081
595 3082
685 3083
200 3084
183 3085
673 3085
2594 3085
605 3086
282 3087
471 3088
862 3088
474 3089
2625 3089
1478 3090
278 3091
215 3092
2941 3092
940 3093
3072 3094
12 3095
1781 3095
745 3096
907 3096
2641 3096
227 3097
1616 3097
2703 3097
1492 3098
525 3099
541 3100
591 3100
1445 3100
1510 3100
2351 3100
538 3101
5 3102
210 3103
260 3104
461 3105
182 3106
16 3107
268 3107
483 3107
1634 3108
1255 3109
98 3110
13 3111
14 3111
20 3111
64 3111
66 3111
70 3111
73 3111
93 3111
148 3111
208 3111
325 3111
424 3111
813 3111
1229 3111
1447 3111
1534 3111
1856 3111
2087 3111
2347 3111
2639 3111
2735 3111
2817 3111
3095 3111
3026 3112
98 3113
14 3114
96 3115
417 3116
622 3117
2365 3117
1832 3118
57 3119
88 3119
128 3119
130 3119
177 3119
229 3119
245 3119
312 3119
447 3119
486 3119
558 3119
579 3119
896 3119
913 3119
1017 3119
1094 3119
1157 3119
1303 3119
1474 3119
1582 3119
1587 3119
1839 3119
2012 3119
2075 3119
2118 3119
2240 3119
2327 3119
2809 3119
2966 3119
512 3120
520 3121
2435 3122
908 3123
883 3124
940 3125
1982 3125
940 3126
606 3127
743 3127
1146 3127
1567 3128
13 3129
16 3130
3119 3130
1209 3131
10 3132
538 3132
105 3133
912 3134
1925 3135
2773 3136
15 3137
643 3137
1249 3137
1277 3137
1331 3137
1349 3137
1413 3137
1561 3137
1856 3137
2781 3137
810 3138
1 3139
1690 3140
1529 3141
119 3142
3119 3143
538 3144
1459 3145
12 3146
51 3146
525 3146
1113 3146
1572 3146
2099 3146
3137 3146
50 3147
215 3147
1658 3147
2224 3148
310 3149
2459 3149
66 3150
1557 3150
1823 3150
441 3151
119 3152
3 3153
2672 3153
2782 3153
743 3154
1146 3154
2665 3154
706 3155
1022 3155
1204 3155
1525 3155
1639 3155
2229 3155
2805 3155
871 3156
14 3157
16 3158
1158 3158
292 3159
507 3159
1198 3159
2942 3159
8 3160
5 3161
100 3162
845 3163
1508 3163
3122 3164
653 3165
227 3166
2703 3166
538 3167
1636 3168
2620 3168
53 3169
342 3170
2086 3170
256 3171
3 3172
35 3172
157 3172
165 3172
367 3172
585 3172
2703 3172
2 3173
204 3174
1925 3174
100 3175
339 3176
2667 3176
681 3177
1158 3178
10 3179
558 3180
1642 3180
512 3181
525 3182
1197 3182
1401 3183
205 3184
85 3185
2773 3185
575 3186
645 3186
1063 3186
1476 3186
9 3187
99 3187
220 3187
278 3187
318 3187
754 3187
1101 3187
1663 3187
2282 3187
2553 3187
2856 3187
1255 3188
1823 3188
2456 3188
176 3189
201 3189
616 3189
747 3189
1204 3189
1639 3189
2229 3189
456 3190
1107 3191
1358 3191
2483 3191
2572 3191
65 3192
2310 3192
441 3193
797 3194
461 3195
110 3196
16 3197
2360 3198
9 3199
22 3199
66 3199
102 3199
141 3199
168 3199
330 3199
361 3199
442 3199
636 3199
1458 3199
1667 3199
2496 3199
2750 3199
2969 3199
244 3200
2175 3201
2419 3202
80 3203
210 3204
929 3205
2470 3205
5 3206
40 3207
111 3208
268 3208
576 3208
722 3208
389 3209
3035 3209
337 3210
875 3210
3187 3210
2385 3211
2546 3212
1209 3213
1090 3214
66 3215
16 3216
2580 3217
1255 3218
2646 3219
14 3220
397 3220
1723 3221
1973 3222
237 3223
387 3223
256 3224
2284 3225
2613 3225
883 3226
320 3227
856 3228
2681 3228
3011 3228
101 3229
2234 3229
2 3230
479 3231
5 3232
27 3233
807 3234
1830 3235
2057 3236
104 3237
50 3238
43 3239
1910 3239
14 3240
1931 3241
5 3242
2262 3242
16 3243
268 3243
418 3243
605 3243
2418 3243
1 3244
1968 3244
2160 3244
120 3245
232 3246
268 3246
2362 3246
2507 3246
2609 3246
205 3247
2189 3247
2120 3248
3085 3248
615 3249
16 3250
2531 3251
2893 3251
3138 3251
1 3252
1159 3252
310 3253
2748 3254
140 3255
17 3256
815 3256
120 3257
206 3257
420 3257
1492 3257
1776 3258
103 3259
320 3259
1478 3260
211 3261
334 3261
417 3261
493 3262
655 3262
1226 3262
502 3263
735 3263
1053 3263
940 3264
16 3265
213 3265
2198 3265
16 3266
47 3267
214 3267
473 3267
629 3268
3171 3268
183 3269
1505 3269
17 3270
85 3270
155 3270
1121 3270
1232 3270
1452 3270
1589 3270
98 3271
1342 3272
2773 3272
10 3273
2143 3273
2713 3273
2015 3274
45 3275
182 3275
2851 3275
3071 3276
1736 3277
2086 3278
16 3279
98 3280
811 3281
302 3282
13 3283
56 3283
397 3283
525 3283
3137 3283
165 3284
177 3284
757 3285
15 3286
5 3287
2359 3288
1757 3289
2483 3289
1168 3290
1863 3290
278 3291
1344 3292
12 3293
2716 3293
1039 3294
1579 3294
1970 3294
2098 3295
1 3296
1 3297
2625 3297
1545 3298
1909 3298
1869 3299
8 3300
452 3300
2979 3300
597 3301
1576 3301
2176 3301
2306 3301
2902 3301
2959 3302
793 3303
16 3304
84 3305
50 3306
184 3306
461 3307
1652 3308
10 3309
83 3310
448 3310
2328 3310
3006 3311
11 3312
388 3313
454 3313
536 3313
1014 3313
3065 3313
3132 3314
30 3315
3119 3315
156 3316
476 3316
268 3317
630 3317
3119 3317
96 3318
471 3318
37 3319
720 3320
1213 3321
1592 3321
3243 3321
595 3322
16 3323
2198 3323
1835 3324
3155 3324
151 3325
1060 3325
124 3326
2039 3327
1508 3328
390 3329
654 3329
1804 3329
13 3330
14 3330
424 3330
1134 3330
66 3331
771 3332
1454 3332
2867 3333
119 3334
359 3335
389 3335
2019 3335
16 3336
349 3337
302 3338
1659 3339
2267 3340
3199 3340
14 3341
16 3341
133 3341
221 3341
252 3341
1534 3341
2686 3341
43 3342
366 3343
3 3344
136 3345
231 3345
329 3345
1238 3345
282 3346
655 3347
1312 3347
1427 3348
397 3349
1772 3350
2483 3351
289 3352
2249 3353
2459 3353
106 3354
830 3354
458 3355
1849 3355
1835 3356
3155 3356
409 3357
98 3358
3219 3359
2995 3360
2781 3361
3146 3361
406 3362
669 3362
250 3363
287 3363
496 3363
607 3363
637 3363
1200 3363
1812 3363
85 3364
2 3365
4 3365
5 3365
8 3365
10 3365
238 3365
256 3365
335 3365
644 3365
937 3365
1036 3365
1688 3365
2543 3365
2594 3365
2673 3365
2743 3365
4 3366
711 3367
706 3368
1378 3368
2064 3368
2229 3368
3290 3368
124 3369
142 3369
98 3370
1271 3370
1674 3370
2201 3370
239 3371
1723 3372
1042 3373
124 3374
8 3375
157 3375
139 3376
709 3377
2074 3378
3168 3378
418 3379
1775 3380
2668 3380
5 3381
615 3382
1214 3382
1646 3382
16 3383
394 3383
867 3384
1018 3384
468 3385
98 3386
261 3386
564 3387
1247 3387
2383 3387
2692 3388
2582 3389
116 3390
1123 3390
16 3391
1726 3391
1986 3391
11 3392
298 3393
681 3394
286 3395
1 3396
315 3397
3100 3397
929 3398
2016 3399
2019 3399
37 3400
807 3401
1518 3402
409 3403
742 3403
2550 3403
1478 3404
745 3405
10 3406
3191 3407
2439 3408
182 3409
3 3410
104 3410
136 3410
165 3410
256 3410
337 3410
397 3410
407 3410
473 3410
875 3410
966 3410
1027 3410
1119 3410
1696 3410
1733 3410
1762 3410
2232 3410
2454 3410
3366 3410
335 3411
10 3412
1002 3412
1035 3412
1822 3412
1875 3412
2139 3412
2483 3412
3362 3412
2757 3413
284 3414
461 3414
2310 3415
5 3416
69 3417
1750 3418
98 3419
1235 3420
2887 3420
53 3421
1123 3422
13 3423
2019 3423
106 3424
2812 3424
3300 3424
886 3425
1231 3425
124 3426
325 3427
646 3427
2636 3427
2982 3427
142 3428
735 3429
2359 3430
11 3431
682 3432
2888 3432
2125 3433
2942 3433
2404 3434
1775 3435
1800 3436
1828 3437
461 3438
2212 3439
2059 3440
2781 3440
1753 3441
571 3442
3330 3442
399 3443
469 3443
538 3443
1292 3444
734 3445
2760 3445
16 3446
12 3447
202 3447
1053 3447
215 3448
1746 3448
952 3449
1344 3450
85 3451
12 3452
1641 3452
3111 3452
1002 3453
139 3454
37 3455
69 3456
227 3457
686 3457
926 3458
14 3459
104 3460
1932 3461
2006 3461
2118 3461
2781 3461
903 3462
1433 3462
5 3463
669 3464
2547 3464
196 3465
5 3466
11 3466
14 3466
56 3466
633 3466
783 3466
1007 3466
1394 3466
1735 3466
2572 3466
3335 3466
3423 3466
215 3467
85 3468
1465 3468
2773 3468
103 3469
823 3469
1340 3469
2688 3469
555 3470
2019 3470
2664 3471
289 3472
520 3473
1529 3473
32 3474
324 3475
810 3475
2601 3475
16 3476
13 3477
17 3477
96 3477
101 3477
113 3477
151 3477
440 3477
468 3477
496 3477
596 3477
786 3477
1000 3477
1093 3477
1165 3477
2374 3477
2503 3477
3285 3478
634 3479
607 3480
223 3481
1255 3482
7 3483
655 3483
247 3484
2438 3485
2972 3485
725 3486
195 3487
11 3488
282 3489
7 3490
9 3490
22 3490
106 3490
141 3490
214 3490
383 3490
492 3490
555 3490
655 3490
1385 3490
1488 3490
1936 3490
2591 3490
565 3491
2839 3491
315 3492
1 3493
1137 3494
512 3495
1281 3496
268 3497
1754 3498
1 3499
10 3500
424 3501
270 3502
1219 3503
1693 3504
268 3505
1597 3506
644 3507
3208 3508
124 3509
3448 3510
227 3511
2726 3512
635 3513
3464 3513
13 3514
14 3514
133 3514
1052 3514
2546 3514
1267 3515
2134 3515
2153 3515
3165 3515
546 3516
525 3517
1261 3518
1633 3518
3231 3518
272 3519
1520 3519
124 3520
460 3521
633 3521
744 3521
783 3521
887 3521
1107 3521
1394 3521
2572 3521
3335 3521
3423 3521
702 3522
610 3523
140 3524
13 3525
16 3525
1424 3525
2201 3526
1255 3527
223 3528
1986 3529
680 3530
417 3531
887 3532
3441 3532
16 3533
16 3534
268 3535
1156 3536
2004 3536
605 3537
1943 3538
116 3539
98 3540
1934 3541
2 3542
203 3542
1209 3543
40 3544
241 3545
140 3546
841 3547
1101 3548
1508 3549
310 3550
342 3551
1679 3551
11 3552
374 3553
2940 3553
634 3554
182 3555
940 3556
986 3557
1750 3557
150 3558
1831 3559
635 3560
85 3561
3032 3562
436 3563
4 3564
157 3564
1046 3564
3267 3564
490 3565
139 3566
200 3567
3406 3567
1698 3568
14 3569
424 3569
611 3569
2 3570
605 3570
3315 3570
202 3571
1255 3571
1376 3571
1661 3571
2818 3571
98 3572
250 3573
637 3573
487 3574
43 3575
424 3575
611 3575
902 3575
2516 3575
2661 3575
2569 3576
11 3577
1462 3577
1441 3578
1995 3579
177 3580
201 3581
558 3581
2438 3581
200 3582
1 3583
680 3584
2234 3585
2977 3585
312 3586
776 3586
2872 3586
655 3587
1187 3588
2553 3588
282 3589
2974 3589
1775 3590
367 3591
297 3592
14 3593
40 3594
3494 3594
140 3595
289 3596
14 3597
397 3597
833 3597
16 3598
1832 3599
1327 3600
622 3601
1847 3601
1896 3602
3422 3603
1665 3604
2321 3604
11 3605
2503 3606
180 3607
650 3608
3088 3608
352 3609
310 3610
1285 3610
3485 3610
656 3611
678 3611
1011 3611
1418 3611
2561 3611
1219 3612
2304 3612
11 3613
208 3614
302 3614
933 3615
1086 3615
4 3616
6 3616
8 3616
104 3616
183 3616
187 3616
335 3616
367 3616
512 3616
604 3616
644 3616
827 3616
1388 3616
1979 3616
2232 3616
2362 3616
2593 3616
2662 3616
2782 3616
3483 3616
26 3617
714 3617
223 3618
256 3619
399 3619
469 3619
1299 3619
5 3620
672 3620
1273 3621
1478 3622
150 3623
847 3624
353 3625
2307 3625
302 3626
5 3627
14 3627
15 3627
17 3627
50 3627
130 3627
153 3627
189 3627
211 3627
221 3627
288 3627
326 3627
346 3627
353 3627
402 3627
424 3627
441 3627
526 3627
633 3627
647 3627
692 3627
733 3627
902 3627
927 3627
1007 3627
1107 3627
1337 3627
1402 3627
1480 3627
1699 3627
1778 3627
1976 3627
1984 3627
2016 3627
2371 3627
2426 3627
2434 3627
2442 3627
2459 3627
2628 3627
2632 3627
3129 3627
3477 3627
810 3628
32 3629
66 3630
1255 3630
1669 3630
761 3631
684 3632
1022 3632
1525 3632
1747 3632
2955 3633
307 3634
3005 3635
302 3636
232 3637
2715 3637
570 3638
2170 3638
2515 3639
223 3640
125 3641
1093 3641
1536 3641
3193 3641
3627 3641
651 3642
2 3643
337 3643
2672 3643
2 3644
4 3644
8 3644
337 3644
875 3644
1266 3644
1565 3644
2287 3644
2545 3644
1750 3645
256 3646
460 3647
3515 3648
3 3649
25 3650
36 3650
70 3650
564 3650
1671 3650
2318 3650
1 3651
14 3652
14 3653
1168 3654
3006 3654
13 3655
1160 3655
1166 3655
3627 3655
1378 3656
2 3657
903 3657
56 3658
3080 3658
738 3659
248 3660
2 3661
2672 3661
720 3662
570 3663
2665 3663
595 3664
709 3665
1847 3666
11 3667
367 3668
98 3669
1385 3669
1478 3670
1 3671
3 3671
238 3671
604 3671
1979 3671
2625 3671
3520 3672
104 3673
518 3674
40 3675
295 3676
2245 3676
1720 3677
1309 3678
1725 3678
1588 3679
3263 3679
3447 3679
268 3680
3119 3680
268 3681
3119 3681
841 3682
1221 3682
13 3683
3490 3684
186 3685
501 3686
7 3687
10 3687
14 3687
394 3687
399 3687
461 3687
574 3687
611 3687
1265 3687
1437 3687
609 3688
634 3689
383 3690
2900 3690
40 3691
13 3692
29 3692
60 3692
137 3692
454 3692
649 3692
1964 3692
2349 3692
3556 3692
16 3693
565 3694
2973 3694
3270 3695
385 3696
479 3697
2512 3698
1652 3699
2206 3700
3518 3701
284 3702
461 3702
2501 3702
1740 3703
738 3704
1162 3704
3122 3704
1931 3705
1 3706
1610 3706
496 3707
2791 3707
16 3708
3361 3708
289 3709
1001 3709
2449 3709
244 3710
1750 3711
289 3712
183 3713
167 3714
836 3715
1783 3715
2457 3715
3199 3716
1993 3717
80 3718
1240 3718
538 3719
1478 3720
13 3721
215 3722
1152 3722
2481 3722
10 3723
139 3724
243 3725
484 3726
634 3727
895 3728
1417 3728
1830 3728
781 3729
2176 3729
10 3730
1656 3731
2 3732
2569 3733
682 3734
953 3734
2888 3734
2850 3735
1748 3736
1791 3736
367 3737
593 3737
1358 3737
1968 3737
2475 3737
3070 3737
3690 3737
1669 3738
3 3739
136 3739
473 3739
1238 3739
1762 3739
1906 3739
103 3740
257 3741
383 3742
3627 3743
16 3744
223 3745
307 3746
389 3747
2469 3747
3191 3747
1652 3748
810 3749
85 3750
228 3751
3606 3751
1472 3752
714 3753
745 3753
1043 3754
3094 3754
10 3755
952 3756
2308 3756
62 3757
732 3757
763 3758
1720 3759
10 3760
1111 3760
2973 3760
1928 3761
570 3762
1818 3762
2638 3762
3571 3762
965 3763
681 3764
2125 3765
2480 3766
898 3767
1107 3767
1175 3767
1963 3767
807 3768
2292 3768
2 3769
9 3769
58 3769
196 3769
2782 3769
424 3770
347 3771
1037 3771
2203 3771
634 3772
3616 3772
139 3773
1210 3774
3573 3774
2950 3775
11 3776
13 3777
1198 3778
3408 3778
213 3779
918 3779
2583 3779
2885 3779
822 3780
1312 3780
1789 3781
174 3782
2249 3782
94 3783
188 3783
487 3783
745 3783
966 3783
1992 3783
3632 3783
1088 3784
1683 3785
1344 3786
634 3787
1472 3787
3248 3787
883 3788
1271 3789
2835 3790
307 3791
3311 3792
656 3793
2441 3793
993 3794
797 3795
2252 3796
1932 3797
506 3798
942 3798
1059 3799
1757 3799
2703 3799
3 3800
4 3800
8 3800
3484 3801
248 3802
441 3803
2 3804
2672 3804
3071 3804
912 3805
570 3806
1818 3806
19 3807
1415 3807
1830 3807
2071 3807
2943 3807
268 3808
3119 3808
3346 3808
71 3809
346 3809
2261 3809
3490 3809
3199 3810
2995 3811
40 3812
10 3813
1656 3814
1276 3815
80 3816
1809 3816
3687 3816
397 3817
1296 3817
85 3818
1465 3818
2773 3818
2100 3819
125 3820
3088 3821
389 3822
2019 3822
2469 3822
3035 3822
3191 3822
3521 3822
320 3823
1750 3823
157 3824
1 3825
1255 3826
2456 3826
1928 3827
2033 3828
438 3829
13 3830
16 3830
43 3830
56 3830
63 3830
64 3830
133 3830
252 3830
424 3830
561 3830
1964 3830
2019 3830
2753 3830
2234 3831
2977 3831
61 3832
102 3833
186 3833
3270 3833
268 3834
339 3835
1045 3836
1003 3837
128 3838
3688 3838
493 3839
655 3840
1535 3841
3186 3842
1 3843
3 3843
9 3843
10 3843
67 3843
104 3843
106 3843
141 3843
165 3843
168 3843
256 3843
397 3843
399 3843
555 3843
784 3843
1580 3843
1823 3843
1917 3843
2287 3843
2298 3843
2569 3843
2112 3844
2598 3844
2649 3845
2895 3845
16 3846
124 3847
618 3848
3040 3849
65 3850
124 3850
14 3851
11 3852
656 3852
40 3853
138 3854
3299 3854
1815 3855
195 3856
1709 3856
65 3857
124 3857
237 3858
387 3858
1448 3858
2195 3858
1066 3859
1274 3859
2521 3859
2781 3859
183 3860
3353 3860
3465 3860
100 3861
618 3862
2072 3862
1028 3863
13 3864
2993 3864
307 3865
595 3866
1255 3867
781 3868
256 3869
914 3870
33 3871
14 3872
438 3872
542 3872
771 3872
865 3872
1412 3872
1538 3872
2772 3872
1869 3873
3854 3873
256 3874
248 3875
1302 3876
2843 3876
227 3877
3402 3878
85 3879
2962 3879
895 3880
256 3881
43 3882
2537 3883
735 3884
32 3885
916 3885
3872 3885
1910 3886
2546 3886
1478 3887
1788 3887
83 3888
682 3889
1680 3889
13 3890
2118 3890
1115 3891
1852 3891
2646 3891
1723 3892
1736 3893
13 3894
2569 3895
1322 3896
268 3897
468 3898
14 3899
173 3899
187 3899
341 3899
396 3899
549 3899
885 3899
973 3899
1007 3899
1093 3899
1114 3899
1413 3899
2019 3899
2720 3900
738 3901
2195 3901
895 3902
139 3903
981 3903
1042 3904
1156 3905
2503 3906
1852 3907
1649 3908
983 3909
1573 3909
3071 3909
14 3910
101 3911
32 3912
1723 3913
5 3914
595 3915
934 3916
264 3917
2529 3917
14 3918
16 3919
564 3919
3333 3920
3119 3921
6 3922
42 3922
141 3922
214 3922
329 3922
492 3922
493 3922
555 3922
655 3922
1385 3922
1488 3922
1562 3922
1917 3922
3375 3922
656 3923
1224 3924
2367 3924
124 3925
706 3926
3324 3926
37 3927
684 3928
1358 3929
2475 3929
3690 3929
160 3930
310 3930
1285 3930
1473 3930
1805 3930
2756 3930
3581 3930
1478 3931
979 3932
1508 3933
1342 3934
62 3935
2324 3935
2723 3936
139 3937
2340 3938
2086 3939
680 3940
2690 3940
2703 3940
595 3941
3848 3941
659 3942
629 3943
2404 3944
1 3945
1212 3946
5 3947
605 3948
367 3949
950 3950
120 3951
213 3951
2350 3952
3616 3953
128 3954
315 3955
1224 3955
2049 3955
3100 3955
42 3956
476 3956
686 3956
1255 3956
2350 3956
2910 3956
3809 3956
2773 3957
13 3958
3627 3958
3809 3958
1076 3959
282 3960
1224 3961
5 3962
1177 3963
3422 3964
100 3965
2957 3966
139 3967
1852 3968
3520 3969
204 3970
13 3971
3809 3971
709 3972
168 3973
84 3974
571 3975
268 3976
1720 3977
40 3978
1726 3978
13 3979
14 3979
133 3979
2546 3979
22 3980
383 3980
2900 3980
2930 3980
15 3981
1249 3981
1413 3981
1986 3981
2006 3981
2953 3981
3099 3981
3146 3981
3517 3981
681 3982
119 3983
1314 3984
57 3985
2792 3986
2864 3986
1821 3987
3221 3988
3913 3988
84 3989
1613 3989
435 3990
674 3991
966 3992
3843 3992
151 3993
395 3994
992 3994
2057 3994
2927 3994
98 3995
3969 3995
302 3996
1900 3997
2673 3997
268 3998
1042 3999
2246 3999
2926 4000
