5 7
7 8
2 9
4 9
5 10
16 26
5 28
17 32
9 34
6 35
9 40
8 44
27 51
36 51
3 58
21 60
48 60
14 61
17 61
11 62
9 66
23 66
5 70
51 73
8 74
3 75
47 75
7 76
5 78
9 78
45 78
6 79
9 79
49 79
12 83
60 84
7 85
14 86
78 87
56 89
78 90
67 93
88 93
69 94
59 95
72 100
76 100
9 102
89 103
78 104
78 105
78 106
55 107
99 113
75 114
112 114
8 118
60 130
69 133
7 136
9 136
22 136
30 136
87 136
114 136
123 136
11 140
24 140
37 140
51 140
137 140
15 144
9 145
17 146
56 146
117 146
134 146
141 146
74 148
136 149
78 152
9 156
93 156
7 157
16 161
133 164
3 165
163 170
11 172
51 172
12 173
136 174
78 175
87 175
146 177
170 179
78 180
9 183
67 184
88 184
7 185
39 185
129 185
164 185
156 188
9 191
135 191
168 193
63 194
87 194
106 194
99 195
112 195
124 195
121 197
12 199
177 200
67 202
9 206
12 206
93 206
131 206
158 206
15 207
60 209
5 216
9 216
19 216
30 216
31 216
57 216
58 216
79 216
82 216
85 216
123 216
149 216
208 216
51 217
206 218
140 221
117 222
15 223
41 225
136 225
191 228
194 228
12 230
61 230
140 231
60 233
144 233
186 233
9 234
137 236
140 236
9 237
80 240
206 243
78 244
81 244
114 244
136 244
76 248
78 248
136 248
99 251
146 251
182 251
206 251
232 251
78 252
194 253
49 254
78 254
191 254
244 254
206 255
9 258
111 259
77 260
140 260
207 260
164 261
206 261
220 261
39 262
136 264
7 265
215 265
55 266
206 266
39 267
120 267
136 268
78 270
195 271
68 274
143 274
196 274
215 274
244 274
206 275
109 276
73 277
78 277
179 277
184 277
60 278
51 280
113 280
222 281
266 281
76 284
211 289
224 289
108 290
188 290
275 290
39 292
51 293
78 294
176 294
6 296
164 296
120 301
9 303
100 304
147 308
195 309
140 311
141 315
146 315
7 316
100 316
136 316
248 316
51 317
60 320
124 320
169 320
182 320
206 320
251 320
15 321
285 323
140 324
89 325
216 326
100 329
9 331
136 333
75 336
78 336
248 336
294 336
322 336
11 337
280 337
74 338
216 338
9 339
140 340
136 341
7 342
146 345
200 345
320 346
136 348
2 349
8 349
66 349
104 349
167 349
194 349
201 349
4 350
206 351
277 351
9 352
146 354
184 354
163 355
170 355
115 356
136 359
208 360
12 361
340 364
51 367
8 368
51 369
93 371
184 371
202 371
9 372
9 373
154 374
260 374
51 375
78 375
151 375
216 377
9 379
216 382
32 383
309 383
206 385
64 387
75 389
76 389
162 389
201 390
39 391
109 393
76 396
106 396
73 398
280 398
254 401
12 402
140 404
78 405
277 409
60 410
76 411
175 412
306 414
134 416
290 416
299 416
39 417
9 418
244 419
254 419
91 425
200 425
275 425
366 425
3 427
7 428
6 429
95 429
251 430
280 431
170 432
109 433
216 433
350 434
9 435
11 437
374 439
136 441
389 441
251 443
277 444
88 447
177 447
204 447
272 447
425 447
140 448
194 449
15 451
75 452
60 453
9 454
308 455
362 455
86 456
274 457
6 459
178 459
285 459
296 459
156 462
184 462
275 462
355 462
88 463
134 463
380 463
431 463
206 464
136 465
248 465
349 465
93 466
188 466
275 466
463 466
185 468
66 469
146 470
380 470
397 470
400 470
425 470
277 471
290 471
195 472
16 474
140 475
11 477
14 477
233 477
16 478
39 480
189 482
291 482
136 483
198 483
347 483
359 483
323 484
16 485
250 486
280 486
216 489
8 490
104 490
206 491
15 492
233 492
289 493
9 495
69 495
289 495
306 498
2 499
9 499
349 499
464 499
39 501
171 503
374 503
470 503
46 504
78 504
336 504
307 505
89 506
92 506
153 506
155 506
206 506
309 506
365 506
357 507
14 508
37 508
137 508
160 508
195 508
233 508
305 508
404 508
442 508
456 508
242 509
12 512
457 513
109 515
109 517
76 518
56 519
141 519
189 519
290 519
315 519
345 519
380 519
127 521
140 523
216 524
290 525
156 527
425 530
51 537
39 538
185 539
11 541
51 541
140 541
375 541
9 543
51 543
78 543
93 543
107 543
151 543
158 543
195 543
206 543
218 543
235 543
255 543
261 543
266 543
298 543
328 543
366 543
420 543
447 543
456 543
463 543
464 543
506 543
109 544
51 545
151 546
184 546
447 546
20 547
419 547
3 549
69 549
15 550
171 553
78 554
244 554
359 555
467 555
483 555
185 556
16 557
107 558
146 558
168 560
51 561
156 562
275 562
463 562
419 563
109 564
274 564
374 570
470 571
164 572
269 572
375 573
9 574
350 575
266 576
349 577
122 578
354 578
371 578
494 578
349 579
543 580
39 583
320 584
231 586
9 587
206 589
543 589
76 590
579 590
216 592
543 595
310 598
543 599
15 600
221 600
383 601
506 601
374 602
248 603
233 605
414 605
503 605
553 605
60 606
254 607
55 608
279 608
375 608
163 609
170 609
351 609
586 611
86 612
230 613
320 613
9 614
78 615
244 615
254 615
332 615
382 615
428 615
440 615
202 617
578 617
112 618
163 618
188 618
306 618
460 618
9 619
66 622
31 624
349 624
382 624
11 625
146 625
470 625
134 626
280 626
374 627
8 628
261 629
296 629
447 632
25 638
62 638
168 638
114 640
11 641
25 641
353 641
370 641
388 641
9 643
69 643
103 644
185 645
147 648
185 649
194 650
2 651
185 651
274 651
206 653
543 653
17 654
506 654
277 655
9 656
78 656
419 657
445 657
8 658
589 659
206 661
185 663
216 665
9 666
506 667
78 668
513 668
517 668
308 669
307 670
7 672
133 672
274 672
136 673
136 675
159 676
78 677
244 677
615 677
166 678
363 678
375 678
398 678
502 678
11 679
15 681
233 681
540 681
465 682
681 684
147 685
39 686
101 688
120 690
74 691
200 692
191 693
256 693
156 695
244 696
256 696
51 697
1 698
9 699
78 700
106 702
67 703
170 703
272 703
277 703
290 703
354 703
494 703
465 704
472 705
51 706
30 707
75 707
191 707
316 707
382 707
53 708
229 708
247 708
274 708
327 708
338 708
357 708
549 708
643 708
104 709
691 709
156 711
655 711
170 712
206 712
290 712
462 712
466 712
543 712
562 712
419 713
445 713
120 714
136 715
162 717
543 718
479 721
78 722
624 722
707 722
350 723
509 723
383 725
680 725
51 726
134 727
8 728
140 730
703 731
85 737
185 738
9 739
69 739
289 739
495 739
708 739
216 740
60 741
158 741
170 741
355 741
463 741
727 741
126 742
579 742
156 744
618 744
35 746
484 746
506 747
708 748
6 749
3 750
389 750
35 751
429 751
484 751
497 751
749 751
440 752
78 755
387 760
736 760
109 763
197 763
511 765
2 766
231 768
106 769
216 770
578 772
170 773
591 773
609 773
254 774
51 775
78 776
216 776
164 777
178 777
334 777
464 777
681 778
9 779
109 781
204 782
206 782
78 785
12 786
93 787
306 787
727 787
191 788
389 788
415 789
8 790
191 792
181 793
158 794
283 794
288 794
424 794
438 794
609 794
712 794
216 795
704 798
51 799
89 799
261 799
275 799
283 799
462 799
644 799
117 801
279 801
375 801
177 802
455 802
731 802
231 804
277 805
357 806
708 806
140 807
185 808
170 809
355 809
9 810
15 813
112 813
309 813
395 813
404 813
410 813
470 813
519 813
532 813
597 813
601 813
631 813
9 815
51 816
124 817
613 817
374 818
274 819
136 820
51 821
9 822
9 824
9 825
51 827
678 827
56 828
325 828
506 828
586 829
15 830
160 830
195 830
199 830
233 830
280 830
404 830
442 830
543 830
51 831
253 832
615 832
15 833
206 835
543 835
765 836
74 837
118 837
51 839
353 840
423 840
638 840
506 841
290 843
466 843
15 845
465 846
177 848
546 848
87 849
136 849
294 849
750 849
707 851
506 852
178 854
261 854
424 854
462 854
551 854
712 854
782 854
803 854
147 856
140 857
15 858
7 859
100 861
51 862
367 862
9 864
78 864
5 865
356 865
185 866
13 868
60 868
222 868
238 868
337 868
443 868
482 868
508 868
552 868
584 868
3 869
244 869
624 869
136 870
450 870
732 870
811 870
124 871
404 871
472 871
532 871
534 871
536 871
601 871
215 872
242 872
269 872
136 873
7 874
99 874
398 874
486 874
692 874
830 874
134 875
553 875
617 875
543 877
75 878
106 878
440 879
721 880
80 881
76 882
106 883
133 883
765 884
185 888
506 889
532 889
813 889
136 890
660 891
136 892
7 894
50 894
69 894
623 894
657 894
694 894
791 894
842 894
69 896
708 896
60 897
383 898
543 900
830 901
185 902
216 904
289 906
830 909
7 910
98 911
140 911
369 911
541 911
543 911
783 911
827 911
51 913
107 913
170 913
43 914
111 914
138 914
5 915
147 916
216 917
256 917
419 917
543 918
17 919
506 919
917 920
10 922
678 923
211 924
891 927
506 929
219 930
468 930
556 930
559 930
308 931
308 932
9 933
62 935
638 935
703 936
3 937
78 937
244 937
624 937
543 938
111 939
138 939
60 940
158 940
170 940
66 941
683 942
579 943
9 944
5 945
543 946
206 947
136 948
233 949
260 949
410 949
455 949
462 949
562 949
482 951
506 951
817 951
206 956
251 956
260 956
278 956
297 956
320 956
404 956
453 956
514 956
543 956
588 956
609 956
625 956
635 956
735 956
897 956
940 956
953 956
955 956
206 957
455 958
508 959
642 959
720 959
159 960
274 961
55 962
73 962
150 962
206 962
358 962
408 962
458 962
543 962
558 962
674 962
719 962
221 963
109 964
225 965
519 967
15 968
10 969
140 970
231 971
216 972
17 973
871 973
734 975
780 975
530 976
120 977
134 979
306 980
189 981
90 982
114 982
167 982
187 982
215 982
621 982
849 982
870 982
383 984
216 985
615 985
140 986
136 988
863 988
233 991
93 993
184 993
178 994
484 994
855 994
136 995
349 995
640 995
185 996
62 997
767 998
9 999
78 1000
136 1000
894 1000
32 1001
146 1001
394 1001
519 1001
601 1001
637 1001
725 1001
898 1001
966 1001
973 1001
688 1002
74 1003
708 1003
911 1004
17 1005
130 1006
251 1006
453 1006
506 1006
741 1006
868 1006
897 1006
940 1006
753 1007
140 1008
383 1009
813 1009
233 1010
414 1010
503 1010
553 1010
56 1011
281 1011
854 1011
244 1012
590 1012
12 1013
87 1014
114 1014
605 1015
308 1016
195 1017
233 1017
236 1017
442 1017
9 1018
868 1019
259 1021
506 1022
5 1023
70 1023
175 1023
146 1025
519 1025
12 1028
37 1028
83 1028
160 1028
233 1028
512 1028
375 1029
794 1029
854 1029
15 1030
136 1031
400 1032
9 1034
543 1036
15 1037
2 1038
5 1038
185 1038
274 1038
872 1038
39 1040
60 1041
32 1042
624 1043
707 1043
195 1044
236 1044
720 1044
708 1045
78 1047
204 1048
206 1048
632 1048
799 1048
9 1049
418 1049
506 1052
109 1054
353 1055
423 1055
997 1055
185 1056
9 1057
39 1058
164 1059
605 1060
136 1061
136 1062
133 1063
216 1064
206 1067
350 1068
7 1069
30 1069
31 1069
165 1069
349 1069
382 1069
427 1069
696 1069
722 1069
869 1069
937 1069
483 1070
146 1071
266 1071
608 1071
801 1071
78 1073
133 1073
350 1073
65 1075
136 1078
225 1079
59 1080
994 1080
240 1081
511 1081
836 1081
899 1081
657 1082
206 1083
556 1083
559 1083
216 1084
368 1085
798 1085
95 1086
105 1086
299 1088
400 1088
741 1088
787 1088
940 1088
17 1089
1001 1091
80 1092
894 1092
9 1094
913 1096
374 1099
14 1100
37 1100
83 1100
206 1100
404 1100
543 1100
786 1100
1013 1100
261 1101
86 1102
108 1102
113 1102
140 1102
409 1102
437 1102
471 1102
477 1102
660 1102
1055 1102
1072 1102
375 1105
453 1105
506 1105
741 1105
860 1105
868 1105
940 1105
78 1108
185 1110
794 1111
854 1111
12 1112
74 1113
374 1114
436 1114
796 1114
914 1114
251 1118
290 1118
455 1118
609 1118
813 1118
1065 1118
69 1119
9 1120
71 1121
147 1121
159 1122
760 1123
206 1125
17 1126
9 1127
109 1128
1054 1128
1083 1130
74 1131
185 1132
112 1133
956 1133
1019 1133
375 1135
60 1136
956 1136
194 1137
56 1139
1011 1139
374 1140
519 1140
802 1140
949 1140
1010 1140
244 1141
994 1141
15 1142
140 1143
21 1144
60 1144
794 1145
39 1146
610 1146
974 1146
977 1146
641 1147
596 1150
186 1151
605 1151
681 1151
508 1152
934 1152
1050 1152
189 1153
868 1153
543 1154
7 1155
286 1155
378 1155
434 1155
575 1155
853 1155
895 1155
1068 1155
280 1157
874 1157
1133 1157
114 1158
264 1158
322 1158
849 1158
225 1159
374 1160
147 1162
854 1163
15 1164
83 1164
195 1164
404 1164
874 1164
140 1166
374 1166
605 1166
681 1166
136 1168
206 1169
337 1169
639 1169
951 1169
956 1169
13 1170
56 1170
854 1170
708 1171
216 1173
433 1173
7 1174
9 1174
28 1174
78 1174
136 1174
216 1174
393 1174
683 1174
723 1174
847 1174
942 1174
1024 1174
681 1175
703 1175
398 1177
455 1177
932 1177
76 1178
5 1179
917 1179
51 1180
185 1181
548 1182
611 1182
829 1182
543 1183
140 1184
335 1184
644 1185
9 1186
175 1187
12 1188
136 1189
1061 1189
308 1191
470 1191
681 1191
802 1191
1118 1191
69 1192
357 1192
484 1193
746 1193
222 1194
443 1194
519 1194
506 1196
49 1197
593 1197
12 1198
830 1198
1100 1198
1164 1198
221 1199
195 1200
260 1200
1017 1200
1151 1200
540 1201
605 1201
681 1201
6 1202
1 1203
90 1203
136 1203
148 1203
349 1203
569 1203
651 1203
732 1203
864 1203
950 1203
750 1206
543 1207
703 1208
120 1209
301 1209
78 1210
257 1213
1027 1213
1104 1213
244 1214
487 1214
590 1214
704 1214
240 1215
464 1215
499 1215
543 1215
864 1215
703 1216
404 1217
470 1217
536 1217
597 1217
725 1217
1118 1217
60 1218
289 1219
390 1220
87 1221
896 1222
1119 1222
419 1223
9 1224
5 1226
31 1226
75 1226
165 1226
175 1226
316 1226
549 1226
630 1226
668 1226
937 1226
233 1227
462 1227
494 1227
503 1227
546 1227
553 1227
1076 1227
1140 1227
375 1228
216 1229
221 1230
168 1231
1028 1232
12 1233
136 1234
260 1235
168 1236
641 1237
393 1238
517 1238
1069 1238
1158 1238
1226 1238
9 1239
739 1239
504 1240
60 1241
61 1241
112 1241
956 1241
1006 1241
1105 1241
1157 1241
707 1242
956 1243
3 1245
1069 1245
51 1246
707 1247
704 1249
1012 1249
67 1250
206 1250
407 1250
473 1250
618 1250
787 1250
1167 1250
216 1251
15 1252
1190 1252
1213 1253
1249 1254
400 1255
893 1256
708 1258
7 1259
1155 1260
39 1261
133 1262
274 1262
771 1262
838 1262
1155 1262
60 1263
140 1264
170 1266
281 1266
618 1266
625 1266
849 1266
868 1266
871 1266
224 1267
289 1267
691 1267
906 1267
908 1267
134 1268
519 1268
626 1268
979 1268
157 1269
1105 1270
136 1271
543 1272
128 1273
436 1273
1177 1273
7 1274
242 1274
6 1275
751 1275
800 1275
51 1276
375 1276
1102 1276
1275 1277
159 1278
206 1279
559 1279
661 1279
1130 1279
893 1281
975 1281
1256 1281
89 1283
894 1284
146 1285
312 1285
416 1285
461 1285
519 1285
983 1285
1032 1285
1095 1285
1205 1285
1255 1285
1174 1287
1161 1289
1281 1289
100 1290
1213 1290
197 1292
554 1292
690 1293
136 1294
159 1295
206 1297
447 1298
678 1299
780 1300
355 1301
562 1301
598 1301
374 1302
553 1302
772 1302
1015 1302
1151 1302
39 1303
112 1304
266 1304
386 1304
801 1304
1266 1304
51 1305
16 1307
8 1308
104 1308
463 1309
707 1310
142 1311
856 1311
140 1312
231 1312
136 1313
1069 1313
1226 1313
78 1316
100 1317
184 1318
959 1320
206 1321
240 1321
1215 1321
734 1322
1002 1322
1213 1323
1250 1324
78 1325
254 1325
382 1325
554 1325
275 1326
310 1326
712 1326
78 1327
70 1328
412 1328
513 1328
517 1328
1023 1328
89 1330
103 1330
506 1330
542 1330
636 1330
913 1330
1185 1330
374 1331
470 1332
536 1332
601 1332
52 1333
698 1333
771 1333
1039 1333
1155 1333
1105 1334
429 1335
528 1335
994 1335
182 1336
206 1336
951 1336
657 1338
713 1338
136 1339
39 1340
356 1341
802 1344
1118 1344
1177 1344
140 1345
214 1345
221 1345
520 1345
743 1345
1257 1345
206 1347
1217 1348
1332 1348
261 1350
1101 1350
543 1351
60 1354
79 1355
593 1355
206 1356
387 1357
664 1357
962 1358
93 1359
416 1359
60 1360
78 1362
85 1363
543 1364
374 1365
605 1365
1227 1365
1302 1365
375 1367
911 1367
1100 1368
1164 1368
830 1370
1044 1370
618 1371
698 1372
1203 1372
504 1373
5 1374
175 1374
708 1374
56 1375
1011 1375
163 1376
179 1376
184 1376
355 1376
409 1376
432 1376
703 1376
712 1376
741 1376
913 1376
940 1376
117 1377
195 1377
277 1377
625 1377
240 1379
511 1379
864 1379
419 1380
405 1381
725 1382
813 1382
9 1383
956 1384
642 1386
1232 1386
1182 1387
374 1389
447 1390
530 1390
782 1390
793 1391
760 1392
1357 1392
508 1393
1017 1393
1214 1394
1256 1396
475 1397
543 1398
387 1399
1292 1400
1325 1400
1203 1402
117 1403
277 1403
625 1403
849 1403
78 1405
11 1406
475 1407
51 1408
1119 1410
6 1412
61 1414
443 1414
519 1414
1157 1414
254 1415
383 1417
703 1418
1250 1418
1213 1419
2 1421
33 1421
90 1421
114 1421
187 1421
415 1421
465 1421
577 1421
621 1421
707 1421
729 1421
874 1421
1063 1421
1155 1421
1203 1421
413 1422
16 1423
78 1423
504 1423
206 1425
1217 1426
51 1427
147 1428
76 1429
1214 1429
400 1431
185 1432
305 1434
1050 1434
1152 1434
280 1435
483 1436
14 1437
720 1437
886 1437
959 1437
1044 1437
1320 1437
140 1438
140 1440
661 1443
1083 1443
1279 1443
483 1444
555 1444
1252 1446
185 1450
1213 1451
67 1452
272 1452
854 1452
9 1453
74 1454
118 1454
1203 1454
1267 1454
136 1455
78 1456
80 1456
106 1456
440 1456
707 1456
1043 1456
142 1457
648 1457
716 1457
856 1457
1177 1457
1369 1457
1448 1457
121 1458
256 1458
1325 1458
543 1459
1150 1460
206 1461
371 1461
993 1461
132 1463
277 1463
625 1463
475 1464
15 1465
543 1466
956 1467
60 1469
708 1470
273 1471
136 1472
641 1473
222 1474
1170 1474
1330 1474
1292 1475
275 1476
809 1476
18 1477
170 1477
184 1477
416 1477
463 1477
712 1477
843 1477
375 1479
11 1480
868 1480
874 1480
1241 1480
306 1481
470 1481
911 1483
773 1484
809 1484
615 1485
39 1486
547 1487
615 1487
962 1488
3 1489
184 1490
374 1490
703 1490
962 1491
1110 1492
508 1493
830 1493
1044 1493
146 1494
380 1494
425 1494
618 1494
813 1494
1025 1494
1191 1494
1291 1494
1332 1494
1418 1494
1481 1494
465 1495
729 1495
868 1496
188 1497
275 1497
39 1499
374 1501
9 1502
1081 1503
241 1504
9 1505
216 1506
854 1507
477 1508
830 1508
1017 1508
1028 1508
1044 1508
206 1509
215 1511
651 1511
1092 1511
864 1514
390 1516
51 1517
350 1518
1155 1518
323 1519
459 1519
751 1519
1193 1519
11 1520
374 1521
436 1521
136 1522
191 1522
244 1522
256 1522
401 1522
710 1522
762 1522
1026 1522
1355 1522
1366 1522
521 1524
891 1524
1028 1525
51 1526
140 1526
555 1527
15 1528
12 1530
1457 1532
74 1533
118 1533
233 1534
136 1535
985 1537
1292 1537
1458 1537
1475 1537
254 1538
1250 1539
956 1540
10 1541
75 1541
336 1541
579 1542
1357 1543
794 1544
854 1544
9 1545
504 1545
620 1545
922 1545
969 1545
989 1545
1265 1545
1306 1545
185 1546
181 1547
1391 1547
216 1548
79 1549
105 1549
274 1549
615 1549
849 1549
1012 1549
1141 1549
1325 1549
1522 1549
78 1550
106 1550
254 1550
554 1550
988 1550
1522 1550
519 1553
1302 1553
891 1554
259 1555
1318 1555
5 1556
7 1556
19 1556
30 1556
31 1556
58 1556
79 1556
85 1556
106 1556
149 1556
225 1556
326 1556
338 1556
356 1556
377 1556
382 1556
392 1556
426 1556
433 1556
524 1556
665 1556
753 1556
781 1556
795 1556
869 1556
885 1556
904 1556
1087 1556
1116 1556
1173 1556
1212 1556
1229 1556
1353 1556
1420 1556
1468 1556
1506 1556
1548 1556
140 1557
1184 1557
221 1558
290 1559
221 1560
159 1561
1213 1563
854 1564
181 1565
1386 1566
280 1567
206 1568
1028 1569
80 1570
254 1570
604 1570
863 1570
1556 1570
9 1571
1441 1571
7 1572
269 1572
723 1572
15 1573
885 1574
1556 1574
7 1576
470 1577
844 1577
875 1577
132 1578
559 1579
51 1580
133 1581
249 1581
274 1581
698 1581
708 1581
838 1581
1039 1581
1203 1581
871 1582
206 1583
1028 1584
78 1585
751 1586
42 1587
144 1587
226 1587
600 1587
724 1587
733 1587
743 1587
956 1587
963 1587
1035 1587
1134 1587
1257 1587
1478 1587
1558 1587
9 1590
66 1591
652 1591
553 1593
425 1594
1390 1594
15 1596
1302 1598
1217 1600
5 1601
58 1601
191 1601
630 1601
668 1601
750 1601
851 1601
937 1601
1245 1601
1313 1601
1489 1601
233 1602
414 1602
1562 1602
1118 1603
1494 1603
868 1604
1102 1604
1133 1604
1241 1604
9 1605
12 1606
474 1606
485 1606
926 1606
1100 1606
1102 1606
1164 1606
1307 1606
543 1607
470 1608
1403 1608
197 1609
1522 1609
78 1610
158 1610
170 1610
416 1610
463 1610
794 1610
125 1611
519 1611
1494 1611
1100 1612
9 1613
1319 1613
261 1614
618 1615
261 1616
424 1616
799 1616
843 1616
868 1616
136 1617
383 1618
1001 1618
1217 1618
1332 1618
9 1619
1215 1619
47 1620
389 1620
396 1620
1124 1620
1550 1620
705 1621
9 1623
78 1623
51 1624
206 1625
266 1625
543 1625
8 1626
9 1627
618 1628
1376 1628
143 1629
185 1629
276 1630
1504 1630
1275 1631
66 1632
1502 1634
854 1636
17 1637
191 1638
594 1638
615 1638
906 1638
117 1639
279 1639
1071 1639
1304 1639
1425 1640
156 1641
159 1642
140 1643
1556 1644
1421 1646
1083 1647
1279 1647
1404 1647
159 1648
219 1649
103 1650
273 1650
636 1650
1616 1650
78 1651
301 1652
977 1652
1165 1652
1523 1652
73 1653
874 1653
911 1653
1177 1653
543 1655
1292 1656
1609 1656
106 1658
1124 1658
15 1659
962 1660
9 1661
117 1662
279 1662
375 1662
177 1664
299 1664
993 1664
185 1665
185 1667
1275 1668
794 1669
7 1670
239 1670
300 1670
381 1670
468 1670
500 1670
645 1670
651 1670
663 1670
764 1670
866 1670
888 1670
902 1670
952 1670
1038 1670
1109 1670
1110 1670
1132 1670
1181 1670
1337 1670
1492 1670
1536 1670
1546 1670
1597 1670
1629 1670
1665 1670
1667 1670
254 1671
1197 1671
1522 1671
1333 1673
72 1674
76 1674
304 1674
797 1674
834 1674
1317 1674
216 1676
1556 1676
159 1677
77 1678
140 1678
186 1678
374 1678
681 1678
1592 1678
921 1679
998 1679
78 1680
506 1681
85 1682
287 1682
349 1682
950 1682
1038 1682
1232 1683
1320 1683
100 1684
316 1684
1314 1685
1456 1686
164 1687
400 1688
177 1689
233 1689
455 1689
562 1689
731 1689
778 1689
1160 1689
1175 1689
1191 1689
1670 1690
789 1691
978 1691
1220 1691
1421 1691
1545 1691
163 1692
188 1692
463 1692
618 1692
854 1692
1118 1692
1494 1692
15 1694
85 1695
349 1695
651 1695
766 1695
661 1696
1083 1696
1279 1696
114 1697
277 1697
618 1697
813 1697
871 1697
1001 1697
440 1698
924 1698
1638 1698
15 1699
66 1700
20 1702
63 1702
87 1702
253 1702
314 1702
336 1702
349 1702
689 1702
707 1702
832 1702
1158 1702
1485 1702
1513 1702
181 1703
708 1704
159 1705
1122 1705
1677 1705
1203 1706
185 1707
483 1708
794 1709
1606 1710
1556 1711
375 1712
998 1713
1482 1713
1500 1713
5 1716
58 1716
105 1716
175 1716
630 1716
785 1716
1245 1716
1247 1716
1313 1716
1489 1716
78 1717
254 1717
554 1717
677 1717
985 1717
1400 1717
1475 1717
1685 1717
1214 1718
127 1719
282 1720
1390 1720
1425 1720
1477 1720
1640 1720
482 1721
1169 1721
248 1722
64 1723
760 1723
1702 1724
309 1725
519 1725
536 1725
898 1725
1618 1725
142 1726
1409 1726
69 1727
1214 1728
9 1729
205 1730
387 1730
736 1730
1123 1730
9 1731
54 1731
78 1731
295 1731
343 1731
469 1731
622 1731
1421 1731
1545 1731
1632 1731
704 1732
1085 1732
1421 1732
1227 1733
136 1734
681 1735
206 1736
543 1736
1213 1737
1674 1737
543 1738
877 1738
15 1739
260 1739
455 1739
462 1739
684 1739
778 1739
1140 1739
1175 1739
336 1740
1423 1740
195 1741
277 1741
425 1741
571 1741
849 1741
1194 1741
1608 1741
78 1742
60 1743
104 1744
16 1745
926 1745
1097 1745
568 1746
1174 1746
1328 1746
140 1747
9 1748
78 1748
85 1748
216 1748
513 1748
760 1748
1069 1748
1187 1748
1504 1748
1601 1748
1716 1748
618 1749
185 1750
1670 1750
1325 1751
31 1752
87 1752
123 1752
210 1752
244 1752
248 1752
263 1752
274 1752
316 1752
318 1752
333 1752
441 1752
887 1752
948 1752
1031 1752
1046 1752
1062 1752
1084 1752
1117 1752
1168 1752
1174 1752
1176 1752
1280 1752
1286 1752
1294 1752
1388 1752
1444 1752
1455 1752
1468 1752
1522 1752
1535 1752
1588 1752
1617 1752
1740 1752
11 1753
1266 1753
767 1754
1713 1754
1285 1755
221 1756
1562 1757
374 1758
414 1758
462 1758
553 1758
967 1758
1015 1758
1365 1758
1598 1758
1733 1758
773 1759
140 1760
159 1761
956 1762
95 1763
1080 1763
956 1764
455 1765
685 1765
905 1765
931 1765
1191 1765
310 1766
1301 1766
998 1767
216 1768
9 1769
615 1770
1556 1770
38 1771
156 1771
163 1771
188 1771
527 1771
655 1771
744 1771
1053 1771
1077 1771
1115 1771
1449 1771
191 1772
256 1772
261 1773
782 1773
1029 1773
1650 1773
870 1774
17 1775
140 1775
144 1775
212 1775
223 1775
227 1775
403 1775
446 1775
506 1775
600 1775
634 1775
681 1775
833 1775
845 1775
858 1775
925 1775
968 1775
1028 1775
1037 1775
1093 1775
1142 1775
1164 1775
1252 1775
1445 1775
1446 1775
1528 1775
1592 1775
1659 1775
68 1776
208 1776
330 1776
393 1776
421 1776
433 1776
515 1776
517 1776
544 1776
961 1776
964 1776
1054 1776
1172 1776
1173 1776
618 1777
1376 1777
511 1778
765 1778
836 1778
884 1778
688 1779
1322 1779
7 1780
200 1781
202 1781
578 1781
875 1781
1048 1781
1645 1781
470 1782
605 1782
1758 1782
1227 1783
1758 1783
463 1784
618 1784
1775 1785
280 1786
463 1786
1776 1787
124 1788
951 1788
8 1789
43 1790
870 1791
93 1792
64 1793
1357 1793
506 1794
806 1795
289 1796
9 1797
216 1798
1556 1798
1752 1799
1663 1800
703 1801
773 1801
802 1801
1301 1801
1035 1802
1345 1802
96 1803
136 1803
450 1803
766 1803
811 1803
1103 1803
1361 1803
1421 1803
1774 1803
194 1804
66 1805
302 1805
620 1805
652 1805
1306 1805
6 1806
751 1806
120 1807
1214 1809
306 1810
139 1811
170 1811
562 1811
647 1811
773 1811
1349 1811
9 1812
296 1812
497 1812
1586 1812
1679 1812
1806 1812
9 1813
78 1813
87 1813
517 1813
568 1813
707 1813
1069 1813
1374 1813
1504 1813
1758 1814
1213 1815
1406 1816
1386 1817
72 1820
304 1820
368 1820
1317 1820
136 1821
6 1822
7 1822
9 1822
78 1822
97 1822
104 1822
116 1822
119 1822
136 1822
156 1822
183 1822
190 1822
191 1822
206 1822
208 1822
216 1822
234 1822
237 1822
246 1822
258 1822
303 1822
331 1822
384 1822
422 1822
459 1822
481 1822
495 1822
531 1822
574 1822
587 1822
589 1822
614 1822
616 1822
643 1822
702 1822
739 1822
751 1822
779 1822
824 1822
825 1822
933 1822
944 1822
954 1822
999 1822
1057 1822
1094 1822
1098 1822
1120 1822
1129 1822
1156 1822
1186 1822
1224 1822
1315 1822
1319 1822
1383 1822
1401 1822
1447 1822
1502 1822
1505 1822
1510 1822
1571 1822
1590 1822
1599 1822
1613 1822
1619 1822
1633 1822
1634 1822
1714 1822
1731 1822
1752 1822
1769 1822
1812 1822
1813 1822
975 1823
383 1824
705 1824
76 1825
316 1825
1012 1825
1214 1825
956 1826
16 1827
1671 1828
9 1829
956 1830
387 1831
139 1832
355 1832
462 1832
466 1832
562 1832
1296 1832
1766 1832
1345 1833
1587 1833
185 1835
1812 1836
1822 1838
617 1839
799 1839
854 1839
1679 1840
134 1841
503 1841
553 1841
1562 1841
1577 1841
1781 1841
813 1842
250 1843
280 1843
5 1844
31 1844
75 1844
165 1844
427 1844
582 1844
630 1844
869 1844
937 1844
1313 1844
1328 1844
1550 1844
1570 1844
1748 1844
1813 1844
66 1845
1422 1845
1808 1845
39 1846
11 1847
55 1847
478 1847
557 1847
1028 1847
1100 1847
1102 1847
1164 1847
1307 1847
206 1848
962 1849
455 1850
678 1851
15 1852
956 1853
1764 1853
983 1854
1285 1854
79 1855
624 1855
722 1855
1043 1855
1468 1855
1748 1855
1685 1856
251 1858
31 1859
79 1859
165 1859
549 1859
1245 1859
1570 1859
1685 1859
374 1860
894 1861
17 1862
61 1862
868 1862
1133 1862
1169 1862
1194 1862
1241 1862
1414 1862
121 1864
1609 1864
78 1865
1752 1866
120 1867
533 1868
1803 1869
118 1870
289 1870
1203 1870
297 1871
956 1871
1006 1871
1105 1871
14 1872
543 1872
874 1872
1368 1872
1775 1872
1847 1872
11 1873
99 1873
113 1873
251 1873
874 1873
1102 1873
156 1874
1449 1874
1771 1874
1556 1875
819 1876
1752 1877
188 1878
386 1878
438 1878
793 1878
956 1878
1352 1878
1367 1878
1479 1878
1834 1878
568 1879
168 1880
78 1882
1102 1883
1702 1884
840 1885
159 1886
11 1887
127 1887
660 1887
1554 1887
139 1888
355 1888
496 1888
522 1888
585 1888
1301 1888
1476 1888
9 1889
579 1890
1522 1891
1828 1891
1822 1892
463 1893
136 1894
1752 1894
76 1895
166 1896
319 1896
398 1896
502 1896
537 1896
545 1896
561 1896
992 1896
1299 1896
1386 1896
1653 1896
1683 1896
1250 1897
1481 1897
29 1898
194 1898
389 1898
396 1898
769 1898
1413 1898
1456 1898
1715 1898
589 1899
120 1900
505 1900
714 1900
69 1901
613 1902
951 1902
1721 1902
802 1903
1118 1903
1689 1903
681 1904
703 1904
1227 1904
701 1905
704 1906
742 1906
277 1907
76 1908
579 1908
798 1908
51 1909
398 1909
678 1909
1330 1909
1822 1910
200 1911
202 1911
447 1911
1010 1911
1048 1911
1593 1911
1602 1911
1841 1911
285 1912
296 1912
389 1913
717 1913
876 1913
1556 1913
219 1914
1457 1915
194 1916
881 1916
67 1917
371 1917
1298 1917
1616 1917
1781 1917
140 1918
192 1918
245 1918
565 1918
743 1918
784 1918
963 1918
1199 1918
1230 1918
1345 1918
1558 1918
1560 1918
1756 1918
1833 1918
7 1919
543 1920
1594 1921
104 1922
641 1923
1822 1924
159 1925
392 1926
1556 1926
1001 1927
794 1928
1314 1929
1717 1929
1751 1929
1856 1929
62 1930
641 1930
350 1931
868 1932
103 1933
506 1933
636 1933
1616 1933
15 1934
16 1935
1745 1935
277 1936
281 1936
692 1936
1194 1936
168 1937
1771 1938
200 1939
374 1939
447 1939
1602 1939
788 1940
140 1941
231 1943
1606 1944
1531 1945
1575 1945
374 1946
1822 1947
1670 1948
13 1949
204 1949
397 1949
543 1949
687 1949
799 1949
993 1949
1390 1949
1418 1949
470 1950
1118 1950
1608 1950
1741 1950
483 1951
1302 1952
1758 1952
601 1953
725 1953
984 1953
1618 1953
794 1954
126 1956
136 1956
1085 1956
1421 1956
506 1957
185 1958
80 1959
110 1959
254 1959
863 1959
1556 1959
1822 1959
1844 1959
1859 1959
12 1960
1100 1960
350 1961
500 1961
9 1962
1822 1962
100 1963
1674 1963
830 1964
1100 1964
86 1965
206 1965
346 1965
508 1965
830 1965
1017 1965
1028 1965
1100 1965
1862 1965
1606 1966
1918 1967
708 1968
868 1969
90 1970
264 1970
441 1970
1238 1970
9 1971
109 1971
216 1971
1033 1971
1556 1971
1822 1971
323 1972
746 1972
1086 1972
1007 1973
1556 1973
78 1974
136 1974
185 1974
216 1974
737 1974
1752 1974
195 1975
868 1975
618 1976
1401 1977
1822 1977
177 1979
299 1979
371 1979
375 1979
993 1979
277 1980
638 1981
206 1982
51 1984
508 1984
613 1984
639 1984
830 1984
463 1985
698 1986
1203 1986
39 1987
74 1988
118 1988
3 1989
615 1989
1844 1989
265 1990
872 1990
1572 1990
5 1991
31 1991
75 1991
191 1991
316 1991
349 1991
696 1991
707 1991
722 1991
1043 1991
1174 1991
1242 1991
1313 1991
1421 1991
1498 1991
1550 1991
1844 1992
1888 1993
773 1994
1301 1994
1832 1994
1888 1994
529 1995
682 1995
1701 1995
1752 1995
1279 1996
1696 1996
1184 1997
62 1998
1055 1998
483 1999
69 2000
1119 2000
1222 2000
206 2001
219 2001
1279 2001
1443 2001
1696 2001
133 2002
1898 2002
79 2003
349 2003
624 2003
722 2003
869 2003
1421 2003
1570 2003
1748 2003
1959 2003
374 2004
678 2005
1246 2005
1896 2005
399 2006
1424 2006
1550 2006
1671 2006
1032 2008
1088 2008
1255 2008
1595 2008
1688 2008
383 2009
1332 2009
1953 2009
161 2010
485 2010
1164 2010
1944 2010
103 2011
506 2011
799 2011
913 2011
1462 2011
146 2012
1758 2012
185 2013
930 2013
1083 2013
1279 2013
1996 2013
78 2014
513 2014
517 2014
568 2014
761 2014
1023 2014
1158 2014
1226 2014
1374 2014
7 2015
185 2016
1248 2016
78 2017
1369 2018
1945 2018
1805 2019
732 2020
870 2020
1803 2020
350 2021
1155 2021
100 2022
1674 2022
136 2023
742 2024
1684 2024
618 2025
185 2026
310 2027
1301 2027
1811 2027
652 2028
969 2028
989 2028
1265 2028
1541 2028
9 2029
1822 2029
13 2030
206 2030
371 2030
993 2030
1893 2030
894 2031
854 2032
681 2033
1970 2034
1330 2035
1933 2035
194 2036
1702 2036
260 2037
375 2038
962 2038
242 2040
219 2041
5 2042
73 2043
369 2043
375 2043
398 2043
541 2043
726 2043
783 2043
874 2043
1276 2043
1378 2043
170 2044
1376 2044
1357 2045
1543 2045
456 2046
9 2047
9 2048
114 2049
187 2049
213 2049
215 2049
621 2049
849 2049
870 2049
1063 2049
1073 2049
1372 2049
1646 2049
1956 2049
16 2050
176 2050
294 2050
322 2050
504 2050
928 2050
1606 2050
2010 2050
251 2051
1138 2051
543 2052
1390 2054
1805 2055
1822 2056
51 2057
839 2057
1080 2058
1328 2058
1335 2058
97 2059
721 2059
216 2060
1556 2060
146 2061
1689 2061
216 2062
519 2063
543 2064
521 2065
891 2065
1719 2065
1800 2065
617 2066
1562 2066
983 2067
1285 2067
2014 2068
707 2069
1991 2069
334 2070
500 2070
1363 2070
20 2071
80 2071
106 2071
253 2071
336 2071
349 2071
894 2071
1485 2071
1672 2071
1804 2071
1884 2071
1916 2071
506 2072
1203 2073
147 2074
330 2075
393 2075
464 2075
544 2075
961 2075
1173 2075
1971 2075
1010 2076
1227 2076
1758 2076
799 2077
146 2078
200 2078
436 2078
383 2079
1262 2080
1333 2080
1581 2080
543 2081
159 2082
483 2083
873 2083
890 2083
1031 2083
1084 2083
1158 2083
1174 2083
1234 2083
1286 2083
1338 2083
1339 2083
1388 2083
1617 2083
1799 2083
1877 2083
1894 2083
780 2084
1256 2084
962 2085
1105 2086
1871 2086
47 2087
389 2087
1752 2087
1970 2087
216 2088
678 2089
66 2090
488 2090
1386 2091
1377 2092
1463 2092
1578 2092
206 2093
817 2094
874 2094
1102 2094
801 2095
1775 2097
216 2098
1556 2098
1702 2099
994 2100
1912 2100
86 2101
206 2101
1437 2101
1862 2101
688 2102
5 2103
75 2103
427 2103
549 2103
630 2103
851 2103
937 2103
1245 2103
1489 2103
1685 2103
1949 2104
721 2106
10 2107
75 2107
336 2107
928 2107
1545 2107
51 2108
1702 2109
1884 2109
956 2110
506 2111
350 2112
1155 2112
3 2114
1716 2114
2103 2114
1844 2115
1679 2116
1775 2117
147 2118
1177 2118
1765 2118
1915 2118
251 2119
1001 2119
51 2120
545 2120
1896 2120
211 2121
615 2121
752 2121
879 2121
924 2121
990 2121
1666 2121
1942 2121
1146 2122
1652 2122
767 2123
506 2124
956 2125
1822 2126
465 2127
1149 2127
1898 2127
1670 2128
69 2129
194 2129
242 2129
881 2129
1082 2129
2071 2129
221 2130
608 2131
801 2131
1662 2131
136 2132
174 2132
185 2133
589 2133
1670 2133
374 2134
436 2135
978 2136
1691 2136
5 2137
1670 2138
1561 2139
282 2140
1425 2140
1477 2140
1720 2140
1390 2141
1477 2141
1640 2141
780 2142
1256 2142
181 2143
7 2144
22 2144
31 2144
87 2144
263 2144
316 2144
318 2144
715 2144
820 2144
873 2144
890 2144
1012 2144
1062 2144
1117 2144
1158 2144
1168 2144
1174 2144
1189 2144
1245 2144
1286 2144
1294 2144
1338 2144
1388 2144
1444 2144
1472 2144
1588 2144
1617 2144
1734 2144
1740 2144
1799 2144
1974 2144
2132 2144
1556 2145
78 2146
624 2146
751 2146
1355 2146
1716 2146
1855 2146
2003 2146
2144 2146
366 2147
470 2147
956 2147
1266 2147
1236 2148
1675 2148
216 2149
1522 2150
505 2151
670 2151
128 2152
374 2152
436 2152
796 2152
914 2152
185 2153
1314 2154
1856 2154
2103 2154
962 2155
1570 2156
605 2157
1587 2158
251 2159
1102 2159
294 2160
504 2160
1541 2160
216 2161
1556 2161
147 2162
51 2163
208 2164
185 2165
76 2166
200 2167
202 2167
578 2167
875 2167
1048 2167
1602 2167
2066 2167
2083 2168
2 2169
78 2170
344 2170
386 2170
438 2170
510 2170
573 2170
633 2170
956 2170
1352 2170
1391 2170
1479 2170
1622 2170
1664 2170
1712 2170
1801 2170
1955 2170
678 2171
1896 2171
280 2172
463 2172
2121 2173
136 2174
51 2175
911 2175
2043 2175
956 2176
1028 2177
2095 2178
2131 2178
9 2179
1822 2179
1275 2180
605 2181
1494 2181
1390 2182
1477 2182
2140 2182
140 2183
1726 2184
2018 2184
2014 2185
1250 2186
1689 2186
60 2187
745 2188
640 2189
1541 2189
2050 2189
2107 2189
509 2190
2049 2190
985 2191
1458 2191
1864 2191
43 2192
120 2193
714 2193
870 2194
1803 2194
185 2195
1203 2195
1511 2195
1695 2195
1803 2195
201 2196
1220 2196
1837 2196
1335 2197
304 2198
987 2198
1027 2198
1104 2198
1253 2198
1290 2198
1563 2198
1737 2198
2022 2198
9 2199
864 2200
1878 2201
216 2202
543 2204
15 2205
1150 2206
1630 2207
1876 2207
543 2208
1775 2209
78 2210
1689 2211
2061 2211
1283 2212
1933 2212
1355 2213
1556 2213
1855 2213
2083 2213
1292 2214
1475 2214
1656 2214
1864 2214
1765 2215
1915 2215
140 2216
364 2216
39 2217
216 2218
1556 2218
5 2219
127 2220
230 2221
1169 2221
72 2222
1820 2222
1184 2223
6 2224
95 2224
274 2224
429 2224
751 2224
1748 2224
1812 2224
2058 2224
136 2226
675 2226
591 2227
809 2227
7 2228
615 2228
1158 2228
1822 2228
1752 2229
374 2230
436 2230
914 2230
1752 2231
2083 2231
2144 2231
893 2232
1161 2232
1281 2232
1322 2232
1346 2232
1823 2232
17 2233
160 2234
404 2234
456 2234
934 2234
959 2234
1370 2234
1393 2234
1434 2234
1508 2234
1984 2234
9 2235
1372 2236
1581 2236
185 2237
5 2238
185 2239
1670 2239
703 2240
802 2240
809 2240
949 2240
1301 2240
1689 2240
1832 2240
1878 2240
111 2241
138 2241
1114 2241
2230 2241
206 2242
617 2242
799 2242
854 2242
425 2243
1594 2243
140 2244
166 2244
250 2244
375 2244
398 2244
502 2244
545 2244
561 2244
827 2244
854 2244
913 2244
923 2244
1299 2244
1551 2244
1683 2244
1851 2244
1909 2244
568 2245
78 2246
772 2247
1227 2247
1302 2247
956 2248
140 2249
891 2250
1887 2250
2220 2250
147 2251
100 2252
1674 2252
14 2253
646 2253
1320 2253
1437 2253
2091 2253
2101 2253
383 2254
932 2255
1121 2255
1282 2255
1213 2256
78 2257
136 2257
185 2257
261 2257
1549 2257
1670 2257
1748 2257
2083 2257
2144 2257
51 2258
51 2259
962 2260
962 2261
206 2262
1298 2262
1810 2262
2135 2262
51 2263
1177 2264
1765 2264
225 2265
530 2266
976 2266
280 2267
995 2268
2189 2268
70 2269
78 2269
412 2269
517 2269
761 2269
1226 2269
1328 2269
1374 2269
1601 2269
1844 2269
2068 2269
2105 2269
2185 2269
191 2270
1456 2270
2121 2271
1283 2272
185 2273
956 2274
1105 2274
9 2275
1822 2275
202 2276
447 2276
1452 2276
1917 2276
383 2277
1001 2277
1213 2278
1419 2278
136 2279
673 2279
78 2280
15 2281
956 2282
707 2283
419 2284
445 2284
1338 2284
374 2285
802 2285
1602 2285
15 2286
1775 2286
133 2287
274 2287
771 2287
2080 2287
2236 2287
1844 2288
1844 2289
440 2290
579 2291
559 2292
1279 2292
2013 2292
1377 2293
1463 2293
1578 2293
2170 2294
51 2295
1670 2296
1250 2297
1926 2298
1720 2299
206 2300
2093 2300
170 2301
277 2301
513 2302
1392 2302
1635 2302
1723 2302
1983 2302
2007 2302
2045 2302
2203 2302
864 2303
132 2304
692 2304
1194 2304
2293 2304
1345 2305
1587 2305
1918 2305
87 2307
294 2307
504 2307
1575 2308
1959 2309
2270 2309
959 2310
1386 2310
7 2311
615 2311
1158 2311
782 2312
799 2312
843 2312
1650 2312
221 2313
743 2313
1918 2313
1926 2314
170 2315
462 2315
1610 2315
1811 2315
63 2316
216 2316
314 2316
349 2316
650 2316
759 2316
1158 2316
1485 2316
1513 2316
1529 2316
1552 2316
1672 2316
1884 2316
1898 2316
2036 2316
2099 2316
2109 2316
60 2317
206 2318
1067 2318
9 2319
1822 2320
371 2321
912 2322
921 2322
1863 2322
2116 2322
2123 2322
1550 2323
140 2324
374 2324
813 2324
830 2324
991 2324
1100 2324
2053 2324
188 2325
438 2325
573 2325
793 2325
1336 2325
1352 2325
1391 2325
1664 2325
1955 2325
2201 2325
2240 2325
1067 2326
2318 2326
1146 2327
1652 2327
470 2328
6 2329
147 2330
1162 2330
307 2331
2151 2331
455 2332
69 2333
37 2334
1198 2334
1368 2334
1775 2334
39 2335
78 2336
188 2336
438 2336
510 2336
633 2336
793 2336
956 2336
1367 2336
1391 2336
1479 2336
1664 2336
1834 2336
2201 2336
260 2337
1151 2337
177 2338
546 2338
206 2339
206 2340
376 2340
840 2341
1775 2342
1421 2343
1182 2344
374 2345
1521 2345
438 2346
573 2346
793 2346
1352 2346
1367 2346
1479 2346
2201 2346
2240 2346
1775 2347
254 2348
382 2348
554 2348
624 2348
707 2348
1226 2348
1556 2348
1601 2348
2103 2348
2121 2348
2129 2348
2270 2348
8 2349
100 2349
1148 2349
399 2350
1671 2350
1891 2350
532 2351
813 2351
2065 2352
2220 2352
2011 2353
721 2354
1713 2355
181 2357
334 2358
777 2358
1343 2358
1670 2358
2070 2358
1250 2359
1822 2360
120 2361
6 2362
903 2362
1017 2363
1044 2363
1437 2363
2234 2363
374 2364
15 2365
1775 2365
9 2366
185 2367
708 2368
1182 2369
1250 2370
1550 2371
93 2372
1001 2373
1332 2373
374 2374
1333 2375
78 2377
79 2377
105 2377
254 2377
274 2377
615 2377
696 2377
849 2377
1080 2377
1141 2377
1325 2377
1442 2377
1522 2377
2257 2377
64 2378
387 2378
760 2378
1730 2378
11 2379
477 2380
1017 2380
1044 2380
9 2381
1001 2383
289 2384
484 2385
1335 2385
310 2386
1811 2386
477 2387
1028 2387
185 2388
355 2389
591 2389
647 2389
2240 2389
2315 2389
178 2390
484 2390
1066 2390
1335 2390
1468 2390
2385 2390
39 2391
159 2392
100 2393
5 2394
133 2394
157 2394
185 2394
194 2394
252 2394
287 2394
316 2394
672 2394
707 2394
859 2394
1155 2394
1174 2394
1259 2394
1274 2394
1576 2394
1702 2394
1731 2394
1732 2394
1780 2394
2144 2394
2228 2394
2311 2394
436 2395
516 2395
2241 2395
1775 2396
1731 2397
100 2398
329 2398
11 2399
51 2399
140 2399
216 2400
32 2401
404 2402
1534 2402
1217 2404
1332 2404
1348 2404
903 2405
206 2406
219 2406
1822 2406
216 2407
185 2408
334 2408
1343 2408
1670 2408
1961 2408
242 2409
723 2409
2190 2409
233 2410
553 2410
684 2410
1167 2410
1344 2410
1678 2410
1775 2410
200 2411
202 2411
1048 2411
1602 2411
9 2412
1822 2412
1731 2413
2083 2414
2144 2414
548 2415
1182 2415
1377 2416
1403 2416
1463 2416
1578 2416
1741 2416
9 2417
615 2418
1292 2418
1325 2418
1717 2418
206 2419
251 2420
53 2421
133 2421
224 2421
274 2421
338 2421
357 2421
526 2421
630 2421
643 2421
806 2421
896 2421
1003 2421
1045 2421
1119 2421
1171 2421
1222 2421
1374 2421
1410 2421
1470 2421
1529 2421
1581 2421
1704 2421
1968 2421
2113 2421
231 2422
39 2423
1647 2424
1776 2425
39 2426
9 2427
535 2427
622 2427
1591 2427
1693 2427
1805 2427
2397 2427
2144 2428
2394 2429
1267 2430
1561 2431
1748 2432
9 2433
78 2434
543 2435
159 2436
76 2437
9 2438
3 2439
624 2439
1456 2439
1550 2439
1601 2439
1499 2440
840 2441
109 2442
1731 2443
75 2444
248 2444
911 2445
2421 2446
1214 2447
375 2448
2232 2449
529 2450
758 2450
2127 2450
419 2451
122 2452
134 2452
233 2452
414 2452
503 2452
546 2452
1060 2452
1201 2452
1365 2452
1782 2452
1814 2452
2061 2452
2076 2452
2181 2452
2297 2452
1249 2453
678 2455
1896 2455
2043 2455
383 2456
136 2457
2023 2457
136 2458
2083 2458
2144 2458
1575 2459
11 2460
1102 2460
164 2461
506 2462
1606 2463
39 2464
1225 2464
259 2465
914 2465
993 2465
2241 2465
51 2466
1390 2467
896 2468
1119 2468
2421 2468
2051 2469
1822 2470
225 2471
982 2472
1421 2472
1801 2473
2227 2473
2315 2473
133 2475
1155 2475
2049 2475
206 2476
1844 2477
2316 2477
2421 2477
206 2478
120 2479
185 2480
1109 2480
1416 2480
99 2481
280 2481
1102 2481
1873 2481
678 2482
1896 2482
2043 2482
74 2483
349 2483
728 2483
797 2483
826 2483
1107 2483
1308 2483
1342 2483
1430 2483
1670 2483
1789 2483
2356 2483
274 2484
942 2485
1913 2486
216 2487
11 2488
1816 2488
917 2489
9 2490
1726 2491
2018 2491
681 2492
949 2492
1739 2492
2410 2492
962 2493
374 2494
914 2494
259 2495
1905 2495
9 2496
59 2497
994 2497
2058 2497
2377 2497
241 2498
1876 2498
662 2499
856 2499
1369 2499
1409 2499
1575 2499
1945 2499
2184 2499
2491 2499
1647 2500
165 2501
191 2501
630 2501
937 2501
1570 2501
1959 2501
2439 2501
1028 2502
8 2503
139 2504
310 2504
466 2504
522 2504
647 2504
1497 2504
1692 2504
1759 2504
1811 2504
1857 2504
1994 2504
1803 2505
1869 2505
1304 2506
2170 2506
506 2507
106 2508
133 2508
2316 2509
579 2510
374 2511
447 2511
703 2511
1452 2511
1587 2512
2011 2513
1341 2514
1293 2515
216 2516
1556 2516
1197 2517
2006 2517
2156 2517
2350 2517
9 2518
1250 2519
956 2520
2248 2520
708 2521
642 2522
1232 2522
1566 2522
1896 2522
2091 2522
2197 2523
2224 2523
1878 2524
2346 2524
306 2525
2262 2525
922 2526
1288 2526
1541 2526
1457 2527
2499 2527
185 2528
15 2529
233 2529
1086 2530
2224 2530
134 2531
1609 2532
1752 2532
2083 2532
1302 2533
2452 2533
1739 2534
579 2535
630 2536
937 2536
1245 2536
1570 2536
1859 2536
2146 2536
2213 2536
2348 2536
2439 2536
698 2537
1039 2537
15 2538
233 2538
7 2539
1556 2540
670 2541
2331 2541
39 2542
681 2543
80 2544
110 2544
604 2544
863 2544
1556 2544
1844 2544
1859 2544
2003 2544
2270 2544
2309 2544
871 2545
1001 2545
962 2546
1549 2547
2377 2547
1822 2548
1226 2550
2421 2550
9 2551
429 2551
737 2551
1202 2551
1275 2551
1412 2551
1806 2551
2213 2551
2362 2551
203 2552
277 2552
1980 2552
137 2553
140 2553
9 2554
9 2555
1627 2555
1670 2556
1051 2557
2040 2557
2129 2557
2409 2557
893 2558
975 2558
1256 2558
2232 2558
9 2559
374 2560
185 2561
2016 2561
605 2562
1096 2563
605 2565
2452 2565
1888 2566
2504 2566
9 2567
234 2567
1822 2567
1506 2568
1556 2568
306 2569
1335 2570
2523 2570
2530 2570
280 2571
15 2572
553 2573
617 2573
1118 2574
1603 2574
9 2575
5 2576
708 2576
1813 2576
2014 2576
2269 2576
2421 2576
543 2577
1822 2578
185 2579
5 2580
120 2581
9 2582
2057 2583
78 2584
152 2584
355 2585
1476 2585
1484 2585
1832 2585
2240 2585
78 2586
136 2587
2457 2587
140 2588
375 2588
911 2588
2170 2588
2325 2588
1670 2589
1545 2590
1184 2591
1997 2591
133 2592
1682 2592
1695 2592
2394 2592
6 2593
903 2593
69 2594
133 2594
274 2594
549 2594
643 2594
894 2594
896 2594
1119 2594
1329 2594
1727 2594
1901 2594
2333 2594
581 2595
1198 2595
1819 2595
2170 2596
2325 2596
2336 2596
1771 2597
374 2598
436 2598
1521 2598
78 2599
185 2600
64 2601
760 2601
2302 2601
1620 2602
1898 2602
483 2603
87 2604
114 2604
136 2604
175 2604
194 2604
1014 2604
1328 2604
1702 2604
1752 2604
1813 2604
2014 2604
2144 2604
2307 2604
870 2605
1155 2606
618 2607
39 2608
1499 2608
519 2610
2262 2610
216 2611
374 2612
519 2612
1010 2612
1118 2612
1227 2612
1758 2612
2198 2613
2116 2614
2123 2614
874 2615
911 2615
1177 2615
1896 2615
2043 2615
185 2616
645 2616
1670 2616
506 2618
159 2619
1499 2620
208 2621
185 2622
930 2622
1083 2622
1670 2622
486 2623
1843 2623
2244 2623
72 2624
1820 2624
51 2625
398 2625
1330 2625
2615 2625
78 2626
310 2627
562 2627
703 2627
802 2627
1301 2627
1811 2627
1174 2628
1149 2629
2450 2629
221 2630
1345 2630
1587 2630
1918 2630
290 2631
315 2631
455 2631
609 2631
618 2631
1191 2631
1217 2631
1603 2631
1903 2631
1950 2631
2147 2631
2276 2631
2612 2631
610 2632
974 2632
1652 2632
2122 2632
2327 2632
2302 2633
78 2634
8 2635
2349 2635
206 2636
543 2636
1670 2637
2075 2638
88 2639
380 2639
462 2639
543 2639
562 2639
1326 2639
1439 2639
1477 2639
1497 2639
1610 2639
1692 2639
1893 2639
1985 2639
2172 2639
2531 2639
197 2640
1292 2640
618 2641
375 2642
11 2643
521 2643
891 2643
1102 2643
1887 2643
465 2644
1149 2644
51 2645
375 2645
911 2645
1102 2645
206 2646
2403 2646
423 2647
260 2648
1167 2648
1191 2648
1344 2648
1654 2648
1775 2648
2240 2648
2285 2648
254 2649
917 2649
1458 2649
1522 2649
506 2650
75 2651
1620 2651
1740 2651
2087 2651
1587 2652
12 2653
1085 2654
1421 2654
2394 2654
6 2655
164 2655
459 2655
629 2655
1912 2655
2058 2655
231 2656
9 2657
749 2657
1202 2657
1412 2657
2224 2657
76 2658
1184 2659
51 2660
962 2660
1330 2660
1653 2660
2615 2660
206 2661
1848 2661
9 2662
1578 2663
93 2664
184 2664
313 2664
432 2664
460 2664
476 2664
562 2664
744 2664
1053 2664
1077 2664
1090 2664
1118 2664
1195 2664
1477 2664
1494 2664
1615 2664
1692 2664
1697 2664
1749 2664
1822 2664
1976 2664
2315 2664
2474 2664
2607 2664
2609 2664
2631 2664
2641 2664
500 2665
1363 2665
2358 2665
2408 2665
1250 2666
89 2667
470 2667
519 2667
1375 2667
1494 2667
1650 2667
1619 2668
280 2669
874 2669
543 2670
483 2671
519 2673
725 2673
984 2673
1009 2673
1211 2673
1618 2673
1953 2673
2277 2673
7 2674
164 2674
269 2674
723 2674
1990 2674
956 2675
9 2676
1713 2677
39 2678
1197 2679
2006 2679
773 2680
2504 2680
188 2681
463 2681
773 2681
483 2682
812 2682
160 2683
404 2683
442 2683
456 2683
959 2683
1370 2683
1393 2683
1434 2683
1508 2683
1984 2683
2234 2683
2253 2683
2324 2683
2363 2683
2564 2683
216 2684
1556 2684
136 2685
1752 2685
277 2686
290 2686
1477 2686
16 2687
184 2688
447 2688
617 2688
383 2689
680 2689
725 2689
506 2690
78 2691
106 2691
135 2691
162 2691
863 2691
1043 2691
1400 2691
1916 2691
2129 2691
2309 2691
2418 2691
1635 2692
124 2693
182 2693
206 2693
375 2693
233 2694
1775 2694
894 2695
2316 2696
1713 2697
1213 2698
170 2699
522 2699
2227 2699
2240 2699
2680 2699
200 2700
1048 2700
1602 2700
2066 2700
840 2701
8 2702
140 2703
186 2703
681 2703
1421 2704
90 2705
264 2705
322 2705
441 2705
757 2705
849 2705
1238 2705
1328 2705
1545 2705
2034 2705
2087 2705
2121 2705
2144 2705
200 2706
447 2706
470 2706
1949 2706
277 2707
110 2708
1550 2708
1570 2708
2544 2708
216 2709
865 2709
1556 2709
956 2710
216 2711
703 2712
1487 2713
2348 2713
750 2714
308 2715
681 2715
802 2715
1177 2715
1689 2715
1739 2715
2410 2715
2631 2715
2648 2715
720 2716
830 2716
1100 2716
1164 2716
1437 2716
2595 2716
1001 2717
375 2718
678 2719
39 2720
187 2721
213 2721
215 2721
849 2721
1731 2721
1865 2721
2190 2721
2472 2721
511 2722
777 2722
899 2722
10 2723
75 2723
176 2723
336 2723
1545 2723
2160 2723
2307 2723
2526 2723
39 2724
1225 2724
2464 2724
78 2725
170 2725
463 2725
727 2725
794 2725
2315 2725
506 2726
146 2727
169 2727
182 2727
206 2727
346 2727
430 2727
519 2727
787 2727
981 2727
1105 2727
1118 2727
1138 2727
2039 2727
2051 2727
2159 2727
216 2728
1556 2728
456 2729
9 2730
133 2730
1421 2730
1822 2730
2721 2730
136 2731
396 2731
1970 2731
2604 2731
2705 2731
233 2732
414 2732
1076 2732
1151 2732
1201 2732
1365 2732
2012 2732
2061 2732
2181 2732
2565 2732
2612 2732
60 2733
1157 2733
1604 2733
1862 2733
137 2734
140 2734
1017 2734
25 2735
756 2735
1147 2735
1395 2735
1818 2735
1923 2735
1981 2735
1896 2736
55 2737
458 2737
719 2737
1358 2737
78 2738
109 2739
171 2740
374 2740
519 2740
1302 2740
1758 2740
2631 2740
136 2741
863 2741
988 2741
1226 2741
2309 2741
191 2742
406 2742
717 2742
2486 2742
9 2743
870 2743
1379 2743
1433 2743
1803 2743
1822 2743
2454 2743
2668 2743
1670 2744
962 2745
186 2746
2337 2746
2732 2746
244 2747
1844 2747
794 2748
1828 2749
2350 2749
1250 2750
894 2751
2031 2751
146 2752
455 2752
813 2752
844 2752
1001 2752
1025 2752
1191 2752
1217 2752
1291 2752
1298 2752
1418 2752
1494 2752
1562 2752
1692 2752
1725 2752
1897 2752
2012 2752
2276 2752
1966 2753
605 2754
2752 2754
579 2755
1713 2756
140 2757
146 2758
1377 2758
1639 2758
1662 2758
578 2759
681 2759
1227 2759
2452 2759
2732 2759
1421 2760
136 2761
1570 2761
1717 2761
2705 2761
962 2762
51 2763
121 2764
1292 2764
1656 2764
1864 2764
2191 2764
2214 2764
2376 2765
60 2766
559 2767
678 2768
78 2769
216 2769
624 2769
641 2770
2735 2770
9 2771
1350 2772
1978 2772
1926 2773
11 2774
233 2774
720 2774
1020 2774
1102 2774
2101 2774
2380 2774
2387 2774
2617 2774
2716 2774
1283 2775
140 2776
1155 2777
206 2778
1425 2778
1720 2778
140 2779
1970 2780
2705 2780
789 2781
1421 2781
206 2782
2646 2782
1477 2783
411 2784
590 2784
1249 2784
1549 2784
2144 2784
2377 2784
1556 2785
11 2786
506 2787
323 2788
1549 2788
2390 2788
140 2789
1283 2790
819 2791
1876 2791
51 2792
72 2793
304 2793
368 2793
2252 2793
9 2794
78 2794
244 2794
1086 2794
1549 2794
1716 2794
2377 2794
1991 2795
1896 2796
794 2797
707 2798
1716 2798
518 2799
704 2799
742 2799
1421 2799
221 2800
9 2801
9 2802
323 2803
115 2804
356 2804
543 2805
868 2806
874 2806
1133 2806
1898 2807
618 2808
850 2809
907 2809
1675 2809
750 2810
1994 2811
2504 2811
350 2812
1155 2812
2014 2813
44 2814
349 2814
490 2814
728 2814
742 2814
797 2814
823 2814
1308 2814
1342 2814
1430 2814
1684 2814
76 2815
2421 2816
206 2817
1933 2818
308 2819
2255 2819
1118 2820
60 2821
956 2821
1006 2821
1105 2821
254 2822
696 2822
917 2822
1458 2822
1522 2822
1772 2822
206 2823
1279 2823
1443 2823
1696 2823
2334 2824
2595 2824
194 2825
78 2826
124 2827
182 2827
613 2827
951 2827
543 2828
60 2829
956 2829
251 2830
1001 2830
1241 2830
2075 2831
2066 2832
1556 2833
609 2834
773 2834
1376 2834
1832 2834
2680 2834
2681 2834
12 2835
160 2835
206 2835
361 2835
543 2835
1020 2835
1385 2835
1508 2835
1569 2835
1584 2835
1965 2835
2324 2835
2502 2835
1888 2836
191 2837
717 2837
1657 2837
1940 2837
2486 2837
1556 2838
396 2839
411 2839
590 2839
1249 2839
1429 2839
1549 2839
2377 2839
2 2840
9 2840
464 2840
9 2841
470 2842
1422 2843
1808 2843
2427 2843
1283 2844
1933 2844
1522 2845
7 2846
350 2846
434 2846
754 2846
867 2846
895 2846
1073 2846
1512 2846
1931 2846
1961 2846
2021 2846
2112 2846
2306 2846
2394 2846
2549 2846
2812 2846
67 2847
206 2847
407 2847
414 2847
473 2847
543 2847
567 2847
618 2847
787 2847
936 2847
980 2847
1201 2847
1250 2847
1324 2847
1411 2847
1418 2847
1481 2847
1539 2847
1654 2847
1868 2847
1897 2847
2096 2847
2186 2847
2297 2847
2519 2847
2565 2847
374 2848
228 2849
615 2849
2713 2849
1887 2850
2220 2850
75 2851
1878 2852
864 2853
289 2854
671 2854
1308 2854
1744 2854
1822 2854
1922 2854
216 2855
1556 2855
11 2856
470 2856
956 2856
1266 2856
2460 2856
216 2857
111 2858
701 2858
727 2858
1822 2859
67 2860
371 2860
1298 2860
1616 2860
1911 2860
1939 2860
2276 2860
1268 2861
76 2862
1731 2863
193 2864
1236 2864
2765 2864
483 2865
2682 2865
8 2866
2483 2866
107 2867
962 2867
1358 2867
2737 2867
78 2868
125 2869
414 2869
618 2869
787 2869
936 2869
980 2869
1359 2869
1481 2869
1897 2869
2525 2869
2569 2869
2664 2869
3 2870
849 2870
1069 2870
1601 2870
1716 2870
2003 2870
2225 2870
2501 2870
2672 2870
2714 2870
2810 2870
643 2871
894 2871
1119 2871
64 2872
513 2872
517 2872
760 2872
1106 2872
1187 2872
1226 2872
2432 2872
12 2873
681 2874
868 2875
2727 2875
1556 2876
1752 2876
2146 2876
2536 2876
2551 2876
1587 2877
61 2878
482 2878
508 2878
613 2878
1984 2878
2683 2878
334 2879
2408 2879
2846 2879
543 2880
1918 2881
2313 2881
383 2882
2673 2882
221 2883
1345 2883
1587 2883
225 2884
136 2885
1663 2886
1477 2887
2141 2887
2778 2887
701 2888
727 2888
1555 2888
277 2889
509 2890
872 2890
1051 2890
1274 2890
2129 2890
2409 2890
24 2891
140 2891
15 2892
1699 2892
39 2893
506 2894
871 2894
11 2895
146 2895
956 2895
1105 2895
1146 2896
1652 2896
2632 2896
1456 2897
1422 2898
60 2899
681 2899
813 2899
438 2900
573 2900
814 2900
1367 2900
1479 2900
1664 2900
1834 2900
1878 2900
2201 2900
2240 2900
2524 2900
74 2901
1670 2902
1001 2903
9 2904
1350 2905
2 2906
12 2907
222 2908
1330 2908
2304 2908
261 2909
1350 2909
136 2910
368 2911
742 2911
1775 2912
1249 2913
9 2914
1729 2914
310 2915
1766 2915
1133 2916
1256 2917
1281 2917
17 2918
103 2918
506 2918
1244 2918
2563 2918
543 2919
1226 2920
1601 2920
2316 2920
436 2921
127 2922
521 2922
660 2922
2065 2922
2850 2922
177 2923
233 2923
455 2923
802 2923
1140 2923
1191 2923
1344 2923
1801 2923
1903 2923
2211 2923
2285 2923
2715 2923
814 2924
2900 2924
206 2925
613 2925
639 2925
2221 2925
133 2926
185 2926
252 2926
316 2926
707 2926
751 2926
859 2926
894 2926
910 2926
1069 2926
1155 2926
1174 2926
1259 2926
1269 2926
1576 2926
1619 2926
1670 2926
1731 2926
1732 2926
2228 2926
2429 2926
2592 2926
2654 2926
2743 2926
1868 2927
10 2928
75 2928
176 2928
336 2928
928 2928
2160 2928
2526 2928
100 2929
1589 2929
1674 2929
618 2930
9 2931
1822 2931
74 2932
148 2932
1918 2933
548 2934
611 2934
829 2934
1387 2934
2344 2934
2415 2934
7 2935
12 2936
1100 2936
274 2937
1630 2937
9 2938
159 2939
1421 2940
274 2941
896 2941
1119 2941
2871 2941
95 2942
105 2942
178 2942
1363 2942
1468 2942
1972 2942
2655 2942
127 2943
660 2943
2065 2943
578 2944
772 2944
206 2945
799 2945
1390 2945
1476 2945
1497 2945
2627 2945
175 2946
393 2946
412 2946
1023 2946
1226 2946
1716 2946
2224 2946
9 2947
683 2948
1174 2948
2485 2948
9 2949
11 2950
12 2950
161 2950
926 2950
1100 2950
1164 2950
1307 2950
1944 2950
2463 2950
2753 2950
1149 2951
1898 2951
9 2952
419 2952
2705 2952
140 2953
854 2954
400 2955
2008 2955
660 2956
927 2956
1524 2956
2250 2956
2643 2956
1227 2957
2452 2957
206 2958
376 2958
687 2958
799 2958
109 2959
274 2959
1776 2959
103 2960
273 2960
1185 2960
1650 2960
1773 2960
66 2961
1731 2961
2834 2962
9 2963
201 2963
504 2963
969 2963
1158 2963
1691 2963
1731 2963
1080 2964
2497 2964
2523 2964
2530 2964
51 2965
775 2965
216 2966
1268 2967
854 2968
61 2969
601 2969
1005 2969
1074 2969
1089 2969
1126 2969
1681 2969
2124 2969
2233 2969
681 2970
703 2970
802 2970
374 2971
2 2972
156 2973
158 2973
184 2973
188 2973
275 2973
355 2973
681 2973
802 2973
854 2973
949 2973
1758 2973
1771 2973
1832 2973
2315 2973
2639 2973
2945 2973
703 2974
1250 2974
1481 2974
2752 2974
2847 2974
2869 2974
1587 2975
516 2976
914 2976
2241 2976
1456 2977
483 2978
555 2978
277 2979
591 2980
1476 2980
1832 2980
2227 2980
641 2981
9 2982
870 2982
1215 2982
1433 2982
1803 2982
1822 2982
2303 2982
7 2983
79 2983
174 2983
263 2983
483 2983
1031 2983
1046 2983
1078 2983
1084 2983
1117 2983
1158 2983
1168 2983
1189 2983
1280 2983
1339 2983
1388 2983
1444 2983
1588 2983
1617 2983
1877 2983
2132 2983
2146 2983
2213 2983
2231 2983
2257 2983
2279 2983
2394 2983
2414 2983
2458 2983
254 2984
1538 2984
75 2985
78 2986
185 2987
1670 2987
1457 2988
1214 2989
1896 2990
146 2991
169 2991
182 2991
206 2991
346 2991
430 2991
443 2991
519 2991
787 2991
956 2991
981 2991
1105 2991
1204 2991
1606 2991
1858 2991
1873 2991
2039 2991
2051 2991
2159 2991
2382 2991
156 2992
130 2993
566 2993
741 2993
860 2993
868 2993
940 2993
955 2993
1136 2993
1241 2993
1334 2993
1515 2993
1881 2993
2821 2993
2895 2993
2991 2993
221 2994
1918 2994
436 2995
470 2996
1032 2996
1431 2996
1822 2997
1522 2998
809 2999
2473 2999
2980 2999
78 3000
1601 3000
