4 9
16 26
5 28
17 32
6 35
27 51
36 51
21 60
14 61
17 61
23 66
51 73
8 74
47 75
45 78
6 79
9 79
49 79
78 79
60 84
7 85
14 86
78 87
56 89
78 90
67 93
69 94
59 95
76 100
89 103
78 104
9 105
78 105
78 106
99 113
75 114
87 114
112 114
7 133
30 136
87 136
123 136
24 140
51 140
15 144
17 146
117 146
134 146
141 146
136 149
13 151
78 152
93 156
16 161
133 164
51 172
140 172
12 173
136 174
78 175
87 175
78 180
67 184
164 185
156 188
168 193
20 194
63 194
80 194
87 194
106 194
99 195
112 195
121 197
177 200
67 202
9 206
12 206
14 206
93 206
131 206
151 206
158 206
15 207
15 212
5 216
9 216
19 216
30 216
31 216
57 216
58 216
79 216
82 216
85 216
208 216
206 218
214 221
117 222
15 223
41 225
191 228
194 228
61 230
206 230
140 231
60 233
144 233
186 233
140 236
80 240
206 243
78 244
105 244
114 244
221 245
76 248
78 248
182 251
78 252
194 253
49 254
78 254
191 254
206 255
254 256
77 260
207 260
164 261
206 261
39 262
9 264
136 264
55 266
206 266
39 267
120 267
136 268
78 270
195 271
68 274
69 274
215 274
244 274
206 275
109 276
73 277
108 277
51 280
266 281
76 284
133 287
104 289
188 290
275 290
39 292
51 293
78 294
164 296
100 304
125 306
147 308
195 309
140 311
141 315
146 315
100 316
136 316
248 316
51 317
136 318
169 320
182 320
206 320
251 320
15 321
89 325
100 329
109 330
136 333
194 336
11 337
280 337
74 338
216 338
9 339
136 341
146 345
251 346
136 348
2 349
66 349
104 349
167 349
194 349
201 349
4 350
334 350
206 351
9 352
115 356
216 356
136 359
208 360
12 361
51 367
51 369
93 371
151 371
9 373
154 374
260 374
272 374
51 375
78 375
151 375
216 377
9 379
216 382
309 383
206 385
162 389
39 391
109 393
76 396
200 397
73 398
280 398
254 401
78 405
60 410
374 410
76 411
175 412
66 413
306 414
134 416
299 416
244 419
91 425
200 425
275 425
366 425
6 429
95 429
175 429
274 429
296 429
134 431
280 431
216 433
350 434
43 436
11 437
374 439
191 440
211 440
47 441
87 441
136 441
389 441
396 441
277 444
88 447
177 447
272 447
397 447
425 447
140 448
194 449
15 451
75 452
248 452
9 454
308 455
362 455
86 456
274 457
6 459
285 459
156 462
158 462
188 462
275 462
355 462
88 463
134 463
431 463
462 463
109 464
206 464
248 465
349 465
93 466
275 466
463 466
56 470
146 470
380 470
397 470
400 470
425 470
290 471
195 472
16 474
140 475
14 477
233 477
16 478
189 482
136 483
198 483
16 485
250 486
280 486
216 489
8 490
104 490
206 491
15 492
233 492
289 493
69 495
289 495
306 498
2 499
349 499
464 499
185 500
39 501
374 503
78 504
307 505
89 506
92 506
153 506
155 506
206 506
309 506
365 506
195 508
213 509
242 509
457 513
109 515
43 516
109 517
76 518
56 519
141 519
251 519
315 519
345 519
380 519
127 521
216 524
290 525
156 527
95 528
425 530
206 533
376 533
66 535
51 537
185 539
51 541
140 541
375 541
78 543
93 543
107 543
158 543
206 543
218 543
235 543
266 543
298 543
328 543
366 543
420 543
447 543
506 543
109 544
51 545
151 546
184 546
447 546
419 547
15 550
171 553
78 554
191 554
483 555
185 556
16 557
107 558
146 558
168 560
156 562
275 562
310 562
463 562
419 563
109 564
374 570
470 571
269 572
375 573
9 574
350 575
266 576
349 577
354 578
349 579
543 580
477 581
39 583
320 584
231 586
9 587
543 589
76 590
579 590
216 592
543 595
15 600
17 601
383 601
506 601
374 602
248 603
134 605
233 605
494 605
546 605
553 605
60 606
254 607
55 608
163 609
351 609
586 611
86 612
230 613
320 613
78 615
244 615
254 615
332 615
382 615
428 615
440 615
200 617
578 617
38 618
93 618
163 618
184 618
306 618
313 618
355 618
432 618
460 618
476 618
562 618
31 624
470 625
134 626
280 626
374 627
8 628
447 632
62 638
168 638
176 640
25 641
353 641
370 641
388 641
103 644
506 644
185 645
477 646
185 649
194 650
2 651
206 653
543 653
17 654
506 654
9 656
445 657
521 660
206 661
506 667
513 668
517 668
308 669
307 670
104 671
133 672
274 672
159 676
615 677
140 678
166 678
250 678
319 678
363 678
375 678
398 678
502 678
545 678
561 678
15 681
233 681
410 681
462 681
494 681
540 681
465 682
681 684
147 685
39 686
519 687
101 688
74 691
256 693
156 695
256 696
9 699
78 700
106 702
67 703
170 703
272 703
277 703
290 703
494 703
562 703
465 704
51 706
7 707
75 707
191 707
224 708
247 708
327 708
338 708
357 708
526 708
691 709
277 711
466 712
445 713
107 719
375 719
581 720
479 721
78 722
624 722
265 723
350 723
509 723
680 725
6 737
85 737
185 738
289 739
216 740
158 741
170 741
355 741
463 741
727 741
126 742
618 744
35 746
484 746
506 747
6 749
3 750
452 750
35 751
79 751
429 751
484 751
497 751
749 751
440 752
350 754
78 755
641 756
387 760
736 760
109 763
511 765
2 766
231 768
106 769
216 770
578 772
139 773
466 773
522 773
591 773
609 773
647 773
254 774
78 776
216 776
624 776
164 777
178 777
334 777
464 777
500 777
681 778
109 781
206 782
78 785
12 786
93 787
306 787
727 787
191 788
406 788
717 788
415 789
191 792
181 793
158 794
283 794
288 794
424 794
438 794
609 794
100 797
51 799
89 799
261 799
462 799
533 799
644 799
117 801
233 802
231 804
357 806
140 807
185 808
170 809
355 809
522 809
647 809
9 810
483 812
15 813
309 813
395 813
404 813
410 813
470 813
519 813
532 813
597 813
601 813
631 813
613 817
374 818
274 819
136 820
9 822
8 823
8 826
51 827
678 827
56 828
506 828
586 829
233 830
280 830
404 830
442 830
581 830
51 831
253 832
615 832
15 833
100 834
206 835
765 836
51 839
353 840
506 841
466 843
470 844
15 845
465 846
177 848
546 848
87 849
294 849
750 849
168 850
707 851
506 852
350 853
178 854
261 854
462 854
551 854
678 854
712 854
782 854
803 854
147 856
15 858
7 859
100 861
51 862
367 862
191 863
9 864
78 864
143 864
5 865
356 865
350 867
13 868
222 868
238 868
337 868
482 868
508 868
552 868
244 869
624 869
450 870
732 870
766 870
395 871
532 871
534 871
536 871
215 872
242 872
269 872
136 873
398 874
486 874
692 874
106 878
440 879
97 880
721 880
80 881
76 882
106 883
133 883
506 889
532 889
813 889
136 890
660 891
745 891
136 892
50 894
657 894
350 895
60 897
383 898
543 900
185 902
216 904
168 907
477 909
7 910
73 911
98 911
369 911
375 911
398 911
541 911
543 911
783 911
874 911
51 913
107 913
170 913
644 913
678 913
43 914
138 914
147 916
216 917
419 917
17 919
506 919
917 920
678 923
211 924
891 927
506 929
219 930
556 930
559 930
308 931
71 932
308 932
508 934
62 935
638 935
306 936
703 936
78 937
244 937
624 937
138 939
683 942
579 943
9 944
543 946
206 947
233 949
455 949
462 949
562 949
482 951
506 951
206 956
260 956
278 956
297 956
588 956
625 956
735 956
860 956
897 956
955 956
206 957
455 958
14 959
642 959
646 959
720 959
159 960
274 961
55 962
73 962
150 962
206 962
358 962
408 962
458 962
558 962
674 962
719 962
109 964
225 965
15 968
140 970
231 971
216 972
17 973
734 975
780 975
306 980
189 981
251 981
90 982
114 982
167 982
187 982
213 982
215 982
621 982
729 982
849 982
870 982
383 984
216 985
615 985
140 986
136 988
863 988
10 989
404 991
93 993
178 994
484 994
855 994
136 995
62 997
767 998
78 1000
136 1000
894 1000
146 1001
232 1001
394 1001
395 1001
519 1001
601 1001
637 1001
725 1001
898 1001
966 1001
893 1002
708 1003
51 1004
911 1004
17 1005
453 1006
506 1006
741 1006
868 1006
897 1006
753 1007
140 1008
383 1009
233 1010
414 1010
553 1010
244 1012
396 1012
411 1012
590 1012
87 1014
114 1014
308 1016
442 1017
646 1017
9 1018
477 1020
259 1021
506 1022
146 1025
519 1025
12 1028
83 1028
160 1028
206 1028
233 1028
361 1028
512 1028
1020 1028
375 1029
794 1029
854 1029
15 1030
400 1032
208 1033
9 1034
543 1036
15 1037
274 1038
872 1038
39 1040
60 1041
3 1043
707 1043
195 1044
708 1045
78 1047
204 1048
206 1048
617 1048
632 1048
799 1048
242 1051
506 1052
618 1053
109 1054
353 1055
423 1055
997 1055
185 1056
164 1059
136 1061
9 1063
133 1063
982 1063
216 1064
323 1066
994 1066
206 1067
30 1069
31 1069
165 1069
349 1069
382 1069
427 1069
696 1069
722 1069
750 1069
869 1069
937 1069
483 1070
146 1071
266 1071
608 1071
801 1071
78 1073
133 1073
350 1073
982 1073
17 1074
65 1075
605 1076
618 1077
136 1078
225 1079
429 1080
994 1080
240 1081
836 1081
657 1082
206 1083
556 1083
559 1083
216 1084
368 1085
798 1085
95 1086
105 1086
178 1086
400 1088
741 1088
17 1089
618 1090
1001 1091
80 1092
9 1094
400 1095
17 1096
374 1099
14 1100
261 1101
108 1102
140 1102
337 1102
437 1102
471 1102
1072 1102
130 1105
297 1105
375 1105
506 1105
566 1105
741 1105
860 1105
868 1105
953 1105
955 1105
668 1106
78 1108
794 1111
854 1111
12 1112
74 1113
128 1114
796 1114
914 1114
290 1118
315 1118
455 1118
503 1118
609 1118
618 1118
813 1118
1065 1118
69 1119
708 1119
71 1121
159 1122
64 1123
387 1123
760 1123
206 1125
17 1126
109 1128
1083 1130
60 1133
112 1133
375 1135
956 1136
1105 1136
194 1137
56 1139
1011 1139
374 1140
519 1140
802 1140
949 1140
1010 1140
994 1141
15 1142
140 1143
21 1144
60 1144
794 1145
610 1146
974 1146
977 1146
641 1147
797 1148
529 1149
682 1149
758 1149
596 1150
186 1151
681 1151
934 1152
868 1153
286 1155
378 1155
434 1155
575 1155
853 1155
895 1155
1068 1155
1073 1155
280 1157
874 1157
114 1158
264 1158
428 1158
849 1158
225 1159
374 1160
147 1162
854 1163
15 1164
83 1164
195 1164
581 1164
1146 1165
140 1166
186 1166
374 1166
206 1169
854 1170
109 1173
216 1173
433 1173
9 1174
28 1174
78 1174
136 1174
216 1174
393 1174
683 1174
723 1174
847 1174
942 1174
1024 1174
681 1175
703 1175
455 1177
932 1177
5 1179
917 1179
185 1181
548 1182
611 1182
829 1182
543 1183
335 1184
644 1185
9 1186
175 1187
12 1188
136 1189
1061 1189
308 1191
470 1191
681 1191
802 1191
949 1191
1118 1191
746 1193
222 1194
443 1194
519 1194
618 1195
506 1196
49 1197
399 1197
593 1197
12 1198
830 1198
221 1199
195 1200
540 1201
605 1201
681 1201
6 1202
1 1203
90 1203
136 1203
148 1203
569 1203
651 1203
732 1203
251 1204
750 1206
543 1207
703 1208
120 1209
78 1210
257 1213
304 1213
834 1213
987 1213
1027 1213
1104 1213
487 1214
499 1215
703 1216
470 1217
536 1217
597 1217
725 1217
1118 1217
60 1218
289 1219
390 1220
87 1221
708 1222
896 1222
1119 1222
419 1223
5 1226
31 1226
75 1226
165 1226
175 1226
191 1226
316 1226
549 1226
937 1226
988 1226
233 1227
462 1227
494 1227
503 1227
546 1227
553 1227
772 1227
1060 1227
1076 1227
1140 1227
375 1228
221 1230
168 1231
1028 1232
136 1234
260 1235
1151 1235
168 1236
641 1237
393 1238
1069 1238
1226 1238
504 1240
61 1241
112 1241
232 1241
1006 1241
956 1243
1096 1244
678 1246
185 1248
1012 1249
67 1250
206 1250
473 1250
618 1250
936 1250
980 1250
1201 1250
216 1251
15 1252
1190 1252
1213 1253
1249 1254
400 1255
893 1256
708 1258
1155 1260
39 1261
133 1262
771 1262
838 1262
1039 1262
1155 1262
60 1263
10 1265
170 1266
625 1266
224 1267
289 1267
691 1267
906 1267
908 1267
626 1268
979 1268
1105 1270
136 1271
543 1272
374 1273
436 1273
914 1273
242 1274
6 1275
751 1275
800 1275
51 1276
375 1276
911 1276
1102 1276
1275 1277
159 1278
206 1279
556 1279
559 1279
661 1279
1130 1279
893 1281
975 1281
1256 1281
308 1282
89 1283
146 1285
312 1285
416 1285
461 1285
519 1285
983 1285
1032 1285
1095 1285
1205 1285
1255 1285
136 1286
1174 1287
10 1288
1281 1289
100 1290
1213 1290
121 1292
197 1292
554 1292
159 1295
206 1297
447 1298
533 1298
1118 1298
678 1299
780 1300
1256 1300
355 1301
562 1301
374 1302
503 1302
553 1302
772 1302
1015 1302
1151 1302
39 1303
112 1304
266 1304
386 1304
51 1305
140 1305
16 1307
280 1309
463 1309
856 1311
231 1312
136 1313
78 1316
100 1317
184 1318
701 1318
727 1318
959 1320
206 1321
240 1321
1215 1321
734 1322
1002 1322
1250 1324
78 1325
382 1325
275 1326
310 1326
463 1326
78 1327
70 1328
78 1328
87 1328
412 1328
429 1328
517 1328
568 1328
761 1328
1158 1328
1226 1328
69 1329
73 1330
89 1330
103 1330
506 1330
542 1330
636 1330
913 1330
374 1331
470 1332
536 1332
601 1332
52 1333
698 1333
771 1333
1039 1333
1155 1333
1105 1334
429 1335
528 1335
994 1335
182 1336
951 1336
657 1338
713 1338
136 1339
115 1341
500 1343
949 1344
1118 1344
214 1345
221 1345
520 1345
743 1345
1134 1345
1230 1345
1257 1345
1002 1346
206 1347
1217 1348
60 1354
206 1356
387 1357
107 1358
962 1358
93 1359
416 1359
60 1360
78 1362
85 1363
777 1363
1086 1363
543 1364
374 1365
1227 1365
1302 1365
375 1367
911 1367
1164 1368
830 1370
1044 1370
618 1371
698 1372
838 1372
1203 1372
504 1373
5 1374
175 1374
708 1374
1328 1374
56 1375
163 1376
703 1376
741 1376
195 1377
911 1378
240 1379
419 1380
78 1381
405 1381
725 1382
9 1383
1028 1385
642 1386
1232 1386
1182 1387
374 1389
447 1390
782 1390
793 1391
760 1392
508 1393
641 1395
1281 1396
475 1397
543 1398
387 1399
1292 1400
1203 1402
117 1403
132 1403
277 1403
625 1403
849 1403
78 1405
475 1407
51 1408
708 1410
1250 1411
6 1412
903 1412
61 1414
443 1414
519 1414
1157 1414
254 1415
703 1418
1213 1419
2 1421
33 1421
90 1421
187 1421
465 1421
577 1421
621 1421
729 1421
874 1421
1063 1421
1203 1421
413 1422
16 1423
78 1423
176 1423
294 1423
504 1423
928 1423
1197 1424
206 1425
1217 1426
147 1428
76 1429
1012 1429
400 1431
305 1434
508 1434
1152 1434
280 1435
874 1435
483 1436
14 1437
581 1437
886 1437
959 1437
1044 1437
140 1438
463 1439
140 1440
661 1443
1083 1443
1279 1443
483 1444
555 1444
1213 1451
67 1452
854 1452
1298 1452
9 1453
1267 1454
136 1455
78 1456
80 1456
106 1456
135 1456
162 1456
440 1456
707 1456
863 1456
1043 1456
1400 1456
142 1457
648 1457
662 1457
716 1457
856 1457
1177 1457
1369 1457
1448 1457
1150 1460
206 1461
371 1461
993 1461
644 1462
132 1463
625 1463
475 1464
15 1465
956 1467
1086 1468
708 1470
273 1471
136 1472
641 1473
222 1474
1330 1474
1292 1475
275 1476
18 1477
108 1477
170 1477
184 1477
416 1477
463 1477
618 1477
843 1477
375 1479
868 1480
874 1480
470 1481
1250 1481
911 1483
773 1484
809 1484
194 1485
615 1485
39 1486
228 1487
547 1487
615 1487
962 1488
374 1490
703 1490
962 1491
1110 1492
1044 1493
455 1494
618 1494
1001 1494
1025 1494
1191 1494
1217 1494
1291 1494
1298 1494
1332 1494
1418 1494
1481 1494
465 1495
729 1495
868 1496
463 1497
39 1499
374 1501
9 1502
1081 1503
9 1505
216 1506
854 1507
830 1508
1028 1508
1044 1508
206 1509
350 1512
864 1514
1105 1515
51 1517
350 1518
1155 1518
459 1519
751 1519
1193 1519
11 1520
436 1521
191 1522
244 1522
256 1522
401 1522
710 1522
762 1522
1026 1522
1355 1522
1366 1522
1146 1523
891 1524
1028 1525
140 1526
15 1528
1226 1529
12 1530
662 1531
856 1531
1369 1531
1409 1531
1457 1532
233 1534
136 1535
1292 1537
1250 1539
60 1540
10 1541
176 1541
579 1542
1357 1543
794 1544
854 1544
989 1545
1158 1545
1265 1545
1306 1545
1541 1545
185 1546
181 1547
1391 1547
216 1548
78 1549
79 1549
105 1549
254 1549
274 1549
615 1549
696 1549
849 1549
1012 1549
1066 1549
1080 1549
1141 1549
1247 1549
1325 1549
1442 1549
1522 1549
78 1550
110 1550
254 1550
554 1550
988 1550
1043 1550
1197 1550
1522 1550
678 1551
519 1553
1302 1553
891 1554
259 1555
1318 1555
5 1556
19 1556
30 1556
31 1556
79 1556
149 1556
191 1556
225 1556
326 1556
338 1556
356 1556
377 1556
382 1556
392 1556
426 1556
665 1556
753 1556
781 1556
795 1556
869 1556
885 1556
1064 1556
1087 1556
1116 1556
1173 1556
1212 1556
1229 1556
1353 1556
1420 1556
1468 1556
1506 1556
1548 1556
1184 1557
221 1558
1345 1558
290 1559
1213 1563
854 1564
181 1565
1386 1566
280 1567
206 1568
1028 1569
110 1570
863 1570
1441 1571
7 1572
269 1572
723 1572
15 1573
885 1574
7 1576
470 1577
844 1577
692 1578
559 1579
51 1580
133 1581
249 1581
274 1581
698 1581
708 1581
838 1581
1039 1581
1203 1581
206 1583
1028 1584
78 1585
751 1586
226 1587
963 1587
1035 1587
1230 1587
1558 1587
304 1589
368 1589
66 1591
488 1591
553 1593
425 1594
1390 1594
400 1595
15 1596
1302 1598
1217 1600
5 1601
58 1601
191 1601
630 1601
750 1601
785 1601
851 1601
937 1601
1043 1601
1245 1601
1313 1601
1328 1601
233 1602
410 1602
414 1602
1118 1603
868 1604
1102 1604
1133 1604
1241 1604
11 1606
12 1606
161 1606
474 1606
485 1606
926 1606
1102 1606
1164 1606
1307 1606
1423 1606
543 1607
470 1608
1403 1608
332 1609
158 1610
355 1610
416 1610
463 1610
727 1610
794 1610
125 1611
519 1611
1494 1611
1100 1612
1319 1613
261 1614
618 1615
261 1616
843 1616
868 1616
136 1617
1001 1618
1332 1618
9 1619
1215 1619
1379 1619
1433 1619
47 1620
389 1620
396 1620
1413 1620
1550 1620
705 1621
9 1623
78 1623
206 1625
618 1628
1376 1628
143 1629
185 1629
241 1630
276 1630
1504 1630
1275 1631
66 1632
9 1633
854 1636
17 1637
594 1638
615 1638
906 1638
117 1639
1071 1639
1304 1639
18 1640
206 1640
1425 1640
156 1641
159 1642
140 1643
1556 1644
982 1646
1421 1646
1279 1647
1404 1647
159 1648
219 1649
56 1650
103 1650
273 1650
636 1650
1616 1650
78 1651
974 1652
977 1652
1165 1652
1523 1652
73 1653
874 1653
911 1653
1177 1653
121 1656
1292 1656
788 1657
106 1658
15 1659
962 1660
9 1661
117 1662
279 1662
375 1662
521 1663
745 1663
177 1664
299 1664
993 1664
185 1665
440 1666
185 1667
1275 1668
794 1669
8 1670
239 1670
300 1670
381 1670
468 1670
500 1670
556 1670
645 1670
651 1670
764 1670
866 1670
902 1670
952 1670
1038 1670
1110 1670
1181 1670
1337 1670
1536 1670
1597 1670
1629 1670
1665 1670
1667 1670
254 1671
1197 1671
1522 1671
194 1672
1333 1673
76 1674
304 1674
834 1674
1317 1674
168 1675
216 1676
1556 1676
159 1677
77 1678
186 1678
374 1678
681 1678
1592 1678
912 1679
921 1679
78 1680
17 1681
506 1681
287 1682
349 1682
950 1682
1038 1682
678 1683
1232 1683
1320 1683
100 1684
126 1684
316 1684
1314 1685
1456 1686
164 1687
400 1688
177 1689
233 1689
407 1689
455 1689
562 1689
731 1689
778 1689
1160 1689
1670 1690
789 1691
978 1691
1220 1691
1421 1691
1545 1691
163 1692
463 1692
618 1692
854 1692
1118 1692
1494 1692
15 1694
85 1695
287 1695
349 1695
651 1695
766 1695
1083 1696
1279 1696
813 1697
1001 1697
440 1698
924 1698
1638 1698
15 1699
66 1700
7 1702
87 1702
216 1702
253 1702
314 1702
349 1702
650 1702
689 1702
707 1702
759 1702
832 1702
1158 1702
1485 1702
1513 1702
1529 1702
1552 1702
1672 1702
181 1703
708 1704
159 1705
1677 1705
1203 1706
483 1708
794 1709
1606 1710
216 1711
1556 1711
375 1712
106 1715
133 1715
58 1716
79 1716
105 1716
175 1716
630 1716
750 1716
851 1716
988 1716
1245 1716
1489 1716
78 1717
254 1717
264 1717
554 1717
985 1717
1475 1717
1685 1717
127 1719
282 1720
1390 1720
1477 1720
1640 1720
482 1721
1169 1721
248 1722
760 1723
1357 1723
1702 1724
309 1725
519 1725
536 1725
1618 1725
142 1726
9 1729
205 1730
387 1730
7 1731
9 1731
54 1731
78 1731
343 1731
941 1731
982 1731
1545 1731
1227 1733
136 1734
681 1735
206 1736
543 1736
1213 1737
543 1738
877 1738
233 1739
260 1739
455 1739
553 1739
684 1739
778 1739
1140 1739
1167 1739
1175 1739
1191 1739
1344 1739
336 1740
1423 1740
195 1741
571 1741
1194 1741
78 1742
60 1743
104 1744
16 1745
568 1746
1174 1746
1328 1746
140 1747
9 1748
78 1748
85 1748
216 1748
429 1748
513 1748
1069 1748
1106 1748
1601 1748
1716 1748
618 1749
1670 1750
7 1752
22 1752
31 1752
87 1752
123 1752
210 1752
244 1752
248 1752
263 1752
316 1752
318 1752
332 1752
673 1752
715 1752
873 1752
887 1752
890 1752
1046 1752
1078 1752
1084 1752
1117 1752
1234 1752
1280 1752
1286 1752
1339 1752
1388 1752
1444 1752
1455 1752
1468 1752
1522 1752
1588 1752
1734 1752
1102 1753
1105 1753
767 1754
1285 1755
1562 1757
374 1758
553 1758
967 1758
1365 1758
1598 1758
1733 1758
773 1759
140 1760
159 1761
956 1762
95 1763
1080 1763
956 1764
455 1765
905 1765
310 1766
216 1768
1556 1770
655 1771
1115 1771
191 1772
256 1772
782 1773
799 1773
1029 1773
1650 1773
17 1775
144 1775
212 1775
223 1775
227 1775
403 1775
446 1775
492 1775
506 1775
600 1775
634 1775
681 1775
845 1775
858 1775
925 1775
949 1775
968 1775
1028 1775
1037 1775
1093 1775
1142 1775
1164 1775
1445 1775
1446 1775
1528 1775
1592 1775
1659 1775
1699 1775
1739 1775
68 1776
393 1776
544 1776
1054 1776
1172 1776
1173 1776
618 1777
1376 1777
511 1778
765 1778
836 1778
884 1778
688 1779
200 1781
202 1781
578 1781
1048 1781
146 1782
470 1782
1494 1782
1758 1782
1227 1783
1758 1783
463 1784
618 1784
1775 1785
280 1786
463 1786
1776 1787
124 1788
951 1788
8 1789
43 1790
870 1791
93 1792
506 1794
806 1795
289 1796
216 1798
1556 1798
1752 1799
127 1800
703 1801
773 1801
802 1801
1301 1801
1035 1802
1345 1802
96 1803
136 1803
450 1803
651 1803
732 1803
766 1803
811 1803
1103 1803
1361 1803
1421 1803
1619 1803
1774 1803
194 1804
66 1805
620 1805
1306 1805
6 1806
120 1807
413 1808
306 1810
533 1810
139 1811
170 1811
562 1811
647 1811
773 1811
1349 1811
9 1812
296 1812
429 1812
497 1812
1586 1812
78 1813
87 1813
707 1813
1504 1813
1758 1814
1213 1815
1406 1816
1386 1817
641 1818
304 1820
368 1820
1317 1820
136 1821
6 1822
78 1822
97 1822
104 1822
119 1822
136 1822
156 1822
183 1822
206 1822
208 1822
216 1822
234 1822
237 1822
246 1822
258 1822
303 1822
331 1822
379 1822
384 1822
422 1822
428 1822
459 1822
481 1822
531 1822
574 1822
616 1822
618 1822
643 1822
666 1822
699 1822
702 1822
739 1822
751 1822
824 1822
825 1822
933 1822
944 1822
954 1822
999 1822
1057 1822
1063 1822
1094 1822
1098 1822
1129 1822
1156 1822
1186 1822
1315 1822
1319 1822
1383 1822
1447 1822
1502 1822
1505 1822
1510 1822
1571 1822
1590 1822
1599 1822
1605 1822
1613 1822
1619 1822
1633 1822
1634 1822
1714 1822
1731 1822
1752 1822
1769 1822
1812 1822
1813 1822
975 1823
1002 1823
383 1824
76 1825
316 1825
956 1826
16 1827
399 1828
1366 1828
1671 1828
9 1829
956 1830
387 1831
355 1832
466 1832
773 1832
809 1832
1296 1832
1766 1832
1587 1833
185 1835
6 1836
1812 1836
390 1837
1822 1838
206 1839
617 1839
799 1839
854 1839
1679 1840
553 1841
1577 1841
532 1842
813 1842
250 1843
280 1843
5 1844
31 1844
75 1844
81 1844
165 1844
427 1844
582 1844
630 1844
869 1844
937 1844
1313 1844
1328 1844
1529 1844
1550 1844
1748 1844
1813 1844
66 1845
478 1847
557 1847
1028 1847
1100 1847
1102 1847
1164 1847
962 1849
455 1850
678 1851
15 1852
1764 1853
983 1854
1285 1854
79 1855
349 1855
722 1855
750 1855
869 1855
1043 1855
1748 1855
1685 1856
773 1857
809 1857
31 1859
79 1859
165 1859
191 1859
427 1859
549 1859
630 1859
750 1859
851 1859
937 1859
988 1859
1043 1859
1489 1859
1685 1859
374 1860
894 1861
14 1862
17 1862
61 1862
868 1862
1133 1862
1194 1862
1241 1862
1414 1862
1292 1864
1609 1864
1656 1864
78 1865
982 1865
1752 1866
533 1868
1803 1869
118 1870
289 1870
1203 1870
1006 1871
1105 1871
543 1872
1198 1872
1233 1872
1775 1872
1847 1872
99 1873
251 1873
874 1873
156 1874
1449 1874
1771 1874
216 1875
1556 1875
241 1876
276 1876
819 1876
1752 1877
78 1878
386 1878
573 1878
633 1878
793 1878
814 1878
1336 1878
1367 1878
1391 1878
1479 1878
1622 1878
1834 1878
568 1879
168 1880
1105 1881
78 1882
456 1883
1702 1884
840 1885
159 1886
11 1887
127 1887
1554 1887
496 1888
585 1888
9 1889
579 1890
1522 1891
1828 1891
1822 1892
136 1894
76 1895
166 1896
319 1896
398 1896
537 1896
561 1896
992 1896
1246 1896
1299 1896
1386 1896
1653 1896
1851 1896
306 1897
703 1897
1250 1897
1494 1897
29 1898
194 1898
389 1898
396 1898
769 1898
1413 1898
1456 1898
1702 1898
1715 1898
120 1900
714 1900
613 1902
951 1902
802 1903
1118 1903
1689 1903
681 1904
703 1904
1227 1904
259 1905
701 1905
518 1906
742 1906
203 1907
76 1908
579 1908
798 1908
398 1909
678 1909
1330 1909
1822 1910
200 1911
447 1911
1010 1911
1048 1911
1593 1911
1602 1911
285 1912
296 1912
1066 1912
389 1913
717 1913
876 1913
1556 1913
219 1914
69 1916
191 1916
194 1916
242 1916
881 1916
1456 1916
1781 1917
1911 1917
140 1918
192 1918
214 1918
245 1918
565 1918
784 1918
963 1918
1134 1918
1199 1918
1230 1918
1345 1918
1558 1918
1560 1918
1833 1918
1594 1921
104 1922
641 1923
1822 1924
159 1925
392 1926
1556 1926
1001 1927
794 1928
1314 1929
1717 1929
1751 1929
1856 1929
62 1930
641 1930
350 1931
868 1932
103 1933
506 1933
636 1933
1283 1933
15 1934
16 1935
281 1936
692 1936
1194 1936
374 1939
447 1939
1602 1939
1917 1939
788 1940
140 1941
231 1943
1606 1944
1575 1945
374 1946
1822 1947
1670 1948
687 1949
799 1949
993 1949
1418 1949
470 1950
1118 1950
1608 1950
483 1951
812 1951
1302 1952
1758 1952
519 1953
601 1953
725 1953
984 1953
1211 1953
794 1954
126 1956
136 1956
982 1956
1421 1956
506 1957
185 1958
80 1959
110 1959
863 1959
1556 1959
1822 1959
1844 1959
1859 1959
12 1960
350 1961
1674 1963
206 1965
1028 1965
1606 1966
1918 1967
708 1968
868 1969
90 1970
440 1970
441 1970
757 1970
849 1970
1238 1970
1328 1970
1545 1970
109 1971
1822 1971
323 1972
746 1972
1086 1972
1007 1973
185 1974
216 1974
737 1974
1549 1974
1748 1974
1752 1974
195 1975
868 1975
618 1976
1401 1977
1822 1977
177 1979
371 1979
375 1979
277 1980
1907 1980
641 1981
206 1982
1357 1983
1635 1983
61 1984
482 1984
613 1984
639 1984
463 1985
1039 1986
1203 1986
39 1987
1572 1990
5 1991
31 1991
75 1991
191 1991
316 1991
349 1991
696 1991
707 1991
722 1991
1043 1991
1174 1991
1242 1991
1310 1991
1498 1991
1550 1991
1844 1992
139 1994
773 1994
1301 1994
682 1995
1701 1995
556 1996
559 1996
1279 1996
1184 1997
62 1998
1055 1998
483 1999
69 2000
1119 2000
1222 2000
1330 2001
1650 2001
737 2002
1363 2002
1556 2002
1682 2002
1748 2002
169 2003
320 2003
875 2004
1602 2004
1531 2005
78 2006
849 2006
1423 2006
374 2007
256 2008
1537 2008
159 2009
1561 2009
9 2010
78 2010
109 2011
1776 2011
73 2012
78 2012
108 2012
184 2012
409 2012
444 2012
655 2012
703 2012
711 2012
1697 2012
1741 2012
1936 2012
1980 2012
225 2013
62 2014
172 2014
337 2014
437 2014
541 2014
660 2014
1406 2014
1520 2014
1606 2014
1847 2014
618 2015
416 2016
605 2016
727 2016
979 2016
1268 2016
1841 2016
230 2018
1169 2018
1984 2018
17 2019
1001 2019
375 2020
872 2021
1572 2021
159 2022
960 2022
95 2023
1080 2023
87 2026
640 2026
1423 2026
1541 2026
168 2027
206 2028
1848 2028
140 2029
1017 2029
1664 2030
568 2031
60 2032
962 2033
1028 2034
254 2035
289 2036
788 2037
195 2038
1158 2040
1423 2040
1970 2040
500 2041
777 2041
1775 2044
1213 2045
371 2046
494 2046
617 2046
772 2046
109 2048
868 2051
301 2052
690 2052
714 2052
977 2052
1293 2052
1867 2052
73 2053
409 2053
444 2053
805 2053
1697 2053
1606 2054
374 2055
429 2056
457 2056
672 2056
708 2056
1038 2056
1262 2056
1752 2056
1562 2057
140 2058
750 2060
387 2061
117 2062
1776 2063
168 2064
1878 2065
87 2066
623 2067
657 2067
694 2067
791 2067
842 2067
1000 2067
1092 2067
1284 2067
1861 2067
203 2069
277 2069
2012 2069
353 2070
423 2070
638 2070
1885 2070
2064 2070
1775 2071
134 2072
553 2072
1781 2072
2004 2072
9 2073
562 2075
598 2075
1766 2075
1994 2075
306 2077
703 2077
641 2078
159 2079
1601 2080
1716 2080
553 2081
1015 2081
1598 2081
661 2083
1914 2083
78 2084
1423 2084
151 2085
1893 2085
1752 2086
206 2088
278 2088
297 2088
320 2088
453 2088
625 2088
860 2088
897 2088
940 2088
1169 2088
1241 2088
1540 2088
1753 2088
1762 2088
1871 2088
1878 2088
340 2089
68 2090
69 2090
143 2090
196 2090
564 2090
708 2090
1038 2090
1822 2093
349 2094
390 2094
1545 2094
1587 2095
240 2096
464 2096
499 2096
543 2096
1321 2096
60 2097
956 2097
1006 2097
1081 2098
1379 2098
767 2099
1679 2099
1767 2099
1918 2100
1301 2101
1376 2101
1811 2101
80 2102
254 2102
604 2102
863 2102
1844 2102
1859 2102
53 2103
133 2103
229 2103
247 2103
338 2103
630 2103
643 2103
748 2103
806 2103
896 2103
1171 2103
1222 2103
1258 2103
1374 2103
1470 2103
1529 2103
1704 2103
1968 2103
2056 2103
389 2104
411 2104
518 2104
590 2104
882 2104
1178 2104
1674 2104
1895 2104
2087 2104
8 2105
466 2106
809 2106
1296 2106
1801 2106
1502 2107
5 2108
133 2108
157 2108
252 2108
265 2108
428 2108
910 2108
1259 2108
1269 2108
1274 2108
1572 2108
1576 2108
1702 2108
1731 2108
1752 2108
2104 2108
250 2109
136 2110
1670 2111
8 2112
171 2113
1214 2114
168 2115
1937 2115
1765 2116
1915 2116
110 2117
254 2117
1197 2117
1844 2117
1855 2117
56 2118
325 2118
1002 2119
1779 2119
8 2120
299 2121
1664 2121
618 2122
1822 2123
1838 2123
185 2124
930 2124
1670 2124
1050 2125
39 2126
1556 2127
661 2128
1996 2128
794 2129
216 2130
1556 2130
1314 2131
1859 2131
1333 2133
1581 2133
1986 2133
1519 2134
773 2135
475 2136
1464 2136
1494 2137
1577 2137
1146 2138
248 2139
216 2140
1556 2140
788 2141
164 2142
630 2143
1226 2143
1601 2143
1844 2143
2103 2143
750 2144
127 2146
745 2146
707 2147
1991 2147
216 2148
1556 2148
1252 2149
403 2150
132 2151
195 2151
425 2151
849 2151
1608 2151
2012 2151
2053 2151
868 2152
1153 2152
1832 2153
15 2154
164 2155
1213 2156
1330 2157
1635 2158
794 2159
206 2160
1640 2160
1720 2160
682 2161
758 2161
1002 2162
1187 2163
1748 2163
486 2164
1843 2164
2109 2164
1822 2165
1918 2166
9 2167
109 2167
216 2167
1033 2167
1556 2167
2131 2168
1217 2169
1953 2169
483 2170
261 2171
1101 2171
1978 2171
742 2172
1684 2172
1581 2173
1256 2175
350 2177
500 2177
22 2178
79 2178
210 2178
248 2178
274 2178
318 2178
441 2178
483 2178
673 2178
873 2178
887 2178
948 2178
1012 2178
1031 2178
1062 2178
1158 2178
1168 2178
1174 2178
1176 2178
1234 2178
1294 2178
1338 2178
1339 2178
1455 2178
1522 2178
1734 2178
1740 2178
1799 2178
1970 2178
1995 2178
543 2179
374 2180
79 2181
593 2181
1522 2181
8 2182
1789 2182
100 2183
1674 2183
1820 2183
1918 2184
1731 2185
236 2186
646 2186
1437 2186
279 2188
78 2190
86 2191
830 2191
1028 2191
1100 2191
1862 2191
374 2192
641 2193
1434 2194
736 2195
1392 2195
1723 2195
1748 2195
15 2196
158 2197
170 2197
1006 2197
2088 2197
60 2198
1006 2198
1752 2199
1878 2201
1149 2202
98 2203
2145 2203
216 2204
114 2205
195 2205
813 2205
17 2206
1001 2206
1042 2206
1214 2207
66 2208
60 2209
1006 2209
1105 2209
1775 2210
2150 2210
413 2211
78 2212
517 2212
1187 2212
1226 2212
1601 2212
2063 2212
2195 2212
50 2213
99 2214
337 2214
830 2214
1157 2214
1164 2214
1435 2214
1653 2214
1872 2214
2108 2214
483 2215
78 2216
158 2216
355 2216
794 2216
613 2217
951 2217
69 2219
74 2220
289 2220
2103 2221
1822 2222
962 2223
1854 2224
2115 2225
78 2226
261 2226
2178 2226
543 2227
1556 2228
1545 2229
1805 2229
2046 2230
168 2231
840 2231
1055 2231
2070 2231
1249 2232
799 2233
843 2233
1029 2233
1650 2233
424 2234
799 2234
1917 2234
854 2235
51 2236
1213 2237
1674 2237
1012 2238
114 2239
707 2239
878 2239
1541 2239
1844 2239
1859 2239
1775 2240
170 2241
618 2241
849 2241
868 2241
1304 2241
1753 2241
17 2242
1775 2243
99 2244
206 2244
238 2244
346 2244
430 2244
787 2244
1006 2244
1105 2244
1118 2244
1138 2244
1858 2244
1873 2244
2003 2244
2088 2244
9 2245
1822 2245
231 2246
813 2247
1001 2248
1752 2249
133 2250
1682 2250
2108 2250
484 2251
1124 2252
1345 2253
216 2254
2 2255
4 2255
6 2255
34 2255
40 2255
78 2255
102 2255
105 2255
116 2255
136 2255
145 2255
156 2255
206 2255
216 2255
234 2255
237 2255
258 2255
264 2255
303 2255
339 2255
372 2255
418 2255
435 2255
499 2255
543 2255
614 2255
643 2255
699 2255
739 2255
779 2255
864 2255
933 2255
1127 2255
1224 2255
1502 2255
1545 2255
1590 2255
1605 2255
1613 2255
1623 2255
1627 2255
1797 2255
1812 2255
1829 2255
2167 2255
18 2256
275 2256
782 2256
1594 2256
1720 2256
216 2257
419 2257
350 2258
78 2259
506 2260
777 2261
618 2262
413 2263
168 2264
129 2265
539 2265
556 2265
645 2265
651 2265
738 2265
808 2265
866 2265
888 2265
996 2265
1038 2265
1056 2265
1132 2265
1450 2265
1546 2265
1629 2265
1667 2265
1707 2265
1750 2265
1958 2265
1974 2265
2108 2265
2124 2265
266 2266
1822 2267
306 2269
206 2270
266 2270
1249 2271
403 2272
2150 2272
2210 2272
2190 2273
78 2274
641 2275
1803 2276
9 2277
1769 2277
472 2278
615 2279
1844 2279
1822 2280
2255 2280
185 2282
206 2283
78 2284
1581 2286
120 2287
2052 2288
340 2289
813 2290
1217 2290
2 2291
274 2291
872 2291
836 2292
884 2292
1778 2292
2098 2292
106 2293
1658 2293
1731 2294
1731 2295
707 2296
1872 2297
868 2298
1133 2298
15 2299
160 2299
195 2299
233 2299
404 2299
874 2299
2191 2299
140 2300
2089 2300
1301 2301
2101 2301
962 2302
280 2303
472 2304
356 2305
78 2306
68 2308
143 2308
672 2308
1262 2308
1581 2308
1752 2308
2056 2308
2103 2308
1285 2309
1803 2310
179 2311
355 2311
409 2311
703 2311
773 2311
940 2311
1085 2313
136 2314
50 2315
657 2315
2097 2316
194 2317
206 2318
290 2318
462 2318
466 2318
562 2318
794 2318
854 2318
1326 2318
1376 2318
15 2319
233 2319
462 2319
553 2319
684 2319
1140 2319
1344 2319
1376 2320
2311 2320
1285 2321
543 2322
1466 2322
587 2323
110 2324
1197 2324
1556 2324
1859 2324
78 2326
1217 2327
374 2328
615 2329
1556 2329
139 2330
773 2330
809 2330
1766 2330
1801 2330
1994 2330
962 2331
60 2333
862 2334
50 2335
2315 2335
260 2336
1017 2336
5 2337
10 2337
78 2337
915 2337
945 2337
1023 2337
1179 2337
1716 2337
1859 2337
1991 2337
398 2338
1191 2338
1273 2338
1344 2338
1457 2338
2116 2338
56 2339
141 2339
177 2339
470 2339
558 2339
625 2339
1001 2339
1160 2339
1285 2339
1782 2339
506 2342
15 2343
74 2344
9 2345
2255 2345
956 2346
1918 2347
678 2348
1574 2349
7 2350
368 2350
490 2350
728 2350
826 2350
1342 2350
1626 2350
1670 2350
1684 2350
2312 2350
2325 2350
225 2351
51 2352
1679 2353
519 2354
725 2354
1211 2354
368 2355
742 2355
1684 2355
168 2356
467 2357
1444 2357
1527 2357
1042 2358
104 2359
1822 2360
2255 2360
1 2361
1333 2361
1719 2362
2146 2362
1249 2364
371 2367
2004 2367
185 2368
148 2369
338 2369
691 2369
837 2369
1003 2369
1131 2369
1988 2369
2076 2369
2220 2369
905 2370
1191 2370
78 2371
344 2371
386 2371
438 2371
510 2371
573 2371
814 2371
1336 2371
1352 2371
1391 2371
1664 2371
1712 2371
1834 2371
1955 2371
2017 2371
2059 2371
2065 2371
2088 2371
1423 2372
1970 2372
2040 2372
140 2373
1184 2373
310 2374
2075 2374
168 2377
2264 2377
78 2378
93 2379
202 2379
78 2380
1273 2381
2088 2383
47 2384
1423 2384
306 2385
414 2385
605 2385
1227 2385
1250 2385
543 2386
8 2387
126 2387
579 2387
1906 2387
9 2388
349 2388
469 2388
622 2388
941 2388
1693 2388
199 2389
233 2389
404 2389
442 2389
543 2389
874 2389
901 2389
1493 2389
1508 2389
1964 2389
2191 2389
1822 2390
708 2391
1119 2391
2171 2393
1252 2394
1775 2394
13 2395
56 2395
854 2395
13 2396
56 2396
854 2396
1474 2396
194 2397
185 2398
2265 2399
1457 2401
2116 2401
952 2402
1670 2402
2255 2403
1959 2404
2324 2404
185 2405
292 2405
391 2405
417 2405
480 2405
501 2405
538 2405
686 2405
1058 2405
1146 2405
1225 2405
1303 2405
1340 2405
1486 2405
1846 2405
2074 2405
2126 2405
2265 2405
888 2407
17 2408
506 2408
5 2409
157 2409
194 2409
316 2409
672 2409
751 2409
1069 2409
1155 2409
1174 2409
1259 2409
1556 2409
1572 2409
1670 2409
1702 2409
1780 2409
1822 2409
2067 2409
2076 2409
2214 2409
2265 2409
1275 2410
1118 2411
1494 2411
1562 2412
1577 2412
1781 2412
1911 2412
289 2413
924 2413
273 2414
1556 2415
1822 2416
2255 2416
146 2417
200 2417
519 2417
2339 2417
798 2419
1906 2419
2313 2419
1822 2420
78 2421
615 2421
1717 2421
9 2422
1822 2422
2255 2422
39 2423
233 2424
2131 2425
231 2426
1102 2427
1873 2427
2 2428
5 2428
274 2428
1028 2430
6 2431
79 2431
105 2431
136 2431
145 2431
183 2431
339 2431
352 2431
372 2431
373 2431
379 2431
418 2431
435 2431
454 2431
499 2431
543 2431
666 2431
699 2431
739 2431
810 2431
815 2431
864 2431
944 2431
1057 2431
1239 2431
1383 2431
1453 2431
1502 2431
1623 2431
1729 2431
1748 2431
1769 2431
1889 2431
1971 2431
2010 2431
2039 2431
2068 2431
2092 2431
2167 2431
2345 2431
2375 2431
2392 2431
2422 2431
1752 2432
285 2433
484 2433
1066 2433
1519 2433
1972 2433
301 2434
2052 2434
518 2435
742 2435
2387 2435
2419 2435
1531 2436
1575 2436
87 2437
79 2438
87 2438
174 2438
248 2438
274 2438
441 2438
483 2438
820 2438
873 2438
887 2438
948 2438
1031 2438
1062 2438
1078 2438
1174 2438
1189 2438
1234 2438
1294 2438
1338 2438
1444 2438
1468 2438
1522 2438
1535 2438
1588 2438
1734 2438
1740 2438
1752 2438
1799 2438
1822 2438
1970 2438
2108 2438
2409 2438
788 2439
1822 2440
1752 2441
279 2442
608 2442
1639 2442
2188 2442
1752 2443
788 2444
1333 2445
1581 2445
30 2446
75 2446
316 2446
382 2446
722 2446
1242 2446
1498 2446
1813 2446
2147 2446
1702 2448
194 2449
547 2449
1702 2449
74 2452
2369 2452
1775 2453
1918 2454
1105 2455
1298 2456
1911 2456
375 2457
1071 2457
93 2458
306 2458
727 2458
1250 2458
400 2460
374 2461
1679 2462
1776 2463
1813 2463
636 2464
1283 2464
2132 2464
2255 2465
788 2466
74 2467
185 2469
1667 2469
521 2470
506 2472
1283 2472
2132 2472
274 2473
2056 2473
2090 2473
868 2474
1044 2475
455 2476
1144 2477
735 2478
956 2478
171 2480
503 2480
2299 2482
2389 2482
172 2483
337 2483
437 2483
477 2483
625 2483
641 2483
1406 2483
1606 2483
1816 2483
2042 2483
1775 2484
2405 2485
51 2486
231 2487
506 2488
830 2489
1203 2490
1267 2490
2369 2490
177 2491
397 2491
687 2491
692 2491
1781 2491
1939 2491
2025 2491
2417 2491
146 2492
1118 2492
2014 2492
2088 2492
2241 2492
2339 2492
2483 2492
555 2493
188 2495
462 2495
527 2495
1115 2495
617 2496
1562 2496
1781 2496
949 2497
1250 2497
1213 2498
56 2499
854 2499
147 2500
2371 2501
1674 2502
1963 2502
136 2503
2438 2503
163 2504
188 2504
527 2504
1077 2504
1115 2504
1449 2504
244 2505
256 2505
401 2505
615 2505
1415 2505
1538 2505
1549 2505
2035 2505
2117 2505
2400 2505
870 2506
1803 2506
1194 2507
1474 2507
413 2508
203 2509
277 2509
1980 2509
5 2510
2299 2511
2389 2511
382 2512
722 2512
851 2512
1242 2512
1813 2512
2409 2512
440 2513
2413 2513
21 2515
48 2515
209 2515
278 2515
320 2515
410 2515
453 2515
868 2515
897 2515
1133 2515
1136 2515
1218 2515
1263 2515
1354 2515
1469 2515
2050 2515
2197 2515
2477 2515
30 2516
382 2516
1247 2516
1421 2516
60 2517
1019 2517
1157 2517
1480 2517
1604 2517
1862 2517
136 2519
1069 2519
1226 2519
1601 2519
1716 2519
1991 2519
274 2520
620 2521
652 2521
1306 2521
2229 2521
471 2522
2053 2522
2 2523
90 2523
114 2523
415 2523
577 2523
1155 2523
1203 2523
1691 2523
1803 2523
1855 2523
1906 2523
1991 2523
2214 2523
2313 2523
2512 2523
1386 2524
1065 2525
1118 2525
1213 2526
2237 2526
273 2527
1471 2527
2414 2527
2405 2528
870 2529
1803 2529
661 2530
1083 2530
1996 2530
16 2531
1606 2531
306 2532
1010 2532
1227 2532
1250 2532
1602 2532
1758 2532
483 2534
1575 2535
1762 2536
2088 2536
477 2537
2431 2538
1670 2539
2255 2541
206 2542
375 2542
951 2542
1779 2543
760 2544
1399 2544
1730 2544
1831 2544
127 2545
8 2546
2350 2546
1670 2547
1123 2548
61 2549
112 2549
232 2549
1105 2549
1157 2549
1480 2549
1918 2550
1824 2551
15 2552
1775 2552
219 2553
868 2554
994 2555
1556 2555
2178 2555
2438 2555
115 2557
1918 2558
1545 2559
1556 2560
519 2561
1822 2562
661 2563
1375 2564
678 2565
1896 2565
8 2566
66 2566
104 2566
167 2566
194 2566
201 2566
465 2566
624 2566
1203 2566
1695 2566
1702 2566
1855 2566
2094 2566
2350 2566
1822 2567
1422 2568
1808 2568
2388 2568
956 2569
2088 2569
7 2570
2505 2572
1213 2573
2431 2574
337 2575
613 2575
78 2576
194 2576
248 2576
294 2576
322 2576
504 2576
1541 2576
2040 2576
289 2577
1267 2577
12 2578
877 2579
2518 2579
68 2580
564 2580
961 2580
1752 2580
2291 2580
2473 2580
2431 2581
2405 2582
374 2583
436 2583
796 2583
9 2584
1822 2584
2301 2585
2505 2588
289 2589
12 2590
1028 2590
27 2591
36 2591
73 2591
140 2591
172 2591
217 2591
369 2591
541 2591
561 2591
697 2591
706 2591
726 2591
775 2591
799 2591
816 2591
821 2591
827 2591
831 2591
1004 2591
1180 2591
1246 2591
1305 2591
1408 2591
1427 2591
1526 2591
1580 2591
1624 2591
1909 2591
1984 2591
2236 2591
2352 2591
2363 2591
2447 2591
2471 2591
2431 2592
1118 2593
1822 2594
2255 2594
2431 2594
2265 2595
739 2596
104 2597
773 2598
2405 2599
648 2601
856 2601
916 2601
1121 2601
1162 2601
1428 2601
2116 2601
2500 2601
280 2602
1873 2602
248 2603
39 2605
2405 2605
9 2606
1902 2607
436 2608
1752 2609
135 2610
9 2611
2255 2611
2431 2611
508 2612
1017 2612
1044 2612
1437 2612
104 2613
2371 2614
185 2615
1132 2615
1670 2615
159 2616
1139 2617
206 2618
1822 2619
140 2620
194 2621
994 2622
1300 2623
1396 2623
1645 2624
1781 2624
1516 2625
6 2627
746 2627
751 2627
357 2628
1285 2629
225 2630
77 2631
186 2631
374 2631
681 2631
1592 2631
1678 2631
1739 2631
2319 2631
164 2632
269 2632
723 2632
2021 2632
2108 2632
2409 2632
74 2633
490 2633
823 2633
1308 2633
2325 2633
2341 2633
2369 2633
2387 2633
2546 2633
2566 2633
2255 2635
3 2636
69 2636
1226 2636
2103 2636
310 2637
819 2638
1630 2638
1876 2638
465 2639
798 2639
1214 2639
1249 2639
1906 2639
2313 2639
2451 2639
1779 2640
1638 2641
506 2642
543 2643
78 2644
184 2645
374 2645
447 2645
1452 2645
2004 2645
2025 2645
579 2646
297 2647
1006 2647
2088 2647
206 2648
290 2648
425 2648
562 2648
1497 2648
302 2649
1306 2649
2229 2649
139 2650
496 2650
585 2650
1301 2650
2101 2650
2153 2650
117 2651
195 2651
625 2651
2053 2651
703 2652
625 2654
849 2654
1304 2654
387 2655
736 2655
1123 2655
543 2656
2217 2657
66 2658
9 2659
1822 2659
2171 2661
289 2662
1002 2663
1396 2663
1028 2664
788 2665
707 2666
1549 2666
1716 2666
383 2667
506 2667
5 2668
989 2668
1265 2668
1541 2668
2 2669
1203 2669
1511 2669
1670 2669
1803 2669
2308 2669
470 2671
519 2671
1010 2671
1302 2671
2081 2671
2113 2671
2174 2671
2480 2671
773 2672
156 2673
168 2674
1213 2675
1323 2675
1475 2676
467 2677
483 2677
2357 2677
1214 2678
60 2679
455 2680
9 2682
22 2682
87 2682
114 2682
174 2682
225 2682
244 2682
248 2682
264 2682
316 2682
318 2682
348 2682
465 2682
483 2682
673 2682
675 2682
715 2682
820 2682
849 2682
870 2682
890 2682
892 2682
948 2682
988 2682
1000 2682
1031 2682
1062 2682
1078 2682
1168 2682
1174 2682
1234 2682
1286 2682
1294 2682
1455 2682
1472 2682
1522 2682
1734 2682
1803 2682
1821 2682
1894 2682
1974 2682
2047 2682
2110 2682
2255 2682
2431 2682
9 2683
93 2684
184 2684
463 2684
1745 2685
1752 2686
14 2687
37 2687
1368 2687
1606 2687
1612 2687
1964 2687
2365 2687
2578 2687
1386 2688
1822 2689
104 2690
241 2691
1630 2691
1748 2691
1813 2691
1803 2692
375 2693
719 2693
168 2694
164 2695
269 2695
2634 2695
999 2696
1822 2696
159 2697
424 2698
843 2698
1917 2698
190 2699
219 2699
2553 2699
206 2700
231 2702
1250 2703
310 2704
1811 2704
2106 2704
2301 2704
355 2705
462 2705
773 2705
809 2705
1296 2705
2153 2705
529 2706
289 2707
1601 2708
1702 2708
1844 2708
689 2709
1702 2709
177 2710
233 2710
410 2710
455 2710
462 2710
562 2710
731 2710
1140 2710
1160 2710
1191 2710
1344 2710
1903 2710
10 2711
7 2712
2409 2712
1556 2713
1601 2713
1716 2713
1556 2714
206 2715
835 2715
1213 2716
2675 2716
483 2719
2215 2719
1748 2720
2163 2720
306 2722
1822 2723
2562 2723
1752 2724
2178 2724
2682 2724
1285 2725
9 2726
1822 2726
86 2727
108 2727
140 2727
409 2727
471 2727
477 2727
1055 2727
1276 2727
1606 2727
1753 2727
1873 2727
1883 2727
2427 2727
2474 2727
2522 2727
1587 2728
1035 2729
1345 2729
483 2730
506 2731
1822 2732
93 2733
151 2733
184 2733
1461 2733
1664 2733
107 2734
543 2735
1537 2736
1717 2736
81 2737
105 2737
274 2737
554 2737
615 2737
696 2737
869 2737
937 2737
1141 2737
2090 2737
2421 2737
2505 2737
2682 2737
78 2738
568 2738
1069 2738
1374 2738
2063 2738
2255 2738
2463 2738
2691 2738
191 2739
197 2740
1458 2740
1522 2740
1656 2740
1864 2740
2736 2740
817 2741
1336 2741
1285 2742
555 2743
299 2744
2458 2744
74 2745
118 2745
1457 2747
2116 2747
1217 2748
2477 2749
2591 2750
1247 2751
1549 2751
2431 2752
419 2753
1158 2753
1570 2753
1717 2753
1970 2753
2682 2753
2551 2754
956 2755
1519 2756
156 2758
655 2758
2012 2758
1457 2759
2401 2759
956 2760
1437 2761
1872 2761
2299 2761
79 2764
593 2764
1522 2764
136 2765
1752 2765
51 2766
678 2766
1896 2766
2591 2766
1494 2767
1602 2767
2412 2767
2496 2767
374 2768
2405 2769
78 2770
1585 2770
519 2772
931 2773
2116 2773
1685 2774
1146 2775
168 2776
434 2777
932 2778
1121 2778
1282 2778
746 2779
2682 2780
1105 2781
2515 2781
197 2782
1292 2782
1458 2782
1864 2782
543 2784
1457 2785
78 2787
868 2788
1414 2788
107 2789
2734 2789
15 2790
2335 2791
2517 2792
788 2793
1913 2793
2762 2793
1730 2794
76 2795
7 2796
140 2797
1656 2798
2740 2798
1689 2799
177 2800
233 2800
562 2800
731 2800
778 2800
1160 2800
1175 2800
1191 2800
1689 2800
1903 2800
2799 2800
216 2801
1001 2802
185 2803
470 2804
956 2804
1105 2804
2014 2804
2088 2804
2241 2804
2483 2804
2265 2805
2052 2806
1081 2807
58 2808
165 2808
869 2808
937 2808
988 2808
1043 2808
1245 2808
1989 2808
2080 2808
2239 2808
2279 2808
2713 2808
256 2809
920 2809
2116 2810
184 2811
712 2811
773 2811
1628 2811
2320 2811
115 2812
7 2813
168 2814
2070 2814
6 2815
164 2815
296 2815
429 2815
459 2815
629 2815
1086 2815
1912 2815
1752 2816
1028 2817
2687 2817
799 2818
843 2818
868 2818
1650 2818
1933 2818
2464 2818
164 2819
269 2819
69 2821
1822 2821
1876 2822
1018 2823
2431 2823
1915 2824
2116 2824
1409 2825
2797 2826
1620 2827
2252 2827
78 2829
1716 2829
870 2830
1803 2830
2178 2831
2438 2831
10 2832
794 2833
396 2834
411 2834
590 2834
1549 2834
2238 2834
849 2835
1152 2836
219 2838
375 2839
703 2840
447 2841
782 2841
4 2842
34 2842
40 2842
78 2842
79 2842
105 2842
136 2842
191 2842
206 2842
216 2842
234 2842
237 2842
372 2842
418 2842
543 2842
574 2842
614 2842
619 2842
699 2842
739 2842
815 2842
825 2842
864 2842
1049 2842
1063 2842
1094 2842
1120 2842
1174 2842
1186 2842
1502 2842
1571 2842
1623 2842
1633 2842
1822 2842
1962 2842
2010 2842
2039 2842
2092 2842
2245 2842
2255 2842
2280 2842
2345 2842
2360 2842
2376 2842
2403 2842
2416 2842
2465 2842
2586 2842
2594 2842
2604 2842
2611 2842
2635 2842
2653 2842
2738 2842
2753 2842
2828 2842
2626 2843
290 2844
519 2845
1217 2847
652 2848
2388 2848
305 2849
1050 2849
962 2850
734 2852
1002 2852
1779 2852
522 2853
585 2853
1301 2853
1476 2853
1993 2853
1994 2853
2301 2853
277 2854
2012 2854
707 2855
136 2856
74 2857
2369 2857
465 2859
716 2860
1457 2860
1775 2861
739 2862
1822 2862
2245 2862
2255 2862
2431 2862
2596 2862
2842 2862
1054 2863
51 2864
911 2864
2727 2864
146 2865
519 2865
1118 2865
465 2866
1149 2866
100 2867
1963 2867
1105 2868
2515 2868
374 2869
1345 2870
1918 2871
374 2872
366 2873
470 2873
1105 2873
2088 2873
2241 2873
2339 2873
2727 2873
1273 2874
2381 2874
164 2875
7 2876
160 2877
233 2877
581 2877
874 2877
1370 2877
1984 2877
2191 2877
2214 2877
2489 2877
2511 2877
1545 2878
854 2879
618 2880
140 2881
15 2882
2052 2883
813 2884
1267 2885
2369 2885
12 2886
1872 2886
265 2887
872 2887
982 2887
1511 2887
2632 2887
1822 2888
71 2889
308 2889
216 2890
1556 2890
1285 2891
455 2893
1191 2893
2369 2894
214 2895
1345 2895
172 2896
437 2896
625 2896
641 2896
679 2896
1520 2896
1847 2896
1873 2896
1887 2896
2721 2896
1775 2897
140 2898
1917 2899
2456 2899
2858 2899
39 2900
2405 2900
261 2901
775 2902
2591 2902
8 2903
191 2904
752 2904
879 2904
924 2904
990 2904
1456 2904
1698 2904
1942 2904
1970 2904
2513 2904
2771 2904
695 2905
744 2905
1053 2905
1077 2905
1449 2905
1938 2905
2673 2905
1822 2907
185 2908
504 2909
620 2909
922 2909
969 2909
1158 2909
1265 2909
1541 2909
1691 2909
1970 2909
2094 2909
2559 2909
2682 2911
888 2912
1670 2912
1682 2913
2108 2913
2409 2913
2431 2914
1752 2915
2682 2915
1775 2916
618 2918
773 2919
1993 2919
2853 2919
1275 2920
188 2921
463 2921
2648 2921
1822 2922
2431 2922
2842 2922
206 2923
220 2923
629 2923
854 2923
1101 2923
1616 2923
1773 2923
2171 2923
2234 2923
1822 2924
2842 2924
1663 2925
2146 2925
1679 2926
1822 2927
87 2928
176 2928
640 2928
2084 2928
1555 2929
2494 2929
462 2931
466 2931
562 2931
773 2931
809 2931
1296 2931
1801 2931
2106 2931
2585 2931
2704 2931
1970 2932
413 2933
2568 2933
2076 2934
1311 2935
1457 2935
1872 2936
2687 2936
251 2937
260 2937
625 2937
860 2937
1241 2937
1384 2937
1753 2937
1764 2937
1826 2937
1853 2937
1871 2937
2197 2937
2209 2937
2244 2937
2371 2937
2383 2937
2569 2937
2647 2937
2804 2937
2873 2937
195 2938
233 2938
442 2938
646 2938
1200 2938
2191 2938
2336 2938
2612 2938
50 2939
1861 2939
708 2940
2166 2941
689 2942
1702 2942
107 2943
375 2943
719 2943
962 2943
140 2944
1028 2944
2687 2944
1979 2945
2121 2945
1494 2946
383 2947
2354 2947
2849 2948
1241 2949
2244 2949
775 2950
2591 2950
759 2951
1702 2951
135 2952
228 2952
382 2952
440 2952
554 2952
693 2952
707 2952
863 2952
1522 2952
1638 2952
1822 2952
1991 2952
2255 2952
2115 2953
2319 2954
2338 2954
2710 2954
136 2956
1752 2956
2438 2956
2503 2956
868 2957
2244 2957
44 2958
74 2958
118 2958
349 2958
658 2958
790 2958
797 2958
1107 2958
1148 2958
1430 2958
1789 2958
2105 2958
2112 2958
2120 2958
2182 2958
2387 2958
2546 2958
2566 2958
2820 2958
294 2959
1541 2959
2006 2959
2239 2959
2576 2959
2591 2960
173 2961
199 2961
206 2961
230 2961
361 2961
402 2961
786 2961
1028 2961
1112 2961
1188 2961
1606 2961
1960 2961
2718 2961
2886 2961
2906 2961
809 2962
2265 2963
615 2964
1556 2964
864 2965
78 2966
641 2967
956 2968
1149 2969
462 2970
466 2970
543 2970
562 2970
794 2970
854 2970
1477 2970
2811 2970
1775 2971
1001 2972
2248 2972
194 2973
2517 2974
104 2975
107 2976
962 2976
2858 2977
140 2978
374 2978
813 2978
871 2978
956 2978
1028 2978
1217 2978
1534 2978
2299 2978
2687 2978
2904 2979
140 2980
1149 2981
1995 2981
2161 2981
2706 2981
2103 2982
750 2983
2842 2984
1275 2985
39 2986
206 2987
195 2988
442 2988
646 2988
886 2988
1393 2988
1965 2988
2029 2988
2612 2988
519 2989
521 2990
891 2990
2925 2990
605 2992
681 2992
418 2993
2842 2993
1872 2994
2687 2994
109 2995
197 2995
1702 2996
78 2997
351 2999
444 2999
471 2999
655 2999
805 2999
1403 2999
1697 2999
1980 2999
2651 2999
104 3000
1437 3001
1683 3001
231 3002
694 3003
2067 3003
147 3004
2601 3004
206 3005
609 3005
2012 3005
2999 3005
1069 3006
1752 3006
1859 3006
2808 3006
185 3007
1670 3007
507 3008
708 3008
806 3008
1192 3008
2103 3008
2219 3008
605 3009
1758 3009
1213 3010
506 3011
1953 3012
1217 3013
200 3014
2339 3014
194 3015
1702 3015
1139 3017
1375 3017
1876 3018
2056 3018
185 3019
296 3019
777 3019
1059 3019
2049 3019
2155 3019
2332 3019
2429 3019
2587 3019
2670 3019
2819 3019
2846 3019
2875 3019
140 3020
447 3021
1048 3021
1949 3021
483 3022
231 3023
2388 3024
1283 3025
135 3026
2952 3026
2668 3029
2909 3029
429 3030
1862 3031
1085 3032
2639 3032
353 3033
423 3033
1885 3033
2064 3033
2231 3033
2814 3033
1494 3034
137 3035
140 3035
2186 3035
2265 3037
2357 3038
962 3039
703 3042
1250 3042
289 3043
1007 3044
1556 3044
868 3045
2244 3045
215 3046
723 3046
1990 3046
2021 3046
2409 3046
114 3047
176 3047
2405 3048
2900 3048
15 3049
615 3050
1702 3050
657 3051
1822 3052
1844 3052
2063 3052
2446 3052
2463 3052
2691 3052
2842 3052
231 3053
477 3055
830 3055
1872 3055
1541 3056
3029 3056
641 3057
185 3058
1670 3058
51 3059
641 3060
254 3061
375 3062
2727 3062
1336 3063
109 3065
274 3065
2580 3065
641 3066
877 3067
618 3068
78 3069
306 3070
2722 3070
181 3071
78 3072
657 3073
2178 3073
231 3074
1247 3075
2723 3076
206 3077
962 3078
392 3079
14 3080
786 3080
1368 3080
1612 3080
1960 3080
2365 3080
2578 3080
2761 3080
2978 3080
259 3081
51 3082
2591 3082
2070 3083
3033 3083
483 3084
1606 3085
1844 3086
2842 3087
605 3088
1227 3088
773 3089
802 3089
809 3089
1689 3089
2106 3089
2330 3089
2371 3089
2800 3089
2931 3089
1556 3090
2255 3091
2842 3091
483 3092
555 3092
194 3094
1702 3094
1448 3095
1457 3095
383 3096
506 3096
320 3097
868 3097
171 3098
503 3098
2459 3098
2671 3098
371 3099
1298 3099
1911 3099
2004 3099
579 3100
472 3101
1824 3101
1872 3102
1682 3103
506 3104
1244 3104
159 3105
9 3107
2 3108
872 3108
2090 3108
2337 3108
2580 3108
472 3109
2551 3109
291 3110
951 3110
1984 3110
809 3111
1203 3112
888 3113
1670 3113
206 3114
1017 3114
2988 3114
1822 3115
2726 3115
1319 3116
1822 3116
2255 3116
2842 3116
2227 3117
1803 3118
56 3119
325 3119
506 3119
2118 3119
65 3120
911 3120
2020 3120
2457 3120
2864 3120
3062 3120
472 3121
2052 3122
306 3123
470 3123
1250 3123
1897 3123
1556 3125
994 3126
1855 3126
2178 3126
2438 3126
1328 3127
69 3128
1556 3129
2842 3130
78 3131
1105 3132
2958 3133
505 3134
670 3134
2200 3134
1876 3135
177 3136
299 3136
375 3136
1979 3136
2733 3136
641 3137
914 3138
2733 3138
1812 3139
395 3140
404 3140
472 3140
532 3140
536 3140
601 3140
667 3140
973 3140
1582 3140
1697 3140
2019 3140
1752 3141
2178 3141
383 3142
2354 3142
1238 3143
1813 3143
2212 3143
122 3144
134 3144
414 3144
503 3144
1015 3144
1060 3144
1076 3144
1151 3144
1160 3144
1365 3144
1782 3144
1814 3144
2016 3144
2385 3144
2532 3144
3088 3144
707 3145
1991 3145
2446 3145
340 3146
16 3147
1935 3147
506 3148
163 3149
184 3149
712 3149
741 3149
913 3149
940 3149
1628 3149
2811 3149
2909 3150
905 3151
1765 3151
1502 3152
1822 3152
1330 3153
1775 3154
109 3155
216 3155
1556 3155
2108 3156
2515 3157
117 3159
279 3159
1071 3159
1304 3159
553 3160
1577 3160
78 3161
1822 3162
332 3163
1609 3163
1656 3163
1864 3163
2736 3163
2798 3163
3001 3164
1300 3165
578 3166
703 3166
2339 3166
1828 3167
854 3168
280 3169
9 3170
2255 3170
195 3171
2682 3172
350 3173
5 3174
13 3175
397 3175
687 3175
799 3175
993 3175
1810 3175
2256 3175
1752 3176
2178 3176
682 3177
2178 3177
2981 3177
854 3178
2255 3179
70 3180
1328 3180
222 3181
1936 3181
2241 3181
2499 3181
1285 3183
159 3185
466 3186
618 3186
1878 3186
2371 3186
51 3187
483 3188
2719 3188
67 3189
407 3189
473 3189
567 3189
618 3189
787 3189
936 3189
980 3189
1201 3189
1324 3189
1411 3189
1418 3189
1481 3189
1654 3189
1868 3189
1897 3189
2043 3189
2077 3189
2458 3189
2532 3189
3042 3189
3123 3189
3184 3189
39 3191
1775 3192
72 3193
304 3193
1317 3193
2571 3193
2955 3193
1105 3194
177 3195
345 3195
397 3195
687 3195
1911 3195
3014 3195
2682 3196
1991 3197
2523 3198
1916 3199
15 3200
83 3200
404 3200
581 3200
1198 3200
1847 3200
2214 3200
2046 3201
2057 3202
3054 3202
618 3203
2012 3204
146 3205
206 3205
346 3205
981 3205
1105 3205
1118 3205
1606 3205
1873 3205
2088 3205
2937 3205
1872 3206
508 3207
1152 3207
1844 3208
809 3209
1775 3210
137 3211
236 3211
260 3211
311 3211
324 3211
404 3211
475 3211
523 3211
541 3211
678 3211
730 3211
857 3211
970 3211
1008 3211
1102 3211
1143 3211
1184 3211
1264 3211
1345 3211
1367 3211
1438 3211
1440 3211
1643 3211
1678 3211
1747 3211
1775 3211
1941 3211
2029 3211
2058 3211
2300 3211
2382 3211
2591 3211
2727 3211
2763 3211
2797 3211
2826 3211
2881 3211
2892 3211
2930 3211
2978 3211
2980 3211
2994 3211
3023 3211
3035 3211
689 3212
1702 3212
1918 3213
353 3214
423 3214
1885 3214
2231 3214
291 3215
482 3215
50 3216
657 3216
791 3216
2335 3216
1285 3217
1217 3218
793 3219
1547 3219
1565 3219
1703 3219
1572 3220
2695 3220
2357 3221
2904 3222
69 3223
2887 3224
140 3225
3211 3225
413 3226
1984 3227
419 3228
383 3229
813 3229
2354 3229
462 3230
466 3230
543 3230
1477 3230
2811 3230
3149 3230
899 3231
1503 3231
2098 3231
2261 3231
120 3232
301 3232
962 3233
1001 3234
921 3235
1812 3235
1863 3235
2099 3235
2353 3235
2116 3236
1213 3237
136 3238
1028 3239
2687 3239
543 3240
211 3241
1698 3241
2413 3241
2513 3241
2904 3241
133 3242
530 3243
976 3243
1390 3243
1434 3244
2194 3244
1822 3245
436 3246
9 3247
1822 3247
1591 3248
589 3249
663 3249
1670 3249
2265 3249
1689 3250
2549 3251
1593 3252
1645 3252
2367 3252
2645 3252
1213 3253
2255 3254
320 3255
871 3255
2542 3255
2575 3255
3140 3255
1702 3256
2965 3257
206 3259
260 3259
514 3259
609 3259
635 3259
1133 3259
1243 3259
1764 3259
1826 3259
1830 3259
2097 3259
2478 3259
2492 3259
2569 3259
2717 3259
168 3260
1937 3260
2115 3260
12 3261
2961 3261
579 3262
912 3263
1754 3263
2099 3263
2746 3263
681 3264
703 3264
1689 3264
2710 3264
579 3265
93 3266
151 3266
184 3266
1461 3266
1917 3266
1979 3266
2046 3266
3136 3266
87 3268
320 3269
346 3269
519 3269
1006 3269
1105 3269
1873 3269
2741 3269
2937 3269
2998 3269
1822 3270
465 3271
798 3271
1906 3271
2958 3272
1069 3273
1716 3273
1844 3273
2870 3274
21 3275
209 3275
320 3275
741 3275
868 3275
1041 3275
1133 3275
1136 3275
1241 3275
1263 3275
2032 3275
2050 3275
2097 3275
2837 3275
2910 3275
3157 3275
3182 3275
2675 3276
641 3277
191 3278
506 3279
2161 3280
2706 3280
1876 3281
2265 3283
1292 3284
2008 3284
2736 3284
1737 3285
78 3286
387 3287
513 3287
664 3287
1392 3287
1543 3287
1635 3287
1723 3287
1983 3287
3040 3287
128 3288
1114 3288
14 3289
37 3289
137 3289
160 3289
195 3289
233 3289
404 3289
442 3289
456 3289
508 3289
868 3289
934 3289
959 3289
1152 3289
1370 3289
1393 3289
1984 3289
2191 3289
2612 3289
1035 3290
1345 3290
2729 3290
668 3291
1123 3291
1587 3292
1918 3292
1275 3293
1685 3294
2131 3294
500 3295
371 3296
462 3296
546 3296
618 3296
1318 3296
1477 3296
1490 3296
2311 3296
2379 3296
2684 3296
2733 3296
2811 3296
3149 3296
3166 3296
3266 3296
641 3297
721 3298
1713 3299
3189 3300
2965 3301
1918 3302
3213 3302
156 3303
744 3303
1077 3303
1938 3303
3147 3304
836 3305
884 3305
1778 3305
294 3306
336 3306
1702 3306
457 3307
513 3307
1328 3307
1748 3307
2212 3307
2473 3307
3287 3307
206 3308
1028 3308
65 3309
78 3310
2598 3311
9 3312
2255 3312
2842 3312
956 3313
1764 3313
2937 3313
140 3314
2089 3314
3211 3314
1752 3315
1929 3316
1855 3317
2178 3317
1227 3318
75 3319
76 3319
750 3319
788 3319
1620 3319
1898 3319
1913 3319
2104 3319
2239 3319
3 3320
58 3320
165 3320
427 3320
750 3320
1245 3320
2080 3320
2239 3320
2636 3320
2713 3320
3006 3320
1822 3321
1977 3321
521 3322
891 3322
1102 3322
1887 3322
556 3323
2124 3323
1670 3324
1203 3326
206 3327
1184 3328
1557 3328
51 3329
93 3329
107 3329
158 3329
195 3329
206 3329
235 3329
243 3329
255 3329
328 3329
420 3329
447 3329
463 3329
464 3329
580 3329
589 3329
595 3329
599 3329
653 3329
718 3329
900 3329
911 3329
918 3329
946 3329
1036 3329
1154 3329
1183 3329
1207 3329
1215 3329
1272 3329
1351 3329
1459 3329
1607 3329
1625 3329
1655 3329
1736 3329
1872 3329
1920 3329
1949 3329
2088 3329
2096 3329
2176 3329
2227 3329
2270 3329
2389 3329
2406 3329
2418 3329
2479 3329
2518 3329
2533 3329
2591 3329
2656 3329
2687 3329
2715 3329
2917 3329
2937 3329
2970 3329
3016 3329
3067 3329
3117 3329
3230 3329
3240 3329
3325 3329
2591 3330
159 3331
3105 3331
788 3332
962 3333
1822 3334
2255 3334
1213 3335
1737 3335
78 3336
143 3336
1203 3336
1379 3336
1514 3336
2096 3336
2255 3336
2431 3336
2450 3336
2842 3336
2842 3337
194 3338
2959 3338
1144 3339
2749 3339
3275 3339
906 3340
1219 3340
2220 3340
2366 3340
2577 3340
3043 3340
7 3341
2409 3341
254 3342
126 3343
136 3343
982 3343
1085 3343
1421 3343
2523 3343
2682 3343
78 3344
1822 3345
3163 3346
46 3347
78 3347
1240 3347
1373 3347
2026 3347
2576 3347
2909 3347
3124 3347
136 3348
1332 3349
2591 3350
320 3351
47 3352
87 3352
1970 3352
1674 3353
1898 3354
1752 3355
74 3356
1113 3356
12 3357
402 3357
2961 3357
1001 3358
1217 3358
1725 3358
1679 3359
2353 3359
12 3360
7 3361
1085 3361
2639 3361
1822 3362
434 3363
425 3364
3202 3365
78 3366
2053 3367
206 3368
775 3369
2591 3369
1281 3370
1304 3371
1556 3372
117 3373
1071 3373
1304 3373
3371 3373
2937 3374
14 3375
874 3375
1198 3375
1233 3375
1775 3375
1819 3375
2214 3375
2297 3375
2365 3375
2936 3375
2994 3375
3102 3375
3329 3375
413 3376
508 3377
1434 3377
2836 3377
2948 3377
3244 3377
1118 3378
310 3379
2075 3379
159 3380
2009 3380
109 3381
274 3381
2056 3381
2090 3381
2639 3382
508 3383
1017 3383
1437 3383
2938 3383
2988 3383
3289 3383
93 3384
202 3384
1917 3384
3296 3384
1803 3385
590 3386
1394 3386
1718 3386
1728 3386
1809 3386
1825 3386
2207 3386
2238 3386
2281 3386
2307 3386
2639 3386
2678 3386
2737 3386
2795 3386
225 3387
374 3388
382 3389
554 3389
1400 3389
2008 3389
2168 3389
2505 3389
136 3390
1061 3390
1189 3390
1701 3391
1995 3391
2778 3392
1267 3393
2885 3393
1028 3394
10 3395
1805 3395
2521 3395
2681 3395
111 3396
1575 3397
798 3398
2301 3399
2171 3400
813 3401
254 3402
264 3402
657 3402
713 3402
1223 3402
1380 3402
2257 3402
2505 3402
2753 3402
2809 3402
3228 3402
2099 3403
206 3404
659 3404
663 3404
1822 3404
1899 3404
3329 3404
1556 3405
194 3406
1137 3406
962 3407
3078 3407
1775 3408
177 3409
410 3409
562 3409
1140 3409
1903 3409
3089 3409
194 3410
477 3411
1437 3411
506 3412
267 3413
690 3413
977 3413
1293 3413
1867 3413
2288 3413
2434 3413
2806 3413
2883 3413
3122 3413
3158 3413
1752 3414
2405 3415
168 3416
3259 3417
2178 3418
2682 3418
885 3419
1556 3419
962 3420
78 3421
225 3422
3019 3423
104 3425
610 3426
1652 3426
3008 3427
1752 3428
2249 3428
2790 3429
794 3430
854 3430
2234 3430
2698 3430
864 3431
3257 3431
429 3432
672 3432
1038 3432
1262 3432
1752 3432
2056 3432
2103 3432
2473 3432
2669 3432
703 3433
2652 3433
1122 3434
1775 3435
146 3436
470 3436
1758 3436
1782 3436
2339 3436
3144 3436
2405 3437
15 3438
1775 3438
1775 3439
2861 3439
2591 3441
375 3442
1878 3442
2371 3442
1822 3443
788 3444
2141 3444
413 3445
641 3446
891 3447
140 3448
214 3448
600 3448
963 3448
1199 3448
1558 3448
1560 3448
1756 3448
2166 3448
2941 3448
1822 3449
543 3450
877 3450
1812 3451
62 3452
16 3453
926 3453
2685 3453
2405 3454
274 3455
1776 3455
189 3456
482 3456
519 3456
981 3456
2152 3456
2405 3457
364 3458
2289 3458
618 3459
254 3460
3342 3460
1991 3461
354 3462
2339 3462
231 3463
1896 3464
8 3465
2958 3465
2076 3466
2350 3466
2958 3466
1545 3467
2909 3467
6 3468
178 3468
285 3468
1519 3468
1822 3468
2438 3469
163 3470
618 3470
741 3470
809 3470
1301 3470
1610 3470
1811 3470
2301 3470
216 3471
99 3472
16 3473
1717 3474
2676 3474
3284 3474
1929 3475
2052 3476
2806 3476
1522 3477
1776 3478
206 3479
220 3479
629 3479
1101 3479
2226 3479
543 3480
140 3481
641 3482
60 3483
911 3484
868 3485
3205 3485
618 3486
813 3486
708 3487
15 3488
2790 3488
1587 3489
2514 3489
2591 3491
1028 3492
2405 3493
788 3494
274 3495
1682 3495
2090 3495
688 3496
2480 3497
1519 3498
2371 3499
1752 3500
78 3501
1752 3502
2438 3502
457 3504
1038 3504
1262 3504
1581 3504
1752 3504
2103 3504
2473 3504
2520 3504
2638 3504
3018 3504
1811 3505
1832 3505
2705 3505
837 3506
1533 3506
1988 3506
2857 3506
2958 3506
3106 3506
1587 3507
1822 3508
1713 3509
888 3510
375 3511
2233 3511
1409 3512
1531 3512
1726 3512
2825 3512
762 3513
1522 3513
1266 3514
104 3515
999 3516
1822 3516
2392 3516
678 3517
1320 3517
1896 3517
983 3518
1285 3518
2224 3518
1822 3519
2591 3520
1844 3521
1859 3521
1752 3522
956 3523
1679 3524
50 3525
413 3526
2568 3526
273 3527
1061 3528
1752 3528
2682 3528
78 3529
151 3529
608 3529
911 3529
1228 3529
2020 3529
2457 3529
2542 3529
2839 3529
2864 3529
3062 3529
3511 3529
1190 3530
1775 3530
2394 3530
641 3531
1981 3531
962 3532
1660 3532
2331 3532
2478 3533
500 3534
78 3535
231 3536
25 3537
62 3537
168 3537
935 3537
2070 3537
3531 3537
347 3538
2244 3539
89 3540
261 3540
275 3540
462 3540
533 3540
644 3540
1048 3540
1773 3540
1839 3540
2591 3540
2923 3540
3175 3540
2961 3541
47 3542
336 3542
1423 3542
1740 3542
2178 3542
2438 3542
413 3543
1739 3544
1878 3545
2815 3546
2923 3546
3479 3546
974 3547
2287 3547
3232 3547
543 3548
1466 3548
2322 3548
159 3549
1556 3550
477 3551
830 3551
1044 3551
2389 3551
2938 3551
3289 3551
1412 3552
1169 3553
1984 3553
1406 3554
2014 3554
2483 3554
1332 3555
1725 3555
2354 3555
16 3556
1097 3556
1935 3556
3093 3556
681 3557
813 3557
2515 3557
3409 3557
668 3558
1123 3558
1822 3559
2392 3559
2431 3559
3516 3559
15 3560
1775 3560
60 3561
956 3561
2316 3561
3275 3561
1197 3562
60 3563
519 3564
320 3565
871 3565
1788 3565
3140 3565
1606 3566
1966 3566
216 3567
2682 3567
1575 3568
24 3569
140 3569
3151 3570
39 3571
37 3572
206 3572
404 3572
1013 3572
1368 3572
1612 3572
1847 3572
2191 3572
2578 3572
2761 3572
3055 3572
3541 3572
62 3573
3537 3573
698 3574
982 3574
1203 3574
2361 3574
1001 3575
291 3576
951 3576
1721 3576
1984 3576
3259 3577
159 3578
1075 3580
3309 3580
216 3581
1556 3581
1811 3582
2075 3582
578 3584
2046 3584
74 3585
658 3585
823 3585
826 3585
1342 3585
2105 3585
2369 3585
2387 3585
2409 3585
2546 3585
2690 3585
3036 3585
3064 3585
309 3586
680 3586
725 3586
984 3586
1009 3586
1417 3586
2667 3586
3096 3586
3349 3586
3555 3586
172 3587
337 3587
625 3587
1520 3587
1847 3587
1887 3587
1118 3588
274 3589
100 3590
3019 3591
175 3592
1328 3592
2337 3592
3180 3592
532 3593
104 3594
3140 3595
64 3596
513 3596
668 3596
2063 3596
2463 3596
2548 3596
3291 3596
3558 3596
216 3597
425 3598
87 3599
393 3599
412 3599
1023 3599
1187 3599
1226 3599
1716 3599
3592 3599
78 3600
568 3600
707 3600
1504 3600
2063 3600
2446 3600
2463 3600
2691 3600
794 3601
3540 3601
104 3602
7 3603
157 3603
2108 3603
2409 3603
206 3604
2715 3604
168 3605
3027 3605
233 3606
404 3606
2978 3606
2405 3607
891 3608
1719 3608
86 3609
456 3609
508 3609
3329 3609
138 3610
3138 3610
395 3611
472 3611
534 3611
536 3611
2019 3611
3255 3611
641 3612
1638 3613
962 3614
254 3615
2029 3616
3211 3616
3289 3616
1822 3617
2255 3617
1918 3618
1802 3619
2729 3619
482 3620
506 3620
1336 3620
1788 3620
1902 3620
2542 3620
2575 3620
3110 3620
3576 3620
3579 3620
1545 3621
1822 3622
2267 3622
109 3623
1776 3623
110 3624
1197 3624
1556 3624
2783 3624
447 3625
617 3625
2004 3625
159 3626
206 3627
528 3628
994 3628
60 3629
2203 3630
1556 3631
163 3632
179 3632
432 3632
609 3632
741 3632
773 3632
1477 3632
1610 3632
1811 3632
2101 3632
2970 3632
3204 3632
3230 3632
8 3633
239 3633
381 3633
468 3633
500 3633
556 3633
645 3633
651 3633
663 3633
764 3633
888 3633
902 3633
952 3633
1038 3633
1110 3633
1181 3633
1337 3633
1432 3633
1546 3633
1629 3633
1690 3633
2111 3633
2124 3633
2226 3633
2350 3633
2368 3633
2402 3633
2539 3633
2547 3633
2556 3633
2615 3633
2669 3633
2786 3633
2805 3633
2912 3633
3058 3633
3249 3633
3324 3633
1591 3634
14 3635
195 3635
404 3635
934 3635
1393 3635
1493 3635
1984 3635
2511 3635
3207 3635
3377 3635
3551 3635
3609 3635
773 3636
1650 3637
2464 3637
3025 3637
133 3638
1752 3639
2178 3639
2438 3639
1456 3640
2961 3641
3572 3641
308 3642
836 3643
1778 3643
1822 3644
3530 3645
78 3646
1006 3647
1088 3647
1105 3647
1376 3647
2088 3647
2311 3647
2937 3647
1805 3648
2521 3648
2681 3648
254 3649
1847 3650
3386 3651
483 3652
2858 3653
2977 3653
1953 3654
3586 3654
483 3655
962 3656
79 3657
191 3657
382 3657
722 3657
776 3657
1043 3657
1855 3657
2566 3657
251 3658
3269 3658
38 3659
188 3659
462 3659
527 3659
1449 3659
1900 3660
3134 3660
14 3661
83 3661
581 3661
786 3661
1368 3661
2365 3661
2761 3661
2978 3661
849 3662
618 3663
2405 3664
2505 3665
553 3666
1911 3666
3112 3667
3574 3667
2516 3668
3075 3668
115 3669
2557 3669
143 3670
870 3670
1215 3670
1379 3670
1803 3670
1822 3670
2431 3670
3583 3670
506 3671
1547 3672
206 3673
60 3674
708 3675
1028 3676
2102 3677
93 3678
151 3678
235 3678
255 3678
298 3678
328 3678
366 3678
463 3678
506 3678
580 3678
589 3678
595 3678
653 3678
911 3678
938 3678
962 3678
1036 3678
1154 3678
1183 3678
1207 3678
1215 3678
1250 3678
1364 3678
1466 3678
1920 3678
2299 3678
2322 3678
2431 3678
2643 3678
2735 3678
2842 3678
2923 3678
3016 3678
3175 3678
3258 3678
3609 3678
274 3679
1776 3679
2842 3680
1556 3681
104 3682
208 3683
1522 3685
392 3686
1556 3686
2102 3687
2324 3687
3624 3687
39 3688
1261 3688
1300 3689
2623 3689
3370 3689
1822 3690
254 3691
1302 3692
1758 3692
78 3693
1256 3694
1396 3694
2131 3695
726 3696
2591 3696
9 3697
1822 3697
2255 3697
2842 3697
1392 3698
1543 3698
1635 3698
1793 3698
1983 3698
2544 3698
3307 3698
42 3699
144 3699
226 3699
600 3699
724 3699
733 3699
963 3699
1134 3699
1257 3699
1478 3699
1558 3699
2088 3699
2268 3699
2728 3699
2991 3699
3292 3699
3489 3699
3619 3699
470 3700
1118 3700
1608 3700
1741 3700
1213 3701
618 3702
2311 3702
156 3703
62 3704
140 3704
172 3704
541 3704
1480 3704
1847 3704
3587 3704
956 3705
2478 3705
1105 3706
2515 3706
78 3707
78 3708
106 3708
194 3708
396 3708
702 3708
769 3708
878 3708
1550 3708
1556 3708
1715 3708
2252 3708
2293 3708
289 3709
2103 3709
2245 3709
2431 3709
2596 3709
51 3710
2591 3710
107 3711
146 3711
962 3711
854 3713
2818 3713
3678 3714
3699 3715
80 3716
110 3716
1556 3716
1844 3716
1252 3717
1161 3718
2162 3718
2387 3719
74 3720
658 3720
826 3720
1342 3720
2105 3720
2325 3720
2409 3720
2566 3720
2690 3720
2934 3720
3064 3720
3466 3720
277 3721
3267 3721
111 3722
1298 3723
2977 3723
543 3724
2179 3724
3678 3724
891 3725
78 3726
382 3726
1458 3726
1549 3726
159 3727
3185 3727
1752 3728
2686 3728
1300 3729
2175 3729
78 3730
158 3730
235 3730
243 3730
266 3730
328 3730
366 3730
463 3730
506 3730
595 3730
653 3730
911 3730
938 3730
962 3730
1028 3730
1036 3730
1154 3730
1183 3730
1207 3730
1215 3730
1364 3730
1459 3730
1736 3730
1738 3730
2189 3730
2322 3730
2386 3730
2389 3730
2418 3730
2431 3730
2591 3730
2643 3730
2842 3730
2923 3730
2937 3730
3117 3730
3404 3730
3450 3730
3480 3730
3714 3730
3724 3730
508 3731
2849 3731
854 3732
2601 3733
168 3734
1322 3735
2852 3735
1109 3736
1416 3736
1670 3736
2091 3736
2265 3736
2340 3736
2407 3736
2912 3736
3190 3736
3510 3736
2923 3737
553 3738
1365 3738
1598 3738
2671 3738
463 3739
519 3739
3259 3740
374 3741
1752 3742
2723 3744
1723 3745
1793 3745
374 3746
830 3746
991 3746
1534 3746
2299 3746
2389 3746
2687 3746
3200 3746
3211 3746
3289 3746
3635 3746
3211 3747
393 3748
1069 3748
1158 3748
1226 3748
1238 3748
681 3749
1200 3749
1235 3749
1302 3749
3144 3749
3329 3750
62 3751
618 3752
625 3752
868 3752
871 3752
2873 3752
3140 3752
1855 3753
2438 3753
713 3754
2178 3754
2438 3754
429 3755
994 3755
615 3756
1702 3756
2601 3757
254 3758
3342 3758
3460 3758
140 3759
1092 3760
2669 3760
1086 3761
78 3762
915 3762
945 3762
1023 3762
1601 3762
1716 3762
1859 3762
1991 3762
2291 3762
2409 3762
3108 3762
3592 3762
911 3763
2255 3764
266 3765
962 3765
1847 3765
849 3766
176 3767
995 3767
2026 3767
2928 3767
3405 3768
1165 3769
1523 3769
2287 3769
3232 3769
3426 3769
1822 3770
2255 3770
132 3771
1403 3771
1463 3771
1578 3771
2151 3771
2651 3771
42 3772
600 3772
724 3772
963 3772
1035 3772
1257 3772
1478 3772
2514 3772
2728 3772
2937 3772
2991 3772
3292 3772
3715 3772
17 3773
1042 3773
3586 3773
74 3774
3506 3774
1776 3775
2682 3776
86 3777
612 3777
200 3778
272 3778
617 3778
1645 3778
2046 3778
2496 3778
2645 3778
3625 3778
641 3779
1822 3780
115 3781
356 3781
2371 3782
786 3783
1198 3783
1612 3783
1847 3783
2191 3783
2761 3783
3572 3783
195 3784
320 3784
2542 3784
2575 3784
3611 3784
2842 3785
1591 3786
97 3787
1822 3787
319 3788
369 3788
541 3788
543 3788
827 3788
911 3788
1367 3788
1378 3788
1483 3788
1653 3788
3120 3788
3211 3788
3329 3788
3678 3788
3696 3788
3763 3788
1970 3789
1345 3790
871 3791
3611 3791
260 3792
320 3792
514 3792
609 3792
625 3792
860 3792
1133 3792
1136 3792
1764 3792
1830 3792
2097 3792
2285 3792
2492 3792
2701 3792
2717 3792
3561 3792
3740 3792
1876 3793
93 3794
727 3794
2744 3794
813 3795
1842 3795
2247 3795
208 3796
330 3796
393 3796
421 3796
433 3796
517 3796
544 3796
964 3796
1172 3796
1173 3796
2011 3796
2048 3796
2063 3796
2481 3796
2520 3796
3041 3796
3143 3796
3455 3796
3679 3796
3775 3796
259 3797
1217 3798
2354 3798
2371 3799
3151 3800
3570 3800
1155 3801
85 3802
133 3802
136 3802
252 3802
287 3802
316 3802
751 3802
859 3802
874 3802
910 3802
1174 3802
1274 3802
1572 3802
1702 3802
1732 3802
1822 3802
1919 3802
2067 3802
2250 3802
2451 3802
2570 3802
2712 3802
2796 3802
2876 3802
2913 3802
3046 3802
3341 3802
3361 3802
3603 3802
3670 3802
9 3803
54 3803
295 3803
469 3803
622 3803
1632 3803
1822 3803
2185 3803
2295 3803
2523 3803
2909 3803
3024 3803
114 3804
277 3804
618 3804
813 3804
1001 3804
2053 3804
2999 3804
3140 3804
1390 3805
1720 3805
2648 3805
3243 3805
1739 3806
78 3807
2387 3808
3343 3808
216 3809
1556 3809
1601 3809
2808 3809
374 3810
289 3811
3340 3811
1001 3812
337 3813
1862 3813
3257 3814
2299 3815
2389 3815
708 3816
133 3817
495 3817
549 3817
739 3817
896 3817
1119 3817
1329 3817
1727 3817
1901 3817
1916 3817
2000 3817
2067 3817
2090 3817
2219 3817
2245 3817
2628 3817
2636 3817
2660 3817
2757 3817
2821 3817
3128 3817
3223 3817
3709 3817
126 3818
1085 3818
1421 3818
2355 3818
495 3819
739 3819
906 3819
1219 3819
1267 3819
1796 3819
2366 3819
2577 3819
2589 3819
3043 3819
1083 3820
1579 3820
1730 3821
383 3822
2354 3822
3586 3822
618 3823
1679 3824
56 3825
425 3825
455 3825
618 3825
813 3825
1001 3825
1025 3825
1291 3825
1332 3825
1418 3825
1481 3825
1725 3825
1782 3825
2137 3825
2339 3825
2411 3825
2540 3825
2593 3825
2767 3825
2946 3825
3028 3825
3034 3825
3739 3825
231 3826
277 3827
3721 3827
1828 3828
2102 3829
3677 3829
5 3830
133 3830
316 3830
342 3830
350 3830
672 3830
910 3830
1069 3830
1259 3830
1269 3830
1274 3830
1572 3830
1576 3830
1670 3830
2104 3830
2250 3830
2438 3830
2632 3830
2913 3830
3156 3830
3503 3830
3633 3830
3762 3830
3803 3830
206 3831
2958 3832
17 3833
103 3833
913 3833
1244 3833
1822 3834
80 3835
110 3835
254 3835
1197 3835
1556 3835
1844 3835
1855 3835
2505 3835
1522 3836
725 3837
1242 3838
586 3839
3505 3840
794 3841
1928 3841
3404 3842
108 3843
416 3843
471 3843
519 3843
703 3843
843 3843
1118 3843
1559 3843
2318 3843
2648 3843
2844 3843
251 3844
320 3844
2191 3844
2244 3844
788 3845
1940 3845
1822 3846
78 3847
707 3848
3838 3848
746 3849
1822 3850
8 3851
641 3852
1203 3853
1682 3853
164 3854
269 3854
2819 3854
3019 3854
3220 3854
104 3855
2046 3856
3678 3857
3730 3857
1423 3858
1541 3858
1822 3859
2723 3859
3211 3860
1001 3861
1725 3861
1953 3861
1203 3862
2133 3862
9 3863
1822 3863
2255 3863
2842 3863
1482 3864
1500 3864
1754 3864
2099 3864
2468 3864
3282 3864
3299 3864
3440 3864
3509 3864
3684 3864
374 3865
462 3865
967 3865
1015 3865
1365 3865
1598 3865
1733 3865
1782 3865
1814 3865
1952 3865
2532 3865
2671 3865
2845 3865
870 3866
3439 3867
562 3868
773 3868
1766 3868
2082 3868
2187 3868
2218 3868
2585 3868
3399 3868
6 3869
751 3869
1806 3869
159 3870
1278 3870
355 3871
466 3871
1766 3871
3505 3871
3840 3871
2178 3872
2438 3872
436 3873
533 3873
1949 3873
2339 3873
689 3874
1702 3874
3212 3874
1915 3875
1250 3876
78 3877
1549 3877
2168 3877
891 3878
1663 3878
2146 3878
51 3879
2591 3879
194 3880
1541 3880
1702 3880
1740 3880
2075 3881
188 3882
463 3882
773 3882
854 3882
1118 3882
939 3883
1318 3883
2733 3883
3396 3883
3712 3884
3864 3884
5 3885
274 3885
1682 3885
2090 3885
2265 3885
463 3886
193 3887
2377 3887
3605 3887
1556 3888
1770 3888
1044 3889
1061 3890
1587 3891
14 3892
1612 3892
2761 3892
1213 3893
3594 3894
60 3895
3110 3896
506 3897
1133 3898
1241 3898
1304 3898
1844 3899
849 3900
1803 3901
3718 3902
185 3903
1080 3904
2369 3905
447 3906
848 3906
3144 3906
3296 3906
9 3907
2431 3907
463 3908
2178 3909
1006 3910
391 3911
501 3911
583 3911
1040 3911
1058 3911
1261 3911
1987 3911
2126 3911
2423 3911
2600 3911
2851 3911
2900 3911
2986 3911
3048 3911
3191 3911
3415 3911
3424 3911
3490 3911
3571 3911
3688 3911
3743 3911
413 3912
3019 3913
2958 3914
885 3915
1556 3915
140 3916
1217 3917
899 3918
216 3919
206 3920
219 3920
1822 3920
2083 3920
1330 3921
2001 3921
1775 3922
3435 3922
413 3923
266 3924
2475 3925
579 3926
3100 3926
3736 3927
689 3928
1702 3928
1556 3929
1918 3930
3448 3930
1737 3931
2255 3932
2842 3932
618 3933
3203 3933
3817 3934
1220 3935
1516 3935
1837 3935
2625 3935
159 3936
3727 3936
483 3937
555 3937
440 3938
1638 3938
1698 3938
2513 3938
3241 3938
939 3939
2733 3939
2929 3939
200 3940
272 3940
578 3940
617 3940
1645 3940
1839 3940
2645 3940
519 3941
678 3942
1345 3943
185 3944
1670 3944
773 3945
809 3945
2650 3945
1775 3946
127 3947
1887 3947
2896 3947
2925 3947
216 3948
740 3948
17 3949
62 3950
2409 3951
2887 3951
3802 3951
3830 3951
15 3952
3134 3953
773 3954
3186 3954
3825 3955
194 3956
1006 3957
2566 3958
3767 3958
1314 3959
1717 3959
1751 3959
2774 3959
3316 3959
1775 3960
87 3961
3268 3961
2405 3962
3911 3962
385 3963
1775 3964
261 3965
1350 3965
2024 3965
3479 3965
289 3966
543 3967
580 3967
3329 3967
1719 3968
2350 3969
1822 3970
1556 3971
1822 3972
2093 3973
78 3974
911 3974
1367 3974
2020 3974
2457 3974
2839 3974
3062 3974
3788 3974
487 3975
1809 3975
2114 3975
2678 3975
260 3976
462 3976
562 3976
684 3976
1140 3976
1191 3976
1654 3976
1775 3976
2497 3976
3089 3976
3557 3976
11 3977
2896 3977
605 3978
3144 3978
225 3979
197 3980
1292 3980
1656 3980
1864 3980
767 3981
912 3982
3263 3982
387 3983
47 3984
1423 3984
266 3985
281 3985
2241 3985
308 3986
3699 3987
1213 3988
477 3989
1737 3990
641 3991
320 3992
2075 3993
132 3994
692 3994
1194 3994
3771 3994
375 3995
1071 3995
3120 3995
3529 3995
483 3996
615 3997
1292 3997
1325 3997
1456 3997
3726 3997
3877 3997
615 3998
1456 3998
1717 3998
3726 3998
1376 3999
1844 4000
1855 4000
1859 4000
3677 4000
3829 4000
