4 5
6 7
14 17
11 32
12 36
1 44
7 50
11 53
1 56
11 57
35 57
55 57
7 59
11 67
45 69
3 75
12 75
1 78
61 79
3 80
7 80
12 80
54 80
78 80
6 81
6 83
11 84
57 84
75 84
16 85
84 85
11 89
84 91
1 92
3 92
8 92
13 95
78 97
12 99
70 100
11 101
57 110
64 110
91 110
95 110
17 112
86 113
3 116
84 118
118 120
7 121
61 121
88 121
15 122
6 127
11 137
78 138
11 139
1 140
81 140
124 140
12 141
49 141
56 142
78 142
80 142
140 142
6 145
1 146
19 146
108 147
11 148
12 154
17 154
75 154
96 154
136 155
12 156
84 156
118 156
121 159
108 165
121 166
78 168
10 169
18 169
116 169
121 169
149 169
15 176
140 177
80 180
12 182
58 182
160 182
81 185
11 191
50 192
71 193
92 193
165 193
183 193
108 197
95 198
7 200
25 200
3 201
12 201
6 203
185 203
108 204
45 205
116 205
121 205
126 205
128 205
135 205
164 205
184 205
12 206
116 206
81 208
29 210
210 211
110 212
156 214
206 214
8 216
26 217
56 217
71 217
108 217
123 217
142 217
129 218
84 223
210 225
11 227
110 227
118 227
12 229
15 232
7 233
116 233
108 234
196 234
59 236
193 242
224 243
155 244
57 247
1 249
73 253
84 255
12 257
53 257
121 260
136 260
164 260
12 261
23 261
71 263
152 265
69 269
205 271
88 273
15 278
169 279
206 279
98 282
155 283
185 285
221 285
7 286
61 286
192 286
226 286
245 286
273 286
193 287
242 287
81 288
1 289
46 291
95 291
151 291
86 293
98 294
13 296
108 299
236 300
286 302
286 304
56 306
205 306
84 316
263 316
2 318
84 319
66 320
317 320
51 322
56 324
205 324
11 334
12 335
103 335
188 335
325 336
69 340
90 340
307 340
79 342
121 342
11 343
310 346
150 348
69 349
74 349
130 349
260 349
306 349
337 349
136 351
155 351
324 352
17 353
156 353
280 354
7 355
87 355
126 355
145 355
203 355
208 355
339 355
210 358
69 359
1 360
162 361
156 364
255 367
45 368
116 368
190 368
193 368
221 368
254 368
286 368
1 369
4 369
104 369
205 371
280 371
57 372
108 374
95 375
223 375
277 375
321 375
11 376
121 378
186 379
201 379
212 379
129 381
31 382
73 383
193 383
118 387
187 387
84 390
206 390
234 390
265 393
205 394
116 395
192 395
201 395
285 395
45 398
205 398
58 400
268 400
379 401
7 402
56 402
108 402
84 403
209 403
286 403
291 403
324 403
347 403
395 403
136 407
206 408
101 409
140 415
192 415
194 415
219 415
222 415
360 415
3 416
6 416
7 416
8 416
31 416
50 416
249 416
260 416
265 416
355 416
129 418
277 419
20 421
93 421
415 422
144 423
52 424
59 424
381 424
69 426
131 426
147 426
169 426
329 426
352 426
368 426
17 427
72 429
186 431
379 431
80 432
390 433
345 434
205 436
349 436
80 437
210 439
210 440
127 442
15 444
80 446
337 446
368 446
430 446
436 446
127 447
355 447
6 448
237 448
4 449
306 449
436 449
368 450
58 451
121 456
147 456
95 457
2 458
339 458
16 459
348 461
370 461
90 462
40 463
426 463
441 463
121 464
11 465
58 466
433 468
84 469
234 469
433 469
286 470
114 472
366 473
202 474
365 474
429 474
30 476
3 477
7 477
12 477
78 477
92 477
105 477
173 477
240 477
332 477
402 477
446 477
448 477
103 478
15 479
1 480
12 481
108 481
140 481
154 481
415 481
84 482
316 482
375 483
11 486
85 486
261 486
369 486
423 486
435 486
92 487
212 488
153 489
224 489
95 490
398 491
142 492
349 492
432 492
355 493
361 493
110 494
203 497
288 497
7 498
231 498
383 503
486 504
368 509
395 509
112 510
154 510
356 512
98 513
58 514
488 514
255 516
496 517
129 518
15 519
108 519
193 520
443 520
205 521
12 522
17 522
259 522
435 522
516 523
80 524
58 525
121 526
274 527
121 529
12 530
16 530
154 530
367 530
3 531
8 531
56 531
108 531
169 531
206 531
233 531
410 531
206 533
355 533
4 534
396 534
45 535
205 535
393 536
511 536
421 537
477 538
375 539
320 542
408 544
458 544
7 545
63 545
83 545
250 545
448 545
533 545
11 546
12 548
7 549
145 549
165 549
203 549
533 549
1 553
34 553
112 557
210 558
155 559
215 559
340 559
222 560
7 561
156 561
522 561
556 561
121 562
74 564
253 565
335 565
57 566
1 567
76 568
416 569
536 569
90 570
169 570
368 570
108 572
147 572
197 572
217 572
481 572
39 573
124 573
165 573
193 573
204 573
213 573
228 573
308 573
369 573
402 573
484 573
541 573
544 573
563 573
421 574
276 576
116 577
408 578
127 579
12 581
65 581
84 581
263 581
331 581
477 582
83 583
7 584
234 584
300 584
493 585
320 587
1 588
90 592
355 593
418 594
460 594
309 596
7 597
384 597
556 597
561 597
349 598
75 600
286 601
229 602
367 602
286 603
43 604
84 604
118 604
161 604
291 604
353 604
584 604
3 605
9 605
108 606
141 610
321 610
495 610
530 610
581 610
102 612
297 612
426 613
469 614
265 616
375 618
3 621
56 621
234 621
102 622
234 623
267 623
375 623
467 623
551 623
589 623
608 623
205 624
368 624
521 624
153 627
384 629
45 631
581 633
15 635
101 637
530 638
390 639
56 641
486 641
536 641
540 642
21 643
193 644
255 644
390 644
530 644
602 644
584 645
138 646
71 647
84 647
312 649
545 650
127 651
107 653
502 654
623 657
361 658
515 658
545 659
156 660
80 664
13 665
11 666
17 666
85 666
257 666
259 666
530 666
80 667
11 669
522 670
210 671
405 672
405 674
156 675
545 680
7 681
3 682
233 682
531 682
100 683
313 683
488 683
321 684
142 685
217 685
308 685
322 685
339 685
438 685
445 685
544 685
554 685
129 686
86 687
16 688
486 688
12 689
13 689
84 689
516 689
629 689
316 690
486 690
78 691
657 693
536 694
59 695
84 695
335 695
78 696
649 697
416 698
536 698
694 698
3 699
56 699
140 699
169 699
200 699
531 699
7 700
502 701
118 702
487 703
74 706
673 707
212 708
270 708
451 708
192 709
403 709
7 710
44 710
81 710
203 710
335 710
424 710
689 711
78 712
522 712
549 712
573 712
676 712
7 713
57 714
80 716
458 717
365 718
653 718
290 719
96 720
156 720
333 721
90 722
11 723
257 723
623 725
12 726
259 726
435 726
469 726
636 726
205 727
197 729
291 730
629 730
12 731
236 732
584 732
259 734
210 735
239 735
662 735
280 737
477 740
78 741
193 741
522 741
549 741
604 742
275 744
298 745
200 746
392 746
15 747
655 749
50 751
347 751
485 751
641 751
704 751
647 752
675 752
1 753
108 753
638 754
74 755
286 756
388 759
8 761
121 761
252 761
286 761
416 761
492 761
569 761
583 761
698 761
66 762
194 762
205 762
363 762
368 762
506 762
542 762
587 762
692 762
748 762
757 762
237 763
235 764
121 765
638 766
121 767
7 769
761 769
57 771
8 772
553 772
477 773
376 774
41 776
77 776
84 776
110 776
119 776
405 776
414 776
604 776
623 776
702 776
57 777
62 777
230 777
440 777
165 778
169 778
189 778
196 778
217 778
349 778
360 778
368 778
416 778
472 778
497 778
534 778
628 778
712 778
721 778
2 779
641 779
266 781
355 782
593 782
507 784
665 784
2 785
443 785
225 786
286 787
408 788
71 791
156 791
48 792
69 792
92 792
306 792
368 792
430 792
59 793
18 795
45 795
269 795
286 795
340 795
359 795
182 796
604 796
770 796
286 799
545 800
659 800
658 801
434 802
671 805
776 805
749 808
486 809
545 810
111 812
112 812
225 812
248 812
358 812
558 812
410 813
794 813
486 814
309 815
806 816
121 817
104 819
549 819
785 819
69 821
436 821
11 822
486 823
726 823
205 824
237 825
365 825
653 825
193 826
390 826
469 826
602 826
796 827
158 828
653 828
545 829
626 830
86 831
320 833
371 833
265 834
12 835
312 836
320 839
78 840
426 841
12 842
15 843
201 843
246 843
315 843
486 843
623 843
23 845
206 845
12 846
84 846
419 846
482 846
142 847
217 847
249 847
383 847
426 847
531 847
1 848
12 848
379 849
57 850
751 851
80 853
265 855
474 856
759 856
345 857
246 859
391 859
525 859
675 860
752 860
355 862
593 862
11 863
500 864
537 864
78 865
180 865
240 865
664 865
740 865
663 866
45 867
1 868
34 868
415 868
837 868
86 869
610 870
59 873
222 874
865 875
491 876
141 877
277 877
846 877
182 878
678 878
545 880
66 881
121 881
317 881
542 881
607 881
762 881
355 882
368 882
430 882
549 882
625 882
605 883
121 884
179 884
355 884
477 884
7 887
134 887
344 887
448 887
533 887
680 887
775 887
829 887
861 887
11 888
70 888
110 888
118 888
887 889
121 890
707 890
236 891
286 892
488 896
708 896
112 898
132 898
167 898
170 898
267 898
281 898
325 898
336 898
338 898
375 898
417 898
475 898
477 898
551 898
693 898
843 898
359 900
402 900
752 901
558 902
777 902
812 902
69 905
181 905
269 905
359 905
426 905
792 905
12 906
375 908
634 909
12 910
96 910
206 910
895 910
366 911
205 912
277 913
1 914
12 914
108 914
140 914
154 914
196 914
573 914
584 914
621 914
212 915
812 916
7 917
367 918
3 919
39 919
108 919
124 919
147 919
193 919
197 919
204 919
249 919
369 919
481 919
573 919
717 919
171 920
400 920
623 920
486 921
726 921
620 922
368 924
76 925
282 925
362 925
581 926
23 927
3 928
395 928
509 928
780 928
11 929
752 930
573 932
133 933
262 933
776 933
239 934
355 935
86 936
491 937
553 938
58 939
12 940
390 941
17 942
103 942
349 943
564 943
706 943
368 944
71 945
516 946
710 950
779 952
776 953
349 955
104 956
403 956
509 956
847 956
376 957
286 958
70 959
683 959
140 960
463 960
163 961
256 961
140 962
919 962
21 963
663 964
57 965
925 967
543 968
80 969
93 970
78 971
270 972
411 974
154 976
746 976
284 977
397 977
428 977
776 977
954 977
11 978
531 979
1 980
755 981
783 981
11 984
469 984
604 984
94 985
706 985
755 985
1 986
560 986
93 987
155 989
573 990
121 992
174 993
175 993
500 993
543 993
751 994
58 995
266 996
781 996
887 997
366 998
777 998
100 999
158 1000
778 1000
477 1001
213 1002
573 1002
156 1003
403 1004
751 1004
408 1006
227 1007
15 1008
898 1008
59 1009
80 1010
884 1011
890 1012
110 1013
597 1013
246 1015
654 1016
210 1017
358 1017
5 1018
349 1018
56 1019
169 1019
914 1019
610 1020
751 1021
796 1023
182 1024
591 1024
898 1025
500 1026
858 1026
118 1027
473 1027
671 1027
776 1027
210 1028
812 1028
1027 1028
486 1029
814 1029
5 1030
982 1031
545 1032
887 1032
121 1033
9 1035
894 1036
12 1037
545 1038
800 1038
12 1040
13 1040
331 1040
457 1040
516 1040
610 1040
815 1042
174 1043
505 1043
543 1043
1026 1043
70 1044
776 1044
999 1044
397 1045
977 1045
121 1046
666 1047
826 1047
30 1048
156 1048
206 1048
291 1048
483 1048
495 1048
644 1048
826 1048
15 1049
663 1049
866 1049
59 1050
50 1052
126 1052
778 1052
813 1052
227 1053
4 1054
303 1054
11 1055
11 1056
59 1057
778 1058
84 1059
182 1059
468 1059
59 1060
1050 1060
367 1061
644 1061
483 1062
57 1063
776 1063
175 1064
421 1064
987 1064
898 1065
410 1066
979 1066
898 1067
777 1068
320 1069
1008 1070
141 1071
156 1071
367 1071
477 1071
644 1071
846 1071
4 1072
78 1072
82 1072
497 1072
549 1072
327 1073
169 1074
337 1074
368 1074
477 1074
12 1076
429 1077
534 1077
316 1078
545 1080
72 1081
272 1081
763 1081
825 1081
836 1081
12 1082
95 1082
367 1082
666 1082
826 1082
1040 1082
1 1083
8 1083
80 1083
109 1083
138 1083
142 1083
339 1083
477 1083
712 1083
741 1083
971 1083
545 1084
160 1086
435 1086
609 1086
878 1086
102 1087
297 1087
461 1088
477 1091
925 1091
459 1092
666 1092
75 1093
205 1094
217 1094
286 1094
354 1094
452 1094
542 1094
545 1094
634 1094
728 1094
737 1094
887 1094
909 1094
985 1094
1089 1094
127 1095
50 1096
125 1096
286 1096
347 1096
369 1096
402 1096
415 1096
426 1096
485 1096
704 1096
851 1096
11 1097
863 1097
354 1098
80 1099
11 1101
140 1102
26 1103
826 1103
884 1103
980 1104
461 1105
262 1106
242 1107
287 1107
84 1108
375 1108
349 1109
311 1111
392 1111
531 1111
246 1114
451 1114
525 1114
898 1114
12 1115
23 1115
96 1115
770 1115
947 1116
391 1118
451 1118
508 1118
785 1119
66 1120
205 1120
280 1120
542 1120
583 1120
607 1120
762 1120
505 1121
1026 1121
838 1123
121 1124
79 1125
121 1125
1000 1126
12 1127
617 1128
749 1128
320 1129
815 1129
11 1130
972 1130
185 1131
221 1131
163 1133
199 1133
531 1135
682 1135
699 1135
1019 1135
1083 1135
266 1136
517 1136
996 1136
1134 1136
182 1137
522 1137
726 1137
1086 1137
121 1138
765 1138
1012 1138
762 1139
881 1139
157 1140
542 1140
736 1140
900 1140
975 1140
108 1141
121 1143
349 1144
491 1146
581 1147
118 1148
333 1149
408 1150
84 1151
141 1151
182 1151
433 1151
777 1152
345 1153
857 1153
290 1154
392 1154
481 1154
1102 1154
1111 1154
1026 1155
12 1156
376 1157
653 1158
48 1159
306 1159
436 1159
449 1159
477 1159
865 1159
11 1160
101 1160
129 1162
686 1162
368 1163
381 1164
7 1165
25 1165
116 1165
531 1165
682 1165
887 1166
383 1167
361 1168
355 1169
452 1169
477 1169
587 1169
634 1169
1089 1169
98 1170
12 1171
291 1172
350 1173
542 1173
607 1173
728 1173
736 1173
737 1173
985 1173
11 1174
12 1174
17 1174
38 1174
47 1174
85 1174
636 1174
741 1174
12 1175
647 1175
4 1176
158 1176
61 1177
286 1177
258 1178
581 1178
78 1180
684 1181
11 1182
9 1183
395 1183
668 1183
883 1183
1035 1183
472 1184
595 1184
310 1185
575 1186
205 1187
86 1188
368 1189
795 1189
329 1190
352 1190
426 1190
704 1190
205 1191
318 1192
605 1192
685 1192
914 1192
1183 1192
356 1193
488 1194
1007 1194
11 1195
205 1196
108 1197
228 1197
573 1197
57 1199
508 1200
843 1200
1118 1200
257 1201
550 1201
629 1201
718 1202
80 1203
17 1204
491 1205
812 1206
56 1207
104 1207
192 1207
486 1207
509 1207
522 1207
573 1207
71 1208
277 1208
433 1208
846 1208
11 1209
515 1210
801 1210
605 1211
668 1211
1183 1211
80 1213
286 1216
451 1217
210 1218
902 1218
993 1219
1159 1220
210 1221
777 1221
286 1222
16 1223
522 1223
776 1223
391 1224
1114 1224
1200 1224
4 1225
51 1225
318 1225
446 1225
458 1225
685 1225
779 1225
914 1225
1192 1225
192 1226
193 1228
919 1228
1096 1228
1016 1229
491 1230
205 1231
15 1232
1142 1232
531 1234
202 1236
103 1237
510 1237
627 1237
477 1240
217 1241
194 1242
317 1242
354 1242
368 1242
380 1242
542 1242
839 1242
1042 1242
103 1243
1198 1243
735 1244
11 1246
78 1248
193 1248
549 1248
573 1248
676 1248
1083 1248
1154 1248
235 1250
280 1250
363 1250
728 1250
11 1251
704 1252
12 1253
435 1253
636 1253
844 1253
921 1253
1137 1253
108 1254
228 1254
573 1254
371 1255
104 1256
318 1256
446 1256
778 1256
914 1256
1074 1256
1225 1256
265 1257
3 1258
172 1258
180 1258
240 1258
349 1258
437 1258
664 1258
792 1258
803 1258
1083 1258
1159 1258
11 1259
12 1259
17 1259
47 1259
85 1259
741 1259
844 1259
1248 1259
121 1260
368 1262
833 1262
597 1263
17 1265
584 1266
881 1267
355 1268
607 1268
291 1269
887 1270
663 1271
182 1272
741 1273
956 1273
1225 1273
1228 1273
1256 1273
11 1274
268 1274
400 1274
375 1275
110 1276
198 1276
258 1276
597 1276
766 1276
784 1276
597 1277
321 1278
375 1278
1214 1278
843 1279
1114 1279
1118 1279
108 1280
919 1280
154 1281
494 1281
683 1281
500 1282
864 1282
970 1282
943 1283
981 1283
383 1284
395 1284
80 1285
865 1286
384 1287
556 1287
1047 1287
1082 1287
734 1288
483 1289
486 1289
623 1290
310 1291
531 1292
1154 1292
477 1293
356 1294
102 1296
158 1296
297 1296
653 1296
1236 1296
320 1297
371 1297
762 1297
545 1298
887 1298
202 1300
388 1300
622 1300
925 1301
1054 1302
1300 1302
286 1303
734 1304
293 1305
687 1305
78 1306
108 1306
761 1306
778 1306
1083 1306
1259 1306
205 1307
349 1307
446 1307
792 1307
882 1307
1074 1307
1159 1307
508 1308
1118 1308
745 1310
758 1311
477 1312
146 1313
805 1315
1027 1315
597 1316
1013 1316
762 1317
778 1318
24 1319
206 1319
410 1319
578 1319
685 1319
717 1319
820 1319
1006 1319
1150 1319
1225 1319
706 1320
755 1320
783 1320
1094 1320
236 1321
584 1321
11 1322
822 1322
127 1323
1 1324
7 1325
498 1325
108 1326
573 1326
1141 1326
100 1327
488 1327
959 1327
1274 1327
1281 1327
1326 1328
116 1329
156 1330
193 1332
555 1332
931 1332
1107 1332
11 1333
12 1334
42 1335
101 1336
80 1337
169 1337
306 1337
337 1337
477 1337
1225 1337
1256 1337
361 1338
583 1338
887 1338
7 1339
92 1339
403 1339
416 1339
531 1339
682 1339
699 1339
746 1339
112 1341
364 1341
730 1341
58 1342
1 1343
222 1343
560 1343
567 1343
854 1343
12 1344
210 1345
11 1346
286 1347
408 1348
578 1348
12 1349
13 1349
43 1349
84 1349
427 1349
565 1349
784 1349
832 1349
984 1349
854 1350
80 1351
545 1352
154 1353
234 1353
268 1353
481 1353
914 1353
121 1354
205 1355
396 1356
653 1356
1077 1356
7 1357
231 1357
156 1358
689 1358
898 1360
488 1361
972 1361
708 1362
7 1363
253 1363
865 1365
887 1366
746 1367
1154 1367
1292 1367
57 1368
108 1369
887 1370
45 1371
205 1371
81 1372
97 1372
741 1372
977 1373
375 1374
516 1377
545 1378
110 1380
1082 1380
1227 1380
1263 1380
71 1381
386 1381
644 1381
679 1382
931 1382
948 1382
483 1383
830 1384
751 1385
12 1386
647 1386
743 1386
930 1386
80 1387
1294 1388
375 1389
51 1390
410 1391
463 1392
75 1393
268 1393
604 1393
914 1393
976 1393
17 1394
156 1394
412 1394
1243 1394
762 1395
205 1396
491 1396
624 1396
15 1397
121 1398
246 1399
391 1399
525 1399
1200 1399
1279 1399
140 1401
621 1401
682 1401
761 1401
156 1402
486 1402
4 1404
158 1404
396 1404
778 1404
12 1405
12 1406
309 1407
347 1408
485 1408
641 1408
851 1408
1198 1409
12 1410
121 1411
545 1412
357 1413
11 1414
80 1415
477 1415
477 1416
1 1418
80 1418
193 1418
381 1418
477 1418
531 1418
821 1418
1339 1418
5 1419
349 1419
449 1419
882 1419
368 1420
90 1421
69 1422
330 1422
129 1423
594 1423
320 1425
1140 1425
1268 1425
1408 1426
121 1427
147 1427
121 1428
59 1429
236 1429
730 1429
950 1429
1349 1429
1424 1429
121 1430
136 1430
349 1430
1159 1430
1258 1431
784 1432
57 1433
1368 1433
1 1434
7 1435
341 1435
53 1438
110 1438
118 1438
812 1438
904 1438
927 1438
950 1438
1341 1438
1258 1439
1438 1440
12 1441
415 1441
262 1442
552 1443
12 1444
13 1444
84 1444
188 1444
364 1444
516 1444
784 1444
832 1444
984 1444
1031 1444
275 1445
778 1446
1072 1446
532 1447
564 1447
426 1448
103 1449
169 1450
351 1450
407 1450
210 1451
777 1451
812 1451
1027 1451
78 1452
92 1452
116 1452
216 1452
311 1452
392 1452
837 1452
949 1452
1083 1452
1111 1452
1154 1452
1367 1452
90 1453
1016 1454
1 1455
415 1455
416 1455
486 1455
509 1455
847 1455
919 1455
349 1457
706 1457
755 1457
310 1458
95 1459
689 1459
1349 1459
1444 1459
309 1461
604 1462
947 1463
864 1464
898 1465
56 1466
192 1466
509 1466
522 1466
847 1466
1273 1466
725 1467
486 1468
333 1469
721 1469
763 1469
1149 1469
5 1470
197 1471
402 1471
717 1471
729 1471
1228 1471
545 1472
51 1473
379 1475
1016 1476
124 1478
142 1478
177 1478
415 1478
441 1478
719 1478
1179 1478
1292 1478
303 1479
778 1479
1184 1479
1302 1479
349 1480
564 1480
943 1481
985 1481
355 1482
17 1484
11 1485
210 1486
812 1486
1027 1486
1423 1487
403 1488
751 1488
12 1489
483 1490
210 1491
786 1491
812 1491
59 1492
291 1492
950 1492
982 1492
887 1493
545 1494
532 1495
564 1495
57 1496
776 1496
1394 1497
94 1498
320 1498
762 1498
1250 1498
819 1499
956 1499
1225 1499
237 1500
836 1500
1081 1500
12 1501
20 1501
84 1501
154 1501
217 1501
331 1501
404 1501
600 1501
615 1501
630 1501
898 1501
1005 1501
1026 1501
1093 1501
1393 1501
1436 1501
118 1502
187 1502
560 1503
75 1504
1501 1504
434 1506
327 1507
687 1507
1244 1507
1474 1507
1505 1507
141 1508
2 1510
206 1510
454 1510
578 1510
717 1510
966 1510
979 1510
1150 1510
1256 1510
1348 1510
193 1511
1113 1511
1332 1511
928 1512
1081 1513
1202 1513
1500 1513
37 1514
121 1514
147 1514
1177 1514
1258 1515
581 1516
160 1517
609 1517
878 1517
1086 1517
367 1518
520 1519
1319 1520
309 1521
466 1523
683 1523
320 1524
420 1525
623 1525
206 1526
914 1526
121 1527
421 1528
17 1529
224 1529
510 1529
11 1530
42 1530
110 1530
758 1530
776 1530
1335 1530
3 1531
51 1531
56 1531
179 1531
218 1531
381 1531
882 1531
1159 1531
1183 1531
947 1532
96 1533
156 1533
1087 1534
1296 1534
477 1535
545 1536
808 1537
907 1537
947 1537
483 1538
205 1539
1371 1539
1396 1539
84 1540
734 1540
1201 1540
406 1541
432 1541
437 1541
632 1541
1159 1541
545 1542
1027 1543
310 1544
1013 1545
1 1546
146 1546
154 1547
182 1547
489 1547
726 1547
1529 1547
472 1548
1437 1548
200 1549
206 1549
234 1549
778 1549
51 1550
234 1550
914 1550
116 1551
137 1552
69 1553
368 1553
1422 1553
60 1554
122 1554
143 1554
167 1554
232 1554
281 1554
747 1554
983 1554
1008 1554
755 1555
116 1557
164 1557
279 1557
446 1557
682 1557
1233 1557
1337 1557
1526 1557
530 1558
688 1558
1223 1558
368 1559
474 1562
761 1563
1 1564
58 1565
376 1567
452 1568
607 1568
1425 1568
27 1569
836 1569
1309 1569
1384 1569
1469 1569
574 1570
970 1570
52 1571
305 1571
685 1572
210 1573
90 1574
163 1575
1133 1575
59 1576
84 1577
291 1577
597 1578
11 1579
275 1580
527 1580
140 1581
217 1581
238 1581
308 1581
322 1581
326 1581
438 1581
458 1581
883 1581
1225 1581
1390 1581
1550 1581
418 1582
460 1582
1423 1582
1487 1582
379 1583
1036 1583
617 1584
56 1585
205 1585
352 1585
286 1586
7 1587
156 1587
234 1587
335 1587
385 1587
424 1587
604 1587
689 1587
891 1587
914 1587
950 1587
1072 1587
1321 1587
1343 1587
1444 1587
573 1588
27 1589
453 1589
626 1589
649 1589
893 1589
1261 1589
1469 1589
830 1590
784 1591
649 1592
661 1592
830 1592
1513 1592
1590 1592
156 1593
316 1593
846 1593
749 1595
80 1596
98 1597
808 1598
947 1598
980 1599
410 1601
979 1601
520 1602
741 1602
1207 1602
1228 1602
1256 1602
1242 1603
483 1604
1136 1605
1128 1606
1584 1606
1595 1606
349 1607
706 1607
145 1608
162 1608
208 1608
515 1608
658 1608
717 1608
924 1608
1210 1608
887 1609
355 1610
1016 1611
734 1612
599 1613
619 1613
843 1613
1424 1613
1525 1613
12 1614
142 1614
740 1614
885 1614
969 1614
1010 1614
1203 1614
1285 1614
1337 1614
1415 1614
1483 1614
21 1615
733 1616
59 1617
169 1618
260 1618
795 1618
1430 1618
1557 1618
712 1620
925 1622
169 1623
463 1623
472 1624
762 1625
1250 1625
900 1626
1418 1626
689 1627
320 1628
762 1628
1242 1628
174 1629
505 1629
1026 1629
58 1630
156 1631
296 1631
384 1631
666 1631
689 1631
730 1631
1380 1631
1444 1631
735 1633
157 1635
179 1635
217 1635
542 1635
736 1635
1103 1635
316 1636
486 1636
108 1637
416 1637
572 1637
685 1637
919 1637
1581 1637
634 1638
1094 1638
192 1639
1036 1640
1110 1640
950 1643
1341 1643
957 1644
1235 1644
1567 1644
426 1645
656 1646
154 1647
481 1647
1023 1647
12 1648
103 1648
695 1648
730 1648
1198 1648
1394 1648
390 1649
639 1649
80 1651
81 1651
778 1651
925 1651
58 1652
217 1653
572 1653
573 1653
685 1653
581 1656
86 1657
272 1658
1081 1658
1044 1659
737 1660
1250 1660
491 1661
78 1662
109 1662
1083 1662
121 1663
276 1664
898 1665
752 1666
584 1667
1 1668
59 1668
623 1668
610 1669
1036 1670
221 1671
285 1671
777 1672
812 1672
1027 1672
199 1673
846 1674
887 1676
1298 1676
205 1677
140 1678
228 1678
573 1678
160 1679
772 1680
868 1680
61 1681
581 1682
84 1683
182 1683
291 1683
367 1683
516 1683
726 1683
984 1683
1253 1683
141 1684
182 1684
1059 1684
887 1685
46 1686
95 1686
277 1686
689 1686
730 1686
1040 1686
1048 1686
1349 1686
1650 1686
1214 1687
4 1688
1000 1688
1087 1688
264 1689
380 1689
583 1689
833 1689
839 1689
1069 1689
1242 1689
1250 1689
663 1691
1049 1691
11 1692
758 1692
1381 1693
6 1694
78 1694
549 1694
10 1695
15 1696
1554 1696
52 1698
129 1698
1571 1698
993 1699
368 1700
722 1701
804 1701
1453 1701
1642 1701
102 1703
1501 1704
383 1705
813 1705
17 1707
57 1707
56 1708
112 1709
133 1709
156 1709
227 1709
405 1709
471 1709
702 1709
850 1709
888 1709
1117 1709
1438 1709
1502 1709
1683 1710
697 1711
1309 1711
397 1712
751 1714
163 1715
961 1715
1133 1715
489 1716
510 1716
1379 1717
1140 1718
1635 1718
368 1719
58 1720
110 1720
323 1720
488 1720
708 1720
843 1720
379 1721
12 1722
17 1722
481 1722
510 1722
1023 1722
1281 1722
686 1724
121 1725
429 1726
1081 1726
1548 1726
341 1727
917 1727
3 1729
84 1729
154 1729
217 1729
331 1729
402 1729
615 1729
630 1729
677 1729
987 1729
1093 1729
1393 1729
1655 1729
486 1730
158 1732
1688 1732
74 1733
1480 1733
1634 1733
354 1736
1094 1736
1242 1736
189 1737
308 1737
914 1737
1256 1737
1460 1737
78 1738
1651 1738
683 1739
1327 1739
17 1740
510 1740
1204 1740
121 1741
623 1742
286 1743
210 1744
216 1745
390 1745
415 1745
469 1745
573 1745
621 1745
746 1745
796 1745
898 1745
1550 1745
762 1746
78 1747
185 1747
193 1747
288 1747
402 1747
415 1747
497 1747
583 1747
710 1747
1083 1747
1091 1747
1318 1747
1338 1747
1372 1747
1608 1747
1651 1747
210 1748
777 1748
1531 1750
473 1751
671 1751
7 1753
127 1753
142 1753
145 1753
203 1753
279 1753
292 1753
447 1753
533 1753
782 1753
886 1753
1072 1753
1340 1753
1610 1753
1731 1753
12 1754
477 1755
379 1756
141 1757
1100 1758
103 1759
742 1759
1443 1759
1554 1760
205 1761
1224 1762
246 1763
1279 1763
107 1764
612 1764
653 1764
721 1764
763 1764
1058 1764
1158 1764
1176 1764
1296 1764
1356 1764
1 1765
12 1765
19 1765
114 1766
1437 1766
712 1767
1248 1767
8 1768
169 1768
205 1768
206 1768
402 1768
577 1768
991 1768
1165 1768
1390 1768
1551 1768
1697 1768
838 1769
1319 1770
1201 1771
452 1772
1094 1772
1169 1772
1568 1772
57 1773
375 1774
845 1775
80 1776
15 1777
106 1777
964 1777
100 1778
488 1778
527 1778
808 1778
888 1778
920 1778
1044 1778
102 1780
474 1780
759 1780
49 1781
557 1781
610 1781
743 1781
1048 1781
466 1782
683 1782
1327 1782
1085 1783
118 1784
427 1784
742 1784
796 1784
984 1784
316 1786
17 1787
57 1787
854 1788
355 1789
782 1789
886 1789
1753 1789
376 1790
110 1791
1082 1791
1316 1791
1785 1791
627 1792
1547 1792
333 1793
759 1793
1305 1794
1094 1795
1173 1795
751 1797
864 1798
1282 1798
623 1799
898 1799
433 1800
812 1801
11 1802
519 1803
1364 1803
496 1804
262 1805
1569 1807
1589 1807
574 1808
1464 1808
1646 1808
375 1809
545 1810
277 1811
950 1811
1492 1811
545 1812
802 1813
53 1814
476 1814
812 1814
950 1814
1440 1814
1554 1814
1644 1814
12 1815
666 1815
286 1816
1382 1817
933 1818
1709 1818
1 1819
416 1819
919 1819
1072 1820
642 1821
157 1822
350 1822
355 1822
737 1822
985 1822
1247 1822
1498 1822
1718 1822
1753 1822
45 1823
925 1824
925 1825
1683 1826
379 1827
488 1827
708 1827
915 1827
959 1827
1036 1827
1130 1827
1238 1827
12 1828
121 1829
408 1830
1319 1830
1471 1830
1608 1830
368 1831
751 1832
234 1833
605 1833
794 1833
1745 1833
11 1834
887 1835
776 1836
1742 1837
1258 1838
121 1839
1686 1840
666 1841
879 1841
405 1842
4 1843
45 1843
215 1843
221 1843
286 1843
359 1843
389 1843
448 1843
450 1843
590 1843
624 1843
778 1843
882 1843
924 1843
1074 1843
1245 1843
1250 1843
1553 1843
1559 1843
1700 1843
1768 1843
1831 1843
355 1844
549 1844
685 1844
1083 1844
1192 1844
446 1845
792 1845
882 1845
1244 1846
12 1847
950 1848
1341 1848
898 1849
17 1850
57 1850
1083 1851
1214 1852
1278 1852
1016 1853
28 1854
92 1854
383 1854
1418 1854
1619 1854
1698 1854
3 1855
5 1855
217 1855
449 1855
882 1855
1167 1855
1183 1855
1556 1855
185 1856
221 1856
285 1856
1256 1856
205 1857
1747 1858
510 1859
627 1859
1547 1859
59 1860
1 1861
78 1861
778 1861
11 1862
489 1863
78 1864
463 1865
545 1866
165 1867
819 1867
121 1868
286 1868
224 1869
1094 1870
1267 1870
43 1871
516 1871
742 1871
796 1871
1353 1871
7 1872
355 1872
549 1872
685 1872
1083 1872
1319 1872
368 1873
833 1873
1262 1873
1498 1873
233 1874
531 1874
1165 1874
1339 1874
1557 1874
172 1875
803 1875
1258 1875
201 1876
246 1876
391 1876
451 1876
1279 1876
1308 1876
887 1877
742 1878
689 1879
1444 1879
1784 1879
7 1880
56 1880
69 1880
75 1880
116 1880
416 1880
573 1880
795 1880
919 1880
1747 1880
1768 1880
1133 1881
1575 1881
296 1882
384 1882
638 1882
666 1882
689 1882
734 1882
1201 1882
1287 1882
1380 1882
1444 1882
1758 1883
101 1884
923 1884
708 1885
573 1886
1471 1886
887 1887
266 1888
496 1888
157 1890
355 1890
373 1890
985 1890
1247 1890
1498 1890
1718 1890
45 1891
92 1892
195 1892
253 1892
383 1892
1096 1892
1580 1893
121 1894
1186 1895
1173 1896
58 1897
96 1897
338 1897
481 1897
599 1897
776 1897
798 1897
811 1897
843 1897
1118 1897
1132 1897
1467 1897
1525 1897
1796 1897
1381 1898
355 1899
982 1900
1349 1900
1258 1901
1 1902
375 1903
118 1904
776 1904
1077 1905
1764 1905
140 1906
238 1906
326 1906
1531 1906
1550 1906
1594 1906
887 1907
141 1908
614 1908
1059 1908
333 1909
580 1909
697 1909
1769 1909
898 1910
496 1911
517 1911
1319 1912
1550 1912
1737 1912
610 1913
310 1914
346 1914
348 1915
58 1916
572 1917
1427 1917
193 1918
235 1919
363 1919
728 1919
1625 1919
1689 1919
1 1920
249 1920
486 1920
847 1920
919 1920
1819 1920
1846 1921
33 1922
59 1922
81 1922
203 1922
217 1922
455 1922
730 1922
1009 1922
1050 1922
1060 1922
1343 1922
1576 1922
1577 1922
1617 1922
1668 1922
1860 1922
78 1923
179 1923
1478 1923
545 1924
94 1926
1498 1926
1118 1927
1 1928
108 1928
6 1929
78 1929
179 1929
194 1929
361 1929
477 1929
492 1929
887 1929
1258 1929
1478 1929
1541 1929
1753 1929
1 1930
59 1930
623 1930
1668 1930
1922 1930
542 1931
587 1931
634 1931
981 1931
1103 1931
1753 1931
355 1932
361 1932
1753 1932
1581 1933
1745 1933
1912 1933
1027 1934
90 1935
1268 1936
1568 1936
1822 1936
1890 1936
483 1937
581 1937
1223 1938
205 1939
1 1940
8 1940
117 1940
124 1940
142 1940
177 1940
228 1940
290 1940
415 1940
531 1940
685 1940
951 1940
962 1940
1102 1940
1452 1940
1581 1940
1678 1940
1906 1940
950 1942
982 1942
1341 1942
1492 1942
429 1943
534 1943
789 1943
1356 1943
1404 1943
356 1944
201 1946
246 1946
391 1946
451 1946
508 1946
623 1946
898 1946
1118 1946
1200 1946
1308 1946
1897 1946
182 1947
315 1947
451 1947
514 1947
623 1947
715 1947
790 1947
843 1947
859 1947
939 1947
1118 1947
1417 1947
1565 1947
1652 1947
1916 1947
140 1948
623 1948
710 1948
1587 1948
1613 1948
1897 1948
483 1949
1922 1950
1 1951
1343 1951
205 1952
86 1953
1925 1953
265 1954
6 1955
194 1955
233 1955
286 1955
355 1955
393 1955
499 1955
694 1955
698 1955
917 1955
1128 1956
759 1957
268 1958
431 1958
5 1959
4 1960
182 1960
193 1960
415 1960
778 1960
785 1960
1299 1960
1767 1960
1867 1960
12 1961
1344 1961
1754 1961
1768 1962
70 1963
275 1963
749 1963
1728 1963
1778 1963
370 1964
807 1964
1022 1964
1088 1964
1105 1964
1249 1964
1889 1964
399 1965
477 1965
624 1966
1371 1966
1396 1966
56 1967
140 1967
192 1967
195 1967
222 1967
481 1967
583 1967
596 1967
848 1967
868 1967
1042 1967
1096 1967
1154 1967
1343 1967
1455 1967
1478 1967
1745 1967
1747 1967
1819 1967
1940 1967
1960 1967
127 1968
1742 1969
762 1970
270 1971
178 1972
215 1972
340 1972
425 1972
462 1972
266 1973
496 1973
1561 1973
1613 1974
1429 1975
1631 1975
463 1976
1865 1976
7 1977
385 1977
424 1977
914 1977
1266 1977
1349 1977
1424 1977
1509 1977
1667 1977
396 1978
474 1978
825 1978
1158 1978
1943 1978
1192 1980
1225 1980
1256 1980
1646 1981
286 1982
1557 1983
1897 1984
296 1985
384 1985
638 1985
666 1985
689 1985
730 1985
1201 1985
1444 1985
1492 1985
136 1986
286 1986
349 1986
682 1986
1159 1986
1874 1986
402 1987
450 1987
1140 1987
751 1988
242 1989
310 1989
1332 1989
784 1990
90 1991
154 1992
489 1992
726 1992
1438 1992
1859 1992
368 1993
403 1994
80 1995
12 1996
58 1996
435 1996
609 1996
1517 1996
1947 1996
121 1997
352 1998
762 1999
474 2000
759 2000
154 2001
1353 2001
1504 2001
1704 2001
1880 2001
830 2002
1569 2002
982 2004
1243 2004
1409 2004
1749 2004
349 2005
882 2005
658 2006
1210 2006
777 2007
1068 2007
741 2008
956 2008
1225 2008
623 2009
1258 2010
1286 2010
1606 2011
73 2012
503 2012
882 2012
1167 2012
1284 2012
1854 2012
1892 2012
118 2013
1709 2013
483 2014
581 2015
11 2016
313 2017
758 2017
776 2017
597 2018
1380 2018
1843 2019
325 2020
336 2020
898 2020
675 2021
752 2021
1133 2022
1575 2022
1715 2022
545 2023
1394 2024
5 2025
898 2026
1897 2026
726 2027
1174 2027
1253 2027
1259 2027
368 2028
795 2028
1843 2028
57 2029
776 2029
327 2030
376 2031
751 2032
605 2033
685 2033
92 2034
116 2034
703 2034
309 2035
1967 2035
1575 2036
182 2038
591 2038
92 2039
195 2039
403 2039
2012 2039
217 2040
458 2040
685 2040
813 2040
1581 2040
7 2041
732 2041
914 2041
1266 2041
1321 2041
1452 2041
1632 2041
1205 2042
1973 2043
192 2045
205 2046
1256 2047
1531 2047
1750 2047
71 2048
84 2048
141 2048
545 2050
489 2051
1716 2051
1259 2052
210 2053
777 2053
957 2054
1814 2054
275 2055
749 2055
1598 2055
210 2056
488 2057
843 2057
915 2057
1295 2057
545 2058
6 2059
78 2059
415 2059
435 2060
550 2060
688 2060
545 2061
898 2062
1972 2063
205 2065
206 2066
318 2066
408 2066
446 2066
779 2066
914 2066
1074 2066
1225 2066
1273 2066
1510 2066
1737 2066
1750 2066
2008 2066
662 2067
1505 2067
1633 2067
1641 2067
1224 2068
851 2069
1426 2069
1988 2069
979 2070
359 2071
1140 2071
1880 2071
1390 2072
1683 2072
884 2073
1094 2073
1169 2073
375 2074
610 2074
684 2074
1375 2074
1687 2074
6 2075
306 2075
436 2075
549 2075
1258 2075
1419 2075
5 2076
349 2076
882 2076
103 2077
662 2078
687 2078
871 2078
1244 2078
1505 2078
2044 2078
329 2079
352 2079
426 2079
704 2079
1190 2079
197 2080
481 2080
544 2080
572 2080
1637 2080
1653 2080
2040 2080
898 2081
286 2082
210 2083
239 2083
1244 2083
1921 2083
84 2084
165 2084
286 2084
324 2084
377 2084
382 2084
395 2084
485 2084
528 2084
712 2084
899 2084
956 2084
1401 2084
1488 2084
1880 2084
2037 2084
2039 2084
760 2086
1517 2086
156 2087
234 2087
300 2087
335 2087
424 2087
604 2087
950 2087
1051 2087
1266 2087
1321 2087
1343 2087
1349 2087
1444 2087
1587 2087
1745 2087
1948 2087
776 2089
320 2090
95 2091
1040 2091
121 2092
1634 2094
1733 2094
141 2096
826 2097
11 2098
1322 2098
899 2099
2084 2099
240 2100
301 2100
349 2100
536 2100
740 2100
792 2100
803 2100
1091 2100
1285 2100
1286 2100
1365 2100
1372 2100
1955 2100
2075 2100
265 2101
957 2102
1235 2102
1567 2102
17 2103
1547 2103
70 2104
154 2104
400 2104
466 2104
547 2104
1353 2104
1393 2104
1723 2104
1958 2104
113 2105
831 2105
869 2105
936 2105
1188 2105
1212 2105
1654 2105
1925 2105
71 2107
108 2107
123 2107
142 2107
433 2107
573 2107
685 2107
710 2107
919 2107
1094 2107
1241 2107
1531 2107
1635 2107
1653 2107
1855 2107
1872 2107
1922 2107
2040 2107
286 2108
1072 2109
980 2110
1104 2110
141 2111
310 2112
1007 2113
925 2114
545 2115
887 2115
329 2116
910 2117
323 2118
1327 2118
1720 2118
976 2119
1023 2119
2106 2119
349 2120
882 2120
2035 2121
1843 2122
65 2123
84 2123
258 2123
291 2123
331 2123
610 2123
633 2123
926 2123
1079 2123
1178 2123
1436 2123
1516 2123
1682 2123
1757 2123
1937 2123
511 2124
536 2124
1955 2124
491 2125
1569 2126
491 2127
361 2128
313 2129
465 2129
1530 2129
57 2130
90 2131
981 2132
985 2132
1701 2133
320 2135
1242 2135
286 2136
1 2137
7 2137
83 2137
371 2137
448 2137
881 2137
1338 2137
1689 2137
1747 2137
1967 2137
914 2138
1052 2138
1225 2138
1912 2138
2040 2138
12 2139
1529 2140
933 2141
1805 2141
121 2142
280 2142
542 2142
607 2142
762 2142
1660 2142
2137 2142
545 2143
461 2144
658 2145
1059 2146
1684 2146
379 2147
121 2148
974 2148
704 2149
11 2150
127 2151
355 2151
209 2152
1363 2152
146 2153
415 2153
1379 2154
2035 2155
477 2156
1755 2156
898 2157
1897 2157
340 2158
1713 2158
751 2159
1243 2160
1409 2160
1749 2160
898 2161
920 2163
1841 2164
291 2165
80 2166
758 2167
1692 2167
352 2168
463 2168
768 2168
847 2168
1112 2168
1190 2168
1392 2168
1695 2168
1998 2168
752 2169
486 2170
666 2170
726 2170
1253 2170
1259 2170
2168 2171
1368 2172
574 2173
970 2173
275 2174
527 2174
1598 2174
1778 2174
11 2175
116 2177
710 2177
1154 2177
1264 2177
1452 2177
1478 2177
818 2178
2083 2178
1 2180
142 2180
426 2180
641 2180
699 2180
1455 2180
1466 2180
1531 2180
1581 2180
1735 2180
1998 2180
286 2181
958 2181
977 2182
1919 2183
305 2184
594 2184
1582 2184
1698 2184
193 2185
545 2186
141 2187
1781 2187
313 2188
2017 2188
2129 2188
865 2190
1875 2190
1016 2191
266 2192
496 2192
57 2193
522 2193
1174 2193
1040 2194
1444 2195
286 2196
415 2196
485 2196
586 2196
956 2196
1585 2196
1639 2196
2045 2196
610 2197
376 2198
310 2199
778 2200
742 2201
1479 2202
1979 2202
376 2203
762 2204
1922 2205
169 2206
477 2206
1256 2206
1307 2206
1843 2206
351 2208
1557 2208
1986 2208
265 2209
1954 2209
121 2210
475 2211
898 2211
486 2212
1558 2212
286 2213
297 2214
612 2214
1087 2214
1296 2214
1766 2215
1843 2216
351 2217
1112 2218
1623 2218
751 2219
1712 2220
408 2221
1319 2221
1348 2221
1510 2221
803 2222
1258 2222
1875 2222
262 2223
722 2224
925 2224
1701 2224
477 2225
181 2226
368 2226
905 2226
1843 2226
777 2227
1152 2227
2074 2228
887 2229
997 2229
72 2230
272 2230
448 2230
763 2230
1658 2230
17 2231
477 2232
925 2232
1965 2232
1548 2233
1766 2233
3 2234
84 2234
209 2234
286 2234
291 2234
1004 2234
1207 2234
1880 2234
1994 2234
2037 2234
158 2235
778 2235
1126 2235
928 2237
762 2238
70 2239
100 2239
268 2239
527 2239
888 2239
7 2240
385 2240
1266 2240
1321 2240
1452 2240
1632 2240
129 2241
1487 2241
2184 2241
706 2243
61 2244
286 2244
17 2245
368 2246
925 2247
1332 2248
90 2249
887 2250
108 2251
201 2251
919 2251
1096 2251
1729 2251
1747 2251
1768 2251
1987 2251
477 2252
477 2253
242 2254
1107 2254
1332 2254
1382 2254
1186 2255
366 2256
805 2256
1027 2256
1751 2256
947 2257
408 2258
1319 2258
329 2259
2079 2259
1940 2260
887 2261
108 2262
299 2262
3 2263
206 2263
914 2263
1526 2263
1557 2263
215 2264
1421 2264
1642 2264
1935 2264
2131 2264
2236 2264
198 2265
754 2265
1882 2265
1985 2265
43 2266
84 2266
776 2266
796 2266
1759 2266
2201 2266
522 2267
156 2268
486 2268
286 2269
511 2269
694 2269
698 2269
712 2269
1452 2269
1955 2269
1569 2270
93 2271
961 2272
1133 2272
1421 2272
1673 2272
127 2273
493 2273
423 2274
486 2274
21 2275
15 2276
53 2276
110 2276
898 2276
950 2276
2054 2276
286 2278
958 2278
237 2279
368 2279
534 2279
545 2279
549 2279
2137 2279
2230 2279
210 2280
1221 2280
812 2281
361 2282
1168 2282
999 2283
1145 2283
1194 2283
1403 2283
1778 2283
262 2284
2141 2284
1426 2286
1988 2286
2159 2286
11 2287
683 2287
1327 2287
11 2288
43 2289
84 2289
353 2289
427 2289
516 2289
552 2289
776 2289
796 2289
984 2289
1878 2289
708 2290
411 2291
2148 2291
12 2292
768 2293
1112 2293
1190 2293
1998 2293
266 2294
996 2294
92 2296
140 2296
216 2296
392 2296
531 2296
837 2296
1154 2296
1220 2296
1940 2296
102 2297
759 2297
1054 2297
1236 2297
78 2298
194 2298
361 2298
477 2298
1258 2298
1753 2298
1923 2298
1940 2298
2180 2298
483 2299
486 2299
761 2300
1510 2301
17 2302
224 2302
243 2302
489 2302
510 2302
1547 2302
2140 2302
355 2303
1433 2304
108 2305
666 2306
4 2307
10 2307
45 2307
116 2307
181 2307
286 2307
389 2307
446 2307
491 2307
570 2307
590 2307
624 2307
750 2307
778 2307
882 2307
944 2307
1245 2307
1250 2307
1371 2307
1422 2307
1553 2307
1559 2307
1689 2307
1719 2307
1768 2307
1919 2307
2028 2307
2216 2307
2226 2307
1683 2308
78 2310
138 2310
583 2311
1498 2311
1873 2311
2137 2311
721 2312
763 2312
1149 2312
1569 2312
1589 2312
57 2313
557 2313
1734 2313
1815 2313
1278 2314
1214 2315
1278 2315
2074 2315
118 2316
1709 2316
100 2317
227 2317
2283 2317
1955 2318
813 2320
914 2320
1256 2320
1653 2320
1705 2320
1912 2320
2040 2320
2066 2320
51 2321
796 2322
1 2323
192 2324
2196 2324
812 2325
17 2326
522 2326
1773 2326
15 2327
15 2328
108 2328
796 2328
1353 2328
1393 2328
1554 2328
1803 2328
488 2329
1036 2329
1130 2329
1238 2329
185 2330
595 2331
1479 2331
2003 2331
364 2332
982 2332
1394 2332
2004 2332
1955 2333
477 2334
2156 2334
1851 2335
11 2336
5 2337
285 2337
369 2337
472 2337
712 2337
1052 2337
1054 2337
1159 2337
1176 2337
1225 2337
1549 2337
1557 2337
1671 2337
1688 2337
1843 2337
1940 2337
2003 2337
2066 2337
185 2338
86 2339
1305 2339
1 2340
51 2340
124 2340
142 2340
177 2340
220 2340
392 2340
719 2340
1111 2340
1179 2340
1248 2340
1292 2340
1367 2340
1581 2340
2260 2340
1660 2341
1822 2341
169 2342
206 2342
1557 2342
1753 2342
12 2343
103 2344
116 2345
1747 2345
169 2346
1557 2346
355 2347
1253 2348
155 2349
215 2349
340 2349
570 2349
1554 2350
1130 2351
205 2352
364 2353
530 2353
1394 2353
1492 2353
108 2354
426 2354
572 2354
1403 2355
1659 2355
1778 2355
376 2356
11 2357
242 2358
11 2359
1675 2359
2179 2359
1657 2360
2105 2360
2248 2361
107 2362
1469 2362
1979 2362
1 2363
146 2363
415 2363
666 2364
61 2365
59 2366
291 2366
982 2366
1031 2366
1429 2366
1811 2366
1922 2366
1942 2366
1975 2366
2353 2366
458 2367
1581 2367
1608 2367
1737 2367
2138 2367
812 2368
977 2369
1821 2370
7 2371
127 2371
142 2371
145 2371
279 2371
533 2371
593 2371
782 2371
886 2371
935 2371
1482 2371
1610 2371
1747 2371
1789 2371
1844 2371
1931 2371
2298 2371
2303 2371
2342 2371
466 2372
683 2372
663 2373
115 2374
121 2374
205 2374
545 2374
583 2374
757 2374
1297 2374
1625 2374
1870 2374
2137 2374
2341 2374
778 2375
7 2376
751 2377
95 2378
1501 2378
21 2379
643 2379
3 2380
126 2380
509 2380
668 2380
813 2380
883 2380
1192 2380
1211 2380
1550 2380
98 2381
925 2381
925 2382
1059 2383
1684 2383
1413 2384
1554 2384
11 2385
1613 2386
1919 2387
477 2388
169 2389
1083 2389
2335 2389
2072 2390
458 2391
1192 2391
1256 2391
2138 2391
486 2392
1201 2392
2060 2392
762 2393
884 2393
1094 2393
1169 2393
1931 2393
210 2394
78 2395
180 2395
664 2395
1048 2395
1083 2395
1091 2395
1438 2396
1792 2396
862 2397
886 2397
1753 2397
2371 2397
1083 2398
1133 2399
12 2400
59 2400
196 2400
214 2400
390 2400
531 2400
533 2400
1048 2400
1319 2400
1429 2400
1526 2400
2066 2400
2263 2400
2342 2400
761 2401
477 2402
751 2404
84 2405
263 2405
375 2405
419 2405
1029 2405
1048 2405
1062 2405
1468 2405
1490 2405
1757 2405
2299 2405
435 2406
522 2406
1086 2406
776 2407
320 2408
371 2408
2374 2408
1039 2409
1221 2409
169 2410
285 2410
449 2410
534 2410
1159 2410
1173 2410
1306 2410
1557 2410
1843 2410
368 2411
1245 2411
463 2412
1478 2412
118 2413
427 2413
552 2413
984 2413
1759 2413
1878 2413
2201 2413
237 2414
763 2414
1081 2414
1202 2414
1469 2414
1764 2414
2230 2414
733 2415
802 2415
1310 2415
1506 2415
1616 2415
141 2416
384 2417
638 2417
689 2417
2060 2417
1742 2418
145 2419
162 2419
208 2419
515 2419
533 2419
658 2419
1653 2419
1747 2419
1830 2419
1932 2419
2006 2419
2040 2419
2367 2419
977 2420
12 2421
1754 2421
623 2422
751 2423
26 2424
383 2424
826 2424
884 2424
1094 2424
1635 2424
1923 2424
2012 2424
2298 2424
205 2425
405 2426
92 2427
533 2427
813 2427
1192 2427
1550 2427
1737 2427
1589 2428
21 2429
355 2430
778 2431
1747 2431
1557 2432
625 2433
355 2434
1052 2434
1753 2434
154 2435
214 2435
660 2435
20 2436
500 2436
537 2436
677 2436
987 2436
154 2437
600 2437
1704 2437
1880 2437
84 2438
165 2438
377 2438
382 2438
395 2438
528 2438
709 2438
797 2438
819 2438
956 2438
1135 2438
1401 2438
1585 2438
2037 2438
48 2439
169 2439
337 2439
368 2439
1307 2439
1843 2439
1845 2439
1 2440
443 2440
520 2440
785 2440
1519 2440
351 2441
156 2442
1717 2442
2154 2442
552 2443
984 2443
1759 2443
205 2444
328 2444
876 2444
937 2444
1230 2444
1396 2444
1539 2444
1661 2444
1806 2444
2042 2444
2125 2444
2127 2444
2295 2444
2307 2444
909 2445
1094 2445
1169 2445
141 2446
206 2447
788 2447
1531 2447
2066 2447
2258 2447
2400 2447
1507 2448
2030 2448
2067 2448
2078 2448
80 2449
98 2450
1704 2451
1729 2451
2001 2451
15 2452
1554 2452
11 2453
85 2453
688 2453
2212 2453
12 2454
1961 2454
210 2455
777 2455
1039 2455
1744 2455
2280 2455
2409 2455
153 2456
1237 2456
1792 2456
1859 2456
2103 2456
2444 2457
751 2458
1 2459
1343 2459
1709 2460
1381 2461
426 2462
90 2463
1972 2463
2272 2463
1554 2464
352 2465
847 2465
1112 2465
1190 2465
2168 2465
2180 2465
1381 2466
210 2467
358 2467
777 2467
887 2468
410 2469
999 2470
1075 2470
1403 2470
2277 2471
1445 2472
1580 2472
477 2473
486 2474
504 2474
812 2475
257 2476
259 2476
1314 2476
1631 2476
1882 2476
2085 2476
2285 2476
896 2477
1362 2477
1640 2477
1827 2477
2329 2477
483 2478
1062 2478
1383 2478
2405 2478
45 2479
57 2480
1199 2480
1803 2481
291 2482
974 2483
2291 2483
322 2484
738 2484
1225 2484
1390 2484
1473 2484
1478 2484
1594 2484
2064 2484
2207 2484
2340 2484
776 2485
452 2486
607 2486
905 2486
1425 2486
1936 2486
1258 2487
1541 2487
1614 2487
2100 2487
2395 2487
1955 2488
708 2489
812 2490
2030 2491
2067 2491
688 2492
2212 2492
154 2493
466 2493
683 2493
1327 2493
1722 2493
2104 2493
776 2494
1752 2494
129 2495
383 2495
1418 2495
1531 2495
2471 2495
491 2496
174 2497
968 2497
988 2497
993 2497
1122 2497
1239 2497
1359 2497
2189 2497
2319 2497
887 2498
155 2499
281 2500
898 2500
1796 2500
352 2501
768 2501
847 2501
1998 2501
210 2502
1614 2503
623 2504
1554 2505
887 2506
121 2507
136 2507
164 2507
1551 2507
1575 2508
1701 2508
1972 2508
2272 2508
1 2509
854 2509
778 2510
98 2511
4 2512
306 2512
436 2512
1018 2512
1307 2512
1419 2512
1470 2512
1531 2512
1855 2512
2025 2512
2337 2512
121 2513
59 2514
291 2514
1975 2514
2332 2514
2366 2514
1729 2515
865 2516
2010 2516
2100 2516
819 2517
956 2517
749 2518
1606 2518
349 2519
416 2519
1618 2519
270 2520
1130 2520
1779 2520
776 2521
752 2522
496 2523
1198 2524
1394 2524
2004 2524
114 2525
1085 2525
1548 2525
2215 2525
477 2526
887 2527
51 2528
703 2528
1581 2528
1768 2528
2497 2529
210 2530
2455 2530
185 2531
221 2531
285 2531
2337 2531
928 2532
98 2533
58 2534
60 2534
96 2534
143 2534
241 2534
295 2534
417 2534
420 2534
657 2534
747 2534
843 2534
973 2534
1008 2534
1142 2534
1566 2534
1706 2534
1814 2534
1945 2534
2350 2534
2452 2534
2500 2534
11 2535
2016 2535
755 2536
113 2537
1376 2537
1794 2537
379 2538
1955 2539
476 2540
1048 2540
98 2541
4 2542
458 2542
685 2542
785 2542
952 2542
1319 2542
1856 2542
2162 2542
2206 2542
2531 2542
121 2543
492 2544
1478 2544
1753 2544
2180 2544
310 2545
751 2546
762 2547
1120 2547
1258 2548
1 2550
11 2551
98 2552
1865 2553
689 2554
711 2554
661 2555
1569 2555
762 2556
1224 2557
483 2558
58 2559
1958 2560
2239 2560
335 2561
689 2561
982 2561
1349 2561
2266 2561
12 2562
84 2562
214 2562
261 2562
427 2562
597 2562
660 2562
675 2562
705 2562
832 2562
1003 2562
1048 2562
1071 2562
1330 2562
1358 2562
1381 2562
1402 2562
1490 2562
1533 2562
1587 2562
1593 2562
1631 2562
1683 2562
1717 2562
1985 2562
2048 2562
2268 2562
2309 2562
1764 2563
1803 2564
205 2565
581 2566
2123 2566
210 2567
777 2567
2280 2567
2409 2567
8 2568
553 2568
2296 2568
58 2569
1947 2569
286 2570
210 2571
812 2571
887 2572
155 2573
121 2574
286 2574
1522 2574
81 2575
185 2575
208 2575
288 2575
497 2575
545 2575
710 2575
924 2575
1651 2575
1940 2575
1965 2575
2419 2575
110 2576
597 2576
1316 2576
1545 2576
270 2577
329 2578
2079 2578
819 2579
956 2579
1319 2580
1510 2580
1728 2581
1963 2581
2174 2581
12 2582
826 2582
1040 2582
118 2583
2327 2584
1569 2585
1589 2585
2126 2585
174 2586
505 2586
1026 2586
1445 2587
1580 2587
192 2588
403 2588
2234 2588
2438 2588
553 2589
938 2589
734 2590
1558 2590
1705 2591
2320 2591
169 2592
1983 2592
2346 2592
545 2593
110 2594
476 2594
898 2594
530 2595
597 2595
629 2595
766 2595
2264 2596
2283 2597
364 2598
982 2598
1492 2598
2366 2598
45 2599
795 2600
136 2602
2296 2602
914 2603
1052 2603
1225 2603
1581 2603
1637 2603
1912 2603
2040 2603
2066 2603
2138 2603
2391 2603
1452 2604
11 2605
1136 2605
778 2606
477 2607
196 2608
621 2608
746 2608
1549 2608
1550 2608
1897 2608
2041 2608
2240 2608
367 2609
390 2609
610 2609
638 2609
1174 2609
1349 2609
1648 2609
2265 2609
2332 2609
2492 2609
2595 2609
217 2610
468 2610
469 2610
877 2610
1151 2610
1208 2610
1800 2610
1908 2610
2383 2610
205 2611
1196 2611
550 2612
629 2612
1314 2612
1771 2612
1882 2612
1985 2612
2392 2612
2406 2612
2417 2612
2609 2612
176 2613
234 2613
267 2613
375 2613
589 2613
608 2613
657 2613
725 2613
776 2613
920 2613
1114 2613
1118 2613
1132 2613
1290 2613
1467 2613
1525 2613
1668 2613
1742 2613
1814 2613
1837 2613
1849 2613
1876 2613
2009 2613
2106 2613
2276 2613
2386 2613
338 2614
375 2614
619 2614
657 2614
725 2614
811 2614
1424 2614
1465 2614
1525 2614
2386 2614
1614 2615
2503 2615
487 2616
1683 2616
141 2617
416 2618
700 2618
101 2619
236 2620
2087 2620
2240 2620
205 2621
96 2622
338 2622
599 2622
620 2622
776 2622
798 2622
843 2622
1023 2622
1114 2622
1132 2622
1364 2622
1424 2622
1467 2622
1525 2622
1796 2622
1876 2622
1948 2622
1974 2622
2026 2622
2386 2622
1554 2623
1438 2624
1814 2624
340 2625
2001 2626
2437 2626
1897 2627
286 2628
1712 2629
887 2630
92 2631
2084 2631
2234 2631
86 2632
1657 2632
472 2633
595 2633
1479 2633
193 2634
147 2635
544 2635
572 2635
1653 2635
2107 2635
26 2636
179 2636
2107 2636
2424 2636
1368 2637
1433 2637
2304 2637
7 2638
231 2638
416 2638
1325 2638
1190 2639
2218 2639
689 2640
730 2640
982 2640
1341 2640
1855 2641
379 2642
488 2642
1130 2642
1217 2642
1238 2642
1971 2642
2477 2642
2577 2642
2601 2642
887 2643
157 2644
350 2644
607 2644
728 2644
736 2644
737 2644
985 2644
1772 2644
1896 2644
2337 2644
2410 2644
286 2646
2574 2646
4 2647
5 2647
306 2647
436 2647
1018 2647
1307 2647
1470 2647
1531 2647
1855 2647
2433 2647
2144 2648
368 2649
1843 2649
2307 2649
939 2650
1778 2650
1827 2650
1821 2651
620 2652
920 2653
349 2654
449 2654
882 2654
1159 2654
1337 2654
2075 2654
2512 2654
169 2655
1190 2655
1557 2655
1695 2655
2307 2655
309 2656
1967 2656
17 2657
421 2658
1501 2658
121 2659
1111 2660
410 2661
179 2662
492 2662
1478 2662
1753 2662
2180 2662
210 2663
333 2664
251 2665
477 2665
1326 2666
286 2667
776 2668
1223 2668
98 2669
1210 2670
231 2671
1709 2672
92 2673
1418 2673
1549 2673
246 2674
1947 2674
16 2675
22 2675
32 2675
84 2675
110 2675
182 2675
191 2675
227 2675
314 2675
334 2675
375 2675
376 2675
465 2675
486 2675
501 2675
546 2675
566 2675
652 2675
708 2675
723 2675
863 2675
903 2675
978 2675
1014 2675
1027 2675
1034 2675
1041 2675
1130 2675
1134 2675
1160 2675
1174 2675
1195 2675
1209 2675
1215 2675
1246 2675
1251 2675
1322 2675
1331 2675
1414 2675
1530 2675
1560 2675
1579 2675
1605 2675
1621 2675
1692 2675
1834 2675
1862 2675
2029 2675
2098 2675
2167 2675
2176 2675
2287 2675
2288 2675
2357 2675
2385 2675
2453 2675
2492 2675
2521 2675
2535 2675
2605 2675
735 2676
683 2677
458 2678
813 2678
1471 2678
1833 2678
2138 2678
2419 2678
2603 2678
94 2679
762 2679
1250 2679
1822 2679
1873 2679
1926 2679
1173 2680
1822 2680
2644 2680
620 2681
922 2681
98 2682
174 2683
543 2683
12 2684
545 2685
887 2685
69 2686
330 2686
368 2686
1843 2686
2307 2686
25 2687
92 2687
699 2687
746 2687
81 2688
97 2688
741 2688
925 2688
1072 2688
1747 2688
2232 2689
1174 2690
1245 2691
1843 2691
196 2692
584 2692
1549 2692
1550 2692
1897 2692
1977 2692
2087 2692
2240 2692
2220 2693
977 2694
42 2695
1403 2695
1778 2695
2113 2695
605 2696
1183 2696
2380 2696
110 2697
80 2698
865 2698
1614 2698
141 2699
887 2700
2374 2701
155 2702
244 2702
98 2703
1737 2704
685 2705
448 2706
825 2706
1500 2706
453 2707
1589 2707
383 2708
813 2708
1705 2708
2320 2708
7 2709
196 2709
1083 2709
1418 2709
1549 2709
2673 2709
1305 2710
2537 2710
1613 2711
2613 2711
2622 2711
320 2712
1242 2712
1689 2712
410 2713
925 2714
735 2715
818 2715
735 2716
1846 2716
2067 2716
898 2717
348 2719
1922 2720
11 2721
863 2721
1097 2721
2675 2721
1955 2722
925 2723
207 2724
242 2724
346 2724
413 2724
1090 2724
1185 2724
1291 2724
1544 2724
1821 2724
1914 2724
1989 2724
2242 2724
887 2725
623 2726
124 2727
290 2727
392 2727
481 2727
1135 2727
1248 2727
1367 2727
1967 2727
2296 2727
649 2728
1513 2728
2555 2728
623 2729
1613 2729
2644 2730
1616 2731
1382 2732
96 2733
156 2733
2562 2733
1589 2734
15 2735
2613 2735
887 2736
5 2737
2076 2737
898 2738
2081 2738
887 2739
136 2740
244 2740
283 2740
340 2740
407 2740
872 2740
989 2740
1690 2740
1702 2740
2093 2740
2349 2740
2403 2740
2499 2740
2573 2740
421 2741
1528 2741
1729 2742
812 2743
545 2744
770 2745
895 2745
2117 2745
1036 2746
1686 2747
57 2748
1728 2749
2055 2749
614 2750
1683 2750
45 2751
205 2751
898 2752
242 2753
623 2754
116 2755
311 2755
392 2755
1154 2755
1264 2755
2660 2755
2727 2755
1709 2756
356 2757
1224 2757
28 2758
383 2758
1418 2758
1619 2758
2012 2758
2471 2758
129 2759
1487 2759
2184 2759
12 2760
146 2760
925 2761
614 2762
1151 2762
2610 2762
458 2763
1256 2763
108 2764
483 2765
846 2765
2405 2765
276 2766
265 2767
1955 2767
1471 2768
265 2769
93 2770
175 2770
993 2770
1064 2770
2234 2771
266 2772
517 2772
2642 2773
232 2774
241 2774
278 2774
444 2774
479 2774
516 2774
611 2774
635 2774
747 2774
843 2774
973 2774
1008 2774
1232 2774
1501 2774
1706 2774
1777 2774
2049 2774
2505 2774
2584 2774
2735 2774
512 2775
1294 2775
1944 2775
2757 2775
265 2776
15 2777
154 2778
481 2778
1023 2778
778 2779
2606 2779
1174 2780
1456 2780
408 2781
531 2781
1066 2781
2070 2781
368 2782
2307 2782
2264 2783
17 2784
57 2784
367 2785
530 2785
610 2785
638 2785
826 2785
1648 2785
2265 2785
2353 2785
2598 2785
1359 2786
2497 2786
516 2787
523 2787
17 2788
57 2788
510 2788
155 2789
897 2789
2702 2789
2212 2790
2609 2790
898 2791
100 2792
227 2792
1044 2792
291 2793
510 2794
1349 2794
1871 2794
2266 2794
2289 2794
412 2795
689 2795
1444 2795
2353 2795
2562 2795
520 2796
741 2796
956 2796
1207 2796
1256 2796
2066 2796
762 2797
8 2798
121 2798
492 2798
694 2798
1100 2798
1248 2798
1357 2798
1401 2798
1452 2798
1466 2798
1758 2798
1941 2798
2300 2798
2401 2798
12 2799
666 2799
723 2799
1201 2799
923 2800
808 2801
1128 2801
1400 2801
1606 2801
2055 2801
2174 2801
2518 2801
2549 2801
762 2802
3 2803
6 2803
8 2803
31 2803
68 2803
249 2803
260 2803
402 2803
498 2803
549 2803
565 2803
569 2803
1234 2803
1339 2803
1452 2803
1455 2803
1819 2803
1941 2803
1955 2803
2251 2803
2507 2803
2618 2803
2638 2803
2687 2803
275 2804
581 2805
26 2806
826 2806
1635 2806
1929 2806
2636 2806
2662 2806
1683 2807
2034 2807
2390 2807
968 2808
555 2809
2248 2809
376 2810
1381 2811
426 2812
1229 2813
15 2814
2774 2814
1305 2815
1507 2815
2078 2815
2105 2815
2537 2815
2740 2816
1382 2817
522 2818
666 2818
726 2818
734 2818
1253 2818
1996 2818
2476 2818
13 2819
296 2819
1631 2819
1882 2819
1985 2819
689 2820
2562 2820
355 2821
361 2821
2419 2821
53 2822
110 2822
812 2822
898 2822
2613 2822
545 2823
1967 2824
376 2825
379 2826
182 2827
489 2827
1792 2827
2103 2827
898 2828
1613 2828
1897 2828
12 2829
154 2829
268 2829
481 2829
510 2829
914 2829
976 2829
1501 2829
1745 2829
1784 2829
2001 2829
2104 2829
2328 2829
2437 2829
523 2830
98 2831
2552 2831
830 2832
1589 2832
1592 2832
2264 2833
155 2834
169 2834
795 2834
574 2835
624 2836
205 2838
11 2839
795 2840
58 2841
78 2842
2359 2843
80 2844
925 2844
2232 2844
2689 2844
242 2845
2358 2845
760 2846
1679 2846
1413 2847
533 2848
778 2848
1737 2848
2638 2848
553 2849
2589 2849
2107 2850
898 2851
1984 2851
2614 2851
2622 2851
121 2852
597 2853
1380 2853
2576 2853
663 2854
379 2855
2055 2856
812 2857
483 2858
486 2858
2405 2858
121 2859
557 2860
610 2860
877 2860
1151 2860
2048 2860
2187 2860
2035 2861
898 2862
2614 2862
118 2863
672 2863
674 2863
724 2863
739 2863
776 2863
1600 2863
1709 2863
1842 2863
2095 2863
2426 2863
2741 2864
477 2865
125 2866
1096 2866
11 2867
2675 2867
121 2868
1822 2869
1890 2869
87 2870
2303 2870
2371 2870
69 2871
368 2871
755 2872
2536 2872
2099 2873
1587 2874
2087 2874
2240 2874
784 2875
349 2876
598 2876
481 2877
798 2877
811 2877
1118 2877
1364 2877
1424 2877
1796 2877
1948 2877
1984 2877
2026 2877
2157 2877
2564 2877
2627 2877
2692 2877
2729 2877
2828 2877
2851 2877
23 2878
96 2878
2562 2878
887 2879
2527 2879
7 2880
458 2880
549 2880
685 2880
1083 2880
1192 2880
1753 2880
2371 2880
1822 2881
1640 2882
533 2883
778 2883
977 2884
309 2885
1967 2885
368 2886
795 2886
905 2886
2071 2886
2675 2887
210 2888
239 2888
687 2888
1244 2888
1474 2888
1641 2888
2088 2888
2716 2888
244 2889
2789 2889
923 2890
910 2891
545 2892
17 2893
69 2894
368 2894
1987 2894
2307 2894
155 2895
1701 2895
1843 2895
1972 2895
2349 2895
887 2896
354 2897
898 2898
78 2899
825 2900
796 2901
2119 2901
685 2902
504 2903
279 2904
402 2904
533 2904
813 2904
1192 2904
1550 2904
2138 2904
2337 2904
2434 2904
971 2905
1072 2905
2100 2905
2395 2905
2718 2905
349 2906
532 2906
564 2906
1477 2906
486 2907
2405 2907
297 2908
1087 2908
1296 2908
3 2909
12 2909
54 2909
446 2909
571 2909
640 2909
885 2909
1010 2909
1048 2909
1083 2909
1161 2909
1203 2909
1351 2909
1415 2909
2487 2909
2615 2909
2837 2909
898 2910
78 2911
58 2912
843 2912
859 2912
1015 2912
1114 2912
1399 2912
1763 2912
1946 2912
1174 2913
2780 2913
522 2914
1773 2914
140 2915
1940 2915
349 2916
2180 2917
1400 2918
1595 2918
2174 2918
2645 2918
235 2919
833 2919
116 2920
703 2920
2072 2920
2807 2920
367 2921
433 2921
516 2921
614 2921
644 2921
703 2921
726 2921
826 2921
984 2921
2134 2921
2610 2921
2692 2921
477 2922
121 2923
581 2924
718 2925
825 2925
1943 2925
673 2926
707 2926
265 2927
80 2928
764 2929
1250 2929
1919 2929
2919 2929
1479 2930
418 2931
460 2931
594 2931
1423 2931
2759 2931
584 2932
1977 2932
1026 2933
11 2934
1319 2935
2613 2936
349 2937
564 2937
755 2937
1094 2937
1169 2937
1481 2937
595 2938
759 2938
1054 2938
2512 2939
2647 2939
2307 2940
313 2941
683 2941
2129 2941
92 2942
116 2942
2072 2942
2807 2942
2920 2942
172 2943
803 2943
1258 2943
1875 2943
2190 2943
2222 2943
2395 2943
2562 2944
280 2945
1094 2945
1242 2945
1736 2945
2897 2945
368 2946
1096 2947
1408 2947
2803 2947
140 2948
919 2948
1478 2948
1940 2948
2727 2948
51 2949
2484 2949
856 2950
1703 2950
1978 2950
2000 2950
2938 2950
182 2951
270 2951
451 2951
486 2951
715 2951
790 2951
852 2951
898 2951
939 2951
1086 2951
1253 2951
1399 2951
1417 2951
1565 2951
1897 2951
1996 2951
2057 2951
2877 2951
408 2952
1319 2952
865 2953
1258 2953
1541 2953
80 2954
2444 2955
118 2956
1709 2956
379 2957
708 2957
1130 2957
1238 2957
1947 2957
2601 2957
2773 2957
118 2958
345 2959
434 2959
857 2959
1813 2959
2227 2960
205 2961
17 2962
2 2963
2066 2963
2542 2963
486 2964
286 2965
712 2965
1452 2965
1955 2965
2709 2965
972 2966
1130 2966
61 2967
342 2967
335 2968
689 2968
1349 2968
1444 2968
2803 2968
355 2969
607 2969
1425 2969
1000 2970
2337 2970
110 2971
766 2971
784 2971
369 2972
819 2972
956 2972
1207 2972
2066 2972
416 2973
1096 2973
1408 2973
2803 2973
2947 2973
882 2974
2647 2974
887 2975
1854 2976
2758 2976
320 2977
371 2977
881 2977
2142 2977
2374 2977
504 2978
59 2979
689 2980
730 2980
950 2980
982 2980
1349 2980
1444 2980
1492 2980
2366 2980
689 2981
1341 2981
1444 2981
749 2982
1598 2982
1778 2982
477 2983
492 2983
1541 2983
1147 2984
2123 2984
310 2985
275 2986
527 2986
749 2986
1728 2986
2749 2986
2801 2986
2856 2986
101 2987
2351 2988
348 2989
2285 2990
2476 2990
355 2991
497 2991
1318 2991
1159 2992
12 2993
96 2993
2435 2993
2562 2993
421 2994
648 2994
970 2994
987 2994
1646 2994
2770 2994
1875 2995
2222 2995
2943 2995
488 2996
843 2996
2118 2996
58 2997
265 2998
78 2999
179 2999
492 2999
1478 2999
2180 2999
2424 2999
2806 2999
1480 3000
