2 4
4 5
11 16
11 22
11 32
1 44
7 50
1 56
11 57
14 57
35 57
55 57
7 59
11 67
45 69
3 75
1 78
3 80
7 80
12 80
54 80
6 81
6 83
11 84
84 85
11 89
3 92
8 92
73 92
12 99
70 100
11 101
11 110
64 110
86 113
3 116
118 120
7 121
15 122
6 127
11 137
11 139
1 140
8 140
81 140
124 140
12 141
56 142
78 142
80 142
140 142
1 146
19 146
11 148
12 154
17 154
23 154
75 154
96 154
136 155
12 156
118 156
121 159
108 165
4 169
18 169
116 169
121 169
149 169
93 175
15 176
140 177
80 180
11 182
12 182
58 182
160 182
81 185
92 189
69 190
11 191
50 192
92 193
183 193
73 195
108 197
95 198
7 200
25 200
92 200
196 200
3 201
12 201
108 204
45 205
116 205
126 205
128 205
135 205
164 205
184 205
12 206
59 206
116 206
196 206
81 208
29 210
210 211
23 214
156 214
90 215
155 215
26 217
56 217
108 217
123 217
142 217
84 223
210 225
11 227
118 227
12 229
15 232
7 233
108 234
59 236
72 237
15 241
193 242
57 247
73 253
84 255
12 257
121 260
164 260
96 261
71 263
152 265
70 268
154 268
69 269
205 271
237 272
88 273
15 278
169 279
206 279
98 282
155 283
4 285
185 285
221 285
7 286
192 286
226 286
245 286
273 286
193 287
81 288
46 291
95 291
151 291
86 293
13 296
108 299
236 300
286 302
286 304
5 306
56 306
217 308
207 310
242 310
11 314
84 316
263 316
84 319
66 320
317 320
56 324
205 324
11 334
12 335
103 335
188 335
325 336
69 340
90 340
155 340
79 342
121 342
11 343
310 346
150 348
69 349
74 349
130 349
306 349
337 349
324 352
329 352
280 354
7 355
87 355
126 355
145 355
208 355
210 358
6 360
78 360
98 362
156 364
255 367
116 368
181 368
190 368
193 368
221 368
286 368
1 369
4 369
104 369
115 371
121 371
205 371
280 371
108 374
11 375
95 375
223 375
277 375
11 376
121 378
186 379
201 379
212 379
270 379
31 382
73 383
118 387
187 387
206 390
265 393
205 394
116 395
192 395
201 395
285 395
45 398
205 398
58 400
268 400
379 401
7 402
108 402
201 402
73 403
286 403
347 403
395 403
118 405
136 407
155 407
169 407
206 408
101 409
310 413
140 415
192 415
194 415
219 415
222 415
360 415
6 416
7 416
8 416
31 416
50 416
200 416
249 416
265 416
355 416
129 418
415 422
144 423
52 424
59 424
381 424
69 426
131 426
169 426
329 426
368 426
156 427
72 429
379 431
80 432
217 433
390 433
345 434
205 436
349 436
80 437
210 439
210 440
127 442
15 444
80 446
337 446
368 446
430 446
127 447
355 447
6 448
237 448
4 449
306 449
436 449
58 451
121 456
147 456
2 458
308 458
339 458
16 459
348 461
90 462
256 462
40 463
426 463
11 465
433 468
234 469
433 469
286 470
4 472
114 472
365 474
429 474
7 477
92 477
105 477
173 477
240 477
251 477
332 477
448 477
103 478
1 480
108 481
140 481
154 481
415 481
316 482
375 483
192 485
403 485
11 486
85 486
369 486
423 486
435 486
92 487
116 487
212 488
153 489
95 490
205 491
328 491
398 491
142 492
349 492
432 492
355 493
361 493
288 497
7 498
189 498
231 498
416 498
11 501
383 503
486 504
368 509
395 509
112 510
154 510
356 512
488 514
15 516
15 519
108 519
193 520
443 520
205 521
14 522
259 522
435 522
80 524
58 525
121 526
274 527
121 529
12 530
154 530
367 530
390 530
56 531
108 531
169 531
206 531
410 531
355 533
4 534
396 534
448 534
205 535
286 536
511 536
375 539
320 542
174 543
7 545
63 545
81 545
83 545
250 545
371 545
448 545
533 545
11 546
268 547
12 548
145 549
1 553
112 557
215 559
222 560
7 561
156 561
522 561
556 561
121 562
74 564
253 565
335 565
416 565
11 566
57 566
76 568
511 569
169 570
217 572
544 572
39 573
193 573
204 573
213 573
217 573
228 573
308 573
369 573
541 573
544 573
563 573
276 576
116 577
408 578
127 579
65 581
258 581
263 581
291 581
477 582
83 583
371 583
234 584
300 584
385 584
127 585
493 585
192 586
320 587
15 589
90 592
418 594
4 595
309 596
7 597
156 597
384 597
556 597
561 597
286 601
367 602
286 603
118 604
161 604
353 604
584 604
3 605
126 605
108 606
15 611
297 612
426 613
265 616
375 618
56 621
176 623
234 623
267 623
467 623
551 623
589 623
599 623
608 623
368 624
153 627
384 629
492 632
581 633
15 635
101 637
198 638
530 638
597 638
629 638
56 641
540 642
21 643
193 644
255 644
390 644
469 644
530 644
602 644
78 646
138 646
84 647
93 648
312 649
545 650
127 651
11 652
107 653
502 654
623 657
156 660
80 664
13 665
11 666
85 666
257 666
259 666
459 666
80 667
605 668
11 669
522 670
366 671
405 672
405 674
545 680
7 681
3 682
233 682
100 683
313 683
488 683
142 685
217 685
308 685
438 685
554 685
86 687
16 688
486 688
13 689
84 689
565 689
629 689
316 690
486 690
78 691
657 693
335 695
78 696
649 697
416 698
3 699
140 699
169 699
531 699
7 700
416 700
502 701
118 702
469 703
487 703
329 704
156 705
11 708
212 708
451 708
192 709
7 710
44 710
81 710
203 710
217 710
335 710
424 710
156 711
78 712
522 712
676 712
7 713
57 714
80 716
365 718
653 718
290 719
333 721
11 723
257 723
259 726
435 726
469 726
636 726
205 727
629 730
236 732
584 732
259 734
662 735
280 737
371 737
405 739
78 741
193 741
604 742
141 743
156 743
275 744
298 745
733 745
200 746
234 746
392 746
15 747
655 749
50 751
347 751
485 751
641 751
704 751
647 752
1 753
108 753
638 754
74 755
286 756
371 757
313 758
465 758
8 761
252 761
286 761
416 761
492 761
569 761
583 761
694 761
66 762
205 762
363 762
368 762
506 762
542 762
587 762
692 762
237 763
235 764
7 769
761 769
57 771
376 774
41 776
77 776
84 776
110 776
119 776
313 776
405 776
414 776
604 776
623 776
702 776
230 777
440 777
169 778
196 778
217 778
349 778
360 778
368 778
416 778
472 778
497 778
534 778
628 778
712 778
721 778
2 779
641 779
266 781
355 782
507 784
665 784
443 785
520 785
225 786
286 787
71 791
156 791
48 792
69 792
92 792
368 792
430 792
59 793
286 795
359 795
450 795
182 796
519 796
604 796
770 796
403 797
286 799
545 800
659 800
658 801
745 802
11 806
749 808
486 809
545 810
111 812
112 812
230 812
248 812
308 813
486 814
309 815
806 816
104 819
785 819
69 821
436 821
11 822
486 823
726 823
205 824
237 825
365 825
653 825
179 826
193 826
390 826
469 826
530 826
158 828
545 829
453 830
626 830
86 831
156 832
320 833
371 833
764 833
265 834
312 836
8 837
320 839
426 841
12 842
15 843
201 843
486 843
623 843
486 844
726 844
23 845
84 846
482 846
142 847
217 847
249 847
383 847
426 847
531 847
12 848
146 848
379 849
57 850
80 853
588 854
265 855
474 856
759 856
174 858
505 858
391 859
525 859
675 860
355 862
11 863
537 864
78 865
172 865
180 865
301 865
349 865
449 865
536 865
664 865
740 865
792 865
803 865
663 866
45 867
34 868
415 868
837 868
86 869
155 872
59 873
222 874
865 875
491 876
141 877
277 877
433 877
846 877
182 878
678 878
760 878
666 879
545 880
66 881
542 881
583 881
607 881
355 882
383 882
430 882
549 882
625 882
121 884
179 884
355 884
477 884
587 884
344 887
775 887
861 887
11 888
110 888
118 888
887 889
121 890
236 891
286 892
488 896
708 896
155 897
244 897
112 898
132 898
170 898
176 898
325 898
336 898
475 898
843 898
403 899
402 900
777 902
812 902
11 903
69 905
181 905
269 905
792 905
12 906
375 908
96 910
895 910
366 911
205 912
277 913
108 914
140 914
154 914
196 914
458 914
573 914
584 914
621 914
212 915
812 916
367 918
39 919
108 919
147 919
193 919
197 919
217 919
249 919
369 919
402 919
481 919
573 919
717 919
171 920
400 920
623 920
486 921
726 921
620 922
81 924
368 924
76 925
282 925
362 925
581 926
23 927
3 928
395 928
509 928
780 928
11 929
573 932
239 934
355 935
86 936
491 937
58 939
488 939
915 939
17 942
103 942
349 943
564 943
706 943
368 944
516 946
710 950
776 953
349 955
192 956
403 956
509 956
847 956
376 957
286 958
683 959
140 960
463 960
163 961
140 962
919 962
21 963
663 964
57 965
925 967
543 968
80 969
93 970
270 972
746 976
284 977
397 977
776 977
954 977
11 978
531 979
1 980
349 981
564 981
755 981
783 981
364 982
530 982
11 984
604 984
94 985
706 985
755 985
1 986
560 986
543 988
155 989
573 990
121 992
543 993
751 994
58 995
887 997
100 999
158 1000
778 1000
573 1002
156 1003
403 1004
227 1007
15 1008
898 1008
59 1009
80 1010
884 1011
890 1012
597 1013
11 1014
246 1015
210 1017
882 1018
56 1019
169 1019
914 1019
610 1020
751 1021
182 1024
591 1024
898 1025
500 1026
858 1026
11 1027
118 1027
671 1027
210 1028
486 1029
5 1030
689 1031
730 1031
982 1031
545 1032
121 1033
11 1034
9 1035
605 1035
685 1035
545 1038
800 1038
777 1039
12 1040
13 1040
457 1040
490 1040
516 1040
11 1041
815 1042
505 1043
543 1043
42 1044
70 1044
776 1044
999 1044
1007 1044
397 1045
121 1046
826 1047
1040 1047
30 1048
156 1048
206 1048
291 1048
495 1048
644 1048
826 1048
865 1048
15 1049
663 1049
59 1050
4 1052
50 1052
126 1052
279 1052
402 1052
458 1052
533 1052
778 1052
227 1053
4 1054
303 1054
622 1054
11 1055
11 1056
59 1057
778 1058
84 1059
182 1059
468 1059
59 1060
1050 1060
644 1061
57 1063
776 1063
175 1064
987 1064
898 1065
410 1066
777 1068
320 1069
1008 1070
141 1071
156 1071
367 1071
477 1071
644 1071
846 1071
4 1072
78 1072
82 1072
48 1074
169 1074
337 1074
368 1074
477 1074
1044 1075
429 1077
534 1077
316 1078
581 1079
545 1080
72 1081
763 1081
836 1081
12 1082
95 1082
367 1082
666 1082
826 1082
1040 1082
1 1083
8 1083
80 1083
109 1083
138 1083
142 1083
200 1083
712 1083
865 1083
545 1084
160 1086
435 1086
609 1086
878 1086
102 1087
297 1087
909 1089
310 1090
865 1091
1072 1091
75 1093
179 1094
205 1094
217 1094
286 1094
542 1094
545 1094
728 1094
737 1094
887 1094
909 1094
981 1094
127 1095
50 1096
68 1096
286 1096
347 1096
369 1096
402 1096
415 1096
485 1096
354 1098
80 1099
11 1101
140 1102
884 1103
980 1104
262 1106
375 1108
349 1109
896 1110
116 1111
311 1111
392 1111
710 1111
451 1114
623 1114
898 1114
23 1115
770 1115
947 1116
118 1117
391 1118
451 1118
508 1118
623 1118
66 1120
121 1120
205 1120
280 1120
542 1120
762 1120
505 1121
174 1122
543 1122
838 1123
79 1125
121 1125
4 1126
1000 1126
617 1128
749 1128
320 1129
815 1129
11 1130
270 1130
185 1131
221 1131
623 1132
256 1133
403 1135
531 1135
682 1135
699 1135
1083 1135
996 1136
1134 1136
182 1137
121 1138
881 1139
157 1140
736 1140
900 1140
975 1140
108 1141
349 1144
1044 1145
491 1146
581 1147
118 1148
141 1151
182 1151
433 1151
777 1152
857 1153
8 1154
392 1154
481 1154
1111 1154
1135 1154
1026 1155
12 1156
376 1157
4 1159
48 1159
306 1159
436 1159
449 1159
477 1159
865 1159
11 1160
381 1164
7 1165
25 1165
116 1165
531 1165
682 1165
887 1166
383 1167
361 1168
452 1169
477 1169
587 1169
981 1169
1011 1169
1089 1169
12 1171
4 1173
157 1173
350 1173
542 1173
607 1173
728 1173
736 1173
737 1173
985 1173
11 1174
38 1174
85 1174
530 1174
647 1175
4 1176
158 1176
61 1177
286 1177
581 1178
11 1182
9 1183
395 1183
668 1183
883 1183
310 1185
575 1186
205 1187
86 1188
368 1189
795 1189
10 1190
329 1190
352 1190
426 1190
704 1190
205 1191
189 1192
318 1192
605 1192
685 1192
914 1192
1052 1192
1183 1192
356 1193
488 1194
1007 1194
1044 1194
11 1195
205 1196
108 1197
228 1197
573 1197
982 1198
57 1199
1118 1200
257 1201
435 1201
530 1201
550 1201
629 1201
688 1201
718 1202
763 1202
17 1204
491 1205
56 1207
192 1207
403 1207
522 1207
573 1207
71 1208
277 1208
433 1208
846 1208
11 1209
801 1210
605 1211
668 1211
86 1212
80 1213
11 1215
286 1216
451 1217
1130 1217
210 1218
902 1218
993 1219
136 1220
1159 1220
210 1221
286 1222
522 1223
953 1223
391 1224
1114 1224
1200 1224
4 1225
446 1225
458 1225
914 1225
1192 1225
192 1226
193 1228
919 1228
1096 1228
1016 1229
491 1230
205 1231
1142 1232
416 1234
531 1234
202 1236
103 1237
510 1237
543 1239
477 1240
217 1241
317 1242
542 1242
839 1242
1042 1242
103 1243
11 1246
78 1248
193 1248
573 1248
676 1248
761 1248
1083 1248
1154 1248
235 1250
280 1250
11 1251
259 1253
435 1253
844 1253
1137 1253
108 1254
228 1254
573 1254
371 1255
4 1256
458 1256
778 1256
779 1256
914 1256
1074 1256
265 1257
180 1258
240 1258
349 1258
437 1258
449 1258
664 1258
792 1258
803 1258
1083 1258
1159 1258
47 1259
85 1259
741 1259
844 1259
1248 1259
583 1262
597 1263
1111 1264
57 1265
584 1266
881 1267
355 1268
452 1268
607 1268
291 1269
663 1271
182 1272
741 1273
956 1273
1228 1273
11 1274
268 1274
375 1275
110 1276
198 1276
258 1276
597 1277
321 1278
375 1278
610 1278
1214 1278
1118 1279
108 1280
919 1280
154 1281
466 1281
494 1281
683 1281
500 1282
943 1283
383 1284
80 1285
865 1285
1082 1287
734 1288
486 1289
623 1290
310 1291
531 1292
356 1294
939 1295
1236 1296
371 1297
762 1297
881 1297
1120 1297
545 1298
388 1300
622 1300
925 1301
333 1302
1054 1302
286 1303
734 1304
113 1305
293 1305
4 1306
108 1306
761 1306
778 1306
1083 1306
5 1307
205 1307
349 1307
446 1307
792 1307
882 1307
1074 1307
1159 1307
508 1308
1118 1308
661 1309
745 1310
11 1311
683 1311
758 1311
146 1313
1027 1315
597 1316
1013 1316
1173 1317
778 1318
410 1319
454 1319
578 1319
788 1319
1006 1319
1150 1319
1225 1319
783 1320
236 1321
584 1321
11 1322
822 1322
127 1323
355 1323
1 1324
7 1325
498 1325
108 1326
573 1326
1141 1326
100 1327
323 1327
488 1327
959 1327
1274 1327
1281 1327
1326 1328
116 1329
156 1330
11 1331
555 1332
11 1333
12 1334
101 1336
169 1337
337 1337
1256 1337
583 1338
7 1339
92 1339
416 1339
682 1339
87 1340
355 1340
112 1341
364 1341
730 1341
1031 1341
58 1342
1 1343
222 1343
560 1343
567 1343
854 1343
210 1345
11 1346
286 1347
408 1348
578 1348
12 1349
43 1349
530 1349
565 1349
832 1349
984 1349
854 1350
545 1352
12 1353
75 1353
154 1353
234 1353
268 1353
510 1353
519 1353
914 1353
121 1354
205 1355
396 1356
653 1356
1077 1356
7 1357
231 1357
761 1357
156 1358
543 1359
898 1360
488 1361
1130 1361
708 1362
253 1363
623 1364
865 1365
1154 1367
1292 1367
57 1368
108 1369
887 1370
81 1372
741 1372
865 1372
925 1372
1072 1372
375 1374
1305 1376
545 1378
1227 1380
1263 1380
71 1381
156 1381
386 1381
644 1381
1062 1383
830 1384
751 1385
12 1386
647 1386
743 1386
930 1386
80 1387
1294 1388
51 1390
703 1390
410 1391
268 1393
519 1393
156 1394
412 1394
982 1394
1243 1394
762 1395
205 1396
491 1396
624 1396
15 1397
121 1398
391 1399
525 1399
1279 1399
749 1400
140 1401
621 1401
682 1401
761 1401
156 1402
1044 1403
4 1404
158 1404
396 1404
778 1404
12 1406
347 1408
485 1408
851 1408
121 1411
545 1412
11 1414
80 1415
477 1415
477 1416
1 1418
80 1418
200 1418
821 1418
1339 1418
349 1419
449 1419
882 1419
1159 1419
1337 1419
256 1421
69 1422
330 1422
594 1423
320 1425
1140 1425
1268 1425
1408 1426
121 1428
59 1429
236 1429
730 1429
950 1429
1258 1431
784 1432
57 1433
1368 1433
1343 1434
341 1435
581 1436
53 1438
118 1438
812 1438
904 1438
927 1438
1341 1438
1258 1439
1438 1440
84 1443
118 1443
776 1443
984 1443
13 1444
188 1444
364 1444
516 1444
565 1444
784 1444
1031 1444
1394 1444
275 1445
778 1446
1072 1446
564 1447
426 1448
103 1449
169 1450
210 1451
1027 1451
78 1452
116 1452
216 1452
311 1452
392 1452
416 1452
949 1452
1111 1452
1154 1452
1367 1452
90 1453
1016 1454
1 1455
415 1455
416 1455
486 1455
509 1455
847 1455
919 1455
57 1456
522 1456
1174 1456
349 1457
706 1457
755 1457
310 1458
689 1459
309 1461
604 1462
947 1463
898 1465
56 1466
192 1466
509 1466
522 1466
761 1466
847 1466
623 1467
725 1467
483 1468
486 1468
333 1469
721 1469
763 1469
1149 1469
484 1471
1228 1471
545 1472
379 1475
1016 1476
124 1478
142 1478
177 1478
220 1478
392 1478
415 1478
441 1478
719 1478
951 1478
1111 1478
1179 1478
1248 1478
1292 1478
1367 1478
303 1479
778 1479
1184 1479
349 1480
532 1480
943 1481
981 1481
985 1481
355 1482
17 1484
11 1485
812 1486
305 1487
594 1487
403 1488
751 1488
156 1490
483 1490
486 1490
786 1491
59 1492
291 1492
950 1492
982 1492
887 1493
545 1494
532 1495
57 1496
776 1496
1394 1497
94 1498
320 1498
762 1498
1262 1498
819 1499
956 1499
1225 1499
237 1500
836 1500
15 1501
154 1501
331 1501
404 1501
457 1501
630 1501
898 1501
1005 1501
1093 1501
1353 1501
1393 1501
1436 1501
118 1502
187 1502
560 1503
75 1504
1501 1504
745 1506
327 1507
662 1507
687 1507
1505 1507
141 1508
2 1510
206 1510
454 1510
966 1510
1150 1510
1348 1510
193 1511
1113 1511
1332 1511
928 1512
1081 1513
1500 1513
37 1514
1177 1514
1258 1515
581 1516
878 1517
367 1518
520 1519
1319 1520
309 1521
1407 1521
121 1522
286 1522
320 1524
1242 1524
420 1525
623 1525
206 1526
914 1526
224 1529
510 1529
11 1530
42 1530
110 1530
758 1530
776 1530
3 1531
5 1531
51 1531
56 1531
179 1531
217 1531
218 1531
381 1531
847 1531
882 1531
1159 1531
1183 1531
947 1532
96 1533
156 1533
297 1534
612 1534
1087 1534
1296 1534
477 1535
545 1536
808 1537
907 1537
947 1537
483 1538
1371 1539
1396 1539
84 1540
734 1540
1201 1540
406 1541
432 1541
437 1541
632 1541
664 1541
1159 1541
545 1542
310 1544
1013 1545
1 1546
146 1546
415 1546
154 1547
182 1547
726 1547
1529 1547
472 1548
1437 1548
189 1550
914 1550
116 1551
11 1552
1422 1553
58 1554
122 1554
241 1554
281 1554
357 1554
417 1554
479 1554
657 1554
4 1557
10 1557
116 1557
164 1557
279 1557
446 1557
682 1557
1233 1557
1526 1557
11 1558
11 1560
761 1563
1 1564
376 1567
452 1568
1425 1568
1384 1569
574 1570
970 1570
52 1571
305 1571
210 1573
1133 1575
59 1576
84 1577
291 1577
11 1579
275 1580
527 1580
140 1581
217 1581
238 1581
308 1581
322 1581
438 1581
458 1581
847 1581
1225 1581
1390 1581
1478 1581
1550 1581
418 1582
460 1582
1487 1582
379 1583
1036 1583
617 1584
56 1585
192 1585
205 1585
352 1585
403 1585
286 1586
7 1587
156 1587
300 1587
335 1587
385 1587
424 1587
604 1587
689 1587
891 1587
914 1587
950 1587
1051 1587
1266 1587
1321 1587
1343 1587
1444 1587
573 1588
27 1589
453 1589
626 1589
649 1589
1261 1589
1469 1589
830 1590
784 1591
649 1592
661 1592
830 1592
1590 1592
156 1593
316 1593
846 1593
749 1595
80 1596
808 1598
947 1598
980 1599
410 1601
520 1602
956 1602
1207 1602
1256 1602
1242 1603
11 1605
1136 1605
1128 1606
1584 1606
1595 1606
349 1607
706 1607
81 1608
145 1608
308 1608
533 1608
924 1608
1210 1608
1016 1611
338 1613
551 1613
619 1613
657 1613
811 1613
1424 1613
1465 1613
1525 1613
142 1614
446 1614
740 1614
885 1614
969 1614
1083 1614
1161 1614
1285 1614
1351 1614
1415 1614
1483 1614
21 1615
733 1616
745 1616
59 1617
169 1618
1557 1618
712 1620
11 1621
57 1621
776 1621
925 1622
472 1624
371 1625
762 1625
1250 1625
900 1626
1418 1626
689 1627
174 1629
505 1629
1026 1629
58 1630
156 1631
296 1631
384 1631
666 1631
689 1631
730 1631
1380 1631
1444 1631
584 1632
1507 1633
179 1635
736 1635
316 1636
108 1637
416 1637
458 1637
919 1637
1581 1637
634 1638
192 1639
488 1640
1036 1640
1110 1640
1130 1640
1238 1640
1507 1641
90 1642
950 1643
1341 1643
957 1644
1235 1644
1567 1644
426 1645
656 1646
154 1647
1023 1647
103 1648
530 1648
1394 1648
390 1649
639 1649
80 1651
81 1651
778 1651
925 1651
58 1652
217 1653
572 1653
573 1653
1608 1653
86 1654
581 1656
86 1657
100 1659
227 1659
1044 1659
737 1660
1120 1660
491 1661
109 1662
276 1664
898 1665
584 1667
59 1668
623 1668
610 1669
1036 1670
4 1671
185 1671
221 1671
777 1672
1575 1673
846 1674
545 1676
887 1676
1298 1676
205 1677
140 1678
573 1678
878 1679
772 1680
868 1680
61 1681
581 1682
84 1683
156 1683
182 1683
291 1683
367 1683
703 1683
726 1683
984 1683
1253 1683
141 1684
182 1684
468 1684
1059 1684
887 1685
277 1686
1048 1686
1214 1687
1278 1687
4 1688
1087 1688
264 1689
583 1689
1250 1689
155 1690
663 1691
11 1692
758 1692
1381 1693
78 1694
15 1696
1487 1698
368 1700
215 1701
462 1701
722 1701
804 1701
1642 1701
155 1702
102 1703
75 1704
1501 1704
1554 1706
17 1707
56 1708
156 1709
227 1709
471 1709
850 1709
888 1709
1117 1709
1502 1709
1048 1710
1683 1710
649 1711
397 1712
502 1712
751 1714
961 1715
1133 1715
510 1716
1379 1717
110 1720
323 1720
488 1720
379 1721
510 1722
1023 1722
1281 1722
268 1723
121 1725
429 1726
1081 1726
1548 1726
341 1727
917 1727
3 1729
154 1729
217 1729
331 1729
402 1729
615 1729
677 1729
987 1729
1093 1729
1393 1729
423 1730
486 1730
1688 1732
74 1733
1480 1733
1634 1733
847 1735
354 1736
308 1737
1460 1737
1705 1737
78 1738
1651 1738
683 1739
17 1740
1204 1740
121 1741
623 1742
286 1743
210 1744
1039 1744
216 1745
415 1745
573 1745
621 1745
796 1745
898 1745
1353 1745
1550 1745
1587 1745
762 1746
185 1747
193 1747
288 1747
402 1747
415 1747
583 1747
710 1747
1083 1747
1318 1747
1338 1747
1372 1747
1608 1747
1651 1747
1198 1749
788 1750
671 1751
776 1752
7 1753
127 1753
142 1753
145 1753
203 1753
292 1753
339 1753
447 1753
533 1753
593 1753
782 1753
935 1753
1340 1753
1482 1753
1731 1753
1747 1753
477 1755
379 1756
141 1757
483 1757
581 1757
761 1758
1100 1758
742 1759
205 1761
246 1763
1279 1763
107 1764
612 1764
653 1764
721 1764
763 1764
1176 1764
1296 1764
19 1765
114 1766
1085 1766
1437 1766
712 1767
1248 1767
169 1768
205 1768
206 1768
402 1768
577 1768
991 1768
1165 1768
1551 1768
1697 1768
838 1769
1319 1770
1201 1771
1173 1772
1568 1772
375 1774
845 1775
80 1776
15 1777
106 1777
964 1777
100 1778
488 1778
527 1778
808 1778
888 1778
920 1778
1044 1778
1295 1778
1217 1779
759 1780
49 1781
877 1781
1048 1781
1151 1781
466 1782
1327 1782
1085 1783
427 1784
742 1784
796 1784
984 1784
316 1786
57 1787
355 1789
782 1789
376 1790
1082 1791
1316 1791
1785 1791
17 1792
333 1793
759 1793
1305 1794
1173 1795
281 1796
751 1797
623 1799
433 1800
812 1801
11 1802
519 1803
827 1803
976 1803
1023 1803
1364 1803
1775 1803
266 1804
496 1804
491 1806
1589 1807
1464 1808
1646 1808
375 1809
545 1810
277 1811
1492 1811
545 1812
802 1813
15 1814
53 1814
110 1814
476 1814
623 1814
898 1814
904 1814
950 1814
1644 1814
12 1815
14 1815
286 1816
1382 1817
1709 1818
1 1819
416 1819
919 1819
1072 1820
642 1821
373 1822
1247 1822
45 1823
925 1824
925 1825
1683 1826
379 1827
488 1827
708 1827
915 1827
959 1827
1036 1827
1110 1827
1130 1827
1238 1827
1295 1827
12 1828
408 1830
1319 1830
1471 1830
1608 1830
751 1832
717 1833
794 1833
11 1834
887 1835
776 1836
1752 1836
623 1837
1742 1837
1258 1838
666 1841
4 1843
116 1843
181 1843
215 1843
221 1843
286 1843
389 1843
446 1843
448 1843
450 1843
491 1843
570 1843
590 1843
624 1843
750 1843
764 1843
778 1843
882 1843
924 1843
944 1843
1074 1843
1245 1843
1250 1843
1371 1843
1422 1843
1553 1843
1559 1843
1689 1843
1700 1843
1768 1843
1831 1843
1083 1844
1192 1844
882 1845
1074 1845
210 1846
239 1846
687 1846
1244 1846
1633 1846
1641 1846
950 1848
1341 1848
623 1849
57 1850
149 1851
169 1851
1083 1851
1214 1852
1016 1853
28 1854
92 1854
383 1854
1418 1854
1531 1854
1619 1854
1698 1854
217 1855
449 1855
882 1855
1167 1855
1183 1855
1556 1855
2 1856
185 1856
221 1856
285 1856
1256 1856
205 1857
778 1858
1747 1858
510 1859
627 1859
1547 1859
59 1860
778 1861
11 1862
489 1863
1716 1863
78 1864
463 1865
545 1866
165 1867
121 1868
286 1868
371 1870
1267 1870
516 1871
742 1871
796 1871
7 1872
217 1872
355 1872
685 1872
1083 1872
1319 1872
368 1873
1262 1873
1165 1874
1339 1874
1557 1874
803 1875
1258 1875
201 1876
391 1876
451 1876
623 1876
1308 1876
887 1877
742 1878
335 1879
689 1879
982 1879
1349 1879
1443 1879
1444 1879
1784 1879
7 1880
56 1880
69 1880
75 1880
116 1880
416 1880
573 1880
919 1880
1747 1880
1768 1880
1133 1881
1715 1881
296 1882
384 1882
638 1882
666 1882
689 1882
734 1882
1201 1882
1287 1882
1380 1882
1444 1882
1758 1883
101 1884
923 1884
708 1885
573 1886
887 1887
157 1890
355 1890
373 1890
985 1890
1247 1890
1498 1890
1718 1890
92 1892
195 1892
253 1892
383 1892
1096 1892
1445 1893
121 1894
1186 1895
1173 1896
1822 1896
96 1897
176 1897
234 1897
481 1897
599 1897
620 1897
776 1897
811 1897
1023 1897
1114 1897
1118 1897
1132 1897
1364 1897
1424 1897
1465 1897
1467 1897
1525 1897
1381 1898
355 1899
982 1900
1258 1901
1 1902
375 1903
118 1904
776 1904
1764 1905
238 1906
1531 1906
1550 1906
1594 1906
887 1907
141 1908
433 1908
614 1908
1059 1908
1151 1908
580 1909
898 1910
266 1911
496 1911
517 1911
458 1912
1319 1912
1550 1912
1737 1912
346 1914
348 1915
108 1917
426 1917
193 1918
235 1919
728 1919
1625 1919
1 1920
249 1920
486 1920
847 1920
919 1920
1819 1920
81 1922
1060 1922
1576 1922
1577 1922
1668 1922
194 1923
1478 1923
545 1924
86 1925
94 1926
708 1927
1118 1927
1 1928
108 1928
78 1929
179 1929
194 1929
477 1929
492 1929
887 1929
1258 1929
1478 1929
1541 1929
1753 1929
1 1930
59 1930
623 1930
1668 1930
542 1931
981 1931
1103 1931
1753 1931
355 1932
1608 1932
1581 1933
1745 1933
1027 1934
1268 1936
1568 1936
483 1937
581 1937
1223 1938
205 1939
4 1940
8 1940
81 1940
117 1940
142 1940
177 1940
290 1940
1581 1940
1923 1940
416 1941
761 1941
730 1942
950 1942
982 1942
1341 1942
1349 1942
1492 1942
534 1943
789 1943
1356 1943
1404 1943
356 1944
1224 1944
1554 1945
201 1946
246 1946
391 1946
623 1946
898 1946
1897 1946
182 1947
315 1947
486 1947
623 1947
715 1947
790 1947
852 1947
898 1947
1086 1947
1118 1947
1399 1947
1565 1947
1763 1947
1897 1947
140 1948
623 1948
710 1948
1587 1948
1897 1948
483 1949
1 1951
1343 1951
205 1952
86 1953
265 1954
194 1955
233 1955
286 1955
355 1955
416 1955
499 1955
536 1955
569 1955
694 1955
698 1955
865 1955
917 1955
1128 1956
759 1957
268 1958
431 1958
959 1958
4 1960
182 1960
193 1960
415 1960
778 1960
785 1960
1299 1960
1767 1960
12 1961
1768 1962
70 1963
275 1963
749 1963
1598 1963
1728 1963
1778 1963
370 1964
807 1964
1022 1964
1088 1964
1105 1964
1249 1964
1889 1964
80 1965
81 1965
399 1965
477 1965
925 1965
624 1966
1371 1966
1396 1966
56 1967
140 1967
192 1967
195 1967
222 1967
422 1967
583 1967
596 1967
848 1967
868 1967
1042 1967
1407 1967
1455 1967
1478 1967
1747 1967
1819 1967
1960 1967
127 1968
1742 1969
762 1970
270 1971
178 1972
215 1972
425 1972
462 1972
266 1973
496 1973
1561 1973
1613 1974
1897 1974
291 1975
982 1975
1631 1975
1811 1975
1942 1975
463 1976
1865 1976
7 1977
234 1977
385 1977
424 1977
645 1977
914 1977
1266 1977
1424 1977
1509 1977
1667 1977
396 1978
474 1978
825 1978
1158 1978
1469 1979
458 1980
1192 1980
1225 1980
1256 1980
574 1981
1646 1981
286 1982
18 1983
169 1983
1557 1983
798 1984
1897 1984
156 1985
384 1985
638 1985
666 1985
730 1985
1444 1985
286 1986
349 1986
682 1986
1159 1986
1450 1986
1874 1986
402 1987
1140 1987
1880 1987
751 1988
1408 1988
242 1989
310 1989
1332 1989
784 1990
154 1992
182 1992
489 1992
726 1992
1438 1992
1792 1992
1859 1992
368 1993
403 1994
80 1995
259 1996
435 1996
609 1996
1517 1996
1947 1996
121 1997
463 1998
1112 1998
762 1999
242 2001
287 2001
1332 2001
1382 2001
1201 2003
1897 2004
1984 2004
581 2005
1040 2005
1501 2005
647 2006
675 2006
901 2006
1666 2006
286 2007
682 2008
847 2008
979 2008
1135 2008
1292 2008
1339 2008
878 2009
1086 2009
1778 2010
545 2011
597 2012
622 2013
1703 2013
802 2014
1506 2014
222 2015
121 2016
181 2018
190 2018
254 2018
426 2018
446 2018
448 2018
450 2018
509 2018
624 2018
762 2018
882 2018
924 2018
1074 2018
1262 2018
1553 2018
1559 2018
1700 2018
1831 2018
1873 2018
1993 2018
3 2019
169 2019
200 2019
847 2019
1339 2019
581 2021
5 2022
765 2023
1012 2023
286 2024
355 2025
782 2025
862 2025
1753 2025
1072 2026
181 2028
359 2028
426 2028
1268 2028
890 2029
286 2030
1347 2030
1680 2031
1514 2032
196 2033
390 2033
469 2033
621 2033
746 2033
1549 2033
1587 2033
355 2034
330 2035
1729 2036
84 2037
234 2037
433 2037
516 2037
726 2037
826 2037
862 2040
886 2040
1753 2040
25 2041
531 2041
1768 2041
502 2042
928 2043
15 2044
327 2045
662 2045
1474 2045
270 2046
451 2046
514 2046
715 2046
790 2046
843 2046
898 2046
939 2046
1086 2046
1118 2046
1399 2046
1947 2046
108 2047
426 2047
572 2047
1514 2047
545 2048
210 2050
812 2050
1027 2050
1044 2051
949 2052
1452 2052
205 2053
15 2054
127 2056
776 2057
205 2058
354 2058
452 2058
545 2058
887 2058
909 2058
1011 2058
1320 2058
1736 2058
505 2059
515 2060
1210 2060
1780 2061
121 2062
11 2063
21 2064
819 2065
17 2066
623 2067
898 2067
158 2069
762 2071
1139 2071
379 2072
708 2072
972 2072
1130 2072
1217 2072
1238 2072
1295 2072
1971 2072
7 2073
126 2073
127 2073
145 2073
279 2073
292 2073
533 2073
782 2073
886 2073
1340 2073
1482 2073
1731 2073
1929 2073
1932 2073
2034 2073
473 2074
998 2074
286 2075
2049 2078
11 2080
1686 2081
581 2082
1044 2083
361 2084
1608 2084
515 2085
1027 2086
1751 2086
286 2087
1 2088
34 2088
772 2088
938 2088
900 2089
1418 2089
776 2090
505 2091
1026 2091
57 2092
474 2093
266 2094
121 2095
1427 2095
2047 2095
15 2096
1554 2096
604 2097
491 2098
2078 2099
865 2100
1258 2100
155 2101
1729 2102
312 2103
1081 2103
58 2105
80 2106
306 2106
1225 2106
486 2107
182 2108
522 2108
726 2108
1253 2108
12 2109
156 2109
545 2110
339 2111
544 2111
554 2111
1192 2111
1319 2111
1572 2111
1637 2111
1653 2111
1922 2112
155 2113
1655 2114
1729 2114
85 2115
1248 2115
1306 2115
90 2116
1843 2116
286 2117
1305 2118
749 2119
1606 2119
1947 2120
2046 2120
12 2121
188 2121
984 2121
1031 2121
1444 2121
1942 2121
1964 2122
1408 2123
763 2124
825 2124
1658 2124
1394 2125
1608 2126
496 2128
1136 2128
1911 2128
4 2129
104 2129
206 2129
318 2129
408 2129
446 2129
458 2129
778 2129
914 2129
1074 2129
1225 2129
1337 2129
1510 2129
1750 2129
1856 2129
1980 2129
2106 2129
1327 2130
1711 2131
545 2132
75 2133
1501 2133
573 2135
56 2136
905 2137
1843 2137
1987 2137
2028 2137
854 2138
1258 2139
1580 2140
312 2141
1081 2141
210 2142
358 2142
361 2143
515 2143
1709 2144
1998 2145
80 2146
1614 2146
597 2147
11 2148
1485 2148
179 2149
194 2149
477 2149
492 2149
847 2149
1258 2149
1753 2149
1923 2149
52 2150
1094 2151
1250 2151
1919 2151
2058 2151
1478 2152
410 2153
1710 2154
12 2155
15 2155
20 2155
217 2155
404 2155
600 2155
615 2155
1005 2155
1026 2155
1093 2155
1393 2155
1436 2155
2068 2155
865 2156
581 2157
1444 2158
156 2160
2006 2160
865 2161
17 2162
1734 2162
1773 2162
17 2163
751 2164
1096 2164
1190 2164
1252 2164
408 2165
1319 2165
408 2166
458 2166
2111 2166
1408 2167
1408 2168
516 2170
742 2170
1353 2170
932 2171
269 2172
359 2172
792 2172
1268 2172
277 2173
689 2173
730 2173
1040 2173
1349 2173
1650 2173
1840 2173
2081 2173
242 2174
623 2175
1613 2175
838 2176
354 2177
2018 2177
1965 2178
865 2179
1286 2179
574 2180
1646 2180
1768 2181
12 2182
443 2183
520 2183
1186 2184
1895 2184
309 2185
1521 2185
2077 2187
545 2188
56 2189
486 2189
1408 2189
333 2190
1469 2190
1764 2190
1097 2191
210 2192
1017 2192
738 2193
1225 2193
1390 2193
1478 2193
1531 2193
391 2194
525 2194
1947 2194
775 2195
887 2195
1032 2195
1270 2195
1298 2195
1370 2195
1835 2195
1929 2195
610 2196
80 2197
320 2198
881 2198
205 2199
762 2200
1978 2201
121 2202
974 2202
1960 2203
2006 2204
2127 2205
215 2206
570 2206
78 2207
96 2208
156 2208
327 2209
687 2209
1505 2209
1641 2209
58 2211
1964 2212
498 2213
533 2213
778 2213
813 2213
1550 2213
1737 2213
1 2214
80 2214
193 2214
200 2214
531 2214
821 2214
1339 2214
2089 2214
542 2215
736 2215
900 2215
975 2215
1718 2215
1987 2215
116 2216
1554 2217
2076 2217
677 2218
1729 2218
286 2219
1332 2220
685 2221
707 2222
2006 2224
483 2225
206 2226
234 2226
745 2227
156 2228
604 2228
1443 2228
710 2229
1429 2229
1438 2229
1587 2229
1811 2229
11 2230
1173 2231
542 2232
545 2232
634 2232
728 2232
737 2232
909 2232
985 2232
1011 2232
1089 2232
1736 2232
1795 2232
1870 2232
2151 2232
865 2233
1258 2233
210 2234
348 2235
1737 2235
103 2236
742 2236
1443 2236
210 2237
239 2237
818 2237
1244 2237
1633 2237
1921 2237
2038 2237
114 2238
1581 2239
776 2240
11 2241
553 2242
2088 2242
734 2243
316 2244
11 2245
121 2246
792 2247
882 2247
947 2248
2186 2248
604 2250
1016 2251
228 2252
1940 2252
545 2253
486 2254
604 2255
174 2256
175 2256
1219 2256
1699 2256
205 2257
25 2258
11 2259
333 2260
121 2261
193 2262
647 2262
743 2262
945 2262
1208 2262
2055 2262
11 2263
42 2263
758 2263
776 2263
384 2264
556 2264
1082 2264
1882 2264
7 2265
56 2265
108 2265
402 2265
416 2265
573 2265
900 2265
1052 2265
1471 2265
1747 2265
1768 2265
1242 2266
316 2267
486 2267
647 2268
730 2269
1424 2269
1975 2269
2229 2269
56 2270
192 2270
486 2270
509 2270
522 2270
1602 2270
1 2271
86 2272
1925 2272
802 2273
1153 2273
1813 2273
121 2274
2006 2275
56 2276
536 2276
751 2276
847 2276
1408 2276
265 2277
224 2278
522 2279
2173 2280
491 2281
598 2282
1030 2282
1419 2282
1531 2282
1855 2282
165 2283
819 2283
127 2284
496 2285
1911 2285
317 2286
542 2286
762 2286
2071 2286
806 2287
11 2288
1 2289
6 2289
778 2289
116 2290
531 2290
1768 2290
2193 2291
156 2292
296 2292
689 2292
730 2292
1201 2292
1492 2292
1422 2293
1791 2294
458 2296
813 2296
1471 2296
1510 2296
1608 2296
1833 2296
233 2297
410 2297
979 2297
1111 2297
1165 2297
286 2299
649 2300
1711 2300
2111 2301
155 2302
597 2303
60 2304
96 2304
122 2304
143 2304
167 2304
232 2304
241 2304
295 2304
357 2304
417 2304
420 2304
479 2304
519 2304
657 2304
843 2304
973 2304
983 2304
1696 2304
1760 2304
1945 2304
2044 2304
2054 2304
2070 2304
2076 2304
2096 2304
2217 2304
865 2305
1258 2305
1541 2305
118 2306
724 2306
739 2306
776 2306
1600 2306
1709 2306
1842 2306
2129 2307
192 2308
118 2309
187 2309
1736 2311
1394 2312
545 2313
205 2314
1843 2314
1966 2314
1529 2315
116 2316
1747 2316
1 2317
19 2317
1729 2318
101 2319
1044 2320
388 2321
622 2321
1302 2321
7 2322
344 2322
775 2322
1366 2322
1370 2322
1493 2322
1887 2322
390 2323
463 2324
597 2325
1578 2325
474 2326
595 2326
759 2326
1422 2327
327 2328
662 2328
871 2328
1244 2328
1505 2328
1633 2328
1641 2328
1890 2329
303 2330
1054 2330
24 2331
578 2331
685 2331
717 2331
788 2331
820 2331
1006 2331
1150 2331
1912 2331
2165 2331
1942 2332
2237 2333
321 2334
375 2334
610 2334
1375 2334
2249 2334
1159 2336
1791 2337
154 2338
268 2338
494 2338
683 2338
1327 2338
78 2339
943 2340
981 2340
1283 2340
520 2341
1228 2341
1602 2341
762 2342
2114 2343
597 2344
2191 2345
116 2346
531 2346
1729 2347
604 2348
743 2349
877 2349
1048 2349
372 2350
463 2351
349 2352
598 2352
882 2352
758 2353
776 2353
1335 2353
103 2354
742 2354
776 2355
228 2356
661 2357
1592 2357
2173 2358
12 2359
8 2360
1452 2360
1745 2360
96 2361
232 2361
417 2361
420 2361
747 2361
843 2361
1008 2361
1142 2361
1566 2361
1814 2361
1945 2361
2076 2361
2096 2361
587 2362
1103 2362
1753 2362
2073 2362
361 2363
2322 2363
785 2364
1499 2364
12 2365
486 2365
12 2366
286 2367
2060 2368
1256 2369
1531 2369
1768 2370
341 2371
426 2372
256 2373
78 2374
173 2374
240 2374
251 2374
332 2374
402 2374
446 2374
477 2374
538 2374
740 2374
773 2374
898 2374
1001 2374
1071 2374
1074 2374
1083 2374
1293 2374
1312 2374
1337 2374
1418 2374
1535 2374
1755 2374
1929 2374
1965 2374
1964 2376
602 2377
1085 2378
1548 2378
949 2379
84 2380
118 2380
353 2380
427 2380
516 2380
552 2380
984 2380
1878 2380
1077 2381
57 2382
62 2382
230 2382
358 2382
440 2382
998 2382
1039 2382
1068 2382
1152 2382
1221 2382
1451 2382
1748 2382
776 2383
1709 2383
1943 2384
1745 2385
2033 2385
11 2386
85 2386
257 2386
459 2386
530 2386
844 2386
1082 2386
1092 2386
1631 2386
1815 2386
1882 2386
234 2387
778 2387
1619 2388
1854 2388
286 2389
673 2390
890 2390
2222 2390
477 2391
27 2394
453 2394
893 2394
1384 2394
1569 2394
1807 2394
2141 2394
15 2395
887 2396
594 2397
1582 2397
130 2398
349 2398
679 2399
931 2399
948 2399
1107 2399
2001 2399
865 2400
1541 2400
865 2401
100 2402
268 2402
527 2402
888 2402
959 2402
1963 2402
2010 2402
1860 2404
1922 2404
206 2405
778 2405
80 2406
1614 2406
666 2407
826 2407
1287 2407
1557 2408
1695 2408
1843 2408
7 2409
134 2409
448 2409
533 2409
1032 2409
1094 2409
1166 2409
1366 2409
1609 2409
426 2410
121 2411
2047 2411
2095 2411
141 2412
1781 2412
1511 2413
1989 2413
2001 2413
367 2414
1002 2415
356 2416
1224 2416
833 2417
1498 2417
2018 2417
390 2418
127 2419
355 2419
1753 2419
477 2420
492 2420
1541 2420
2374 2420
463 2421
349 2422
155 2423
1450 2423
745 2424
1616 2424
201 2425
451 2425
508 2425
623 2425
898 2425
1118 2425
1200 2425
1308 2425
1897 2425
1803 2426
286 2427
286 2428
118 2429
500 2430
537 2430
1282 2430
1701 2431
463 2432
1174 2433
1259 2433
2115 2433
349 2434
882 2434
340 2435
592 2435
722 2435
804 2435
1574 2435
1935 2435
1991 2435
2431 2435
163 2436
12 2437
92 2438
311 2438
392 2438
584 2438
761 2438
837 2438
1154 2438
1367 2438
1940 2438
2052 2438
2360 2438
2379 2438
333 2439
1769 2439
2300 2439
581 2440
887 2441
216 2442
1452 2442
1688 2443
277 2444
846 2444
1789 2445
2040 2445
2073 2445
887 2446
609 2447
156 2448
730 2448
1201 2448
1492 2448
2292 2448
816 2449
1675 2449
2374 2450
2184 2451
543 2452
604 2453
294 2454
362 2454
1597 2454
306 2455
792 2455
1159 2455
545 2456
286 2457
1843 2458
371 2460
762 2460
1964 2461
762 2462
1929 2462
2149 2462
165 2463
819 2463
1688 2464
118 2465
984 2465
1878 2465
46 2466
1048 2466
2081 2466
246 2468
52 2469
1571 2469
15 2470
23 2471
156 2471
84 2472
543 2473
543 2474
2452 2474
349 2475
706 2475
463 2476
745 2477
2424 2477
623 2478
784 2479
1846 2480
2209 2480
69 2481
795 2481
900 2481
905 2481
1843 2481
1987 2481
11 2482
15 2483
964 2483
228 2484
13 2485
84 2485
427 2485
565 2485
784 2485
832 2485
984 2485
1459 2485
1587 2485
1879 2485
1977 2485
464 2487
671 2488
12 2489
96 2489
545 2490
155 2491
570 2491
981 2492
985 2492
1725 2493
165 2494
203 2494
339 2494
416 2494
712 2494
741 2494
819 2494
882 2494
1248 2494
1694 2494
410 2495
1052 2495
1705 2495
1737 2495
2213 2495
2296 2495
1381 2496
1693 2496
68 2497
125 2497
402 2497
426 2497
485 2497
851 2497
1892 2497
1967 2497
327 2498
57 2499
2162 2499
156 2500
137 2502
1498 2503
2018 2504
121 2505
164 2505
349 2505
416 2505
1551 2505
121 2506
233 2507
1339 2507
1557 2507
1986 2507
2008 2507
2041 2507
2297 2507
736 2508
900 2508
975 2508
1987 2508
11 2509
1182 2509
1173 2510
536 2511
2467 2511
141 2512
321 2512
495 2512
530 2512
581 2512
870 2512
1040 2512
1278 2512
1913 2512
390 2513
2304 2514
830 2515
1589 2515
1592 2515
11 2516
101 2517
1082 2518
1882 2518
796 2519
1353 2519
1879 2519
3 2520
142 2520
446 2520
571 2520
640 2520
664 2520
1048 2520
1161 2520
1285 2520
1483 2520
2106 2520
2400 2520
2406 2520
121 2521
121 2522
996 2523
1136 2523
1888 2523
1911 2523
1973 2523
2094 2523
156 2524
2500 2524
887 2525
1198 2526
2017 2526
1413 2527
1554 2527
2304 2527
1262 2528
474 2530
1479 2530
286 2531
11 2532
85 2532
688 2532
1223 2532
1288 2532
1964 2533
4 2534
200 2534
234 2534
1211 2536
1855 2536
909 2537
1169 2537
2058 2537
2232 2537
1464 2538
352 2539
463 2539
768 2539
1392 2539
1695 2539
2421 2539
854 2540
543 2541
858 2541
1122 2541
1629 2541
2256 2541
871 2542
1507 2542
2209 2542
2328 2542
486 2543
59 2544
335 2544
1648 2544
224 2545
281 2546
1897 2546
11 2547
156 2548
57 2549
1223 2550
15 2551
581 2552
7 2553
81 2553
127 2553
145 2553
360 2553
448 2553
449 2553
1929 2553
1955 2553
2289 2553
898 2554
1613 2554
1897 2554
668 2555
1035 2555
1211 2555
1531 2555
865 2556
828 2557
1019 2558
2008 2558
1688 2559
1998 2560
201 2561
898 2561
1118 2561
1308 2561
2557 2562
666 2565
1841 2565
887 2566
2311 2567
453 2568
836 2568
1384 2568
1469 2568
2131 2568
2394 2568
17 2569
627 2569
1547 2569
103 2570
530 2570
695 2570
1394 2570
2017 2570
2472 2570
1294 2571
1606 2572
474 2573
718 2573
825 2573
1158 2573
1943 2573
898 2574
121 2575
545 2576
118 2577
427 2577
742 2577
984 2577
1353 2577
1879 2577
2519 2577
57 2578
372 2578
2529 2578
762 2579
1929 2579
108 2580
1094 2581
1173 2581
2151 2581
1557 2582
510 2584
1740 2584
759 2585
400 2586
1274 2586
1353 2586
426 2587
825 2588
1173 2589
1635 2589
1890 2589
1960 2592
95 2593
321 2593
539 2593
618 2593
623 2593
908 2593
1275 2593
1278 2593
1389 2593
1613 2593
1903 2593
2334 2593
210 2594
668 2595
1531 2595
1855 2595
36 2596
99 2596
141 2596
154 2596
156 2596
182 2596
201 2596
206 2596
257 2596
335 2596
522 2596
530 2596
581 2596
726 2596
731 2596
835 2596
842 2596
846 2596
848 2596
914 2596
940 2596
1037 2596
1040 2596
1047 2596
1076 2596
1082 2596
1115 2596
1127 2596
1171 2596
1259 2596
1334 2596
1344 2596
1349 2596
1386 2596
1405 2596
1410 2596
1489 2596
1614 2596
1648 2596
1722 2596
1828 2596
1847 2596
2027 2596
2155 2596
2182 2596
2298 2596
2359 2596
2365 2596
2485 2596
2489 2596
116 2597
196 2597
214 2597
408 2597
531 2597
533 2597
845 2597
910 2597
1256 2597
1429 2597
1526 2597
1768 2597
2008 2597
2129 2597
2331 2597
193 2598
1452 2599
1478 2600
2149 2600
686 2601
416 2602
762 2603
2071 2603
96 2604
720 2604
121 2605
349 2605
1618 2605
1964 2606
661 2607
1768 2608
210 2609
439 2609
472 2610
595 2610
2297 2611
96 2612
486 2612
2596 2612
320 2613
762 2613
1094 2613
2058 2613
2362 2613
1964 2614
1768 2615
108 2616
197 2616
217 2616
308 2616
544 2616
1637 2616
2047 2616
1464 2617
666 2618
140 2619
415 2619
572 2619
1353 2619
1647 2619
1722 2619
1967 2619
2596 2619
154 2620
214 2620
261 2620
720 2620
1115 2620
2295 2620
2304 2620
2361 2620
2489 2620
2193 2621
1274 2623
1281 2623
1353 2623
623 2624
1613 2624
1225 2626
1256 2626
2195 2627
375 2628
516 2629
1301 2630
30 2631
21 2632
638 2633
754 2633
265 2634
1955 2634
4 2635
318 2635
914 2635
1192 2635
1581 2635
1980 2635
2106 2635
764 2636
1262 2636
1689 2636
1873 2636
623 2637
205 2638
271 2638
1745 2639
1912 2639
44 2640
92 2640
146 2640
360 2640
753 2640
847 2640
868 2640
914 2640
980 2640
1478 2640
1546 2640
1668 2640
1765 2640
1861 2640
1930 2640
1940 2640
2088 2640
2210 2640
2289 2640
623 2641
217 2642
438 2642
445 2642
554 2642
1035 2642
1192 2642
1637 2642
1940 2642
2331 2642
84 2643
1843 2644
2183 2646
474 2647
1300 2647
581 2648
926 2648
1029 2650
69 2651
1843 2651
1987 2651
2018 2651
2172 2651
1683 2653
24 2654
206 2654
410 2654
1006 2654
1872 2654
1912 2654
2104 2654
2165 2654
15 2655
2304 2655
806 2656
206 2657
1348 2657
1394 2658
751 2659
1066 2660
2127 2660
2297 2660
100 2661
999 2661
1044 2661
17 2662
2046 2663
748 2664
1478 2665
2640 2666
11 2667
108 2668
456 2668
919 2668
2095 2668
11 2669
680 2670
889 2670
1032 2670
1166 2670
1493 2670
1877 2670
2363 2670
2591 2670
2631 2671
205 2672
491 2672
624 2672
236 2673
982 2674
1444 2674
1975 2674
573 2675
919 2675
1154 2675
1478 2675
170 2676
176 2676
336 2676
375 2676
417 2676
1501 2676
2425 2676
2593 2676
536 2677
1955 2677
2467 2677
80 2678
2134 2679
320 2680
1242 2680
1689 2680
11 2682
85 2682
844 2682
2433 2682
2596 2682
121 2683
133 2684
776 2684
933 2684
1818 2684
59 2685
291 2685
1031 2685
1631 2685
1811 2685
2269 2685
1501 2686
2155 2686
666 2687
1581 2688
581 2689
18 2690
45 2690
269 2690
286 2690
407 2690
2481 2690
2563 2690
1683 2691
726 2693
2115 2693
2682 2693
154 2694
481 2694
1023 2694
2619 2694
316 2695
21 2696
1394 2697
15 2698
57 2699
2529 2699
291 2700
1614 2701
784 2703
610 2704
2512 2704
125 2705
286 2705
415 2705
1228 2705
2265 2705
1138 2706
2023 2706
7 2707
344 2707
680 2707
775 2707
1370 2707
1764 2708
2557 2708
516 2709
1498 2710
1614 2711
2520 2711
898 2712
80 2713
581 2714
758 2715
1311 2715
1327 2715
964 2717
309 2718
815 2718
1521 2718
1998 2719
1644 2720
543 2721
581 2722
2021 2722
887 2723
218 2724
418 2724
518 2724
1162 2724
1423 2724
1698 2724
878 2725
118 2726
776 2726
796 2726
984 2726
1 2727
474 2728
1236 2728
210 2729
8 2730
1159 2730
1140 2731
2508 2731
595 2732
1479 2732
515 2733
2085 2733
2143 2733
943 2734
4 2735
24 2735
779 2735
785 2735
952 2735
1074 2735
1510 2735
1671 2735
1856 2735
2183 2735
2307 2735
2626 2735
2654 2735
121 2736
671 2737
2086 2738
2488 2738
1 2739
14 2740
112 2740
154 2740
353 2740
427 2740
942 2740
1174 2740
1204 2740
1259 2740
1265 2740
1484 2740
1529 2740
1707 2740
1722 2740
1792 2740
2162 2740
2386 2740
2535 2740
2569 2740
11 2741
2191 2741
15 2742
1554 2742
2304 2742
3 2743
54 2743
664 2743
885 2743
1048 2743
1483 2743
2400 2743
2406 2743
368 2744
316 2745
118 2746
943 2747
735 2748
1846 2748
316 2749
4 2750
8 2750
142 2750
177 2750
228 2750
290 2750
415 2750
951 2750
962 2750
1923 2750
1967 2750
2008 2750
2149 2750
2252 2750
156 2751
78 2752
533 2753
882 2753
1072 2753
1248 2753
1872 2753
919 2754
286 2755
121 2756
1608 2757
1798 2758
2430 2758
11 2759
118 2759
776 2759
1315 2759
1451 2759
1543 2759
1672 2759
1934 2759
2234 2759
2488 2759
310 2760
1814 2761
86 2762
1925 2762
2272 2762
751 2763
545 2764
7 2765
84 2766
433 2766
639 2766
644 2766
941 2766
1745 2766
2033 2766
2513 2766
1134 2767
1136 2767
121 2768
129 2769
1162 2769
1724 2769
1592 2770
1036 2771
1583 2771
2002 2771
86 2772
237 2773
272 2773
2124 2773
103 2774
530 2774
730 2774
1198 2774
1394 2774
1648 2774
2544 2774
215 2775
592 2775
1421 2775
1642 2775
2306 2777
622 2778
1081 2779
2773 2779
165 2780
819 2780
193 2781
287 2781
948 2781
2001 2781
2174 2781
203 2782
1747 2782
58 2783
843 2783
1015 2783
1114 2783
1399 2783
1763 2783
1946 2783
2194 2783
2468 2783
2232 2784
839 2785
1042 2785
1603 2785
2018 2785
2266 2785
666 2786
580 2787
697 2787
31 2788
403 2788
1 2789
80 2789
193 2789
200 2789
821 2789
1339 2789
101 2790
666 2791
7 2792
253 2792
1511 2793
356 2794
604 2795
164 2796
1551 2796
1897 2797
2676 2797
310 2798
878 2799
508 2800
1118 2800
1308 2800
2425 2800
2561 2800
18 2801
359 2801
1189 2801
1880 2801
2481 2801
2563 2801
1623 2802
1998 2802
2326 2803
2732 2803
483 2804
1383 2804
466 2805
683 2805
1327 2805
466 2806
683 2806
84 2807
316 2807
2233 2808
268 2809
400 2809
1274 2809
1327 2809
2586 2809
762 2811
2200 2811
2664 2811
2538 2812
426 2813
1391 2814
355 2815
1192 2815
2073 2815
2111 2815
2494 2815
327 2816
662 2816
1474 2816
1633 2816
2480 2816
57 2817
158 2818
297 2818
1236 2818
1296 2818
1534 2818
1764 2818
2013 2818
2557 2818
1617 2819
277 2820
483 2820
846 2820
348 2821
1744 2822
2114 2823
2435 2824
266 2825
496 2825
2523 2825
1372 2826
1106 2827
18 2828
286 2828
340 2828
407 2828
1618 2828
2563 2828
2690 2828
210 2829
1345 2829
234 2830
392 2830
1339 2830
1745 2830
1 2831
1343 2831
2640 2831
1511 2832
708 2833
210 2834
805 2834
1027 2834
2488 2834
2737 2834
2738 2834
508 2835
1118 2835
1399 2835
2425 2835
286 2836
511 2836
698 2836
1955 2836
2276 2836
2438 2837
2442 2837
333 2838
1479 2838
1979 2838
2321 2838
1258 2839
2529 2840
1644 2841
1843 2842
2018 2842
78 2843
663 2844
1562 2845
1703 2845
1780 2845
2000 2845
2573 2845
100 2846
268 2846
959 2846
2586 2846
545 2847
751 2848
1978 2849
2588 2849
265 2850
1814 2851
1017 2852
3 2853
206 2853
914 2853
1526 2853
1557 2853
2597 2853
573 2854
474 2855
825 2855
2845 2855
1783 2856
2378 2856
200 2857
392 2857
1745 2857
2033 2857
268 2858
182 2859
400 2859
451 2859
514 2859
525 2859
939 2859
1565 2859
1630 2859
1652 2859
1720 2859
1897 2859
1916 2859
1996 2859
2105 2859
2663 2859
2783 2859
2715 2860
227 2861
58 2862
610 2863
1020 2863
2006 2864
154 2865
746 2865
1353 2865
1803 2865
1768 2866
2193 2866
11 2867
1013 2868
1843 2869
649 2870
1711 2870
1909 2870
2787 2870
355 2871
1318 2871
370 2872
2077 2872
2614 2872
81 2873
288 2873
349 2874
436 2874
449 2874
2282 2874
379 2875
12 2876
2317 2876
2596 2876
59 2877
80 2878
865 2878
2743 2878
1501 2879
1881 2880
121 2881
2 2882
4 2882
185 2882
221 2882
285 2882
2735 2882
2237 2883
169 2884
463 2884
1112 2884
1190 2884
2802 2884
1343 2885
58 2886
11 2887
758 2887
2860 2887
1964 2888
15 2889
1142 2889
80 2891
169 2891
337 2891
477 2891
1337 2891
1419 2891
1557 2891
2129 2891
2374 2891
205 2892
678 2893
878 2893
78 2894
82 2894
497 2894
1446 2894
1587 2894
1753 2894
1820 2894
2026 2894
2494 2894
182 2895
1253 2895
2108 2895
368 2896
2018 2896
210 2897
1221 2897
2382 2897
950 2898
591 2899
1024 2899
140 2900
623 2900
710 2900
1587 2900
1613 2900
1897 2900
920 2902
390 2903
390 2904
469 2904
1048 2904
1082 2904
1103 2904
2037 2904
2766 2904
1081 2905
1202 2905
1592 2905
510 2906
2740 2906
327 2907
1633 2907
2480 2907
597 2908
1380 2908
530 2909
1394 2909
2596 2909
1326 2910
57 2911
2350 2911
2578 2911
375 2912
80 2913
838 2914
2176 2914
545 2915
381 2916
1430 2917
2505 2917
2828 2917
472 2918
1332 2919
201 2920
246 2920
391 2920
451 2920
623 2920
1279 2920
1897 2920
2759 2921
104 2922
979 2923
1140 2924
1635 2924
1822 2924
1890 2924
491 2925
20 2926
93 2926
537 2926
574 2926
677 2926
1064 2926
1528 2926
2218 2926
2686 2926
890 2927
2222 2927
74 2928
985 2928
1457 2928
1607 2928
11 2929
1256 2930
2276 2930
2735 2930
1709 2931
327 2932
2930 2933
1960 2934
2382 2935
2759 2935
751 2936
1021 2936
2006 2937
1140 2938
1173 2938
1635 2938
1890 2938
594 2939
1582 2939
1709 2940
1644 2941
21 2942
774 2943
957 2943
1157 2943
1567 2943
1790 2943
268 2944
547 2944
2335 2945
235 2946
1625 2946
1843 2946
510 2947
604 2947
2465 2947
2485 2947
2726 2947
474 2948
1054 2948
1479 2948
2326 2948
2530 2948
2845 2948
286 2949
218 2950
381 2950
418 2950
1854 2950
2769 2950
1073 2951
2498 2951
156 2952
689 2952
730 2952
1492 2952
2058 2953
421 2954
987 2954
1729 2954
543 2955
2173 2956
101 2957
495 2958
1278 2958
1669 2958
2196 2958
2334 2958
2349 2958
2652 2958
2704 2958
2863 2958
1160 2959
1884 2959
2319 2959
745 2960
751 2961
847 2961
2836 2961
987 2962
1064 2962
1729 2962
2193 2963
17 2964
1204 2964
887 2965
588 2966
1343 2966
1350 2966
1788 2966
2138 2966
13 2967
84 2967
565 2967
689 2967
711 2967
1031 2967
1358 2967
1394 2967
1942 2967
2158 2967
2292 2967
2466 2967
2596 2967
2674 2967
193 2968
931 2968
1107 2968
1511 2968
1989 2968
55 2970
57 2970
2378 2971
531 2972
1066 2972
1319 2972
1391 2972
1601 2972
2020 2972
2127 2972
2297 2972
2654 2972
2810 2972
2814 2972
2923 2972
2512 2973
340 2974
826 2975
1040 2975
491 2976
1170 2977
1597 2977
110 2978
597 2978
1316 2978
1545 2978
1044 2979
1963 2979
2304 2980
2596 2981
707 2982
1012 2982
2029 2982
2390 2982
2927 2982
594 2983
1582 2983
788 2984
1531 2984
2597 2984
194 2985
762 2985
11 2986
1510 2987
2331 2987
1914 2988
2670 2989
108 2990
919 2990
2616 2990
483 2991
11 2992
59 2993
2774 2993
2909 2993
1955 2994
2001 2995
2128 2996
573 2997
57 2998
355 2999
373 2999
737 2999
985 2999
1498 2999
1896 2999
2073 2999
2329 2999
2589 2999
349 3000
80 3001
2827 3002
2940 3002
647 3003
1529 3004
43 3005
118 3005
776 3005
796 3005
1878 3005
2228 3005
1394 3006
310 3007
346 3007
1548 3008
4 3009
436 3009
1030 3009
1307 3009
1855 3009
426 3010
1729 3011
2155 3011
1044 3012
612 3014
1087 3014
1703 3014
15 3015
2827 3016
2940 3016
2249 3017
1581 3018
210 3019
100 3020
127 3021
11 3022
85 3022
118 3022
223 3022
469 3022
743 3022
846 3022
1443 3022
1444 3022
1540 3022
1577 3022
1683 3022
2155 3022
2472 3022
3005 3022
751 3023
57 3024
2350 3024
1929 3025
1932 3025
2085 3025
2143 3025
2149 3025
2757 3025
843 3026
898 3026
939 3026
1554 3026
1613 3026
1720 3026
1897 3026
2120 3026
2676 3026
2783 3026
2835 3026
2828 3028
80 3029
1258 3029
210 3030
358 3030
11 3031
315 3032
514 3032
715 3032
790 3032
843 3032
852 3032
1086 3032
1253 3032
1399 3032
1417 3032
1652 3032
1916 3032
1947 3032
2194 3032
2663 3032
234 3033
392 3033
1367 3033
1745 3033
683 3034
1327 3034
12 3035
2596 3036
205 3037
1189 3038
1843 3038
2330 3039
1529 3040
982 3041
1349 3041
317 3042
839 3042
1042 3042
1603 3042
1628 3042
2018 3042
2680 3042
545 3043
169 3044
351 3044
407 3044
1557 3044
2423 3044
276 3045
12 3046
84 3046
600 3046
1353 3046
1504 3046
1704 3046
1729 3046
2133 3046
3022 3046
375 3047
2593 3047
1326 3048
910 3049
1115 3049
1044 3050
1530 3050
2263 3050
2353 3050
76 3051
568 3051
1258 3052
1515 3052
2968 3053
355 3054
1610 3054
85 3055
459 3055
530 3055
1223 3055
11 3056
137 3056
761 3057
317 3058
839 3058
2567 3058
2583 3058
2702 3058
2985 3058
477 3059
865 3059
971 3059
1091 3059
1747 3059
2894 3059
1343 3060
2210 3060
355 3061
197 3062
217 3062
308 3062
1637 3062
1917 3062
2047 3062
2990 3062
1960 3063
375 3064
267 3065
325 3065
375 3065
475 3065
693 3065
1025 3065
1067 3065
1465 3065
1501 3065
1799 3065
1947 3065
3026 3065
2319 3066
1500 3067
2773 3067
268 3068
104 3069
785 3069
2283 3069
2463 3069
2 3070
717 3070
966 3070
1150 3070
1348 3070
2296 3070
2735 3070
59 3071
203 3071
455 3071
1009 3071
1060 3071
1950 3071
2112 3071
2404 3071
2685 3071
2871 3071
1181 3072
898 3073
1796 3073
2330 3074
12 3075
844 3075
921 3075
2108 3075
2433 3075
2596 3075
2895 3075
718 3076
52 3077
1571 3077
175 3078
648 3078
970 3078
987 3078
1646 3078
1798 3078
2954 3078
2962 3078
86 3079
777 3080
1218 3080
1758 3081
11 3082
1201 3083
156 3084
84 3085
286 3085
291 3085
324 3085
347 3085
395 3085
485 3085
528 3085
712 3085
797 3085
956 3085
1207 3085
1339 3085
1585 3085
2788 3085
1136 3086
2767 3086
1278 3087
581 3088
73 3089
179 3089
193 3089
503 3089
847 3089
882 3089
1167 3089
1705 3089
1854 3089
1892 3089
2845 3090
1796 3091
2546 3091
617 3092
1 3093
848 3093
1313 3093
1546 3093
2640 3093
1480 3094
1843 3095
205 3096
368 3096
521 3096
1843 3096
2018 3096
759 3097
1054 3097
1236 3097
2692 3097
193 3098
683 3099
7 3100
1727 3100
1955 3100
784 3102
516 3103
1353 3103
1173 3104
349 3105
532 3105
564 3105
1477 3105
3094 3105
661 3106
1592 3106
51 3107
738 3107
1390 3107
1473 3107
1478 3107
286 3108
712 3108
2438 3108
2961 3108
155 3109
235 3110
363 3110
728 3110
1498 3110
1625 3110
1660 3110
1689 3110
1843 3110
2151 3110
2581 3110
101 3111
1442 3112
1805 3112
2099 3112
3016 3112
463 3113
928 3114
112 3115
387 3115
405 3115
471 3115
888 3115
1117 3115
1438 3115
2306 3115
2309 3115
2383 3115
2549 3115
2931 3115
2940 3115
397 3116
776 3116
1373 3116
446 3117
792 3117
882 3117
316 3118
703 3119
1581 3119
1768 3119
2193 3119
187 3120
3115 3120
1077 3121
581 3122
258 3123
581 3123
7 3124
344 3124
1032 3124
1370 3124
1493 3124
2363 3124
512 3125
1762 3125
1944 3125
37 3126
121 3126
1514 3126
2032 3126
2668 3126
74 3127
981 3127
985 3127
1555 3127
500 3128
993 3128
2758 3128
2926 3128
522 3129
156 3130
463 3131
210 3132
902 3132
209 3133
286 3133
377 3133
485 3133
899 3133
956 3133
1135 3133
1207 3133
1585 3133
1880 3133
3022 3133
415 3134
2237 3135
2306 3136
101 3137
103 3139
510 3139
627 3139
140 3140
1154 3140
803 3141
865 3141
1258 3141
1875 3141
581 3142
1040 3142
1501 3142
970 3143
987 3143
1646 3143
2926 3143
2954 3143
1911 3144
2825 3144
11 3145
13 3146
95 3146
198 3146
375 3146
457 3146
490 3146
1082 3146
1459 3146
1686 3146
2593 3146
1510 3147
2331 3147
355 3148
253 3149
1644 3150
784 3151
644 3152
826 3152
189 3153
914 3153
1052 3153
1745 3153
2033 3153
2213 3153
3107 3153
1267 3154
2232 3154
6 3155
1694 3155
2553 3155
819 3156
1225 3156
3069 3156
776 3157
1438 3158
1792 3158
1859 3158
2716 3158
1921 3159
349 3160
1159 3160
2917 3160
56 3161
1339 3161
1181 3162
2334 3162
865 3163
3059 3163
890 3164
2222 3164
379 3165
2776 3165
78 3166
108 3167
919 3167
859 3168
1015 3168
2468 3168
2859 3168
3123 3169
701 3170
726 3171
1086 3171
1137 3171
1253 3171
2895 3171
1919 3172
2946 3172
3110 3172
2872 3173
1094 3174
1772 3174
86 3175
265 3176
3013 3178
2124 3179
156 3180
1341 3180
2967 3180
642 3181
1544 3181
156 3182
403 3183
522 3183
3085 3183
45 3184
265 3185
1128 3186
2894 3187
684 3188
141 3189
1781 3189
121 3190
205 3191
324 3191
666 3192
217 3193
542 3193
736 3193
1103 3193
2589 3193
2924 3193
890 3194
540 3195
388 3196
1300 3196
324 3197
352 3197
426 3197
1190 3197
1585 3197
2539 3197
3191 3197
581 3198
291 3199
1921 3200
57 3201
2740 3201
257 3202
1438 3202
1814 3202
666 3203
1343 3205
819 3206
11 3207
1438 3207
1814 3207
4 3208
458 3208
1074 3208
1510 3208
1671 3208
1856 3208
2111 3208
2183 3208
2307 3208
2882 3208
2930 3208
3070 3208
140 3209
326 3209
1531 3209
1594 3209
2750 3209
1469 3210
1268 3211
1568 3211
257 3212
1288 3212
1304 3212
1314 3212
1540 3212
1612 3212
1631 3212
1882 3212
2243 3212
1917 3213
379 3214
1768 3215
2186 3216
3013 3217
784 3218
887 3219
887 3220
3219 3220
784 3221
45 3222
116 3222
181 3222
193 3222
254 3222
426 3222
446 3222
624 3222
882 3222
924 3222
944 3222
1074 3222
1163 3222
1189 3222
1242 3222
1420 3222
1831 3222
2417 3222
2651 3222
2744 3222
2896 3222
3096 3222
866 3223
2681 3223
410 3224
1408 3225
45 3226
3065 3227
416 3228
761 3228
1955 3228
591 3229
2601 3230
666 3231
1841 3231
1134 3232
1136 3232
2767 3232
1072 3233
2871 3233
4 3234
458 3234
1856 3234
2882 3234
3070 3234
2596 3235
708 3236
217 3237
263 3237
743 3237
1381 3237
2055 3237
762 3238
90 3239
155 3239
307 3239
559 3239
1713 3239
1972 3239
2435 3239
2690 3239
2828 3239
2974 3239
7 3240
819 3240
882 3240
1872 3240
2815 3240
910 3241
2202 3242
2541 3243
2237 3244
1531 3245
411 3246
3239 3247
1133 3248
327 3249
46 3250
1040 3250
1349 3250
1650 3250
1840 3250
2081 3250
2280 3250
2956 3250
1174 3251
1259 3251
108 3252
3223 3253
158 3254
778 3254
1126 3254
1688 3254
3222 3255
193 3256
762 3257
1718 3258
1890 3258
2215 3258
1511 3259
970 3260
1798 3260
3128 3260
205 3261
349 3261
446 3261
449 3261
698 3262
2168 3262
2634 3262
2677 3262
1768 3263
3239 3264
11 3265
57 3265
91 3265
95 3265
212 3265
227 3265
494 3265
1276 3265
1438 3265
1530 3265
1791 3265
1814 3265
3146 3265
205 3266
1305 3267
964 3268
11 3269
2524 3270
483 3271
155 3272
286 3273
18 3274
269 3274
286 3274
450 3274
1189 3274
1880 3274
2481 3274
3038 3274
121 3275
11 3276
33 3277
81 3277
203 3277
730 3277
1060 3277
1343 3277
1576 3277
1577 3277
1930 3277
1950 3277
2685 3277
2819 3277
598 3278
625 3278
1030 3278
1470 3278
1531 3278
1855 3278
1959 3278
2022 3278
2352 3278
2874 3278
75 3279
519 3279
604 3279
914 3279
976 3279
2155 3279
2865 3279
3046 3279
1644 3280
689 3281
751 3282
261 3283
660 3283
845 3283
1115 3283
527 3284
898 3285
1008 3285
3065 3285
127 3286
1968 3286
92 3287
140 3287
216 3287
392 3287
531 3287
761 3287
837 3287
1083 3287
1154 3287
1768 3287
1940 3287
2031 3287
2360 3287
2750 3287
712 3288
1581 3289
3246 3290
81 3291
203 3291
217 3291
455 3291
1009 3291
1050 3291
1576 3291
1668 3291
2112 3291
2685 3291
3071 3291
69 3292
1422 3292
2158 3293
1960 3294
253 3295
11 3296
2766 3297
5 3298
56 3298
205 3298
449 3298
2455 3298
1450 3299
865 3300
1258 3300
698 3301
761 3301
691 3302
644 3303
403 3304
621 3304
682 3304
3085 3304
3133 3304
812 3305
1803 3306
11 3307
57 3307
75 3307
85 3307
91 3307
118 3307
156 3307
223 3307
483 3307
581 3307
604 3307
647 3307
689 3307
776 3307
846 3307
1108 3307
1151 3307
1443 3307
1444 3307
1577 3307
1729 3307
2766 3307
2967 3307
3005 3307
3046 3307
3133 3307
2074 3308
58 3309
230 3310
248 3310
358 3310
558 3310
1206 3310
1438 3310
1451 3310
1486 3310
1491 3310
1672 3310
1814 3310
2050 3310
2393 3310
2969 3310
3305 3310
66 3311
205 3311
280 3311
583 3311
607 3311
1120 3311
27 3312
1384 3312
1807 3312
379 3313
1036 3313
2771 3313
1791 3314
421 3315
1729 3315
2926 3315
3078 3315
169 3316
1190 3316
1557 3316
1695 3316
545 3317
56 3318
104 3318
1602 3318
1036 3319
15 3320
539 3321
2593 3321
379 3322
390 3323
375 3324
2593 3324
622 3325
3097 3325
286 3326
980 3327
11 3328
3310 3330
820 3331
2331 3331
78 3332
11 3333
1729 3334
78 3335
415 3336
1441 3336
3134 3336
263 3337
419 3337
1029 3337
1048 3337
1062 3337
1289 3337
1383 3337
1604 3337
1757 3337
1937 3337
1949 3337
2459 3337
2593 3337
2804 3337
2820 3337
634 3338
2232 3338
345 3339
857 3339
694 3340
698 3340
2467 3340
1582 3341
898 3342
1897 3342
3065 3342
353 3343
522 3343
1204 3343
1394 3343
1529 3343
1707 3343
1722 3343
1787 3343
1792 3343
1850 3343
2066 3343
2115 3343
2569 3343
2716 3343
3201 3343
7 3344
126 3344
142 3344
145 3344
203 3344
279 3344
339 3344
447 3344
886 3344
1072 3344
1482 3344
1844 3344
1929 3344
1932 3344
2034 3344
2040 3344
2362 3344
2815 3344
2894 3344
2999 3344
543 3345
86 3346
602 3347
2304 3348
581 3349
1158 3350
2849 3350
12 3351
1344 3351
2596 3351
179 3352
217 3352
268 3353
11 3354
3133 3355
127 3356
1116 3357
1532 3357
1537 3357
1598 3357
2186 3357
84 3358
1081 3359
2124 3359
2773 3359
3067 3359
2752 3360
368 3361
1719 3361
2018 3361
463 3362
215 3363
403 3364
2008 3364
3 3365
9 3365
126 3365
509 3365
668 3365
813 3365
883 3365
1192 3365
1550 3365
1833 3365
2385 3365
3153 3365
155 3366
407 3366
1430 3366
1986 3366
2423 3366
2505 3366
2605 3366
2649 3366
3299 3366
1158 3367
2557 3367
46 3368
604 3368
730 3368
1172 3368
1269 3368
1492 3368
1577 3368
1975 3368
2685 3368
2700 3368
3146 3368
3199 3368
921 3369
2108 3369
2596 3369
2895 3369
3032 3369
205 3370
58 3371
201 3372
1897 3372
140 3373
1478 3373
2750 3373
101 3374
3065 3375
1972 3376
11 3377
530 3377
255 3378
523 3378
689 3378
946 3378
1377 3378
1683 3378
2170 3378
2709 3378
3103 3378
2766 3379
1173 3380
1635 3380
1890 3380
2938 3380
81 3381
162 3381
208 3381
533 3381
658 3381
801 3381
1210 3381
1608 3381
1932 3381
2060 3381
2085 3381
2126 3381
2143 3381
2368 3381
1530 3382
2353 3382
3050 3382
2040 3383
2237 3384
2601 3385
379 3386
825 3387
1158 3387
2849 3387
1955 3388
575 3389
1186 3389
928 3390
751 3391
2497 3391
1409 3392
1749 3392
2570 3392
2774 3392
1225 3393
1228 3393
1466 3393
2129 3393
3 3394
54 3394
446 3394
885 3394
1010 3394
1048 3394
1203 3394
2400 3394
2406 3394
2743 3394
2878 3394
59 3395
950 3396
2485 3396
2685 3396
121 3397
1124 3397
1112 3398
1190 3398
2802 3398
201 3399
623 3399
898 3399
206 3400
788 3400
1006 3400
2129 3400
2165 3400
2166 3400
2660 3400
1380 3401
11 3402
6 3403
185 3403
355 3403
1753 3403
2782 3403
2873 3403
3233 3403
3277 3403
3291 3403
2322 3404
661 3405
1897 3406
101 3407
1978 3408
2201 3408
1486 3409
3310 3409
379 3410
594 3411
3237 3412
1854 3413
290 3414
1111 3414
1292 3414
1367 3414
3287 3414
348 3415
1390 3416
1531 3416
1550 3416
1594 3416
2866 3416
857 3417
2501 3417
898 3418
3017 3419
3188 3419
666 3420
947 3421
224 3422
1478 3423
3222 3424
11 3425
12 3426
2596 3426
1214 3427
108 3429
572 3429
2411 3429
2901 3429
846 3430
784 3431
761 3432
1758 3432
982 3433
1198 3433
1243 3433
1749 3433
2526 3433
2774 3433
806 3434
2287 3434
11 3435
137 3435
2538 3436
1529 3437
1869 3437
2625 3437
14 3438
112 3438
1781 3438
182 3439
1086 3439
1679 3439
2009 3439
2520 3440
416 3441
1955 3441
2511 3441
2677 3441
3340 3441
110 3442
323 3442
708 3442
2130 3442
1843 3443
2018 3443
2435 3443
121 3444
666 3445
477 3446
1112 3447
2802 3447
193 3448
1048 3449
898 3450
1796 3450
2304 3450
2546 3450
1703 3451
3097 3451
3301 3452
3441 3452
11 3453
1854 3454
486 3455
383 3456
395 3456
2736 3457
79 3458
121 3458
286 3458
1681 3458
1964 3459
286 3460
1570 3461
1981 3461
2538 3461
59 3462
1424 3462
15 3463
1554 3463
2304 3463
1531 3464
1855 3464
543 3465
887 3466
1609 3466
2409 3466
1094 3467
683 3468
136 3469
164 3469
1551 3469
2796 3469
1710 3470
1814 3470
3449 3470
260 3471
1220 3471
1430 3471
2423 3471
3299 3471
3469 3471
234 3472
367 3472
703 3472
726 3472
984 3472
1745 3472
2691 3472
3307 3472
3378 3472
11 3473
595 3474
759 3474
2948 3474
11 3475
205 3476
671 3477
3177 3477
3308 3477
776 3478
1587 3479
78 3480
1083 3480
1091 3480
1914 3481
182 3482
604 3482
827 3482
1023 3482
1364 3482
1745 3482
1871 3482
2170 3482
3005 3482
3049 3482
1644 3483
1998 3484
2539 3484
2719 3484
368 3485
1498 3485
1873 3485
2528 3485
3424 3485
410 3486
234 3487
392 3487
3033 3487
286 3488
1571 3489
1854 3489
914 3490
1653 3490
1912 3490
2129 3490
2213 3490
2495 3490
253 3491
403 3491
3085 3491
3133 3491
1589 3492
2568 3492
210 3493
786 3493
812 3493
2310 3493
3310 3493
80 3494
1341 3495
1942 3495
2684 3496
2940 3496
1189 3497
1843 3497
2018 3497
101 3498
2957 3498
887 3499
1609 3499
3466 3499
286 3500
2409 3501
1038 3502
2132 3502
155 3503
1026 3504
57 3505
2350 3505
2578 3505
620 3506
1223 3507
340 3508
671 3509
2488 3509
2759 3509
1142 3510
1232 3510
52 3511
381 3511
710 3511
1977 3511
210 3512
786 3512
812 3512
371 3513
1044 3514
3012 3514
623 3515
1897 3515
408 3516
1066 3516
2127 3516
2297 3516
3400 3516
206 3517
234 3517
321 3518
2334 3518
134 3519
344 3519
448 3519
1032 3519
1094 3519
1493 3519
1929 3519
2627 3519
3404 3519
3466 3519
3501 3519
3222 3520
1 3521
381 3521
2378 3522
449 3523
1248 3523
1872 3523
2815 3523
685 3524
1777 3525
2766 3526
397 3527
776 3527
1045 3527
1373 3527
749 3528
977 3529
3527 3529
898 3530
1258 3531
581 3532
1040 3532
1044 3533
2051 3533
1890 3534
4 3535
536 3535
573 3535
712 3535
2494 3535
3085 3535
3288 3535
78 3536
2494 3536
74 3537
943 3537
981 3537
1447 3537
1495 3537
3105 3537
781 3538
1804 3538
1973 3538
2094 3538
1094 3539
1568 3539
3174 3539
127 3540
1791 3541
426 3542
403 3543
160 3544
1086 3544
3439 3544
928 3545
2043 3545
121 3546
829 3547
3519 3547
2684 3548
604 3549
78 3550
1083 3550
813 3551
765 3552
2023 3552
44 3553
92 3553
146 3553
249 3553
289 3553
360 3553
369 3553
480 3553
520 3553
588 3553
753 3553
847 3553
848 3553
868 3553
914 3553
1434 3553
1455 3553
1478 3553
1546 3553
1668 3553
1819 3553
1861 3553
1930 3553
1940 3553
2666 3553
3093 3553
268 3554
1523 3554
2623 3554
2806 3554
2859 3554
13 3555
199 3556
1575 3556
1701 3556
1972 3556
3248 3556
1194 3557
170 3558
176 3558
475 3558
798 3558
1067 3558
1501 3558
1665 3558
1946 3558
2067 3558
2155 3558
2593 3558
2797 3558
3026 3558
57 3559
718 3560
828 3560
1356 3560
2562 3560
2708 3560
2818 3560
3367 3560
604 3561
1349 3561
1871 3561
3005 3561
644 3562
1589 3563
1807 3563
2394 3563
2568 3563
3312 3563
103 3564
638 3565
1276 3565
666 3566
104 3567
210 3568
2382 3568
1110 3569
1319 3570
3400 3570
4 3571
5 3571
598 3571
1018 3571
1030 3571
2434 3571
368 3572
12 3573
17 3573
1281 3573
2619 3573
2740 3573
3343 3573
1394 3574
865 3575
1541 3575
2520 3575
2743 3575
1394 3576
2449 3577
16 3578
522 3578
776 3578
1938 3578
2532 3578
2550 3578
3055 3578
3507 3578
898 3579
1308 3579
2800 3579
3406 3579
210 3580
205 3581
666 3582
1154 3583
1940 3583
3414 3583
121 3584
12 3585
1344 3585
1754 3585
379 3586
3410 3586
459 3587
2386 3587
320 3588
762 3588
2785 3588
3042 3588
274 3589
1963 3589
2402 3589
265 3590
426 3591
2362 3592
2904 3592
3193 3592
3352 3592
103 3593
11 3594
286 3595
898 3596
3558 3596
1158 3597
3560 3597
282 3598
362 3598
722 3598
1622 3598
1824 3598
1965 3598
2630 3598
3051 3598
3059 3598
3101 3598
776 3599
1315 3599
3509 3599
887 3600
486 3602
1327 3603
136 3604
2917 3604
3366 3604
3471 3604
597 3605
1578 3605
375 3606
573 3608
7 3609
83 3609
448 3609
881 3609
3485 3609
3188 3610
1382 3611
2174 3611
515 3612
1210 3612
3381 3612
348 3613
2039 3613
2538 3614
2617 3614
857 3615
2014 3615
293 3616
687 3616
1305 3616
1794 3616
3267 3616
1 3617
83 3617
881 3617
1262 3617
1338 3617
2640 3617
3311 3617
3485 3617
463 3618
768 3618
847 3618
1112 3618
1190 3618
1392 3618
2560 3618
2719 3618
2802 3618
3484 3618
7 3619
341 3619
253 3620
545 3621
1866 3621
993 3622
1026 3622
1282 3622
15 3623
1554 3623
2164 3624
950 3625
11 3626
205 3627
368 3627
398 3627
535 3627
631 3627
867 3627
912 3627
1677 3627
1843 3627
1891 3627
2018 3627
2079 3627
2392 3627
2690 3627
2801 3627
2828 3627
3184 3627
3226 3627
3329 3627
3428 3627
7 3628
882 3628
1248 3628
2815 3628
510 3629
1740 3629
2584 3629
127 3630
1968 3630
3097 3632
679 3633
948 3633
2001 3633
1841 3634
2565 3634
3420 3634
205 3635
2193 3636
121 3637
317 3637
2071 3637
463 3638
15 3639
623 3639
1279 3639
1720 3639
2304 3639
2361 3639
3026 3639
3032 3639
3442 3639
488 3640
708 3640
972 3640
1110 3640
1130 3640
1217 3640
2046 3640
3032 3640
1 3641
2640 3641
623 3642
355 3643
477 3643
587 3643
634 3643
981 3643
1089 3643
1772 3643
2537 3643
2953 3643
689 3644
2340 3645
1963 3646
947 3647
3357 3647
1703 3648
3097 3648
61 3649
286 3649
101 3650
2232 3651
1979 3652
116 3653
3385 3654
683 3655
964 3656
3553 3657
1644 3658
3150 3658
1027 3659
2382 3659
2935 3659
816 3660
11 3661
777 3662
1027 3662
2759 3662
3310 3662
1105 3663
3173 3663
2018 3664
3274 3664
3497 3664
776 3665
4 3666
649 3667
836 3667
2103 3667
2141 3667
687 3668
871 3668
1641 3668
2480 3668
2542 3668
2304 3669
894 3670
1583 3670
2771 3670
745 3671
2014 3671
2273 3671
236 3672
2845 3673
2374 3674
388 3675
1302 3675
2838 3675
1843 3676
3337 3677
573 3678
228 3679
2484 3679
92 3680
189 3680
498 3680
1192 3680
1550 3680
2495 3680
581 3681
784 3682
58 3683
1565 3683
1201 3684
266 3685
996 3685
3538 3685
2164 3686
118 3687
286 3688
516 3689
742 3689
1353 3689
2158 3689
3378 3689
708 3690
1846 3691
2907 3691
218 3692
381 3692
418 3692
1854 3692
1 3693
80 3693
821 3693
1339 3693
2855 3694
80 3695
97 3695
168 3695
646 3695
696 3695
840 3695
1072 3695
1180 3695
1248 3695
1306 3695
1694 3695
1738 3695
1747 3695
1861 3695
1864 3695
1923 3695
1929 3695
2339 3695
2374 3695
2752 3695
2843 3695
2890 3695
2894 3695
3332 3695
3335 3695
3360 3695
3480 3695
3535 3695
3536 3695
325 3696
898 3696
2676 3696
1319 3697
270 3698
1130 3698
1361 3698
3640 3698
1214 3699
1394 3700
21 3701
108 3702
729 3702
919 3702
1471 3702
2616 3702
1044 3703
1190 3704
15 3705
2698 3705
11 3706
1487 3707
268 3708
3310 3709
11 3710
1581 3711
2193 3711
99 3712
141 3712
154 3712
156 3712
477 3712
522 3712
581 3712
846 3712
906 3712
910 3712
1175 3712
1253 3712
1344 3712
1405 3712
1406 3712
1722 3712
1961 3712
1996 3712
2109 3712
2121 3712
2155 3712
2169 3712
2437 3712
2597 3712
2612 3712
2876 3712
3035 3712
3573 3712
3585 3712
355 3713
525 3714
898 3714
1224 3714
1279 3714
1897 3714
3125 3714
919 3715
1729 3716
2073 3717
3344 3717
2045 3718
2816 3718
2907 3718
898 3719
84 3720
1684 3720
3022 3720
3307 3720
477 3721
51 3722
2193 3722
3107 3722
3416 3722
7 3723
385 3723
645 3723
732 3723
1321 3723
1632 3723
1667 3723
80 3724
1651 3724
156 3725
1330 3725
1110 3726
512 3727
1114 3727
1200 3727
1762 3727
1944 3727
898 3728
12 3729
1701 3730
362 3731
722 3731
1622 3731
2630 3731
3101 3731
12 3732
3712 3732
594 3733
1487 3733
3469 3734
2811 3735
644 3736
59 3737
1964 3738
3477 3739
532 3740
2945 3740
1380 3741
1088 3742
1964 3742
1964 3743
121 3744
2622 3744
224 3745
1301 3746
3598 3746
205 3747
516 3748
3378 3748
623 3749
1613 3749
359 3750
450 3750
1189 3750
2481 3750
759 3751
2845 3751
3237 3752
3 3753
140 3753
1135 3753
1339 3753
2297 3753
2558 3753
3364 3753
1031 3754
1341 3754
1942 3754
678 3755
80 3756
116 3756
416 3756
477 3756
621 3756
919 3756
928 3756
1258 3756
1614 3756
1729 3756
1855 3756
2019 3756
2297 3756
2853 3756
3161 3756
3365 3756
3394 3756
395 3757
1379 3758
2077 3759
2872 3759
3173 3759
169 3760
1695 3760
1843 3760
545 3761
525 3762
1386 3763
1781 3763
2262 3763
3307 3763
340 3764
175 3765
2962 3765
919 3766
1081 3767
2773 3767
2779 3767
1688 3768
2538 3769
1411 3770
448 3771
882 3771
1072 3771
1872 3771
2753 3771
2815 3771
573 3772
865 3773
1258 3773
1541 3773
2743 3773
1096 3774
1408 3774
1613 3775
1897 3775
366 3776
2074 3776
597 3777
1183 3778
78 3779
522 3779
1083 3779
1174 3779
1259 3779
1273 3779
1372 3779
2115 3779
2341 3779
2494 3779
1501 3780
2155 3780
474 3781
545 3782
759 3783
1300 3783
2321 3783
3239 3784
882 3785
11 3786
85 3786
1248 3786
2596 3786
2693 3786
2740 3786
3343 3786
857 3787
121 3788
206 3789
454 3789
578 3789
2735 3789
776 3790
2155 3791
2304 3792
2742 3792
408 3793
1510 3793
118 3794
1709 3794
1183 3795
673 3796
890 3796
2222 3796
2982 3796
200 3797
286 3797
2168 3797
2276 3797
2961 3797
3535 3797
286 3798
2117 3798
3302 3799
3631 3799
2078 3800
2940 3800
1244 3801
1846 3801
2237 3801
2328 3801
2907 3801
45 3802
181 3802
269 3802
349 3802
359 3802
426 3802
792 3802
821 3802
905 3802
1422 3802
2481 3802
2651 3802
3239 3802
1319 3803
3400 3803
12 3804
759 3805
2321 3805
1160 3806
56 3807
486 3807
2111 3808
477 3809
266 3810
496 3810
3144 3810
3538 3810
663 3811
316 3812
310 3813
86 3814
1654 3814
708 3815
116 3816
2346 3816
182 3817
11 3818
155 3819
368 3820
1843 3820
3222 3820
3361 3820
2325 3821
286 3822
192 3823
928 3824
286 3825
361 3826
3025 3826
355 3827
373 3827
1247 3827
2924 3827
3138 3827
3344 3827
3534 3827
1964 3828
121 3829
2958 3830
1783 3831
2378 3831
898 3832
2304 3832
43 3833
776 3833
984 3833
1878 3833
2726 3833
2947 3833
193 3834
310 3834
2001 3834
1718 3835
1890 3835
2215 3835
898 3836
3418 3836
1923 3837
1929 3837
1955 3837
2462 3837
2600 3837
2985 3837
101 3838
349 3839
1159 3839
2917 3839
3366 3839
2430 3840
2758 3840
45 3841
1371 3841
1640 3842
2771 3842
3601 3842
2297 3843
460 3844
1487 3844
2939 3844
3341 3844
3411 3844
3733 3844
610 3845
877 3845
2958 3845
448 3846
1262 3846
1338 3846
2325 3847
17 3848
2584 3848
210 3849
902 3849
3310 3849
1922 3850
3071 3850
155 3851
2767 3852
3232 3852
2001 3853
2413 3853
140 3854
222 3855
483 3856
581 3856
3337 3856
286 3857
1581 3858
2111 3858
2193 3858
92 3859
1192 3859
1550 3859
2495 3859
3680 3859
380 3860
583 3860
833 3860
1069 3860
1689 3860
2177 3860
2645 3860
2680 3860
3110 3860
543 3861
443 3862
1119 3862
2183 3862
2403 3862
2646 3862
3208 3862
1693 3863
286 3864
3339 3865
1130 3866
11 3867
1035 3868
1211 3868
1531 3868
1169 3869
3539 3869
462 3870
961 3870
1673 3870
2373 3870
2436 3870
375 3871
1 3872
1174 3873
1 3874
1902 3874
2945 3875
80 3876
853 3876
751 3877
1190 3877
4 3878
318 3878
914 3878
1192 3878
1319 3878
1581 3878
1980 3878
2106 3878
2626 3878
792 3879
1074 3879
288 3880
2873 3880
7 3881
355 3881
1083 3881
1192 3881
2111 3881
2494 3881
3344 3881
235 3882
280 3882
1625 3882
1660 3882
1843 3882
2151 3882
1843 3883
2018 3883
912 3884
3627 3884
58 3885
27 3886
836 3886
1469 3886
1807 3886
3563 3886
505 3887
1026 3887
2541 3887
2334 3888
2382 3889
2897 3889
235 3890
363 3890
728 3890
1625 3890
1689 3890
2151 3890
3172 3890
3860 3890
197 3891
717 3891
729 3891
1830 3891
1886 3891
2265 3891
3204 3891
3702 3891
623 3892
88 3893
121 3893
166 3893
169 3893
205 3893
342 3893
371 3893
378 3893
456 3893
464 3893
526 3893
529 3893
562 3893
761 3893
765 3893
767 3893
817 3893
884 3893
890 3893
992 3893
1033 3893
1046 3893
1124 3893
1138 3893
1143 3893
1260 3893
1398 3893
1411 3893
1428 3893
1522 3893
1527 3893
1663 3893
1725 3893
1829 3893
1839 3893
1868 3893
2016 3893
2023 3893
2095 3893
2202 3893
2223 3893
2246 3893
2261 3893
2274 3893
2375 3893
2486 3893
2487 3893
2493 3893
2521 3893
2564 3893
2575 3893
2605 3893
2622 3893
2706 3893
2736 3893
2756 3893
3027 3893
3126 3893
3290 3893
3397 3893
3444 3893
3457 3893
3458 3893
3584 3893
3649 3893
3770 3893
3829 3893
1718 3894
1890 3894
3258 3894
597 3895
1016 3896
486 3897
734 3898
125 3899
286 3899
485 3899
2265 3899
80 3900
350 3901
355 3901
1247 3901
1896 3901
3138 3901
469 3902
621 3902
746 3902
1587 3902
2033 3902
2226 3902
2766 3902
2857 3902
3153 3902
1082 3903
1263 3903
1631 3903
1882 3903
2908 3903
3265 3903
3607 3903
3741 3903
1711 3904
791 3905
1381 3905
3412 3905
3763 3905
1768 3906
1092 3907
2386 3907
1201 3908
3212 3908
107 3909
612 3909
653 3909
721 3909
763 3909
1058 3909
1296 3909
1356 3909
1905 3909
2190 3909
2708 3909
2818 3909
887 3910
1907 3910
3627 3911
205 3912
11 3913
282 3914
294 3914
513 3914
2159 3914
305 3915
594 3915
1582 3915
1698 3915
3707 3915
3733 3915
3844 3915
416 3916
647 3917
930 3917
428 3918
954 3918
3529 3918
153 3919
1529 3919
1547 3919
1716 3919
1863 3919
1992 3919
3004 3919
3437 3919
865 3920
104 3921
509 3921
956 3921
1273 3921
1499 3921
1602 3921
3133 3921
205 3922
491 3922
2672 3922
3841 3922
11 3923
206 3924
979 3924
516 3925
742 3925
1871 3925
3689 3925
7 3926
83 3926
448 3926
881 3926
1338 3926
777 3927
3310 3927
110 3928
198 3928
597 3928
766 3928
784 3928
3265 3928
379 3929
3410 3929
169 3930
1339 3930
2558 3930
3364 3930
1729 3931
2155 3931
108 3932
193 3932
573 3932
778 3932
1867 3932
2283 3932
2780 3932
761 3933
1758 3933
72 3934
1726 3934
1943 3934
2845 3934
1 3935
224 3936
671 3937
2834 3937
81 3938
1060 3938
1577 3938
1668 3938
1930 3938
2112 3938
2819 3938
3850 3938
15 3939
1554 3939
2304 3939
310 3940
1544 3940
3181 3940
1081 3941
1202 3941
1592 3941
1711 3941
2124 3941
517 3942
2285 3942
1729 3943
477 3944
865 3944
1258 3944
2374 3944
36 3945
99 3945
141 3945
154 3945
182 3945
229 3945
335 3945
548 3945
835 3945
842 3945
846 3945
848 3945
906 3945
910 3945
1037 3945
1115 3945
1174 3945
1175 3945
1253 3945
1334 3945
1344 3945
1353 3945
1406 3945
1441 3945
1444 3945
1722 3945
1754 3945
1996 3945
2109 3945
2121 3945
2182 3945
2590 3945
2597 3945
2612 3945
2876 3945
3035 3945
3336 3945
3573 3945
3732 3945
761 3946
1955 3946
3797 3946
1106 3947
1174 3948
3 3949
165 3949
286 3949
709 3949
712 3949
819 3949
1401 3949
1488 3949
3282 3949
3304 3949
3364 3949
3535 3949
3756 3949
3921 3949
3932 3949
1332 3950
3097 3951
961 3952
1133 3952
1575 3952
1715 3952
2436 3952
463 3953
1478 3953
647 3954
192 3955
422 3955
481 3955
583 3955
596 3955
868 3955
1343 3955
1745 3955
1819 3955
1940 3955
1960 3955
1967 3955
2619 3955
2750 3955
3414 3955
3498 3956
1408 3957
243 3958
1529 3958
2625 3958
1174 3959
1259 3959
355 3960
92 3961
392 3961
584 3961
761 3961
837 3961
1083 3961
1111 3961
1154 3961
1367 3961
1940 3961
2052 3961
2360 3961
3262 3961
3723 3961
228 3962
224 3963
3217 3963
11 3964
863 3964
980 3965
1 3966
1343 3966
542 3967
587 3967
1103 3967
2073 3967
2537 3967
57 3968
3627 3969
192 3970
666 3971
2386 3971
3392 3972
57 3973
755 3974
1094 3974
2492 3974
2928 3974
2670 3975
1247 3976
1896 3976
3138 3976
391 3977
525 3977
3168 3977
163 3978
1133 3978
1673 3978
3556 3978
3952 3978
3469 3979
1048 3980
1683 3980
1710 3980
2154 3980
3470 3980
275 3981
286 3982
946 3983
1377 3983
2967 3983
3103 3983
3472 3983
3689 3983
661 3984
516 3985
796 3985
1353 3985
1871 3985
2158 3985
3925 3985
3983 3985
685 3986
3627 3987
458 3988
914 3988
1256 3988
1581 3988
2111 3988
15 3989
2670 3990
2186 3991
1914 3992
58 3993
80 3994
4 3995
436 3995
1030 3995
1855 3995
2434 3995
90 3996
1843 3996
2435 3996
12 3997
188 3997
784 3997
832 3997
984 3997
1031 3997
1459 3997
1631 3997
1879 3997
1882 3997
1942 3997
2121 3997
2596 3997
2674 3997
3180 3997
3945 3997
426 3998
201 3999
898 3999
1720 3999
1897 3999
2120 3999
2783 3999
3026 3999
222 4000
