1 2
1 3
2 3
1 4
2 4
3 4
1 5
2 5
3 5
4 5
1 6
2 6
3 6
4 6
5 6
1 7
2 7
3 7
4 7
5 7
6 7
1 8
2 8
3 8
4 8
5 8
6 8
7 8
1 9
2 9
3 9
4 9
5 9
6 9
7 9
8 9
1 10
2 10
3 10
4 10
5 10
6 10
7 10
8 10
9 10
4 11
11 12
11 13
12 13
5 14
11 14
12 14
13 14
6 15
11 15
12 15
13 15
14 15
1 16
5 16
11 16
12 16
13 16
14 16
15 16
5 17
11 17
12 17
13 17
14 17
15 17
16 17
16 18
17 19
15 20
14 21
9 22
15 23
11 24
16 25
12 26
6 27
8 28
16 29
10 30
3 31
17 32
15 33
4 34
13 35
13 36
3 37
12 38
11 39
13 40
15 41
10 42
8 43
4 44
8 45
5 46
4 47
17 48
3 49
7 50
11 51
13 51
14 51
15 51
31 51
29 52
1 53
2 53
4 53
9 53
49 53
13 54
15 55
4 56
26 57
4 58
10 59
11 59
34 59
44 59
53 59
3 60
8 60
9 60
16 60
14 61
10 62
34 62
4 63
53 63
9 64
17 65
26 65
38 65
17 66
50 66
50 67
4 68
16 69
13 70
14 70
16 70
23 70
41 70
13 71
19 72
13 73
1 74
6 74
7 74
22 74
7 75
1 76
3 76
13 77
34 78
52 79
1 80
4 80
9 80
10 80
14 80
46 80
52 81
35 82
13 83
10 84
4 85
6 85
10 85
60 85
64 85
7 86
2 87
4 87
5 87
50 87
75 87
11 88
57 89
9 90
13 91
19 91
65 91
1 92
5 92
6 92
7 92
11 92
44 92
47 92
58 92
63 92
68 92
80 92
87 92
3 93
8 94
17 95
70 96
7 97
12 98
83 99
4 100
9 100
14 100
92 100
5 101
12 101
14 101
15 101
18 101
25 101
60 101
69 101
92 102
101 103
16 104
101 104
17 105
1 106
2 106
9 106
44 107
11 108
69 109
92 109
87 110
3 111
6 112
101 113
12 114
40 114
71 114
91 114
13 115
15 115
16 115
26 115
98 115
114 115
87 116
8 117
16 118
87 119
10 120
52 121
102 121
63 122
80 122
87 122
109 122
73 123
13 124
6 125
17 126
101 127
3 128
5 129
11 129
12 129
70 129
115 129
118 129
101 130
57 131
9 132
7 133
88 133
26 134
114 134
8 135
17 136
133 137
7 138
17 138
11 139
55 140
17 141
121 142
10 143
7 144
92 145
17 146
12 147
134 147
73 148
83 149
126 149
4 150
148 151
128 152
4 153
95 153
10 154
95 155
101 155
15 156
4 157
58 157
92 157
17 158
17 159
2 160
3 160
5 160
6 160
10 160
22 160
53 160
60 160
16 161
101 161
143 161
65 162
73 163
2 164
5 164
6 164
7 164
8 164
10 164
11 164
47 164
68 164
85 164
87 164
150 164
153 164
157 164
19 165
101 166
109 166
52 167
8 168
134 169
11 170
13 170
15 170
98 170
147 170
57 171
50 172
1 173
3 173
4 173
5 173
6 173
7 173
9 173
42 173
59 173
84 173
120 173
154 173
30 174
152 175
44 176
107 176
8 177
111 177
26 178
171 178
44 179
176 179
8 180
26 181
114 181
169 181
173 182
9 183
148 184
14 185
60 186
17 187
36 188
50 188
149 189
52 190
5 191
12 191
70 191
115 191
118 191
14 192
69 192
113 192
161 192
8 193
34 194
5 195
7 195
47 195
85 195
87 195
179 196
15 197
70 197
129 198
17 199
4 200
10 200
14 200
122 200
11 201
3 202
101 203
143 203
179 204
11 205
173 205
143 206
206 207
164 208
179 209
14 210
15 210
54 210
70 210
77 210
91 210
115 210
124 210
179 211
11 212
12 212
13 212
16 212
17 212
80 212
70 213
5 214
110 214
164 214
195 214
53 215
19 216
70 216
82 217
4 218
179 219
173 220
8 221
87 221
12 222
14 222
15 222
17 222
40 222
51 222
54 222
77 222
83 222
91 222
124 222
170 222
212 222
17 223
95 224
101 224
3 225
114 226
147 226
169 226
177 227
174 228
19 229
1 230
4 230
10 230
87 230
55 231
30 232
228 232
70 233
11 234
8 235
12 236
57 236
134 236
178 236
181 236
17 237
14 238
17 239
165 239
51 240
1 241
2 241
4 241
42 241
59 241
84 241
120 241
230 241
17 242
123 243
1 244
19 245
26 246
236 246
244 247
173 248
7 249
8 250
9 250
16 250
186 250
8 251
50 252
4 253
95 253
140 254
13 255
174 256
66 257
87 257
172 257
8 258
8 259
176 260
17 261
101 262
210 263
4 264
5 264
6 264
7 264
8 264
9 264
87 264
160 264
241 264
3 265
5 265
6 265
7 265
9 265
30 265
42 265
59 265
80 265
84 265
85 265
135 265
165 266
65 267
115 267
134 267
178 267
4 268
10 268
14 268
92 268
177 269
66 270
172 270
252 270
57 271
1 272
7 272
10 272
74 272
85 272
112 272
164 272
11 273
35 273
40 273
54 273
83 273
115 273
212 273
9 274
4 275
10 275
6 276
95 277
11 278
170 278
121 279
50 280
9 281
14 282
40 282
83 282
91 282
15 283
87 284
214 285
244 286
9 287
132 288
275 289
131 290
101 291
57 292
4 293
289 293
4 294
6 294
87 294
69 295
123 296
173 297
4 298
57 298
87 299
172 299
170 300
8 301
8 302
227 302
287 302
115 303
65 304
5 305
6 305
7 305
8 305
9 305
7 306
34 307
179 308
14 309
1 310
131 311
272 312
4 313
164 313
15 314
3 315
53 315
17 316
59 316
254 317
289 318
10 319
173 319
265 319
4 320
92 320
307 321
17 322
38 322
88 322
302 323
3 324
53 324
60 324
5 325
6 325
8 325
74 325
241 325
271 325
310 325
17 326
94 327
164 328
2 329
3 329
8 329
49 329
74 329
85 329
112 329
160 329
164 329
173 329
265 329
276 329
278 329
325 329
40 330
51 330
54 330
124 330
170 330
212 330
7 331
8 332
12 333
115 333
73 334
13 335
30 336
181 337
226 337
188 338
164 339
222 340
273 340
282 340
330 340
173 341
226 342
8 343
289 344
4 345
59 345
92 345
179 345
8 346
72 347
100 347
15 348
8 349
307 350
282 351
94 352
6 353
87 353
57 354
70 354
8 355
54 356
15 357
15 358
98 358
278 358
330 358
140 359
231 359
210 360
302 361
360 361
276 362
289 363
50 364
13 365
222 365
273 365
54 366
212 366
165 367
99 368
8 369
52 370
8 371
102 372
333 372
6 373
88 373
362 373
152 374
83 375
91 375
351 375
170 376
212 376
210 377
330 377
16 378
101 378
164 379
42 380
59 380
120 380
230 380
17 381
6 382
186 383
212 383
165 384
302 385
360 385
50 386
385 387
7 388
170 389
203 390
17 391
38 391
3 392
8 392
49 392
85 392
173 392
265 392
276 392
6 393
362 393
34 394
206 395
1 396
3 396
42 396
182 396
220 396
319 396
329 396
341 396
101 397
3 398
329 398
3 399
16 400
101 400
164 401
11 402
52 403
101 404
222 405
240 405
8 406
54 407
171 408
222 408
407 408
3 409
11 410
59 411
6 412
267 413
11 414
5 415
15 415
16 415
65 415
95 415
105 415
136 415
138 415
141 415
199 415
222 415
261 415
316 415
322 415
326 415
54 416
57 417
131 418
244 418
45 419
1 420
7 420
10 420
74 420
8 421
17 422
17 423
17 424
275 425
318 425
363 425
7 426
164 427
40 428
91 428
226 428
415 429
13 430
52 431
16 432
330 433
415 433
70 434
91 434
377 434
293 435
407 435
148 436
14 437
4 438
164 438
8 439
9 440
11 441
1 442
7 442
10 443
173 443
278 444
330 444
17 445
8 446
205 446
352 446
70 447
118 447
87 448
210 449
228 449
256 449
276 450
121 451
243 452
296 452
11 453
173 453
446 453
173 454
121 455
372 455
99 456
101 457
175 457
395 458
179 459
8 460
173 461
89 462
271 462
292 462
298 462
181 463
226 463
2 464
7 464
10 464
11 464
68 464
208 464
379 464
438 464
11 465
19 466
169 466
367 466
13 467
23 467
41 467
129 467
191 467
210 467
354 467
434 467
30 468
164 469
1 470
7 470
74 470
226 471
179 472
9 473
278 474
148 475
163 475
334 475
8 476
95 477
2 478
6 478
22 478
60 478
4 479
1 480
22 480
325 480
329 480
470 480
270 481
140 482
272 482
420 482
470 482
160 483
241 483
1 484
4 484
10 484
241 484
382 484
81 485
167 485
190 485
403 485
431 485
8 486
3 487
152 487
464 488
101 489
88 490
145 491
154 492
408 492
474 492
173 493
10 494
382 494
330 495
66 496
172 496
11 497
373 497
482 497
490 497
212 498
124 499
140 499
415 500
179 501
92 502
15 503
8 504
152 505
278 506
14 507
70 508
115 508
118 508
467 508
19 509
428 509
1 510
385 511
179 512
6 513
165 514
8 515
52 516
485 516
226 517
250 518
99 519
196 520
308 520
501 520
8 521
9 522
34 523
276 524
8 525
36 526
290 526
311 526
59 527
13 528
276 529
393 529
179 530
30 531
1 532
247 532
286 532
4 533
9 534
50 535
34 536
65 537
4 538
57 539
289 540
54 541
101 542
59 543
4 544
152 545
10 546
161 546
206 546
289 547
425 547
179 548
520 548
393 549
520 549
206 550
5 551
195 551
257 551
264 551
294 551
299 551
14 552
82 553
344 554
8 555
4 556
5 556
7 556
8 556
9 556
10 556
37 556
49 556
111 556
128 556
315 556
396 556
399 556
17 557
53 558
203 559
7 560
88 560
87 561
254 562
391 563
15 564
77 564
115 564
124 564
360 564
449 564
467 564
4 565
164 565
244 566
532 566
415 567
19 568
462 569
7 570
142 571
451 571
455 571
3 572
152 572
1 573
7 573
272 573
322 574
560 574
15 575
98 575
101 575
191 575
236 575
272 576
334 577
121 578
333 579
455 579
17 580
563 580
220 581
173 582
265 582
4 583
6 583
9 583
59 583
62 583
154 583
272 583
443 583
464 583
206 584
455 585
17 586
8 587
16 588
401 589
12 590
40 590
51 590
54 590
124 590
170 590
212 590
365 590
415 590
13 591
16 591
23 591
41 591
96 591
129 591
197 591
210 591
233 591
415 592
14 593
8 594
50 595
8 596
360 597
6 598
3 599
500 599
4 600
10 601
210 602
256 602
564 602
179 603
14 604
526 605
1 606
187 606
174 607
14 608
347 608
170 609
99 610
9 611
9 612
12 613
13 613
16 613
59 613
108 613
170 613
201 613
410 613
414 613
441 613
453 613
464 613
352 614
453 614
206 615
2 616
7 616
60 616
90 616
100 616
250 616
274 616
440 616
556 616
70 617
83 618
479 619
607 620
16 621
101 621
30 622
42 622
59 622
329 622
582 622
425 623
65 624
325 625
462 625
1 626
3 626
6 626
43 626
60 626
94 626
117 626
135 626
193 626
392 626
446 626
486 626
596 626
101 627
175 627
289 628
121 629
65 630
322 630
391 630
13 631
282 631
375 631
434 631
419 632
149 633
360 634
1 635
9 636
85 636
52 637
7 638
19 639
5 640
7 640
630 641
52 642
16 643
92 644
166 644
114 645
147 645
169 645
428 645
471 645
8 646
49 646
74 646
85 646
112 646
160 646
325 646
480 646
19 647
134 647
294 648
287 649
385 649
232 650
449 650
466 651
639 651
647 651
8 652
11 653
337 654
463 654
82 655
307 656
603 656
87 657
51 658
206 659
307 660
603 660
6 661
457 661
8 662
464 663
241 664
602 664
1 665
59 665
160 665
38 666
630 666
38 667
8 668
196 669
8 670
49 670
85 670
7 671
17 672
50 673
66 674
252 674
364 674
121 675
19 676
651 676
17 677
565 678
10 679
173 679
59 680
8 681
385 682
322 683
373 683
540 683
560 683
149 684
177 685
302 685
7 686
8 687
10 688
128 688
241 688
382 688
14 689
11 690
178 691
210 691
499 691
177 692
52 693
352 694
453 694
407 695
49 696
85 696
1 697
102 698
455 698
42 699
121 699
446 700
57 701
290 701
418 701
53 702
302 703
464 703
170 704
451 705
455 705
385 706
11 707
165 708
654 709
449 710
5 711
492 711
449 712
7 713
30 713
42 713
84 713
26 714
114 714
236 714
463 714
395 715
220 716
66 717
560 717
36 718
574 718
302 719
101 720
143 720
299 720
60 721
100 721
274 721
173 722
241 722
380 722
622 722
699 722
6 723
7 724
42 724
243 725
296 725
409 726
11 727
613 727
99 728
139 728
685 729
152 730
9 731
315 731
396 731
7 732
98 733
101 733
236 733
195 734
257 734
294 734
13 735
114 735
479 736
17 737
606 737
57 738
270 739
164 740
415 741
1 742
334 743
121 744
372 744
585 744
59 745
159 746
14 747
17 747
23 747
33 747
115 747
197 747
210 747
283 747
358 747
575 747
9 748
651 749
449 750
508 751
646 751
670 751
15 752
170 753
8 754
176 755
472 755
603 755
276 756
373 756
393 756
744 757
109 758
115 759
242 759
579 759
418 760
560 761
532 762
508 763
179 764
124 765
170 765
433 765
16 766
17 767
17 768
170 769
15 770
16 771
148 771
750 772
11 773
16 774
210 774
564 774
373 775
3 776
53 776
348 776
646 776
696 776
101 777
396 777
50 778
16 779
1 780
187 780
737 780
101 781
511 782
706 782
19 783
215 783
173 784
241 784
26 785
169 785
236 785
179 786
52 787
485 787
697 788
50 789
91 790
173 790
694 790
57 791
134 791
178 791
246 791
714 791
733 791
613 792
121 793
11 794
44 794
53 794
345 794
543 794
613 794
622 794
665 794
3 795
500 795
289 796
14 797
347 797
656 798
385 799
606 799
252 800
364 800
567 801
78 802
394 802
42 803
722 803
13 804
11 805
613 805
10 806
173 806
95 807
142 808
179 809
79 810
492 811
520 812
50 813
620 814
362 815
392 815
450 815
524 815
529 815
307 816
66 817
172 817
739 817
38 818
630 818
523 819
53 820
4 821
598 822
169 823
342 823
471 823
9 824
87 825
317 826
368 826
456 826
519 826
610 826
728 826
52 827
485 827
82 828
70 829
591 829
7 830
101 831
66 832
26 833
791 833
1 834
4 835
114 836
8 837
562 837
224 838
274 839
252 840
481 840
739 840
63 841
160 841
315 841
820 841
222 842
492 842
57 843
258 844
3 845
80 846
226 847
826 848
17 849
4 850
79 851
167 851
370 851
827 851
57 852
462 852
535 852
252 853
8 854
605 854
844 854
240 855
554 856
83 857
189 857
8 858
682 858
257 859
264 859
294 859
446 860
614 860
677 860
694 860
508 861
594 861
293 862
744 863
787 864
468 865
713 865
270 866
7 867
47 867
87 867
551 867
102 868
455 868
296 869
4 870
776 871
6 872
241 872
329 872
480 872
625 872
271 873
292 873
298 873
569 873
625 873
852 873
87 874
554 875
59 876
10 877
173 877
265 877
396 877
1 878
737 879
57 880
70 880
467 880
170 881
1 882
11 882
12 882
13 882
14 882
15 882
17 882
250 882
378 882
415 882
432 882
588 882
771 882
17 883
59 883
415 883
199 884
289 884
36 885
311 885
8 886
476 886
8 887
8 888
73 889
296 889
50 890
44 891
53 891
173 891
316 891
380 891
543 891
613 891
745 891
50 892
250 893
383 893
179 894
101 895
170 896
175 897
661 897
100 898
556 898
613 899
528 900
17 901
516 902
562 902
160 903
327 904
626 904
851 905
393 906
287 907
385 907
16 908
173 909
3 910
347 911
564 911
96 912
520 912
3 913
87 914
322 915
666 915
667 915
566 916
393 917
520 917
3 918
670 918
222 919
278 919
330 919
376 919
389 919
609 919
701 919
765 919
769 919
881 919
13 920
240 920
330 920
658 920
149 921
618 921
360 922
7 923
60 923
90 923
100 923
573 923
632 924
194 925
179 926
694 926
4 927
107 927
176 927
179 927
891 927
15 928
787 929
54 930
927 931
481 932
787 932
613 933
19 934
3 935
500 935
851 936
373 937
560 937
57 938
178 938
246 938
714 938
833 938
639 939
458 940
715 940
8 941
26 942
938 942
407 943
14 944
13 945
282 945
375 945
15 946
148 947
873 948
16 949
149 950
236 951
170 952
65 953
3 954
651 955
276 956
373 956
393 956
3 957
293 958
4 959
62 959
194 959
307 959
107 960
260 960
1 961
59 961
84 961
325 961
484 961
664 961
688 961
722 961
173 962
449 962
488 962
17 963
746 963
16 964
726 965
17 966
921 967
17 968
673 968
170 969
719 969
1 970
42 970
59 970
120 970
325 970
484 970
664 970
722 970
784 970
872 970
164 971
394 971
276 972
373 972
393 972
3 973
51 973
8 974
72 974
82 975
347 976
99 977
139 977
5 978
14 978
15 978
18 978
29 978
118 978
161 978
415 978
591 978
613 978
621 978
766 978
771 978
779 978
360 979
360 980
554 980
7 981
572 981
59 982
19 983
347 983
8 984
821 984
5 985
6 985
7 985
30 985
80 985
120 985
268 985
420 985
443 985
484 985
601 985
806 985
877 985
59 986
325 986
401 986
484 986
784 986
856 987
50 988
55 989
50 990
12 991
16 991
410 991
414 991
464 991
794 991
899 991
5 992
53 992
106 992
160 992
329 992
464 992
478 992
616 992
15 993
254 994
8 995
385 996
643 997
466 998
42 999
722 999
794 999
17 1000
159 1000
673 1000
65 1001
54 1002
181 1003
714 1003
19 1004
347 1004
6 1005
50 1006
52 1007
929 1007
963 1008
3 1009
6 1009
84 1009
443 1009
461 1009
582 1009
679 1009
877 1009
891 1009
909 1009
236 1010
714 1011
168 1012
36 1013
38 1014
299 1014
630 1014
627 1015
11 1016
173 1017
306 1017
1009 1017
50 1018
4 1019
6 1019
59 1019
154 1019
443 1019
464 1019
470 1020
115 1021
4 1022
92 1022
1 1023
2 1023
3 1023
5 1023
6 1023
8 1023
22 1023
90 1023
100 1023
132 1023
183 1023
305 1023
534 1023
556 1023
611 1023
612 1023
824 1023
858 1024
564 1025
173 1026
302 1027
360 1027
26 1028
791 1028
1003 1028
455 1029
744 1029
17 1030
87 1031
87 1032
3 1033
5 1034
160 1034
241 1034
859 1034
394 1035
8 1036
194 1037
787 1038
352 1039
396 1040
352 1041
470 1042
17 1043
7 1044
16 1045
179 1046
496 1047
17 1048
677 1049
82 1050
165 1051
177 1052
235 1052
121 1053
344 1054
194 1055
1013 1056
302 1057
573 1058
52 1059
174 1060
826 1061
6 1062
52 1063
451 1063
455 1063
629 1063
699 1063
744 1063
300 1064
114 1065
147 1065
428 1065
44 1066
179 1066
260 1066
755 1066
927 1066
826 1067
17 1068
860 1069
1049 1069
7 1070
393 1071
946 1071
7 1072
958 1073
500 1074
7 1075
22 1075
272 1075
325 1075
329 1075
420 1075
178 1076
833 1076
826 1077
101 1078
6 1079
362 1079
497 1079
148 1080
73 1081
296 1081
1077 1081
244 1082
916 1082
65 1083
17 1084
860 1084
1049 1084
12 1085
59 1085
108 1085
170 1085
201 1085
410 1085
453 1085
727 1085
805 1085
933 1085
173 1086
742 1086
92 1087
1052 1087
49 1088
325 1088
480 1088
776 1088
148 1089
7 1090
415 1090
2 1091
173 1092
265 1092
101 1093
164 1094
589 1094
893 1095
4 1096
5 1096
7 1096
10 1096
16 1096
74 1096
80 1096
106 1096
230 1096
241 1096
442 1096
470 1096
480 1096
484 1096
573 1096
665 1096
697 1096
780 1096
882 1096
961 1096
107 1097
533 1097
360 1098
34 1099
175 1100
16 1101
170 1101
441 1101
453 1101
464 1101
727 1101
792 1101
978 1101
12 1102
70 1102
115 1102
118 1102
798 1102
360 1103
351 1104
99 1105
15 1106
747 1106
8 1107
462 1108
873 1108
87 1109
175 1110
80 1111
8 1112
9 1112
37 1112
49 1112
128 1112
616 1112
1023 1112
62 1113
194 1113
276 1114
393 1114
205 1115
466 1116
924 1117
101 1118
791 1118
6 1119
451 1120
723 1120
4 1121
92 1121
373 1122
500 1123
210 1124
228 1124
256 1124
564 1124
650 1124
750 1124
962 1124
17 1125
3 1126
320 1127
6 1128
688 1128
50 1129
1013 1130
26 1131
147 1131
169 1131
647 1131
425 1132
206 1133
520 1134
9 1135
14 1136
691 1137
4 1138
164 1138
678 1138
53 1139
87 1140
17 1141
97 1142
479 1142
491 1142
176 1143
40 1144
170 1144
377 1144
433 1144
444 1144
511 1145
438 1146
179 1147
59 1148
176 1149
385 1150
3 1151
60 1151
668 1151
1 1152
74 1152
85 1152
576 1152
1075 1152
1 1153
2 1153
3 1153
6 1153
10 1153
74 1153
86 1153
138 1153
144 1153
272 1153
305 1153
388 1153
420 1153
442 1153
560 1153
570 1153
671 1153
732 1153
923 1153
1096 1153
1 1154
6 1154
63 1154
68 1154
502 1154
1087 1154
1121 1154
69 1155
161 1155
206 1156
396 1157
898 1157
938 1158
101 1159
451 1160
14 1161
3 1162
15 1162
125 1162
173 1162
264 1162
276 1162
353 1162
393 1162
453 1162
583 1162
661 1162
723 1162
985 1162
1005 1162
1023 1162
1062 1162
1153 1162
5 1163
22 1163
60 1163
264 1163
483 1163
665 1163
841 1163
4 1164
1 1165
84 1165
664 1165
714 1166
14 1167
7 1168
102 1169
142 1169
699 1169
579 1170
216 1171
466 1171
647 1171
676 1171
783 1171
934 1171
1004 1171
170 1172
169 1173
252 1174
481 1174
739 1174
14 1175
11 1176
173 1176
446 1176
1071 1176
470 1177
302 1178
7 1179
101 1180
965 1181
446 1182
614 1182
11 1183
613 1183
1085 1183
7 1184
165 1185
1009 1186
322 1187
666 1187
799 1188
17 1189
194 1190
613 1191
15 1192
591 1192
747 1192
16 1193
121 1194
571 1194
1120 1194
1155 1194
3 1195
794 1196
55 1197
66 1198
14 1199
176 1200
266 1200
1079 1200
643 1201
613 1202
1085 1202
613 1203
3 1204
19 1205
1023 1206
4 1207
5 1207
7 1207
10 1207
31 1207
49 1207
60 1207
111 1207
128 1207
160 1207
173 1207
202 1207
225 1207
265 1207
409 1207
487 1207
795 1207
913 1207
954 1207
1023 1207
1033 1207
1151 1207
1153 1207
1162 1207
1195 1207
1204 1207
101 1208
1079 1209
395 1210
491 1211
57 1212
159 1212
224 1213
523 1214
124 1215
360 1215
467 1215
774 1215
15 1216
275 1216
790 1217
140 1218
231 1218
59 1219
54 1220
65 1221
115 1222
1200 1222
651 1223
282 1224
470 1224
1117 1225
179 1226
260 1226
755 1226
927 1226
1149 1226
438 1227
396 1228
1076 1229
8 1230
626 1230
385 1231
188 1232
14 1233
9 1234
13 1235
152 1236
802 1236
3 1237
1207 1237
101 1238
3 1239
1207 1239
13 1240
129 1241
155 1242
115 1243
579 1243
74 1244
480 1244
3 1245
95 1246
1242 1246
373 1247
10 1248
74 1248
292 1249
302 1249
8 1250
101 1251
299 1251
567 1252
107 1253
755 1253
916 1253
10 1254
396 1255
898 1255
133 1256
115 1257
861 1257
87 1258
129 1259
19 1260
998 1260
16 1261
210 1261
564 1261
815 1262
10 1263
37 1263
49 1263
7 1264
4 1265
449 1266
11 1267
38 1267
114 1267
129 1267
212 1267
222 1267
73 1268
296 1268
76 1269
173 1269
396 1269
480 1269
573 1269
606 1269
626 1269
834 1269
878 1269
882 1269
970 1269
1023 1269
2 1270
6 1270
7 1270
22 1270
53 1270
60 1270
90 1270
106 1270
183 1270
264 1270
265 1270
274 1270
748 1270
85 1271
451 1272
184 1273
65 1274
65 1275
440 1276
17 1277
5 1278
22 1278
11 1279
373 1279
482 1279
490 1279
121 1280
330 1281
206 1282
882 1283
26 1284
647 1284
564 1285
152 1286
294 1287
87 1288
367 1288
1009 1289
149 1290
4 1291
59 1291
92 1291
794 1291
38 1292
536 1292
19 1293
73 1294
57 1295
307 1295
11 1296
35 1296
212 1296
967 1297
350 1298
1049 1298
491 1299
4 1300
579 1301
42 1302
1063 1302
1082 1302
385 1303
55 1304
4 1305
8 1306
373 1307
490 1307
16 1308
17 1308
51 1308
101 1308
185 1308
200 1308
222 1308
238 1308
370 1308
437 1308
507 1308
552 1308
593 1308
978 1308
1175 1308
799 1309
1110 1309
938 1310
1143 1310
470 1311
203 1312
78 1313
523 1313
1099 1313
17 1314
564 1314
115 1315
288 1316
492 1317
15 1318
57 1319
911 1320
389 1321
10 1322
92 1322
8 1323
111 1323
227 1323
269 1323
685 1323
692 1323
1085 1324
2 1325
60 1325
274 1325
440 1325
59 1326
50 1327
265 1328
396 1328
985 1328
1009 1328
7 1329
2 1330
63 1330
324 1330
558 1330
702 1330
17 1331
902 1332
626 1333
101 1334
30 1335
8 1336
544 1336
551 1336
639 1337
647 1337
749 1337
955 1337
81 1338
317 1339
848 1339
1061 1339
1077 1339
873 1340
725 1341
13 1342
418 1343
689 1344
564 1345
750 1345
962 1345
179 1346
5 1347
10 1347
111 1347
128 1347
173 1347
265 1347
1033 1347
1237 1347
8 1348
1130 1348
239 1349
367 1349
1051 1349
288 1350
59 1351
419 1351
891 1351
4 1352
622 1353
1009 1353
12 1354
40 1354
71 1354
134 1354
226 1354
645 1354
735 1354
567 1355
1211 1355
66 1356
585 1357
307 1358
480 1359
394 1360
30 1361
170 1362
157 1363
10 1364
494 1365
52 1366
1338 1366
226 1367
823 1367
1261 1367
15 1368
747 1368
882 1369
479 1370
241 1371
480 1371
970 1371
371 1372
224 1373
82 1374
73 1375
151 1375
947 1375
1080 1375
396 1376
898 1376
7 1377
956 1378
50 1379
413 1379
800 1379
535 1380
1202 1381
11 1382
12 1382
13 1382
14 1382
16 1382
32 1382
66 1382
95 1382
223 1382
326 1382
381 1382
391 1382
557 1382
586 1382
747 1382
767 1382
966 1382
1000 1382
1030 1382
1043 1382
1048 1382
1084 1382
1141 1382
1277 1382
1308 1382
620 1383
1095 1384
5 1385
80 1385
230 1385
484 1385
573 1385
780 1385
961 1385
726 1386
50 1387
30 1388
865 1388
179 1389
170 1390
176 1391
266 1391
1222 1391
1382 1392
17 1393
241 1393
121 1394
1 1395
49 1395
160 1395
324 1395
558 1395
702 1395
776 1395
794 1395
992 1395
1139 1395
415 1396
1123 1396
143 1397
286 1398
566 1398
92 1399
1154 1399
5 1400
118 1400
591 1400
1241 1400
26 1401
938 1401
87 1402
1004 1402
559 1403
19 1404
169 1404
651 1404
998 1404
1171 1404
13 1405
590 1405
159 1406
1306 1406
481 1407
739 1407
579 1408
175 1409
16 1410
299 1411
630 1411
65 1412
485 1413
932 1413
1307 1414
91 1415
124 1415
263 1415
449 1415
1124 1415
1261 1415
630 1416
19 1417
1171 1417
57 1418
288 1419
3 1420
210 1421
330 1421
499 1421
516 1421
1415 1421
59 1422
484 1422
664 1422
688 1422
1096 1422
1017 1423
54 1424
52 1425
579 1426
742 1426
3 1427
152 1427
179 1428
627 1429
4 1430
415 1431
396 1432
148 1433
1375 1433
613 1434
149 1435
1151 1435
176 1436
459 1436
530 1436
603 1436
728 1436
927 1436
1046 1436
1428 1436
231 1437
360 1438
2 1439
11 1439
663 1439
991 1439
1019 1439
8 1440
344 1441
3 1442
7 1443
17 1444
16 1445
1367 1445
1415 1445
92 1446
38 1447
470 1448
26 1449
171 1449
267 1449
791 1449
1076 1449
12 1450
575 1450
733 1450
17 1451
4 1452
173 1453
241 1453
380 1453
622 1453
999 1453
12 1454
170 1454
358 1454
173 1455
60 1456
250 1456
440 1456
17 1457
197 1457
358 1457
246 1458
833 1458
17 1459
51 1459
83 1459
124 1459
340 1459
405 1459
842 1459
789 1460
413 1461
300 1462
508 1463
1257 1463
1328 1464
54 1465
8 1466
385 1467
1240 1467
266 1468
1222 1468
164 1469
140 1470
1197 1470
1328 1471
747 1472
59 1473
164 1474
394 1474
817 1475
345 1476
613 1476
999 1476
4 1477
59 1477
1099 1477
164 1478
421 1478
1400 1479
464 1480
196 1481
6 1482
317 1483
848 1483
1061 1483
10 1484
173 1484
492 1484
1019 1484
54 1485
282 1486
470 1486
82 1487
133 1488
101 1489
14 1490
173 1491
265 1492
1110 1493
960 1494
1226 1494
13 1495
272 1496
491 1497
7 1498
1153 1498
651 1499
733 1500
526 1501
15 1502
1071 1502
823 1503
394 1504
1255 1505
1309 1506
52 1507
1120 1507
362 1508
524 1508
956 1508
972 1508
1162 1508
686 1509
1082 1509
1253 1509
1400 1509
1429 1510
5 1511
841 1511
1426 1512
11 1513
613 1513
30 1514
140 1515
415 1516
935 1516
1074 1516
1152 1516
562 1517
87 1518
13 1519
222 1519
273 1519
330 1519
590 1519
1354 1519
70 1520
474 1520
645 1520
288 1521
11 1522
7 1523
384 1523
15 1524
464 1525
520 1526
360 1527
1085 1528
1478 1529
5 1530
74 1531
85 1531
9 1532
564 1532
222 1533
8 1534
11 1535
329 1535
1085 1535
50 1536
1006 1536
52 1537
393 1538
1210 1538
961 1539
970 1539
1422 1539
101 1540
1461 1540
1378 1541
794 1542
1439 1542
70 1543
52 1544
9 1545
616 1545
210 1546
564 1546
1415 1546
1459 1546
14 1547
1308 1547
66 1548
1047 1548
4 1549
584 1549
13 1550
1312 1550
13 1551
222 1551
273 1551
1354 1551
288 1552
12 1553
410 1553
464 1553
68 1554
488 1554
663 1554
992 1554
1525 1554
1553 1554
250 1555
383 1555
826 1556
53 1557
1382 1557
536 1558
55 1559
174 1560
581 1560
113 1561
415 1562
148 1563
1375 1563
573 1564
3 1565
8 1566
455 1567
60 1568
7 1569
1153 1569
49 1570
325 1570
480 1570
118 1571
383 1571
1241 1571
14 1572
1023 1573
54 1574
1412 1575
73 1576
243 1577
296 1577
1341 1577
265 1578
57 1579
230 1580
573 1580
210 1581
1415 1581
274 1582
140 1583
1147 1583
1456 1584
307 1585
8 1586
1323 1586
1258 1587
307 1588
860 1589
196 1590
121 1591
868 1591
1169 1591
333 1592
455 1592
210 1593
256 1593
564 1593
677 1594
1084 1594
3 1595
4 1595
5 1595
7 1595
10 1595
28 1595
45 1595
164 1595
168 1595
180 1595
250 1595
251 1595
258 1595
302 1595
305 1595
332 1595
355 1595
371 1595
421 1595
439 1595
521 1595
687 1595
854 1595
886 1595
887 1595
888 1595
941 1595
974 1595
984 1595
995 1595
1023 1595
1336 1595
1348 1595
1440 1595
1466 1595
1566 1595
1586 1595
52 1596
485 1596
1456 1597
360 1598
554 1598
480 1599
970 1599
296 1600
924 1601
9 1602
186 1602
616 1602
1456 1602
14 1603
1554 1604
152 1605
986 1606
10 1607
206 1607
697 1608
5 1609
196 1610
548 1610
549 1610
917 1610
13 1611
30 1612
15 1613
101 1613
236 1613
1450 1613
626 1614
593 1615
57 1616
5 1617
58 1617
80 1617
87 1617
502 1617
644 1617
1322 1617
1399 1617
1176 1618
199 1619
289 1619
17 1620
780 1620
179 1621
1 1622
85 1622
112 1622
164 1622
312 1622
55 1623
12 1624
410 1624
414 1624
794 1624
899 1624
128 1625
173 1625
265 1625
1033 1625
1237 1625
4 1626
102 1627
793 1627
1053 1627
1280 1627
82 1628
148 1629
334 1629
11 1630
1282 1630
492 1631
54 1632
408 1632
695 1632
791 1633
164 1634
57 1635
462 1635
16 1636
17 1637
5 1638
738 1638
693 1639
5 1640
492 1640
27 1641
142 1641
407 1642
92 1643
794 1643
175 1644
786 1644
1439 1645
173 1646
412 1646
699 1646
713 1646
999 1646
1003 1647
270 1648
840 1648
288 1649
83 1650
842 1650
1546 1650
164 1651
179 1652
10 1653
173 1653
241 1653
622 1653
713 1653
50 1654
362 1655
1162 1655
164 1656
394 1656
860 1657
1297 1657
101 1658
407 1659
1429 1660
3 1661
15 1661
125 1661
173 1661
353 1661
393 1661
985 1661
14 1662
1069 1662
101 1663
5 1664
15 1664
60 1664
115 1664
400 1664
432 1664
588 1664
613 1664
621 1664
643 1664
771 1664
779 1664
964 1664
1045 1664
1096 1664
1101 1664
1193 1664
1261 1664
1382 1664
385 1665
826 1666
1483 1666
149 1667
726 1668
739 1669
449 1670
772 1670
1124 1670
492 1671
1323 1672
1347 1672
164 1673
62 1674
65 1675
134 1675
1174 1676
242 1677
87 1678
644 1678
1322 1678
1399 1678
164 1679
678 1679
579 1680
464 1681
1 1682
1426 1682
179 1683
739 1684
15 1685
591 1685
747 1685
1566 1685
1476 1686
1646 1686
464 1687
55 1688
1474 1689
147 1690
428 1690
1085 1691
179 1692
15 1693
3 1694
168 1694
556 1694
1558 1694
536 1695
235 1696
1087 1696
974 1697
101 1698
224 1699
95 1700
17 1701
999 1702
3 1703
818 1703
72 1704
1595 1704
1697 1704
52 1705
485 1705
520 1706
360 1707
87 1708
415 1709
1384 1710
7 1711
42 1711
694 1711
654 1712
50 1713
114 1714
428 1714
4 1715
322 1716
560 1716
67 1717
87 1717
892 1717
988 1717
1129 1717
1654 1717
50 1718
1 1719
482 1719
985 1719
780 1720
107 1721
494 1722
428 1723
186 1724
1555 1724
1571 1724
164 1725
52 1726
485 1726
3 1727
668 1727
293 1728
626 1729
1 1730
2 1730
3 1730
4 1730
9 1730
10 1730
28 1730
94 1730
117 1730
135 1730
164 1730
180 1730
193 1730
235 1730
251 1730
259 1730
301 1730
343 1730
369 1730
446 1730
460 1730
515 1730
521 1730
587 1730
594 1730
687 1730
887 1730
974 1730
995 1730
1107 1730
1112 1730
1336 1730
1348 1730
1430 1730
1440 1730
793 1731
1053 1731
897 1732
924 1732
500 1733
579 1734
147 1735
8 1736
562 1736
9 1737
85 1737
72 1738
608 1738
838 1738
1004 1738
17 1739
11 1740
19 1740
1171 1740
101 1741
670 1742
1570 1742
375 1743
1176 1744
54 1745
449 1746
289 1747
1153 1748
395 1749
630 1750
60 1751
432 1751
588 1751
964 1751
1096 1751
1101 1751
8 1752
626 1752
826 1753
17 1754
415 1754
884 1754
217 1755
553 1755
1050 1755
1374 1755
5 1756
209 1757
1660 1758
3 1759
688 1759
415 1760
66 1761
815 1762
1655 1762
858 1763
1162 1764
4 1765
1595 1766
91 1767
263 1767
449 1767
1261 1767
1546 1767
242 1768
579 1768
160 1769
241 1769
1638 1770
814 1771
230 1772
978 1773
1502 1774
884 1775
7 1776
266 1777
685 1778
298 1779
625 1779
1635 1779
1639 1780
697 1781
1694 1782
329 1783
1085 1783
554 1784
956 1785
787 1786
101 1787
7 1788
694 1788
394 1789
485 1790
16 1791
932 1792
1174 1792
1407 1792
133 1793
115 1794
579 1794
884 1795
7 1796
173 1797
488 1797
1124 1797
5 1798
1620 1798
220 1799
564 1800
25 1801
372 1801
607 1802
1383 1802
184 1803
1099 1804
1781 1805
7 1806
1153 1806
919 1807
266 1808
179 1809
17 1810
415 1810
395 1811
1538 1811
8 1812
52 1813
1280 1813
54 1814
654 1815
1 1816
2 1816
4 1816
59 1816
120 1816
230 1816
484 1816
664 1816
722 1816
1096 1816
1769 1816
351 1817
451 1818
101 1819
882 1819
27 1820
52 1821
139 1821
740 1821
19 1822
1171 1822
520 1823
70 1824
1467 1824
464 1825
123 1826
227 1826
1454 1827
128 1828
334 1828
1237 1828
446 1829
288 1830
11 1831
34 1831
44 1831
173 1831
316 1831
380 1831
527 1831
543 1831
970 1831
986 1831
1019 1831
1291 1831
1477 1831
63 1832
820 1832
1511 1832
5 1833
32 1833
66 1833
95 1833
105 1833
126 1833
158 1833
187 1833
222 1833
223 1833
239 1833
261 1833
381 1833
422 1833
557 1833
737 1833
747 1833
767 1833
901 1833
966 1833
1048 1833
1068 1833
1125 1833
1277 1833
1314 1833
1331 1833
1444 1833
1457 1833
1521 1833
794 1834
759 1835
979 1835
1406 1836
8 1837
626 1837
30 1838
228 1838
650 1838
1182 1839
14 1840
16 1840
23 1840
129 1840
191 1840
197 1840
210 1840
434 1840
447 1840
880 1840
1520 1840
492 1841
123 1842
227 1842
65 1843
16 1844
54 1845
1719 1845
87 1846
1612 1846
276 1847
286 1848
566 1848
1363 1848
1555 1849
250 1850
784 1850
11 1851
1322 1852
798 1853
462 1854
873 1854
165 1855
1288 1855
15 1856
1418 1856
92 1857
7 1858
15 1859
591 1859
9 1860
1789 1860
275 1861
363 1861
1132 1861
490 1862
31 1863
49 1863
60 1863
111 1863
173 1863
225 1863
409 1863
487 1863
1033 1863
1151 1863
1153 1863
1204 1863
1239 1863
1085 1864
42 1865
722 1865
784 1865
872 1865
1599 1865
778 1866
799 1867
1110 1867
179 1868
739 1869
1053 1870
10 1871
74 1871
482 1871
576 1871
1153 1871
14 1872
113 1872
16 1873
571 1874
808 1874
1169 1874
1162 1875
4 1876
62 1876
154 1876
443 1876
1162 1876
50 1877
173 1878
265 1878
646 1879
670 1879
1717 1880
1056 1881
140 1882
420 1882
1871 1882
1270 1883
1183 1884
5 1885
347 1886
373 1887
915 1888
89 1889
298 1889
625 1889
852 1889
1108 1889
175 1890
206 1891
8 1892
85 1893
1713 1894
1171 1895
12 1896
1292 1896
1151 1897
744 1898
66 1899
1762 1900
212 1901
1024 1902
59 1903
415 1903
1831 1903
100 1904
9 1905
451 1906
455 1906
1194 1906
1874 1906
235 1907
1127 1908
470 1909
54 1910
5 1911
307 1912
1364 1913
288 1914
1213 1914
14 1915
23 1916
41 1916
197 1916
210 1916
1192 1916
396 1917
898 1917
464 1918
52 1919
1639 1919
17 1920
181 1920
360 1921
554 1921
152 1922
776 1923
1076 1923
173 1924
1101 1924
8 1925
4 1926
462 1927
1779 1927
161 1928
113 1929
1269 1930
1473 1930
265 1931
1426 1932
405 1933
920 1933
1222 1934
154 1935
1484 1935
826 1936
59 1937
62 1937
194 1937
394 1937
1367 1938
1664 1938
57 1939
178 1939
1028 1939
52 1940
1421 1940
173 1941
169 1942
226 1943
101 1944
199 1945
1755 1946
57 1947
9 1948
12 1949
170 1949
1827 1949
1330 1950
92 1951
157 1951
1617 1951
1612 1952
819 1953
1313 1953
826 1954
5 1955
1602 1956
1724 1956
57 1957
1583 1957
589 1958
535 1959
1235 1959
197 1960
210 1960
283 1960
575 1960
1106 1960
1192 1960
1382 1960
1472 1960
1685 1960
1833 1960
938 1961
66 1962
734 1962
859 1962
1952 1962
70 1963
87 1964
102 1964
179 1965
11 1966
40 1966
51 1966
70 1966
71 1966
77 1966
83 1966
335 1966
365 1966
920 1966
1240 1966
1342 1966
1495 1966
1550 1966
257 1967
242 1968
19 1969
1965 1970
1833 1971
396 1972
7 1973
395 1974
3 1975
961 1975
584 1976
1115 1976
4 1977
85 1978
333 1979
744 1979
1801 1979
3 1980
1375 1981
194 1982
4 1983
92 1983
592 1983
841 1983
784 1984
4 1985
626 1986
440 1987
1584 1987
1597 1987
8 1988
148 1989
1399 1990
1330 1991
17 1992
1310 1992
9 1993
1096 1993
1270 1993
1629 1993
301 1994
520 1995
288 1996
1023 1996
12 1997
1979 1997
415 1998
1945 1998
17 1999
1833 1999
16 2000
17 2000
20 2000
41 2000
51 2000
101 2000
170 2000
348 2000
415 2000
503 2000
564 2000
575 2000
752 2000
770 2000
928 2000
946 2000
978 2000
993 2000
1368 2000
1524 2000
1685 2000
1693 2000
9 2001
3 2002
60 2002
1435 2002
1439 2003
1476 2004
4 2005
1097 2005
173 2006
225 2006
1151 2006
1153 2006
1204 2006
418 2007
999 2008
282 2009
911 2010
815 2011
169 2012
19 2013
70 2013
1142 2014
951 2015
1664 2015
10 2016
265 2016
713 2016
1009 2016
1165 2016
58 2017
92 2017
1527 2017
66 2018
172 2018
1047 2018
1957 2019
222 2020
330 2020
100 2021
564 2021
1871 2022
239 2023
367 2023
1176 2024
860 2025
15 2026
105 2026
141 2026
261 2026
500 2026
741 2026
978 2026
1516 2026
1562 2026
1760 2026
1998 2026
5 2027
1595 2028
173 2029
961 2029
970 2029
999 2029
1816 2029
362 2030
924 2030
956 2030
972 2030
9 2031
332 2032
972 2033
37 2034
372 2035
1979 2035
1009 2036
1 2037
42 2037
59 2037
120 2037
325 2037
784 2037
872 2037
1269 2037
2029 2037
838 2038
1213 2038
1373 2038
1699 2038
938 2039
697 2040
1805 2040
344 2041
1273 2042
1436 2042
1803 2042
99 2043
1575 2043
737 2044
6 2045
529 2045
756 2045
956 2045
972 2045
1162 2045
1538 2045
1539 2046
1606 2046
101 2047
52 2048
11 2049
53 2049
543 2049
613 2049
622 2049
1291 2049
1395 2049
1624 2049
1643 2049
824 2050
58 2051
1399 2051
276 2052
1523 2053
8 2054
302 2055
360 2055
907 2055
1231 2055
6 2056
1 2057
63 2057
7 2058
1845 2058
101 2059
8 2060
302 2061
508 2062
1257 2062
8 2063
287 2063
703 2063
719 2063
1027 2063
1178 2063
1249 2063
1595 2063
2061 2063
7 2064
464 2065
50 2066
1348 2067
15 2068
95 2068
136 2068
261 2068
316 2068
326 2068
433 2068
590 2068
741 2068
1090 2068
1998 2068
382 2069
1422 2069
170 2070
1350 2071
1552 2071
1649 2071
1914 2071
92 2072
1617 2072
1595 2073
16 2074
978 2074
1675 2075
1 2076
3 2076
168 2077
622 2078
536 2079
415 2080
630 2081
1555 2082
1571 2082
1956 2082
16 2083
362 2084
756 2084
956 2084
1114 2084
1162 2084
1661 2084
793 2085
1 2086
10 2086
241 2086
382 2086
1096 2086
1422 2086
799 2087
2000 2088
173 2089
713 2089
1799 2090
739 2091
866 2091
1648 2091
8 2092
9 2092
518 2092
893 2092
904 2093
14 2094
19 2095
651 2095
54 2096
173 2097
241 2097
380 2097
1383 2098
17 2099
693 2100
8 2101
1664 2102
815 2103
121 2104
626 2105
1992 2105
257 2106
2046 2106
1966 2107
462 2108
50 2109
1399 2110
165 2111
798 2112
17 2113
1382 2113
848 2114
1061 2114
1077 2114
188 2115
167 2116
1059 2116
1425 2116
1596 2116
1821 2116
1919 2116
2048 2116
17 2117
415 2117
1833 2117
255 2118
560 2118
1751 2119
963 2120
60 2121
250 2121
440 2121
1602 2121
134 2122
181 2122
1131 2122
2012 2122
409 2123
828 2123
1386 2123
143 2124
395 2124
584 2124
615 2124
1133 2124
1156 2124
1607 2124
40 2125
1253 2125
1940 2126
164 2127
464 2127
53 2128
1395 2128
206 2129
101 2130
17 2131
17 2132
780 2132
1310 2133
385 2134
263 2135
1546 2135
210 2136
366 2136
1465 2136
1516 2137
87 2138
13 2139
836 2139
520 2140
173 2141
415 2142
33 2143
115 2143
197 2143
575 2143
1382 2143
1472 2143
1685 2143
1833 2143
50 2144
697 2145
19 2146
69 2147
760 2148
173 2149
210 2150
330 2150
356 2150
407 2150
416 2150
930 2150
1220 2150
1465 2150
630 2151
2150 2152
798 2153
47 2154
373 2154
51 2155
54 2155
170 2155
340 2155
444 2155
495 2155
919 2155
1519 2155
1918 2156
1300 2157
86 2158
92 2158
195 2158
249 2158
331 2158
442 2158
464 2158
560 2158
570 2158
573 2158
640 2158
686 2158
830 2158
985 2158
1044 2158
1072 2158
1090 2158
1096 2158
1264 2158
1377 2158
1443 2158
1569 2158
1595 2158
1711 2158
1858 2158
1973 2158
2058 2158
449 2159
739 2160
1648 2160
385 2161
446 2162
276 2163
30 2164
19 2165
52 2166
15 2167
591 2167
2143 2167
16 2168
272 2169
1861 2170
851 2171
791 2172
210 2173
330 2173
356 2173
416 2173
930 2173
1220 2173
7 2174
1154 2175
1696 2175
858 2176
882 2177
173 2178
173 2179
333 2180
455 2180
140 2181
1700 2181
741 2182
1516 2182
1998 2182
179 2183
171 2184
236 2184
791 2184
938 2184
1076 2184
1939 2184
13 2185
96 2185
129 2185
197 2185
210 2185
213 2185
354 2185
434 2185
447 2185
617 2185
829 2185
1543 2185
1963 2185
222 2186
747 2187
293 2188
799 2189
984 2189
1162 2190
1508 2191
787 2192
6 2193
8 2194
6 2195
3 2196
1207 2196
95 2197
101 2197
140 2198
8 2199
378 2199
1730 2199
540 2200
7 2201
16 2202
1048 2203
882 2204
1595 2205
1874 2206
352 2207
6 2208
275 2208
179 2209
101 2210
8 2211
711 2212
329 2213
358 2213
506 2213
734 2214
1952 2214
73 2215
475 2215
1560 2215
1629 2215
1509 2216
360 2217
288 2218
1269 2219
1843 2220
66 2221
4 2222
651 2223
446 2224
613 2224
614 2224
1101 2224
1162 2224
815 2225
15 2226
60 2227
17 2228
88 2228
630 2228
915 2228
1579 2229
121 2230
591 2231
668 2232
465 2233
664 2234
2016 2234
3 2235
152 2235
6 2236
9 2237
10 2237
46 2237
212 2237
846 2237
1385 2237
83 2238
30 2239
8 2240
2 2241
7 2241
10 2241
44 2241
47 2241
53 2241
63 2241
80 2241
87 2241
100 2241
173 2241
200 2241
241 2241
438 2241
600 2241
870 2241
959 2241
1019 2241
1022 2241
1121 2241
1138 2241
1207 2241
1305 2241
1452 2241
1549 2241
1626 2241
1730 2241
1983 2241
2005 2241
2222 2241
1616 2242
1884 2242
9 2243
819 2244
985 2245
1676 2245
1717 2246
19 2247
860 2248
1662 2248
1723 2248
1696 2249
141 2250
1516 2250
526 2251
8 2252
1713 2253
65 2254
1985 2255
1297 2256
564 2257
8 2258
821 2258
1595 2258
2150 2259
175 2260
737 2261
4 2262
1648 2263
2195 2263
50 2264
36 2265
173 2266
11 2267
3 2268
1207 2268
1347 2268
210 2269
4 2270
1476 2271
1646 2271
60 2272
964 2272
1096 2272
2119 2272
819 2273
911 2274
54 2275
1602 2276
17 2277
592 2278
4 2279
336 2279
1096 2279
1385 2279
129 2280
1730 2281
919 2282
293 2283
1197 2284
26 2285
147 2285
267 2285
1675 2285
330 2286
376 2286
765 2286
881 2286
1807 2286
7 2287
694 2287
87 2288
152 2289
174 2290
1802 2290
49 2291
85 2291
276 2291
12 2292
52 2293
8 2294
2157 2295
1798 2296
560 2297
101 2298
1635 2298
302 2299
2063 2299
60 2300
432 2300
964 2300
1270 2301
2091 2302
2160 2302
739 2303
1123 2304
54 2305
581 2305
896 2305
793 2306
1309 2307
1962 2307
6 2308
60 2308
164 2308
195 2308
636 2308
696 2308
1271 2308
1737 2308
1978 2308
1382 2309
101 2310
179 2311
1200 2312
1496 2312
307 2313
1412 2314
85 2315
2308 2315
630 2316
168 2317
579 2318
179 2319
1970 2319
23 2320
829 2320
1685 2320
1859 2320
2167 2320
2231 2320
1813 2321
1384 2322
133 2323
1382 2324
3 2325
542 2326
9 2327
85 2327
692 2327
405 2328
855 2328
920 2328
54 2329
27 2330
1426 2330
266 2331
12 2332
134 2332
178 2332
181 2332
575 2332
2184 2332
44 2333
1143 2333
1149 2333
1200 2333
1257 2334
8 2335
17 2336
2068 2336
210 2337
1415 2337
823 2338
1445 2338
1938 2338
102 2339
455 2339
8 2340
15 2341
464 2342
19 2343
500 2344
611 2345
1375 2346
882 2347
2158 2348
139 2349
73 2350
475 2350
129 2351
30 2352
1176 2353
95 2354
115 2355
118 2355
467 2355
2240 2355
87 2356
66 2357
172 2357
252 2357
280 2357
364 2357
535 2357
595 2357
778 2357
813 2357
988 2357
990 2357
1327 2357
1713 2357
1718 2357
1877 2357
2066 2357
13 2358
222 2358
273 2358
583 2358
1966 2358
5 2359
1620 2359
855 2360
393 2361
11 2362
14 2362
590 2362
973 2362
1966 2362
956 2363
1661 2363
564 2364
164 2365
212 2366
1194 2367
2326 2368
470 2369
579 2370
1063 2370
1567 2370
1592 2370
2339 2370
288 2371
1710 2371
164 2372
79 2373
492 2374
1127 2374
385 2375
787 2376
1020 2376
11 2377
14 2377
15 2377
16 2377
36 2377
71 2377
83 2377
255 2377
528 2377
882 2377
945 2377
1405 2377
50 2378
2357 2378
1541 2379
51 2380
54 2381
2150 2381
66 2382
1696 2383
442 2384
57 2385
599 2385
623 2386
272 2387
15 2388
14 2389
1308 2389
15 2390
231 2390
1197 2390
1023 2391
1085 2392
1381 2392
52 2393
2256 2394
179 2395
878 2396
2184 2396
2110 2397
173 2398
1033 2398
1237 2398
1527 2399
3 2400
630 2401
17 2402
344 2403
352 2404
1729 2404
1730 2404
464 2405
1554 2405
991 2406
1810 2406
1017 2407
179 2408
669 2408
1590 2408
875 2409
1921 2409
136 2410
261 2410
316 2410
326 2410
433 2410
1998 2410
3 2411
921 2412
1297 2412
951 2413
9 2414
616 2414
1987 2414
1085 2415
826 2416
2241 2417
4 2418
123 2419
227 2419
2184 2420
173 2421
610 2422
1874 2423
741 2424
1071 2425
2353 2425
2082 2426
1554 2427
1966 2428
1069 2429
1298 2429
2340 2429
415 2430
1123 2430
1367 2431
893 2432
1321 2433
1474 2433
1117 2434
1200 2434
8 2435
181 2436
226 2436
1404 2436
1942 2436
102 2437
855 2438
121 2439
370 2439
431 2439
516 2439
693 2439
1007 2439
1063 2439
1425 2439
1544 2439
1705 2439
1726 2439
1821 2439
1919 2439
1940 2439
2048 2439
2166 2439
2293 2439
626 2440
148 2441
99 2442
1575 2442
651 2443
998 2443
1544 2443
2436 2443
13 2444
356 2444
541 2444
930 2444
1002 2444
1424 2444
1574 2444
1632 2444
1745 2444
1814 2444
2096 2444
2381 2444
278 2445
1454 2445
2213 2445
428 2446
2248 2446
960 2447
1253 2447
1721 2447
643 2448
651 2449
1337 2449
17 2450
16 2451
520 2452
4 2453
92 2453
464 2454
377 2455
467 2455
631 2455
1840 2455
2237 2456
59 2457
8 2458
1435 2459
1897 2459
70 2460
173 2461
241 2461
986 2461
1850 2461
1865 2461
759 2462
520 2463
360 2464
7 2465
8 2466
1309 2467
1962 2467
98 2468
330 2468
1457 2468
2213 2468
174 2469
602 2469
1124 2469
1260 2469
1593 2469
2000 2470
65 2471
1575 2471
2243 2471
2314 2471
149 2472
618 2472
2412 2472
7 2473
3 2474
726 2474
1207 2474
2123 2474
799 2475
59 2476
17 2477
59 2477
415 2477
891 2477
1831 2477
2068 2477
226 2478
823 2478
1957 2479
59 2480
55 2481
8 2482
1940 2483
1309 2484
1962 2484
470 2485
9 2486
329 2487
344 2488
799 2489
2467 2489
55 2490
1142 2491
111 2492
1033 2492
1672 2492
785 2493
884 2494
882 2495
1276 2496
3 2497
2038 2498
2397 2498
87 2499
325 2500
1966 2501
3 2502
1863 2502
2006 2502
115 2503
1033 2504
1237 2504
73 2505
11 2506
373 2507
1832 2508
57 2509
467 2509
2185 2509
2 2510
1270 2511
1786 2512
52 2513
164 2514
1529 2514
2136 2515
360 2516
213 2517
434 2517
1963 2517
4 2518
325 2518
484 2518
784 2518
872 2518
1371 2518
1769 2518
2097 2518
2241 2518
2461 2518
1730 2519
17 2520
1833 2520
1835 2521
87 2522
17 2523
1382 2523
2472 2524
668 2525
149 2526
101 2527
471 2527
407 2528
1632 2528
819 2529
1313 2529
15 2530
174 2531
620 2531
1253 2532
591 2533
693 2534
9 2535
616 2535
1456 2535
2419 2536
8 2537
605 2537
844 2537
1595 2537
1595 2538
1863 2539
2006 2539
149 2540
618 2540
2412 2540
2524 2540
1096 2541
1323 2542
875 2543
574 2544
14 2545
1615 2545
3 2546
685 2547
60 2548
964 2548
1101 2548
100 2549
608 2549
797 2549
983 2549
140 2550
231 2550
1162 2551
520 2552
181 2553
80 2554
289 2555
8 2556
164 2557
164 2558
697 2559
1805 2559
30 2560
257 2561
1 2562
4 2562
49 2562
59 2562
63 2562
215 2562
324 2562
558 2562
891 2562
992 2562
2128 2562
2241 2562
858 2563
657 2564
1439 2565
2469 2566
407 2567
179 2568
331 2569
598 2569
395 2570
1133 2570
19 2571
307 2572
927 2573
212 2574
630 2575
159 2576
53 2577
799 2578
984 2578
1011 2578
2222 2579
324 2580
558 2580
702 2580
1950 2580
1024 2581
38 2582
11 2583
13 2583
16 2583
330 2583
1267 2583
121 2584
102 2585
333 2585
1730 2586
787 2587
1920 2587
92 2588
630 2589
711 2590
11 2591
40 2591
54 2591
83 2591
115 2591
2358 2591
1074 2592
2137 2592
2182 2592
11 2593
1643 2593
14 2594
113 2594
161 2594
1890 2595
102 2596
142 2596
578 2596
629 2596
793 2596
1394 2596
2439 2596
556 2597
2034 2597
54 2598
7 2599
694 2599
858 2600
1595 2601
540 2602
1 2603
1269 2603
7 2604
322 2605
407 2606
1367 2607
179 2608
101 2609
8 2610
1595 2610
2481 2610
14 2611
1308 2611
1965 2612
256 2613
664 2613
2469 2613
307 2614
92 2615
613 2616
59 2617
282 2618
330 2619
765 2619
396 2620
823 2621
10 2622
53 2622
173 2622
241 2622
265 2622
316 2622
345 2622
411 2622
527 2622
583 2622
665 2622
680 2622
745 2622
961 2622
982 2622
986 2622
1148 2622
1291 2622
1326 2622
1816 2622
2480 2622
2562 2622
2617 2622
1309 2623
375 2624
1643 2625
741 2626
40 2627
54 2627
124 2627
170 2627
212 2627
340 2627
920 2627
2173 2627
2619 2627
391 2628
843 2629
564 2630
2377 2631
373 2632
1719 2632
999 2633
101 2634
964 2635
257 2636
8 2637
287 2637
685 2637
1027 2637
1178 2637
2055 2637
2061 2637
1881 2638
2174 2639
317 2640
728 2640
777 2640
848 2640
979 2640
1067 2640
511 2641
666 2642
2096 2642
73 2643
236 2644
337 2644
463 2644
2122 2644
2436 2644
884 2645
10 2646
959 2646
1113 2646
1662 2647
1095 2648
1710 2648
199 2649
300 2650
175 2651
1127 2652
1451 2652
2607 2652
95 2653
8 2654
562 2654
170 2655
329 2655
474 2655
506 2655
160 2656
2515 2657
2557 2657
2453 2658
32 2659
111 2659
685 2659
2162 2659
17 2660
1539 2661
2638 2662
293 2663
53 2664
122 2664
841 2664
1154 2664
1330 2664
2241 2664
579 2665
1592 2665
360 2666
1900 2666
101 2667
1959 2667
7 2668
1153 2668
851 2669
984 2670
1011 2670
61 2671
2357 2671
4 2672
2357 2673
173 2674
61 2675
750 2676
101 2677
833 2677
1624 2678
455 2679
2035 2679
4 2680
2241 2680
520 2681
669 2681
1590 2681
1610 2681
514 2682
1257 2682
11 2683
322 2683
1553 2683
59 2684
2071 2684
2397 2685
360 2686
270 2687
674 2687
1174 2687
1718 2688
9 2689
902 2689
50 2690
2469 2691
289 2692
2642 2692
3 2693
611 2694
932 2695
52 2696
613 2697
16 2698
59 2698
108 2698
441 2698
794 2698
805 2698
891 2698
933 2698
1191 2698
1476 2698
2049 2698
2224 2698
2416 2698
479 2699
1580 2699
334 2700
2184 2701
1643 2702
10 2703
46 2703
212 2703
2098 2704
4 2705
92 2705
173 2706
622 2706
713 2706
1439 2707
360 2708
2640 2709
50 2710
2357 2710
6 2711
897 2711
1162 2711
95 2712
455 2713
8 2714
2410 2715
1445 2716
168 2717
57 2718
302 2719
387 2719
1150 2719
1467 2719
2375 2719
1077 2720
623 2721
520 2722
451 2723
455 2723
1310 2724
108 2725
201 2725
453 2725
727 2725
792 2725
891 2725
933 2725
978 2725
1183 2725
1202 2725
1434 2725
1476 2725
2697 2725
25 2726
1617 2727
1990 2727
2580 2728
376 2729
765 2729
881 2729
656 2730
1102 2730
1853 2730
2494 2731
1721 2732
123 2733
520 2734
2136 2735
2657 2735
464 2736
101 2737
2150 2738
614 2739
1555 2740
692 2741
1052 2741
50 2742
968 2742
1000 2742
147 2743
169 2743
12 2744
170 2744
53 2745
543 2745
622 2745
1624 2745
1024 2746
57 2747
333 2747
95 2748
302 2749
231 2750
455 2751
1613 2752
38 2753
173 2754
242 2755
1644 2756
2260 2756
2651 2756
2745 2757
1151 2758
2459 2758
307 2759
10 2760
289 2760
1216 2760
626 2761
19 2762
455 2763
102 2764
66 2765
1940 2766
300 2767
177 2768
317 2768
368 2768
848 2768
1061 2768
1067 2768
1556 2768
1954 2768
2719 2769
4 2770
17 2771
83 2771
340 2771
405 2771
1546 2771
2104 2771
50 2772
170 2773
719 2773
15 2774
17 2775
1833 2775
842 2776
220 2777
393 2778
2045 2778
179 2779
2213 2779
17 2780
269 2780
654 2781
471 2782
206 2783
52 2784
485 2784
2439 2784
173 2785
14 2786
2647 2786
18 2787
170 2787
719 2787
66 2788
2595 2789
654 2790
2644 2790
222 2791
859 2792
240 2793
1481 2794
1539 2795
1508 2796
322 2797
2419 2798
464 2799
1940 2800
1481 2801
1610 2801
87 2802
272 2803
210 2804
7 2805
128 2805
2158 2805
363 2806
1833 2807
477 2808
855 2809
4 2810
4 2811
2241 2811
1079 2812
1607 2813
643 2814
2344 2814
70 2815
265 2815
210 2816
1306 2817
1836 2817
815 2818
1655 2818
1900 2818
964 2819
254 2820
359 2820
499 2820
1218 2820
1882 2820
2809 2821
149 2822
479 2823
2746 2823
325 2824
19 2825
726 2826
801 2827
1979 2828
2679 2828
210 2829
256 2829
664 2829
647 2830
955 2830
1404 2830
1499 2830
2095 2830
2223 2830
2443 2830
2449 2830
160 2831
2518 2831
6 2832
464 2832
1484 2832
1831 2832
1207 2833
7 2834
88 2834
683 2834
717 2834
761 2834
2118 2834
2297 2834
1470 2835
19 2836
2648 2837
115 2838
7 2839
395 2840
8 2841
195 2842
2315 2842
1241 2843
19 2844
748 2844
1375 2845
203 2846
289 2847
101 2848
1957 2849
620 2850
1771 2850
8 2851
536 2852
364 2853
1379 2853
1628 2853
290 2854
1463 2854
1501 2854
2251 2854
19 2855
978 2856
1069 2857
951 2858
217 2859
296 2860
1257 2861
222 2862
2173 2863
2261 2863
2071 2864
627 2865
1510 2865
5 2866
12 2866
118 2866
198 2866
2185 2866
2351 2866
2377 2866
2148 2867
2308 2867
909 2868
2719 2868
1874 2869
1738 2870
1658 2871
1584 2872
1597 2872
2414 2872
2756 2873
347 2874
721 2874
1904 2874
57 2875
714 2875
833 2875
942 2875
1310 2875
1961 2875
471 2876
362 2877
817 2878
1009 2879
2250 2880
1586 2881
170 2882
307 2883
564 2884
1767 2884
2135 2884
2771 2884
492 2885
373 2886
490 2886
344 2887
875 2887
1784 2887
589 2888
272 2889
4 2890
2305 2891
7 2892
1271 2893
220 2894
10 2895
206 2895
1864 2895
737 2896
206 2897
739 2898
860 2899
265 2900
396 2900
2790 2900
179 2901
133 2902
115 2903
1069 2904
2647 2904
5 2905
7 2905
84 2905
220 2905
319 2905
329 2905
341 2905
453 2905
454 2905
493 2905
679 2905
722 2905
891 2905
1026 2905
1086 2905
1269 2905
1491 2905
1625 2905
1831 2905
1863 2905
1941 2905
2006 2905
2149 2905
2178 2905
2179 2905
2266 2905
2324 2905
2398 2905
2461 2905
2622 2905
2674 2905
2754 2905
2785 2905
252 2906
1163 2907
2855 2908
59 2909
160 2909
2272 2910
206 2911
4 2912
2241 2912
2675 2913
620 2914
1802 2914
2098 2914
6 2915
7 2915
10 2915
14 2915
46 2915
92 2915
160 2915
173 2915
214 2915
264 2915
305 2915
415 2915
551 2915
556 2915
640 2915
711 2915
1023 2915
1201 2915
1278 2915
1347 2915
1385 2915
1400 2915
1511 2915
1530 2915
1617 2915
1756 2915
2027 2915
2866 2915
2905 2915
725 2916
209 2917
17 2918
59 2918
1595 2919
1920 2920
2222 2921
2189 2922
66 2923
2580 2923
581 2924
2433 2924
574 2925
1595 2926
393 2927
2045 2927
276 2928
815 2928
564 2929
626 2930
960 2931
330 2932
1807 2932
170 2933
14 2934
408 2935
842 2935
1484 2935
1640 2935
607 2936
2290 2936
2914 2936
1849 2937
256 2938
664 2938
2469 2938
360 2939
562 2939
1231 2939
1678 2940
1664 2941
65 2942
490 2943
500 2944
2105 2945
2390 2946
2750 2946
134 2947
226 2947
645 2947
1551 2947
87 2948
13 2949
564 2949
1536 2950
289 2951
60 2952
992 2952
2 2953
7 2953
53 2953
60 2953
265 2953
1883 2953
1993 2953
1587 2954
19 2955
302 2956
1987 2957
2872 2957
2050 2958
222 2959
1790 2959
579 2960
927 2961
148 2962
186 2963
1571 2963
1956 2963
170 2964
2729 2964
373 2965
15 2966
798 2967
1577 2968
2938 2968
520 2969
974 2970
1704 2970
186 2971
1571 2971
2283 2971
1024 2972
294 2973
2792 2973
2648 2974
2661 2975
2795 2975
2357 2976
164 2977
985 2978
1676 2978
744 2979
1445 2979
87 2980
10 2981
173 2981
1009 2981
2905 2981
30 2982
101 2983
1870 2983
742 2984
693 2985
4 2986
157 2986
2017 2986
2051 2986
1375 2987
1618 2988
2024 2988
514 2989
2973 2990
2679 2991
446 2992
66 2993
1678 2994
393 2995
17 2996
334 2997
7 2998
22 2998
420 2998
646 2998
1153 2998
1244 2998
1248 2998
1531 2998
26 2999
114 2999
1166 2999
59 3000
