1 2
1 3
2 3
1 4
2 4
3 4
1 5
2 5
3 5
4 5
1 6
2 6
3 6
4 6
5 6
1 7
2 7
3 7
4 7
5 7
6 7
1 8
2 8
3 8
4 8
5 8
6 8
7 8
1 9
2 9
3 9
4 9
5 9
6 9
7 9
8 9
1 10
2 10
3 10
4 10
5 10
6 10
7 10
8 10
9 10
4 11
11 12
11 13
12 13
5 14
11 14
12 14
13 14
6 15
11 15
12 15
13 15
14 15
1 16
5 16
11 16
12 16
13 16
14 16
15 16
5 17
11 17
12 17
13 17
14 17
15 17
16 17
16 18
17 19
15 20
14 21
9 22
15 23
11 24
16 25
12 26
6 27
8 28
16 29
10 30
3 31
17 32
15 33
4 34
13 35
13 36
3 37
12 38
11 39
13 40
15 41
10 42
8 43
4 44
8 45
5 46
4 47
17 48
3 49
7 50
11 51
13 51
14 51
15 51
31 51
29 52
1 53
2 53
4 53
9 53
49 53
13 54
15 55
4 56
26 57
4 58
10 59
11 59
34 59
44 59
53 59
3 60
8 60
9 60
16 60
14 61
10 62
34 62
4 63
53 63
9 64
17 65
26 65
38 65
17 66
50 66
50 67
4 68
16 69
13 70
14 70
16 70
23 70
41 70
13 71
19 72
13 73
1 74
6 74
7 74
22 74
7 75
1 76
3 76
13 77
34 78
52 79
1 80
4 80
9 80
10 80
14 80
46 80
52 81
35 82
13 83
10 84
4 85
6 85
10 85
60 85
64 85
7 86
2 87
4 87
5 87
50 87
75 87
11 88
57 89
9 90
13 91
19 91
65 91
1 92
5 92
6 92
7 92
11 92
44 92
47 92
58 92
63 92
68 92
80 92
87 92
3 93
8 94
17 95
70 96
7 97
12 98
83 99
4 100
9 100
14 100
92 100
5 101
12 101
14 101
15 101
18 101
25 101
60 101
69 101
92 102
101 103
16 104
101 104
17 105
1 106
2 106
9 106
44 107
11 108
69 109
92 109
87 110
3 111
6 112
101 113
12 114
40 114
71 114
91 114
13 115
15 115
16 115
26 115
98 115
114 115
87 116
8 117
16 118
87 119
10 120
52 121
102 121
63 122
80 122
87 122
109 122
73 123
13 124
6 125
17 126
101 127
3 128
5 129
11 129
12 129
70 129
115 129
118 129
101 130
57 131
9 132
7 133
88 133
26 134
114 134
8 135
17 136
133 137
7 138
17 138
11 139
55 140
17 141
121 142
10 143
7 144
92 145
17 146
12 147
134 147
73 148
83 149
126 149
4 150
148 151
128 152
4 153
95 153
10 154
95 155
101 155
15 156
4 157
58 157
92 157
17 158
17 159
2 160
3 160
5 160
6 160
10 160
22 160
53 160
60 160
16 161
101 161
143 161
65 162
73 163
2 164
5 164
6 164
7 164
8 164
10 164
11 164
47 164
68 164
85 164
87 164
150 164
153 164
157 164
19 165
101 166
109 166
52 167
8 168
134 169
11 170
13 170
15 170
98 170
147 170
57 171
50 172
1 173
3 173
4 173
5 173
6 173
7 173
9 173
42 173
59 173
84 173
120 173
154 173
30 174
152 175
44 176
107 176
8 177
111 177
26 178
171 178
44 179
176 179
8 180
26 181
114 181
169 181
173 182
9 183
148 184
14 185
60 186
17 187
36 188
50 188
149 189
52 190
5 191
12 191
70 191
115 191
118 191
14 192
69 192
113 192
161 192
8 193
34 194
5 195
7 195
47 195
85 195
87 195
179 196
15 197
70 197
129 198
17 199
4 200
10 200
14 200
122 200
11 201
3 202
101 203
143 203
179 204
11 205
173 205
143 206
206 207
164 208
179 209
14 210
15 210
54 210
70 210
77 210
91 210
115 210
124 210
179 211
11 212
12 212
13 212
16 212
17 212
80 212
70 213
5 214
110 214
164 214
195 214
53 215
19 216
70 216
82 217
4 218
179 219
173 220
8 221
87 221
12 222
14 222
15 222
17 222
40 222
51 222
54 222
77 222
83 222
91 222
124 222
170 222
212 222
17 223
95 224
101 224
3 225
114 226
147 226
169 226
177 227
174 228
19 229
1 230
4 230
10 230
87 230
55 231
30 232
228 232
70 233
11 234
8 235
12 236
57 236
134 236
178 236
181 236
17 237
14 238
17 239
165 239
51 240
1 241
2 241
4 241
42 241
59 241
84 241
120 241
230 241
17 242
123 243
1 244
19 245
26 246
236 246
244 247
173 248
7 249
8 250
9 250
16 250
186 250
8 251
50 252
4 253
95 253
140 254
13 255
174 256
66 257
87 257
172 257
8 258
8 259
176 260
17 261
101 262
210 263
4 264
5 264
6 264
7 264
8 264
9 264
87 264
160 264
241 264
3 265
5 265
6 265
7 265
9 265
30 265
42 265
59 265
80 265
84 265
85 265
135 265
165 266
65 267
115 267
134 267
178 267
4 268
10 268
14 268
92 268
177 269
66 270
172 270
252 270
57 271
1 272
7 272
10 272
74 272
85 272
112 272
164 272
11 273
35 273
40 273
54 273
83 273
115 273
212 273
9 274
4 275
10 275
6 276
95 277
11 278
170 278
121 279
50 280
9 281
14 282
40 282
83 282
91 282
15 283
87 284
214 285
244 286
9 287
132 288
275 289
131 290
101 291
57 292
4 293
289 293
4 294
6 294
87 294
69 295
123 296
173 297
4 298
57 298
87 299
172 299
170 300
8 301
8 302
227 302
287 302
115 303
65 304
5 305
6 305
7 305
8 305
9 305
7 306
34 307
179 308
14 309
1 310
131 311
272 312
4 313
164 313
15 314
3 315
53 315
17 316
59 316
254 317
289 318
10 319
173 319
265 319
4 320
92 320
307 321
17 322
38 322
88 322
302 323
3 324
53 324
60 324
5 325
6 325
8 325
74 325
241 325
271 325
310 325
17 326
94 327
164 328
2 329
3 329
8 329
49 329
74 329
85 329
112 329
160 329
164 329
173 329
265 329
276 329
278 329
325 329
40 330
51 330
54 330
124 330
170 330
212 330
7 331
8 332
12 333
115 333
73 334
13 335
30 336
181 337
226 337
188 338
164 339
222 340
273 340
282 340
330 340
173 341
226 342
8 343
289 344
4 345
59 345
92 345
179 345
8 346
72 347
100 347
15 348
8 349
307 350
282 351
94 352
6 353
87 353
57 354
70 354
8 355
54 356
15 357
15 358
98 358
278 358
330 358
140 359
231 359
210 360
302 361
360 361
276 362
289 363
50 364
13 365
222 365
273 365
54 366
212 366
165 367
99 368
8 369
52 370
8 371
102 372
333 372
6 373
88 373
362 373
152 374
83 375
91 375
351 375
170 376
212 376
210 377
330 377
16 378
101 378
164 379
42 380
59 380
120 380
230 380
17 381
6 382
186 383
212 383
165 384
302 385
360 385
50 386
385 387
7 388
170 389
203 390
17 391
38 391
3 392
8 392
49 392
85 392
173 392
265 392
276 392
6 393
362 393
34 394
206 395
1 396
3 396
42 396
182 396
220 396
319 396
329 396
341 396
101 397
3 398
329 398
3 399
16 400
101 400
164 401
11 402
52 403
101 404
222 405
240 405
8 406
54 407
171 408
222 408
407 408
3 409
11 410
59 411
6 412
267 413
11 414
5 415
15 415
16 415
65 415
95 415
105 415
136 415
138 415
141 415
199 415
222 415
261 415
316 415
322 415
326 415
54 416
57 417
131 418
244 418
45 419
1 420
7 420
10 420
74 420
8 421
17 422
17 423
17 424
275 425
318 425
363 425
7 426
164 427
40 428
91 428
226 428
415 429
13 430
52 431
16 432
330 433
415 433
70 434
91 434
377 434
293 435
407 435
148 436
14 437
4 438
164 438
8 439
9 440
11 441
1 442
7 442
10 443
173 443
278 444
330 444
17 445
8 446
205 446
352 446
70 447
118 447
87 448
210 449
228 449
256 449
276 450
121 451
243 452
296 452
11 453
173 453
446 453
173 454
121 455
372 455
99 456
101 457
175 457
395 458
179 459
8 460
173 461
89 462
271 462
292 462
298 462
181 463
226 463
2 464
7 464
10 464
11 464
68 464
208 464
379 464
438 464
11 465
19 466
169 466
367 466
13 467
23 467
41 467
129 467
191 467
210 467
354 467
434 467
30 468
164 469
1 470
7 470
74 470
226 471
179 472
9 473
278 474
148 475
163 475
334 475
8 476
95 477
2 478
6 478
22 478
60 478
4 479
1 480
22 480
325 480
329 480
470 480
270 481
140 482
272 482
420 482
470 482
160 483
241 483
1 484
4 484
10 484
241 484
382 484
81 485
167 485
190 485
403 485
431 485
8 486
3 487
152 487
464 488
101 489
88 490
145 491
154 492
408 492
474 492
173 493
10 494
382 494
330 495
66 496
172 496
11 497
373 497
482 497
490 497
212 498
124 499
140 499
415 500
179 501
92 502
15 503
8 504
152 505
278 506
14 507
70 508
115 508
118 508
467 508
19 509
428 509
1 510
385 511
179 512
6 513
165 514
8 515
52 516
485 516
226 517
250 518
99 519
196 520
308 520
501 520
8 521
9 522
34 523
276 524
8 525
36 526
290 526
311 526
59 527
13 528
276 529
393 529
179 530
30 531
1 532
247 532
286 532
4 533
9 534
50 535
34 536
65 537
4 538
57 539
289 540
54 541
101 542
59 543
4 544
152 545
10 546
161 546
206 546
289 547
425 547
179 548
520 548
393 549
520 549
206 550
5 551
195 551
257 551
264 551
294 551
299 551
14 552
82 553
344 554
8 555
4 556
5 556
7 556
8 556
9 556
10 556
37 556
49 556
111 556
128 556
315 556
396 556
399 556
17 557
53 558
203 559
7 560
88 560
87 561
254 562
391 563
15 564
77 564
115 564
124 564
360 564
449 564
467 564
4 565
164 565
244 566
532 566
415 567
19 568
462 569
7 570
142 571
451 571
455 571
3 572
152 572
1 573
7 573
272 573
322 574
560 574
15 575
98 575
101 575
191 575
236 575
272 576
334 577
121 578
333 579
455 579
17 580
563 580
220 581
173 582
265 582
4 583
6 583
9 583
59 583
62 583
154 583
272 583
443 583
464 583
206 584
455 585
17 586
8 587
16 588
401 589
12 590
40 590
51 590
54 590
124 590
170 590
212 590
365 590
415 590
13 591
16 591
23 591
41 591
96 591
129 591
197 591
210 591
233 591
415 592
14 593
8 594
50 595
8 596
360 597
6 598
3 599
500 599
4 600
10 601
210 602
256 602
564 602
179 603
14 604
526 605
1 606
187 606
174 607
14 608
347 608
170 609
99 610
9 611
9 612
12 613
13 613
16 613
59 613
108 613
170 613
201 613
410 613
414 613
441 613
453 613
464 613
352 614
453 614
206 615
2 616
7 616
60 616
90 616
100 616
250 616
274 616
440 616
556 616
70 617
83 618
479 619
607 620
16 621
101 621
30 622
42 622
59 622
329 622
582 622
425 623
65 624
325 625
462 625
1 626
3 626
6 626
43 626
60 626
94 626
117 626
135 626
193 626
392 626
446 626
486 626
596 626
101 627
175 627
289 628
121 629
65 630
322 630
391 630
13 631
282 631
375 631
434 631
419 632
149 633
360 634
1 635
9 636
85 636
52 637
7 638
19 639
5 640
7 640
630 641
52 642
16 643
92 644
166 644
114 645
147 645
169 645
428 645
471 645
8 646
49 646
74 646
85 646
112 646
160 646
325 646
480 646
19 647
134 647
294 648
287 649
385 649
232 650
449 650
466 651
639 651
647 651
8 652
11 653
337 654
463 654
82 655
307 656
603 656
87 657
51 658
206 659
307 660
603 660
6 661
457 661
8 662
464 663
241 664
602 664
1 665
59 665
160 665
38 666
630 666
38 667
8 668
196 669
8 670
49 670
85 670
7 671
17 672
50 673
66 674
252 674
364 674
121 675
19 676
651 676
17 677
565 678
10 679
173 679
59 680
8 681
385 682
322 683
373 683
540 683
560 683
149 684
177 685
302 685
7 686
8 687
10 688
128 688
241 688
382 688
14 689
11 690
178 691
210 691
499 691
177 692
52 693
352 694
453 694
407 695
49 696
85 696
1 697
102 698
455 698
42 699
121 699
446 700
57 701
290 701
418 701
53 702
302 703
464 703
170 704
451 705
455 705
385 706
11 707
165 708
654 709
449 710
5 711
492 711
449 712
7 713
30 713
42 713
84 713
26 714
114 714
236 714
463 714
395 715
220 716
66 717
560 717
36 718
574 718
302 719
101 720
143 720
299 720
60 721
100 721
274 721
173 722
241 722
380 722
622 722
699 722
6 723
7 724
42 724
243 725
296 725
409 726
11 727
613 727
99 728
139 728
685 729
152 730
9 731
315 731
396 731
7 732
98 733
101 733
236 733
195 734
257 734
294 734
13 735
114 735
479 736
17 737
606 737
57 738
270 739
164 740
415 741
1 742
334 743
121 744
372 744
585 744
59 745
159 746
14 747
17 747
23 747
33 747
115 747
197 747
210 747
283 747
358 747
575 747
9 748
651 749
449 750
508 751
646 751
670 751
15 752
170 753
8 754
176 755
472 755
603 755
276 756
373 756
393 756
744 757
109 758
115 759
242 759
579 759
418 760
560 761
532 762
508 763
179 764
124 765
170 765
433 765
16 766
17 767
17 768
170 769
15 770
16 771
148 771
750 772
11 773
16 774
210 774
564 774
373 775
3 776
53 776
348 776
646 776
696 776
101 777
396 777
50 778
16 779
1 780
187 780
737 780
101 781
511 782
706 782
19 783
215 783
173 784
241 784
26 785
169 785
236 785
179 786
52 787
485 787
697 788
50 789
91 790
173 790
694 790
57 791
134 791
178 791
246 791
714 791
733 791
613 792
121 793
11 794
44 794
53 794
345 794
543 794
613 794
622 794
665 794
3 795
500 795
289 796
14 797
347 797
656 798
385 799
606 799
252 800
364 800
567 801
78 802
394 802
42 803
722 803
13 804
11 805
613 805
10 806
173 806
95 807
142 808
179 809
79 810
492 811
520 812
50 813
620 814
362 815
392 815
450 815
524 815
529 815
307 816
66 817
172 817
739 817
38 818
630 818
523 819
53 820
4 821
598 822
169 823
342 823
471 823
9 824
87 825
317 826
368 826
456 826
519 826
610 826
728 826
52 827
485 827
82 828
70 829
591 829
7 830
101 831
66 832
26 833
791 833
1 834
4 835
114 836
8 837
562 837
224 838
274 839
252 840
481 840
739 840
63 841
160 841
315 841
820 841
222 842
492 842
57 843
258 844
3 845
80 846
226 847
826 848
17 849
4 850
79 851
167 851
370 851
827 851
57 852
462 852
535 852
252 853
8 854
605 854
844 854
240 855
554 856
83 857
189 857
8 858
682 858
257 859
264 859
294 859
446 860
614 860
677 860
694 860
508 861
594 861
293 862
744 863
787 864
468 865
713 865
270 866
7 867
47 867
87 867
551 867
102 868
455 868
296 869
4 870
776 871
6 872
241 872
329 872
480 872
625 872
271 873
292 873
298 873
569 873
625 873
852 873
87 874
554 875
59 876
10 877
173 877
265 877
396 877
1 878
737 879
57 880
70 880
467 880
170 881
1 882
11 882
12 882
13 882
14 882
15 882
17 882
250 882
378 882
415 882
432 882
588 882
771 882
17 883
59 883
415 883
199 884
289 884
36 885
311 885
8 886
476 886
8 887
8 888
73 889
296 889
50 890
44 891
53 891
173 891
316 891
380 891
543 891
613 891
745 891
50 892
250 893
383 893
179 894
101 895
170 896
175 897
661 897
100 898
556 898
613 899
528 900
17 901
516 902
562 902
160 903
327 904
626 904
851 905
393 906
287 907
385 907
16 908
173 909
3 910
347 911
564 911
96 912
520 912
3 913
87 914
322 915
666 915
667 915
566 916
393 917
520 917
3 918
670 918
222 919
278 919
330 919
376 919
389 919
609 919
701 919
765 919
769 919
881 919
13 920
240 920
330 920
658 920
149 921
618 921
360 922
7 923
60 923
90 923
100 923
573 923
632 924
194 925
179 926
694 926
4 927
107 927
176 927
179 927
891 927
15 928
787 929
54 930
927 931
481 932
787 932
613 933
19 934
3 935
500 935
851 936
373 937
560 937
57 938
178 938
246 938
714 938
833 938
639 939
458 940
715 940
8 941
26 942
938 942
407 943
14 944
13 945
282 945
375 945
15 946
148 947
873 948
16 949
149 950
236 951
170 952
65 953
3 954
651 955
276 956
373 956
393 956
3 957
293 958
4 959
62 959
194 959
307 959
107 960
260 960
1 961
59 961
84 961
325 961
484 961
664 961
688 961
722 961
173 962
449 962
488 962
17 963
746 963
16 964
726 965
17 966
921 967
17 968
673 968
170 969
719 969
1 970
42 970
59 970
120 970
325 970
484 970
664 970
722 970
784 970
872 970
164 971
394 971
276 972
373 972
393 972
3 973
51 973
8 974
72 974
82 975
347 976
99 977
139 977
5 978
14 978
15 978
18 978
29 978
118 978
161 978
415 978
591 978
613 978
621 978
766 978
771 978
779 978
360 979
360 980
554 980
7 981
572 981
59 982
19 983
347 983
8 984
821 984
5 985
6 985
7 985
30 985
80 985
120 985
268 985
420 985
443 985
484 985
601 985
806 985
877 985
59 986
325 986
401 986
484 986
784 986
856 987
50 988
55 989
50 990
12 991
16 991
410 991
414 991
464 991
794 991
899 991
5 992
53 992
106 992
160 992
329 992
464 992
478 992
616 992
15 993
254 994
8 995
385 996
643 997
466 998
42 999
722 999
794 999
17 1000
159 1000
673 1000
65 1001
54 1002
181 1003
714 1003
19 1004
347 1004
6 1005
50 1006
52 1007
929 1007
963 1008
3 1009
6 1009
84 1009
443 1009
461 1009
582 1009
679 1009
877 1009
891 1009
909 1009
236 1010
714 1011
168 1012
36 1013
38 1014
299 1014
630 1014
627 1015
11 1016
173 1017
306 1017
1009 1017
50 1018
4 1019
6 1019
59 1019
154 1019
443 1019
464 1019
470 1020
115 1021
4 1022
92 1022
1 1023
2 1023
3 1023
5 1023
6 1023
8 1023
22 1023
90 1023
100 1023
132 1023
183 1023
305 1023
534 1023
556 1023
611 1023
612 1023
824 1023
858 1024
564 1025
173 1026
302 1027
360 1027
26 1028
791 1028
1003 1028
455 1029
744 1029
17 1030
87 1031
87 1032
3 1033
5 1034
160 1034
241 1034
859 1034
394 1035
8 1036
194 1037
787 1038
352 1039
396 1040
352 1041
470 1042
17 1043
7 1044
16 1045
179 1046
496 1047
17 1048
677 1049
82 1050
165 1051
177 1052
235 1052
121 1053
344 1054
194 1055
1013 1056
302 1057
573 1058
52 1059
174 1060
826 1061
6 1062
52 1063
451 1063
455 1063
629 1063
699 1063
744 1063
300 1064
114 1065
147 1065
428 1065
44 1066
179 1066
260 1066
755 1066
927 1066
826 1067
17 1068
860 1069
1049 1069
7 1070
393 1071
946 1071
7 1072
958 1073
500 1074
7 1075
22 1075
272 1075
325 1075
329 1075
420 1075
178 1076
833 1076
826 1077
101 1078
6 1079
362 1079
497 1079
148 1080
73 1081
296 1081
1077 1081
244 1082
916 1082
65 1083
17 1084
860 1084
1049 1084
12 1085
59 1085
108 1085
170 1085
201 1085
410 1085
453 1085
727 1085
805 1085
933 1085
173 1086
742 1086
92 1087
1052 1087
49 1088
325 1088
480 1088
776 1088
148 1089
7 1090
415 1090
2 1091
173 1092
265 1092
101 1093
164 1094
589 1094
893 1095
4 1096
5 1096
7 1096
10 1096
16 1096
74 1096
80 1096
106 1096
230 1096
241 1096
442 1096
470 1096
480 1096
484 1096
573 1096
665 1096
697 1096
780 1096
882 1096
961 1096
107 1097
533 1097
360 1098
34 1099
175 1100
16 1101
170 1101
441 1101
453 1101
464 1101
727 1101
792 1101
978 1101
12 1102
70 1102
115 1102
118 1102
798 1102
360 1103
351 1104
99 1105
15 1106
747 1106
8 1107
462 1108
873 1108
87 1109
175 1110
80 1111
8 1112
9 1112
37 1112
49 1112
128 1112
616 1112
1023 1112
62 1113
194 1113
276 1114
393 1114
205 1115
466 1116
924 1117
101 1118
791 1118
6 1119
451 1120
723 1120
4 1121
92 1121
373 1122
500 1123
210 1124
228 1124
256 1124
564 1124
650 1124
750 1124
962 1124
17 1125
3 1126
320 1127
6 1128
688 1128
50 1129
1013 1130
26 1131
147 1131
169 1131
647 1131
425 1132
206 1133
520 1134
9 1135
14 1136
691 1137
4 1138
164 1138
678 1138
53 1139
87 1140
17 1141
97 1142
479 1142
491 1142
176 1143
40 1144
170 1144
377 1144
433 1144
444 1144
511 1145
438 1146
179 1147
59 1148
176 1149
385 1150
3 1151
60 1151
668 1151
1 1152
74 1152
85 1152
576 1152
1075 1152
1 1153
2 1153
3 1153
6 1153
10 1153
74 1153
86 1153
138 1153
144 1153
272 1153
305 1153
388 1153
420 1153
442 1153
560 1153
570 1153
671 1153
732 1153
923 1153
1096 1153
1 1154
6 1154
63 1154
68 1154
502 1154
1087 1154
1121 1154
69 1155
161 1155
206 1156
396 1157
898 1157
938 1158
101 1159
451 1160
14 1161
3 1162
15 1162
125 1162
173 1162
264 1162
276 1162
353 1162
393 1162
453 1162
583 1162
661 1162
723 1162
985 1162
1005 1162
1023 1162
1062 1162
1153 1162
5 1163
22 1163
60 1163
264 1163
483 1163
665 1163
841 1163
4 1164
1 1165
84 1165
664 1165
714 1166
14 1167
7 1168
102 1169
142 1169
699 1169
579 1170
216 1171
466 1171
647 1171
676 1171
783 1171
934 1171
1004 1171
170 1172
169 1173
252 1174
481 1174
739 1174
14 1175
11 1176
173 1176
446 1176
1071 1176
470 1177
302 1178
7 1179
101 1180
965 1181
446 1182
614 1182
11 1183
613 1183
1085 1183
7 1184
165 1185
1009 1186
322 1187
666 1187
799 1188
17 1189
194 1190
613 1191
15 1192
591 1192
747 1192
16 1193
121 1194
571 1194
1120 1194
1155 1194
3 1195
794 1196
55 1197
66 1198
14 1199
176 1200
266 1200
1079 1200
643 1201
613 1202
1085 1202
613 1203
3 1204
19 1205
1023 1206
4 1207
5 1207
7 1207
10 1207
31 1207
49 1207
60 1207
111 1207
128 1207
160 1207
173 1207
202 1207
225 1207
265 1207
409 1207
487 1207
795 1207
913 1207
954 1207
1023 1207
1033 1207
1151 1207
1153 1207
1162 1207
1195 1207
1204 1207
101 1208
1079 1209
395 1210
491 1211
57 1212
159 1212
224 1213
523 1214
124 1215
360 1215
467 1215
774 1215
15 1216
275 1216
790 1217
140 1218
231 1218
59 1219
54 1220
65 1221
115 1222
1200 1222
651 1223
282 1224
470 1224
1117 1225
179 1226
260 1226
755 1226
927 1226
1149 1226
438 1227
396 1228
1076 1229
8 1230
626 1230
385 1231
188 1232
14 1233
9 1234
13 1235
152 1236
802 1236
3 1237
1207 1237
101 1238
3 1239
1207 1239
13 1240
129 1241
155 1242
115 1243
579 1243
74 1244
480 1244
3 1245
95 1246
1242 1246
373 1247
10 1248
74 1248
292 1249
302 1249
8 1250
101 1251
299 1251
567 1252
107 1253
755 1253
916 1253
10 1254
396 1255
898 1255
133 1256
115 1257
861 1257
87 1258
129 1259
19 1260
998 1260
16 1261
210 1261
564 1261
815 1262
10 1263
37 1263
49 1263
7 1264
4 1265
449 1266
11 1267
38 1267
114 1267
129 1267
212 1267
222 1267
73 1268
296 1268
76 1269
173 1269
396 1269
480 1269
573 1269
606 1269
626 1269
834 1269
878 1269
882 1269
970 1269
1023 1269
2 1270
6 1270
7 1270
22 1270
53 1270
60 1270
90 1270
106 1270
183 1270
264 1270
265 1270
274 1270
748 1270
85 1271
451 1272
184 1273
65 1274
65 1275
440 1276
17 1277
5 1278
22 1278
11 1279
373 1279
482 1279
490 1279
121 1280
330 1281
206 1282
882 1283
26 1284
647 1284
564 1285
152 1286
294 1287
87 1288
367 1288
1009 1289
149 1290
4 1291
59 1291
92 1291
794 1291
38 1292
536 1292
19 1293
73 1294
57 1295
307 1295
11 1296
35 1296
212 1296
967 1297
350 1298
1049 1298
491 1299
4 1300
579 1301
42 1302
1063 1302
1082 1302
385 1303
55 1304
4 1305
8 1306
373 1307
490 1307
16 1308
17 1308
51 1308
101 1308
185 1308
200 1308
222 1308
238 1308
370 1308
437 1308
507 1308
552 1308
593 1308
978 1308
1175 1308
799 1309
1110 1309
938 1310
1143 1310
470 1311
203 1312
78 1313
523 1313
1099 1313
17 1314
564 1314
115 1315
288 1316
492 1317
15 1318
57 1319
911 1320
389 1321
10 1322
92 1322
8 1323
111 1323
227 1323
269 1323
685 1323
692 1323
1085 1324
2 1325
60 1325
274 1325
440 1325
59 1326
50 1327
265 1328
396 1328
985 1328
1009 1328
7 1329
2 1330
63 1330
324 1330
558 1330
702 1330
17 1331
902 1332
626 1333
101 1334
30 1335
8 1336
544 1336
551 1336
639 1337
647 1337
749 1337
955 1337
81 1338
317 1339
848 1339
1061 1339
1077 1339
873 1340
725 1341
13 1342
418 1343
689 1344
564 1345
750 1345
962 1345
179 1346
5 1347
10 1347
111 1347
128 1347
173 1347
265 1347
1033 1347
1237 1347
8 1348
1130 1348
239 1349
367 1349
1051 1349
288 1350
59 1351
419 1351
891 1351
4 1352
622 1353
1009 1353
12 1354
40 1354
71 1354
134 1354
226 1354
645 1354
735 1354
567 1355
1211 1355
66 1356
585 1357
307 1358
480 1359
394 1360
30 1361
170 1362
157 1363
10 1364
494 1365
52 1366
1338 1366
226 1367
823 1367
1261 1367
15 1368
747 1368
882 1369
479 1370
241 1371
480 1371
970 1371
371 1372
224 1373
82 1374
73 1375
151 1375
947 1375
1080 1375
396 1376
898 1376
7 1377
956 1378
50 1379
413 1379
800 1379
535 1380
1202 1381
11 1382
12 1382
13 1382
14 1382
16 1382
32 1382
66 1382
95 1382
223 1382
326 1382
381 1382
391 1382
557 1382
586 1382
747 1382
767 1382
966 1382
1000 1382
1030 1382
1043 1382
1048 1382
1084 1382
1141 1382
1277 1382
1308 1382
620 1383
1095 1384
5 1385
80 1385
230 1385
484 1385
573 1385
780 1385
961 1385
726 1386
50 1387
30 1388
865 1388
179 1389
170 1390
176 1391
266 1391
1222 1391
1382 1392
17 1393
241 1393
121 1394
1 1395
49 1395
160 1395
324 1395
558 1395
702 1395
776 1395
794 1395
992 1395
1139 1395
415 1396
1123 1396
143 1397
286 1398
566 1398
92 1399
1154 1399
5 1400
118 1400
591 1400
1241 1400
26 1401
938 1401
87 1402
1004 1402
559 1403
19 1404
169 1404
651 1404
998 1404
1171 1404
13 1405
590 1405
159 1406
1306 1406
481 1407
739 1407
579 1408
175 1409
16 1410
299 1411
630 1411
65 1412
485 1413
932 1413
1307 1414
91 1415
124 1415
263 1415
449 1415
1124 1415
1261 1415
630 1416
19 1417
1171 1417
57 1418
288 1419
3 1420
210 1421
330 1421
499 1421
516 1421
1415 1421
59 1422
484 1422
664 1422
688 1422
1096 1422
1017 1423
54 1424
52 1425
579 1426
742 1426
3 1427
152 1427
179 1428
627 1429
4 1430
415 1431
396 1432
148 1433
1375 1433
613 1434
149 1435
1151 1435
176 1436
459 1436
530 1436
603 1436
728 1436
927 1436
1046 1436
1428 1436
231 1437
360 1438
2 1439
11 1439
663 1439
991 1439
1019 1439
8 1440
344 1441
3 1442
7 1443
17 1444
16 1445
1367 1445
1415 1445
92 1446
38 1447
470 1448
26 1449
171 1449
267 1449
791 1449
1076 1449
12 1450
575 1450
733 1450
17 1451
4 1452
173 1453
241 1453
380 1453
622 1453
999 1453
12 1454
170 1454
358 1454
173 1455
60 1456
250 1456
440 1456
17 1457
197 1457
358 1457
246 1458
833 1458
17 1459
51 1459
83 1459
124 1459
340 1459
405 1459
842 1459
789 1460
413 1461
300 1462
508 1463
1257 1463
1328 1464
54 1465
8 1466
385 1467
1240 1467
266 1468
1222 1468
164 1469
140 1470
1197 1470
1328 1471
747 1472
59 1473
164 1474
394 1474
817 1475
345 1476
613 1476
999 1476
4 1477
59 1477
1099 1477
164 1478
421 1478
1400 1479
464 1480
196 1481
6 1482
317 1483
848 1483
1061 1483
10 1484
173 1484
492 1484
1019 1484
54 1485
282 1486
470 1486
82 1487
133 1488
101 1489
14 1490
173 1491
265 1492
1110 1493
960 1494
1226 1494
13 1495
272 1496
491 1497
7 1498
1153 1498
651 1499
733 1500
526 1501
15 1502
1071 1502
823 1503
394 1504
1255 1505
1309 1506
52 1507
1120 1507
362 1508
524 1508
956 1508
972 1508
1162 1508
686 1509
1082 1509
1253 1509
1400 1509
1429 1510
5 1511
841 1511
1426 1512
11 1513
613 1513
30 1514
140 1515
415 1516
935 1516
1074 1516
1152 1516
562 1517
87 1518
13 1519
222 1519
273 1519
330 1519
590 1519
1354 1519
70 1520
474 1520
645 1520
288 1521
11 1522
7 1523
384 1523
15 1524
464 1525
520 1526
360 1527
1085 1528
1478 1529
5 1530
74 1531
85 1531
9 1532
564 1532
222 1533
8 1534
11 1535
329 1535
1085 1535
50 1536
1006 1536
52 1537
393 1538
1210 1538
961 1539
970 1539
1422 1539
101 1540
1461 1540
1378 1541
794 1542
1439 1542
70 1543
52 1544
9 1545
616 1545
210 1546
564 1546
1415 1546
1459 1546
14 1547
1308 1547
66 1548
1047 1548
4 1549
584 1549
13 1550
1312 1550
13 1551
222 1551
273 1551
1354 1551
288 1552
12 1553
410 1553
464 1553
68 1554
488 1554
663 1554
992 1554
1525 1554
1553 1554
250 1555
383 1555
826 1556
53 1557
1382 1557
536 1558
55 1559
174 1560
581 1560
113 1561
415 1562
148 1563
1375 1563
573 1564
3 1565
8 1566
455 1567
60 1568
7 1569
1153 1569
49 1570
325 1570
480 1570
118 1571
383 1571
1241 1571
14 1572
1023 1573
54 1574
1412 1575
73 1576
243 1577
296 1577
1341 1577
265 1578
57 1579
230 1580
573 1580
210 1581
1415 1581
274 1582
140 1583
1147 1583
1456 1584
307 1585
8 1586
1323 1586
1258 1587
307 1588
860 1589
196 1590
121 1591
868 1591
1169 1591
333 1592
455 1592
210 1593
256 1593
564 1593
677 1594
1084 1594
3 1595
4 1595
5 1595
7 1595
10 1595
28 1595
45 1595
164 1595
168 1595
180 1595
250 1595
251 1595
258 1595
302 1595
305 1595
332 1595
355 1595
371 1595
421 1595
439 1595
521 1595
687 1595
854 1595
886 1595
887 1595
888 1595
941 1595
974 1595
984 1595
995 1595
1023 1595
1336 1595
1348 1595
1440 1595
1466 1595
1566 1595
1586 1595
52 1596
485 1596
1456 1597
360 1598
554 1598
480 1599
970 1599
296 1600
924 1601
9 1602
186 1602
616 1602
1456 1602
14 1603
1554 1604
152 1605
986 1606
10 1607
206 1607
697 1608
5 1609
196 1610
548 1610
549 1610
917 1610
13 1611
30 1612
15 1613
101 1613
236 1613
1450 1613
626 1614
593 1615
57 1616
5 1617
58 1617
80 1617
87 1617
502 1617
644 1617
1322 1617
1399 1617
1176 1618
199 1619
289 1619
17 1620
780 1620
179 1621
1 1622
85 1622
112 1622
164 1622
312 1622
55 1623
12 1624
410 1624
414 1624
794 1624
899 1624
128 1625
173 1625
265 1625
1033 1625
1237 1625
4 1626
102 1627
793 1627
1053 1627
1280 1627
82 1628
148 1629
334 1629
11 1630
1282 1630
492 1631
54 1632
408 1632
695 1632
791 1633
164 1634
57 1635
462 1635
16 1636
17 1637
5 1638
738 1638
693 1639
5 1640
492 1640
27 1641
142 1641
407 1642
92 1643
794 1643
175 1644
786 1644
1439 1645
173 1646
412 1646
699 1646
713 1646
999 1646
1003 1647
270 1648
840 1648
288 1649
83 1650
842 1650
1546 1650
164 1651
179 1652
10 1653
173 1653
241 1653
622 1653
713 1653
50 1654
362 1655
1162 1655
164 1656
394 1656
860 1657
1297 1657
101 1658
407 1659
1429 1660
3 1661
15 1661
125 1661
173 1661
353 1661
393 1661
985 1661
14 1662
1069 1662
101 1663
5 1664
15 1664
60 1664
115 1664
400 1664
432 1664
588 1664
613 1664
621 1664
643 1664
771 1664
779 1664
964 1664
1045 1664
1096 1664
1101 1664
1193 1664
1261 1664
1382 1664
385 1665
826 1666
1483 1666
149 1667
726 1668
739 1669
449 1670
772 1670
1124 1670
492 1671
1323 1672
1347 1672
164 1673
62 1674
65 1675
134 1675
1174 1676
242 1677
87 1678
644 1678
1322 1678
1399 1678
164 1679
678 1679
579 1680
464 1681
1 1682
1426 1682
179 1683
739 1684
15 1685
591 1685
747 1685
1566 1685
1476 1686
1646 1686
464 1687
55 1688
1474 1689
147 1690
428 1690
1085 1691
179 1692
15 1693
3 1694
168 1694
556 1694
1558 1694
536 1695
235 1696
1087 1696
974 1697
101 1698
224 1699
95 1700
17 1701
999 1702
3 1703
818 1703
72 1704
1595 1704
1697 1704
52 1705
485 1705
520 1706
360 1707
87 1708
415 1709
1384 1710
7 1711
42 1711
694 1711
654 1712
50 1713
114 1714
428 1714
4 1715
322 1716
560 1716
67 1717
87 1717
892 1717
988 1717
1129 1717
1654 1717
50 1718
1 1719
482 1719
985 1719
780 1720
107 1721
494 1722
428 1723
186 1724
1555 1724
1571 1724
164 1725
52 1726
485 1726
3 1727
668 1727
293 1728
626 1729
1 1730
2 1730
3 1730
4 1730
9 1730
10 1730
28 1730
94 1730
117 1730
135 1730
164 1730
180 1730
193 1730
235 1730
251 1730
259 1730
301 1730
343 1730
369 1730
446 1730
460 1730
515 1730
521 1730
587 1730
594 1730
687 1730
887 1730
974 1730
995 1730
1107 1730
1112 1730
1336 1730
1348 1730
1430 1730
1440 1730
793 1731
1053 1731
897 1732
924 1732
500 1733
579 1734
147 1735
8 1736
562 1736
9 1737
85 1737
72 1738
608 1738
838 1738
1004 1738
17 1739
11 1740
19 1740
1171 1740
101 1741
670 1742
1570 1742
375 1743
1176 1744
54 1745
449 1746
289 1747
1153 1748
395 1749
630 1750
60 1751
432 1751
588 1751
964 1751
1096 1751
1101 1751
8 1752
626 1752
826 1753
17 1754
415 1754
884 1754
217 1755
553 1755
1050 1755
1374 1755
5 1756
209 1757
1660 1758
3 1759
688 1759
415 1760
66 1761
815 1762
1655 1762
858 1763
1162 1764
4 1765
1595 1766
91 1767
263 1767
449 1767
1261 1767
1546 1767
242 1768
579 1768
160 1769
241 1769
1638 1770
814 1771
230 1772
978 1773
1502 1774
884 1775
7 1776
266 1777
685 1778
298 1779
625 1779
1635 1779
1639 1780
697 1781
1694 1782
329 1783
1085 1783
554 1784
956 1785
787 1786
101 1787
7 1788
694 1788
394 1789
485 1790
16 1791
932 1792
1174 1792
1407 1792
133 1793
115 1794
579 1794
884 1795
7 1796
173 1797
488 1797
1124 1797
5 1798
1620 1798
220 1799
564 1800
25 1801
372 1801
607 1802
1383 1802
184 1803
1099 1804
1781 1805
7 1806
1153 1806
919 1807
266 1808
179 1809
17 1810
415 1810
395 1811
1538 1811
8 1812
52 1813
1280 1813
54 1814
654 1815
1 1816
2 1816
4 1816
59 1816
120 1816
230 1816
484 1816
664 1816
722 1816
1096 1816
1769 1816
351 1817
451 1818
101 1819
882 1819
27 1820
52 1821
139 1821
740 1821
19 1822
1171 1822
520 1823
70 1824
1467 1824
464 1825
123 1826
227 1826
1454 1827
128 1828
334 1828
1237 1828
446 1829
288 1830
11 1831
34 1831
44 1831
173 1831
316 1831
380 1831
527 1831
543 1831
970 1831
986 1831
1019 1831
1291 1831
1477 1831
63 1832
820 1832
1511 1832
5 1833
32 1833
66 1833
95 1833
105 1833
126 1833
158 1833
187 1833
222 1833
223 1833
239 1833
261 1833
381 1833
422 1833
557 1833
737 1833
747 1833
767 1833
901 1833
966 1833
1048 1833
1068 1833
1125 1833
1277 1833
1314 1833
1331 1833
1444 1833
1457 1833
1521 1833
794 1834
759 1835
979 1835
1406 1836
8 1837
626 1837
30 1838
228 1838
650 1838
1182 1839
14 1840
16 1840
23 1840
129 1840
191 1840
197 1840
210 1840
434 1840
447 1840
880 1840
1520 1840
492 1841
123 1842
227 1842
65 1843
16 1844
54 1845
1719 1845
87 1846
1612 1846
276 1847
286 1848
566 1848
1363 1848
1555 1849
250 1850
784 1850
11 1851
1322 1852
798 1853
462 1854
873 1854
165 1855
1288 1855
15 1856
1418 1856
92 1857
7 1858
15 1859
591 1859
9 1860
1789 1860
275 1861
363 1861
1132 1861
490 1862
31 1863
49 1863
60 1863
111 1863
173 1863
225 1863
409 1863
487 1863
1033 1863
1151 1863
1153 1863
1204 1863
1239 1863
1085 1864
42 1865
722 1865
784 1865
872 1865
1599 1865
778 1866
799 1867
1110 1867
179 1868
739 1869
1053 1870
10 1871
74 1871
482 1871
576 1871
1153 1871
14 1872
113 1872
16 1873
571 1874
808 1874
1169 1874
1162 1875
4 1876
62 1876
154 1876
443 1876
1162 1876
50 1877
173 1878
265 1878
646 1879
670 1879
1717 1880
1056 1881
140 1882
420 1882
1871 1882
1270 1883
1183 1884
5 1885
347 1886
373 1887
915 1888
89 1889
298 1889
625 1889
852 1889
1108 1889
175 1890
206 1891
8 1892
85 1893
1713 1894
1171 1895
12 1896
1292 1896
1151 1897
744 1898
66 1899
1762 1900
212 1901
1024 1902
59 1903
415 1903
1831 1903
100 1904
9 1905
451 1906
455 1906
1194 1906
1874 1906
235 1907
1127 1908
470 1909
54 1910
5 1911
307 1912
1364 1913
288 1914
1213 1914
14 1915
23 1916
41 1916
197 1916
210 1916
1192 1916
396 1917
898 1917
464 1918
52 1919
1639 1919
17 1920
181 1920
360 1921
554 1921
152 1922
776 1923
1076 1923
173 1924
1101 1924
8 1925
4 1926
462 1927
1779 1927
161 1928
113 1929
1269 1930
1473 1930
265 1931
1426 1932
405 1933
920 1933
1222 1934
154 1935
1484 1935
826 1936
59 1937
62 1937
194 1937
394 1937
1367 1938
1664 1938
57 1939
178 1939
1028 1939
52 1940
1421 1940
173 1941
169 1942
226 1943
101 1944
199 1945
1755 1946
57 1947
9 1948
12 1949
170 1949
1827 1949
1330 1950
92 1951
157 1951
1617 1951
1612 1952
819 1953
1313 1953
826 1954
5 1955
1602 1956
1724 1956
57 1957
1583 1957
589 1958
535 1959
1235 1959
197 1960
210 1960
283 1960
575 1960
1106 1960
1192 1960
1382 1960
1472 1960
1685 1960
1833 1960
938 1961
66 1962
734 1962
859 1962
1952 1962
70 1963
87 1964
102 1964
179 1965
11 1966
40 1966
51 1966
70 1966
71 1966
77 1966
83 1966
335 1966
365 1966
920 1966
1240 1966
1342 1966
1495 1966
1550 1966
257 1967
242 1968
19 1969
1965 1970
1833 1971
396 1972
7 1973
395 1974
3 1975
961 1975
584 1976
1115 1976
4 1977
85 1978
333 1979
744 1979
1801 1979
3 1980
1375 1981
194 1982
4 1983
92 1983
592 1983
841 1983
784 1984
4 1985
626 1986
440 1987
1584 1987
1597 1987
8 1988
148 1989
1399 1990
1330 1991
17 1992
1310 1992
9 1993
1096 1993
1270 1993
1629 1993
301 1994
520 1995
288 1996
1023 1996
12 1997
1979 1997
415 1998
1945 1998
17 1999
1833 1999
16 2000
17 2000
20 2000
41 2000
51 2000
101 2000
170 2000
348 2000
415 2000
503 2000
564 2000
575 2000
752 2000
770 2000
928 2000
946 2000
978 2000
993 2000
1368 2000
1524 2000
1685 2000
1693 2000
85 2001
1222 2002
455 2003
57 2004
787 2005
1007 2005
1110 2006
1079 2007
1655 2007
164 2008
1076 2009
492 2010
547 2010
1677 2010
8 2011
327 2011
284 2012
276 2013
55 2014
396 2015
1 2016
63 2016
1399 2016
1664 2017
16 2018
978 2018
579 2019
206 2020
528 2021
742 2022
1682 2022
1939 2022
70 2023
1133 2024
57 2025
4 2026
605 2027
713 2028
961 2028
272 2029
470 2029
1719 2029
1871 2029
11 2030
40 2030
51 2030
77 2030
920 2030
1240 2030
1550 2030
125 2031
353 2031
393 2031
985 2031
159 2032
1007 2033
3 2034
125 2034
453 2034
723 2034
985 2034
1062 2034
1153 2034
1655 2034
1876 2034
7 2035
70 2036
210 2037
11 2038
613 2039
1624 2039
85 2040
164 2040
312 2040
50 2041
630 2042
1703 2042
886 2043
651 2044
13 2045
26 2046
236 2046
691 2046
50 2047
82 2048
3 2049
4 2049
6 2049
42 2049
392 2049
443 2049
454 2049
461 2049
582 2049
679 2049
784 2049
806 2049
891 2049
1017 2049
1092 2049
1176 2049
1207 2049
1453 2049
1484 2049
1491 2049
1661 2049
1878 2049
1941 2049
17 2050
145 2050
793 2050
159 2051
1372 2051
8 2052
3 2053
196 2054
917 2054
101 2055
1213 2055
1373 2055
1699 2055
5 2056
95 2056
141 2056
261 2056
316 2056
429 2056
500 2056
590 2056
741 2056
883 2056
1998 2056
394 2057
455 2058
744 2058
176 2059
266 2059
1079 2059
492 2060
385 2061
307 2062
214 2063
1050 2063
1628 2063
170 2064
938 2065
176 2066
492 2067
524 2068
1762 2068
485 2069
101 2070
844 2071
1038 2071
449 2072
666 2073
8 2074
3 2075
17 2076
1382 2076
431 2077
516 2077
827 2077
1413 2077
1705 2077
1790 2077
415 2078
1188 2078
2056 2078
307 2079
574 2080
173 2081
1101 2081
70 2082
474 2082
1653 2082
699 2083
1497 2084
140 2085
422 2086
840 2087
1174 2087
1407 2087
30 2088
42 2088
2028 2088
95 2089
1056 2090
264 2091
294 2091
1034 2091
17 2092
170 2093
919 2093
630 2094
160 2095
241 2095
2 2096
7 2096
440 2096
992 2096
1112 2096
87 2097
1004 2097
3 2098
329 2098
5 2099
464 2100
1554 2100
1117 2101
8 2102
229 2102
734 2103
859 2103
19 2104
149 2105
593 2106
549 2107
101 2108
8 2109
1595 2109
1730 2109
87 2110
101 2111
1549 2112
404 2113
613 2114
179 2115
179 2116
927 2116
1143 2116
1149 2116
1200 2116
1436 2116
2059 2116
2066 2116
3 2117
7 2117
8 2117
9 2117
10 2117
58 2117
153 2117
157 2117
173 2117
218 2117
241 2117
268 2117
293 2117
484 2117
538 2117
556 2117
565 2117
959 2117
1022 2117
1096 2117
1138 2117
1477 2117
1549 2117
1626 2117
1765 2117
1926 2117
1977 2117
1983 2117
2026 2117
212 2118
1833 2119
203 2120
50 2121
7 2122
5 2123
32 2123
66 2123
223 2123
261 2123
422 2123
1125 2123
1331 2123
1444 2123
1521 2123
2119 2123
13 2124
526 2124
1013 2124
1323 2125
1832 2126
470 2127
485 2128
88 2129
717 2129
761 2129
937 2129
1716 2129
226 2130
823 2130
9 2131
164 2132
1869 2132
57 2133
178 2133
549 2134
6 2135
22 2135
274 2135
748 2135
1883 2135
520 2136
55 2137
455 2138
744 2138
1357 2138
643 2139
842 2140
868 2140
1169 2140
1854 2141
5 2142
1194 2143
107 2144
260 2144
3 2145
744 2146
22 2147
60 2147
106 2147
183 2147
748 2147
1883 2147
57 2148
290 2148
418 2148
919 2148
13 2149
1966 2149
2 2150
5 2150
6 2150
7 2150
8 2150
9 2150
76 2150
173 2150
310 2150
420 2150
470 2150
484 2150
606 2150
635 2150
780 2150
834 2150
882 2150
970 2150
1154 2150
2016 2150
14 2151
613 2152
273 2153
1101 2154
7 2155
60 2155
1153 2155
1178 2156
12 2157
71 2157
181 2157
1065 2157
1296 2157
616 2158
1456 2158
54 2159
1421 2160
520 2161
1478 2161
630 2162
5 2163
12 2163
70 2163
115 2163
118 2163
591 2163
1840 2163
32 2164
360 2165
173 2166
492 2167
583 2167
270 2168
1174 2168
1407 2168
1869 2168
396 2169
556 2170
759 2171
1968 2171
1 2172
2 2172
4 2172
7 2172
8 2172
10 2172
74 2172
85 2172
125 2172
173 2172
264 2172
265 2172
276 2172
305 2172
412 2172
478 2172
513 2172
661 2172
985 2172
1009 2172
1128 2172
1153 2172
1154 2172
1482 2172
2135 2172
449 2173
179 2174
1 2175
42 2175
341 2175
556 2175
877 2175
1255 2175
1328 2175
1432 2175
1917 2175
2015 2175
8 2176
85 2176
160 2176
186 2176
478 2176
616 2176
721 2176
923 2176
1163 2176
1270 2176
1325 2176
639 2177
2024 2178
2156 2178
178 2179
714 2179
942 2179
1158 2179
2065 2179
564 2180
231 2181
667 2181
179 2182
1500 2183
481 2184
739 2184
1648 2184
2087 2184
224 2185
1530 2186
1998 2186
14 2187
347 2187
1336 2188
17 2189
630 2190
726 2191
1181 2191
926 2192
2049 2193
16 2194
1664 2194
210 2195
222 2195
564 2195
1966 2195
11 2196
19 2197
1171 2197
1953 2198
99 2199
449 2200
59 2201
1314 2201
1595 2202
1266 2203
419 2204
1404 2205
742 2206
1056 2207
5 2208
16 2208
66 2208
95 2208
136 2208
138 2208
187 2208
223 2208
242 2208
261 2208
316 2208
322 2208
423 2208
882 2208
901 2208
966 2208
1030 2208
1043 2208
1068 2208
1141 2208
1189 2208
1277 2208
1314 2208
1992 2208
59 2209
167 2210
181 2210
654 2210
714 2210
222 2211
1459 2211
1650 2211
1650 2212
101 2213
455 2214
19 2215
54 2216
8 2217
343 2218
373 2219
2156 2220
12 2221
410 2221
891 2222
462 2223
1889 2223
2034 2224
2172 2224
352 2225
700 2225
121 2226
82 2227
27 2228
164 2228
15 2229
1111 2229
2000 2229
106 2230
14 2231
33 2231
101 2231
115 2231
170 2231
210 2231
283 2231
314 2231
348 2231
358 2231
882 2231
1162 2231
1216 2231
1859 2231
2229 2231
1617 2232
1678 2232
66 2233
172 2233
252 2233
778 2233
890 2233
892 2233
988 2233
1006 2233
1654 2233
1877 2233
2041 2233
2121 2233
347 2234
1171 2234
1124 2235
1345 2235
1354 2236
1520 2237
2082 2237
1 2238
1269 2238
19 2239
8 2240
1595 2240
1832 2241
1176 2242
241 2243
265 2243
380 2243
396 2243
713 2243
970 2243
1302 2243
2175 2243
2000 2244
4 2245
1336 2245
1502 2246
101 2247
815 2248
630 2249
446 2250
907 2250
451 2251
884 2252
613 2253
8 2254
2138 2255
1154 2256
449 2257
17 2258
115 2258
197 2258
210 2258
358 2258
1192 2258
1472 2258
1165 2259
991 2260
360 2261
511 2261
649 2261
799 2261
1150 2261
2061 2261
1309 2262
54 2263
492 2264
1595 2265
1730 2265
776 2266
554 2267
87 2268
242 2269
333 2270
2175 2271
179 2272
726 2273
184 2274
7 2275
272 2276
329 2276
1152 2276
154 2277
443 2277
1439 2277
385 2278
7 2279
59 2280
1382 2281
80 2282
791 2283
562 2284
508 2285
1257 2285
2008 2285
231 2286
651 2287
1811 2288
159 2289
1323 2289
127 2290
244 2291
1848 2291
840 2292
1407 2292
1684 2292
1869 2292
1478 2293
114 2294
1079 2294
148 2295
101 2296
1539 2296
1835 2296
535 2297
1235 2297
556 2298
1255 2298
1328 2298
2243 2298
2271 2298
140 2299
334 2300
449 2301
2055 2302
2034 2303
59 2304
511 2305
194 2306
179 2307
72 2308
1595 2308
1697 2308
1436 2309
4 2310
5 2310
9 2310
10 2310
85 2310
125 2310
173 2310
264 2310
265 2310
305 2310
353 2310
478 2310
723 2310
1005 2310
1019 2310
1023 2310
1062 2310
1079 2310
1128 2310
1154 2310
101 2311
776 2312
17 2313
1361 2313
179 2314
579 2315
639 2316
36 2317
50 2317
293 2318
407 2318
464 2319
520 2320
3 2321
12 2322
1003 2323
40 2324
71 2324
83 2324
335 2324
365 2324
920 2324
1240 2324
1342 2324
1495 2324
2195 2324
1848 2325
1153 2326
35 2327
217 2327
553 2327
655 2327
828 2327
975 2327
1374 2327
1628 2327
2048 2327
837 2328
902 2328
1517 2328
2284 2328
556 2329
159 2330
963 2330
8 2331
12 2332
40 2332
71 2332
226 2332
735 2332
1519 2332
1551 2332
2236 2332
1171 2333
143 2334
11 2335
418 2336
10 2337
468 2337
1361 2337
1612 2337
1838 2337
2088 2337
115 2338
372 2338
579 2338
1592 2338
1979 2338
2270 2338
8 2339
551 2339
1730 2339
2245 2339
1069 2340
464 2341
164 2342
302 2343
387 2343
706 2343
799 2343
907 2343
1467 2343
2061 2343
520 2344
1322 2345
15 2346
591 2346
1916 2346
2000 2346
1328 2347
919 2348
5 2349
1967 2350
306 2351
11 2352
337 2353
463 2353
1003 2353
1143 2353
254 2354
353 2355
333 2356
114 2357
2157 2357
2324 2357
2332 2357
5 2358
148 2359
1086 2360
1965 2361
164 2362
1071 2363
1774 2363
82 2364
5 2365
74 2365
85 2365
92 2365
173 2365
265 2365
276 2365
294 2365
305 2365
325 2365
373 2365
382 2365
412 2365
513 2365
598 2365
626 2365
1009 2365
1062 2365
1128 2365
1154 2365
234 2366
1536 2366
11 2367
66 2368
1047 2368
1382 2369
3 2370
5 2370
10 2370
45 2370
180 2370
258 2370
302 2370
332 2370
355 2370
521 2370
687 2370
886 2370
974 2370
984 2370
995 2370
1023 2370
1466 2370
1586 2370
1704 2370
1766 2370
44 2371
1257 2372
395 2373
3 2374
590 2374
2012 2375
1760 2376
55 2377
1330 2378
1153 2379
1500 2380
372 2381
571 2381
579 2381
698 2381
1029 2381
1592 2381
2003 2381
2058 2381
2214 2381
160 2382
992 2382
115 2383
2270 2383
1323 2384
1347 2384
300 2385
65 2386
2270 2386
639 2387
749 2387
955 2387
152 2388
235 2389
389 2389
52 2390
1085 2391
101 2392
2117 2393
2000 2394
16 2395
140 2396
551 2396
431 2397
827 2397
1726 2397
2128 2397
8 2398
415 2399
1959 2399
159 2400
194 2400
170 2401
6 2402
443 2402
461 2402
679 2402
1186 2402
1328 2402
1353 2402
2365 2402
288 2403
66 2404
1047 2404
164 2405
312 2405
685 2406
78 2407
169 2408
1116 2408
1171 2408
620 2409
1802 2409
1916 2409
1680 2410
2019 2410
2338 2410
2381 2410
5 2411
105 2411
158 2411
239 2411
747 2411
966 2411
1068 2411
1314 2411
1457 2411
1971 2411
2119 2411
62 2412
13 2413
2138 2414
699 2415
1953 2416
415 2417
1401 2418
278 2419
492 2419
1520 2419
78 2420
567 2421
367 2422
1968 2423
1171 2424
52 2425
564 2426
1575 2427
1617 2428
817 2429
121 2430
579 2430
585 2430
698 2430
705 2430
868 2430
1029 2430
1906 2430
464 2431
1 2432
2150 2432
2087 2433
12 2434
1979 2434
307 2435
11 2436
87 2436
1848 2436
859 2437
147 2438
1520 2439
2082 2439
1968 2440
1463 2441
1066 2442
2144 2442
139 2443
1416 2444
42 2445
2337 2445
23 2446
41 2446
2346 2446
2409 2446
70 2447
118 2447
467 2447
751 2447
861 2447
170 2448
433 2448
210 2449
385 2449
597 2449
1098 2449
1215 2449
1438 2449
1527 2449
1598 2449
1921 2449
6 2450
7 2450
30 2450
42 2450
84 2450
329 2450
582 2450
1328 2450
1347 2450
1492 2450
1578 2450
1931 2450
2172 2450
2243 2450
2365 2450
651 2451
82 2452
1755 2452
2063 2452
19 2453
1835 2454
1781 2455
451 2456
723 2456
1194 2456
7 2457
272 2457
420 2457
1152 2457
1848 2458
128 2459
545 2459
1236 2459
1286 2459
1427 2459
327 2460
57 2461
222 2461
1583 2461
963 2462
121 2463
278 2464
2082 2464
385 2465
1 2466
4 2466
970 2466
1096 2466
1385 2466
2117 2466
95 2467
87 2468
892 2468
1880 2468
1176 2469
1320 2470
1559 2470
1077 2471
1554 2472
548 2473
19 2474
1323 2475
1983 2476
8 2477
1595 2477
1697 2477
2370 2477
15 2478
776 2478
1781 2479
179 2480
1566 2481
2042 2481
7 2482
31 2482
111 2482
225 2482
265 2482
913 2482
954 2482
1151 2482
1153 2482
1195 2482
1239 2482
2049 2482
11 2483
1812 2483
7 2484
2176 2484
102 2485
659 2485
793 2485
1280 2485
8 2486
6 2487
2365 2487
19 2488
12 2489
414 2489
794 2489
899 2489
1439 2489
1595 2489
2260 2489
101 2490
415 2491
523 2492
49 2493
774 2494
2055 2495
179 2496
6 2497
443 2497
1328 2497
54 2498
52 2499
1639 2499
15 2500
1314 2501
212 2502
121 2503
198 2504
1821 2504
4 2505
289 2505
425 2505
1750 2505
131 2506
1558 2506
2469 2506
494 2507
5 2508
95 2508
126 2508
187 2508
222 2508
239 2508
557 2508
747 2508
901 2508
966 2508
1314 2508
1331 2508
1444 2508
1457 2508
1960 2508
1971 2508
1680 2509
651 2510
1439 2511
1554 2511
2194 2511
481 2512
2168 2512
8 2513
5 2514
70 2514
591 2514
654 2515
157 2516
1848 2516
101 2517
143 2517
192 2517
1155 2517
45 2518
626 2519
312 2520
433 2521
1124 2522
1345 2522
1178 2523
2220 2523
1383 2524
173 2525
1779 2525
50 2526
1717 2526
143 2527
911 2528
2343 2529
59 2530
2292 2530
373 2531
2261 2531
742 2532
179 2533
1436 2533
87 2534
265 2535
2117 2536
2336 2537
2365 2537
1753 2538
65 2539
2111 2540
1874 2541
165 2542
1391 2542
1468 2542
1808 2542
2059 2542
852 2543
1108 2543
1635 2543
1854 2543
2223 2543
860 2544
1049 2544
1662 2544
739 2545
317 2546
1077 2546
311 2547
1257 2548
2213 2548
241 2549
480 2549
625 2549
970 2549
1865 2549
1426 2550
643 2551
815 2551
1169 2552
699 2553
1328 2554
616 2555
526 2556
701 2556
17 2557
1833 2557
2270 2558
492 2559
794 2560
92 2561
121 2561
1169 2561
1964 2561
2485 2561
143 2562
2111 2563
1099 2564
963 2565
203 2566
16 2567
17 2568
140 2568
415 2568
40 2569
170 2569
340 2569
358 2569
1519 2569
542 2570
1833 2571
2208 2571
1961 2572
2470 2573
1721 2574
2000 2575
2175 2576
147 2577
815 2578
2473 2579
17 2580
91 2581
467 2581
492 2582
173 2583
396 2583
597 2583
14 2584
1154 2585
73 2586
296 2586
1110 2587
2000 2588
16 2589
956 2590
149 2591
147 2592
873 2593
17 2594
415 2594
2123 2594
2208 2594
19 2595
159 2595
1171 2595
858 2596
101 2597
674 2597
1242 2597
5 2598
223 2598
242 2598
261 2598
423 2598
882 2598
1043 2598
1068 2598
1992 2598
2594 2598
1439 2599
179 2600
101 2601
192 2601
173 2602
265 2602
520 2603
294 2604
677 2605
1085 2605
115 2606
997 2607
1201 2607
1664 2607
2139 2607
479 2608
1730 2609
6 2610
7 2610
8 2610
9 2610
160 2610
241 2610
859 2610
1162 2610
1163 2610
2091 2610
438 2611
1602 2611
1724 2611
1968 2612
2398 2613
14 2614
1456 2615
1496 2616
296 2617
179 2618
4 2619
92 2619
841 2619
179 2620
13 2621
593 2622
352 2623
333 2624
455 2624
759 2624
1243 2624
1301 2624
1794 2624
2019 2624
2315 2624
2338 2624
2228 2625
7 2626
88 2626
137 2626
113 2627
344 2628
865 2629
1498 2629
66 2630
1047 2630
278 2631
1144 2631
16 2632
52 2632
978 2632
626 2633
159 2634
1255 2635
59 2636
8 2637
1323 2637
2150 2638
226 2639
179 2640
175 2641
579 2642
998 2642
353 2643
407 2644
1779 2644
1820 2644
107 2645
1571 2646
2337 2646
2 2647
4 2647
7 2647
10 2647
74 2647
76 2647
80 2647
92 2647
106 2647
244 2647
272 2647
310 2647
420 2647
442 2647
484 2647
510 2647
573 2647
834 2647
882 2647
961 2647
1023 2647
1154 2647
1165 2647
1622 2647
1719 2647
2432 2647
8 2648
700 2649
1204 2649
851 2650
57 2651
882 2652
2321 2652
115 2653
348 2653
882 2653
1216 2653
2229 2653
151 2654
1080 2654
1981 2654
1269 2655
362 2656
497 2656
1200 2656
1209 2656
17 2657
149 2657
50 2658
101 2658
164 2659
44 2660
176 2660
960 2660
1097 2660
2144 2660
87 2661
5 2662
12 2663
170 2663
410 2663
805 2663
1528 2663
1691 2663
2391 2663
15 2664
19 2665
70 2665
1171 2665
2629 2666
1 2667
312 2667
1595 2668
2370 2668
175 2669
374 2669
487 2669
505 2669
1236 2669
1427 2669
1605 2669
1363 2670
343 2671
861 2672
8 2673
322 2674
560 2674
2080 2674
1694 2675
55 2676
170 2676
17 2677
2428 2677
468 2678
1388 2678
2629 2678
140 2679
2461 2679
19 2680
1171 2680
5 2681
13 2682
1945 2683
2056 2683
293 2684
8 2685
17 2686
87 2687
911 2688
2250 2688
4 2689
164 2689
1951 2689
2117 2689
2254 2690
2175 2691
59 2692
2117 2692
776 2693
1076 2693
7 2694
400 2695
588 2695
613 2695
621 2695
1261 2695
1382 2695
1344 2696
387 2697
580 2697
1963 2698
2336 2699
38 2700
826 2701
639 2702
1576 2702
1753 2703
2244 2703
164 2704
554 2705
1134 2705
1966 2706
2324 2706
11 2707
10 2708
1781 2709
15 2710
2657 2711
143 2712
177 2713
7 2714
55 2715
2233 2716
3 2717
4 2717
59 2717
220 2717
392 2717
443 2717
582 2717
722 2717
790 2717
891 2717
1162 2717
1455 2717
1484 2717
1661 2717
1797 2717
1878 2717
1941 2717
2172 2717
2310 2717
2365 2717
2583 2717
2116 2718
817 2719
840 2719
1174 2719
1669 2719
1869 2719
2184 2719
2545 2719
203 2720
2314 2720
17 2721
134 2722
57 2723
14 2724
149 2725
999 2726
1595 2727
196 2728
549 2728
812 2728
1134 2728
1526 2728
1823 2728
2161 2728
2603 2728
179 2729
2343 2730
1595 2731
170 2732
1017 2733
2351 2733
52 2734
7 2735
22 2735
272 2735
329 2735
420 2735
1152 2735
446 2736
352 2737
453 2737
1182 2737
884 2738
14 2739
1794 2739
73 2740
919 2741
59 2742
1153 2743
12 2744
16 2744
410 2744
794 2744
899 2744
1439 2744
579 2745
2171 2745
1120 2746
3 2747
182 2747
329 2747
777 2747
1040 2747
1228 2747
1376 2747
1432 2747
2243 2747
14 2748
1440 2749
107 2750
109 2750
14 2751
227 2752
373 2753
1682 2754
1939 2754
1 2755
187 2755
737 2755
352 2756
42 2757
1832 2758
294 2759
393 2759
69 2760
127 2760
130 2760
161 2760
166 2760
291 2760
542 2760
575 2760
621 2760
627 2760
720 2760
831 2760
1093 2760
1180 2760
1308 2760
1334 2760
1489 2760
1540 2760
1663 2760
1741 2760
1787 2760
1944 2760
2055 2760
2108 2760
2392 2760
2490 2760
2517 2760
2658 2760
170 2761
1 2762
2 2762
2647 2762
173 2763
567 2764
2006 2765
171 2766
267 2766
791 2766
1079 2767
787 2768
1079 2769
2542 2769
2473 2770
121 2771
296 2772
278 2773
490 2774
787 2775
1322 2776
209 2777
11 2778
613 2778
1624 2778
1461 2779
1984 2779
12 2780
14 2780
16 2780
32 2780
326 2780
586 2780
767 2780
1277 2780
1308 2780
1392 2780
1557 2780
1960 2780
2076 2780
1564 2781
1076 2782
1171 2783
289 2784
554 2784
1441 2784
17 2785
2411 2785
54 2786
1719 2786
1018 2787
2150 2787
1407 2788
206 2789
1554 2789
1630 2789
1023 2790
209 2791
2537 2792
396 2793
10 2794
2445 2794
1770 2795
164 2796
1815 2797
1086 2798
289 2799
554 2799
108 2800
201 2800
410 2800
414 2800
792 2800
933 2800
1476 2800
1513 2800
2253 2800
2695 2800
693 2801
2499 2801
87 2802
1981 2803
2411 2804
583 2805
826 2805
1000 2806
1918 2806
6 2807
203 2808
122 2809
1308 2809
483 2810
2430 2810
91 2811
449 2811
1261 2811
1546 2811
17 2812
1594 2812
2605 2812
1837 2813
837 2814
902 2814
4 2815
1797 2815
2172 2815
2310 2815
2365 2815
2583 2815
5 2816
44 2817
2657 2818
173 2819
1741 2819
2049 2819
654 2820
170 2821
142 2822
1023 2823
3 2824
1680 2825
2338 2825
623 2826
1762 2826
1436 2827
130 2828
2220 2828
549 2829
1555 2830
4 2831
154 2831
443 2831
464 2831
1439 2831
1484 2831
2310 2831
1322 2832
1678 2833
19 2834
393 2835
921 2836
1435 2836
2591 2836
66 2837
101 2838
343 2839
526 2840
1013 2840
1200 2841
1934 2841
2002 2841
730 2842
2422 2843
266 2844
1222 2844
2116 2844
8 2845
173 2846
488 2846
1124 2846
1345 2846
50 2847
385 2848
2719 2849
179 2850
260 2850
755 2850
927 2850
1494 2850
50 2851
852 2851
1959 2851
492 2852
4 2853
92 2853
164 2853
464 2853
1554 2853
52 2854
978 2854
622 2855
1361 2855
1838 2855
2088 2855
5 2856
66 2856
901 2856
1068 2856
1277 2856
2594 2856
2506 2857
266 2858
415 2859
801 2859
1023 2860
2747 2861
4 2862
115 2863
6 2864
1664 2865
1076 2866
915 2867
101 2868
2570 2868
8 2869
1577 2870
591 2871
747 2871
1566 2871
1960 2871
2000 2871
17 2872
149 2872
2711 2872
8 2873
1266 2874
15 2875
449 2876
8 2877
844 2877
826 2878
938 2879
2179 2879
14 2880
8 2881
11 2882
330 2883
101 2884
59 2885
415 2885
6 2886
1661 2886
2034 2886
2171 2887
94 2888
373 2889
272 2890
329 2890
556 2891
114 2892
919 2893
1660 2893
106 2894
183 2894
274 2894
1993 2894
7 2895
2129 2896
394 2897
1860 2897
2233 2898
2639 2899
1958 2900
1595 2901
274 2902
926 2903
1551 2904
449 2905
1124 2905
1345 2905
59 2906
884 2907
1093 2907
275 2908
318 2908
1132 2908
2505 2908
170 2909
95 2910
557 2910
1444 2910
1863 2911
159 2912
673 2912
6 2913
30 2913
1492 2913
1931 2913
2172 2913
2365 2913
1770 2914
2208 2915
2598 2915
140 2916
2639 2917
52 2918
30 2919
554 2920
160 2921
2091 2921
121 2922
2502 2923
2856 2923
8 2924
111 2924
269 2924
1855 2925
974 2926
196 2927
173 2928
2402 2928
449 2929
8 2930
1086 2930
1730 2930
1120 2931
2270 2932
692 2933
2125 2933
2475 2933
73 2934
184 2934
1563 2934
2359 2934
2049 2935
26 2936
1342 2937
520 2938
345 2939
5 2940
520 2941
263 2942
10 2943
174 2943
531 2943
713 2943
1361 2943
1612 2943
1838 2943
2088 2943
2450 2943
2919 2943
13 2944
273 2944
2569 2944
516 2945
134 2946
578 2946
10 2947
985 2947
2831 2947
13 2948
1153 2949
343 2950
1555 2951
16 2952
1367 2952
1415 2952
2000 2953
1983 2954
8 2955
155 2956
2652 2957
478 2958
891 2959
10 2960
576 2960
1882 2960
2029 2960
1050 2961
1628 2961
2760 2962
300 2963
1336 2964
8 2965
169 2965
1595 2965
1597 2966
8 2967
324 2967
616 2967
721 2967
923 2967
1163 2967
1270 2967
1325 2967
2147 2967
2155 2967
100 2968
274 2968
2176 2968
2967 2968
451 2969
476 2969
1194 2969
2430 2969
576 2970
620 2971
774 2971
1664 2972
317 2973
456 2973
519 2973
848 2973
1556 2973
1936 2973
1954 2973
451 2974
415 2975
2733 2976
175 2977
173 2978
2049 2978
4 2979
1388 2980
2629 2980
2748 2980
344 2981
2642 2982
2617 2983
170 2984
234 2985
1963 2986
275 2987
5 2988
500 2988
741 2988
883 2988
1998 2988
2078 2988
449 2989
626 2990
2506 2991
7 2992
2967 2992
2270 2993
79 2994
1536 2995
2233 2995
14 2996
556 2997
2194 2998
52 2999
449 3000
121 3001
373 3002
851 3003
164 3004
192 3004
164 3005
1017 3006
856 3007
572 3008
730 3008
1236 3008
1605 3008
1922 3008
2388 3008
59 3009
2028 3010
57 3011
2363 3012
17 3013
752 3013
114 3014
2332 3014
16 3015
4 3016
2109 3016
2117 3016
81 3017
99 3018
105 3019
1241 3019
1479 3019
1509 3019
496 3020
868 3020
175 3021
520 3022
669 3022
2927 3022
1560 3023
1388 3024
2333 3024
148 3025
630 3026
886 3027
2969 3027
11 3028
87 3028
630 3029
2683 3029
92 3030
2739 3030
564 3031
54 3032
160 3033
241 3033
431 3034
827 3034
7 3035
2082 3036
164 3037
387 3038
706 3038
799 3038
907 3038
2061 3038
1496 3039
11 3040
2473 3041
210 3042
564 3042
664 3042
179 3043
1436 3044
178 3045
210 3045
499 3045
2486 3045
173 3046
2717 3046
2340 3047
2363 3048
87 3049
2780 3050
606 3051
2079 3051
7 3052
94 3053
2902 3053
212 3054
651 3055
8 3056
169 3056
164 3057
59 3058
1967 3059
9 3060
11 3061
1378 3062
1595 3063
289 3064
1054 3064
2628 3064
373 3065
96 3066
101 3067
25 3068
295 3068
415 3069
2516 3069
164 3070
57 3071
556 3072
2052 3072
1889 3073
2543 3073
300 3074
695 3075
1225 3076
118 3077
3 3078
392 3078
443 3078
582 3078
784 3078
891 3078
1017 3078
1092 3078
1491 3078
1661 3078
2193 3078
2978 3078
699 3079
2552 3079
40 3080
51 3080
8 3081
2370 3081
2473 3082
164 3083
129 3084
3 3085
4 3085
6 3085
62 3085
85 3085
120 3085
154 3085
160 3085
268 3085
275 3085
464 3085
484 3085
546 3085
679 3085
806 3085
877 3085
1254 3085
1364 3085
2117 3085
2172 3085
2310 3085
2708 3085
2794 3085
2943 3085
2947 3085
239 3086
2752 3086
392 3087
454 3087
582 3087
679 3087
806 3087
1017 3087
1092 3087
1491 3087
2482 3087
2935 3087
2806 3088
1466 3089
2733 3089
10 3090
482 3090
1153 3090
2029 3090
576 3091
276 3092
576 3093
771 3093
2276 3093
2457 3093
2735 3093
226 3094
52 3095
15 3096
776 3096
2270 3096
2856 3097
2233 3098
9 3099
699 3099
8 3100
1595 3100
1730 3100
1150 3101
2061 3101
121 3102
192 3103
1561 3103
2627 3103
17 3104
50 3104
674 3104
717 3104
832 3104
1356 3104
2123 3104
2368 3104
1917 3105
334 3106
1237 3106
956 3107
170 3108
2663 3109
438 3110
373 3111
2676 3112
1965 3113
17 3114
1382 3114
2411 3114
96 3115
2287 3116
175 3117
173 3118
2049 3118
4 3119
1 3120
5 3120
7 3120
44 3120
80 3120
109 3120
268 3120
502 3120
1087 3120
1121 3120
1322 3120
1446 3120
1983 3120
2647 3120
3030 3120
1970 3121
3113 3121
841 3122
887 3122
179 3123
3 3124
603 3125
1938 3125
2656 3125
9 3126
87 3127
1391 3128
1856 3129
358 3130
575 3130
1076 3131
2612 3132
394 3133
1860 3133
1832 3134
175 3135
661 3135
85 3136
1382 3137
2598 3137
372 3138
1968 3139
82 3140
1755 3140
2063 3140
1076 3141
428 3142
2336 3143
2365 3143
1757 3144
2791 3144
352 3145
524 3146
2642 3147
520 3148
626 3149
2525 3150
2117 3151
2332 3152
52 3153
485 3153
929 3153
932 3153
2768 3153
7 3154
2510 3155
2760 3156
744 3157
1357 3157
932 3158
630 3159
7 3160
242 3160
1323 3161
1347 3161
1670 3162
6 3163
88 3163
683 3163
937 3163
972 3163
1122 3163
1307 3163
1887 3163
2531 3163
2753 3163
2889 3163
3065 3163
3111 3163
197 3164
1106 3164
1472 3164
1684 3164
1685 3164
2411 3164
2508 3164
2871 3164
2958 3165
2806 3166
1308 3167
63 3168
1511 3168
2126 3168
2758 3168
3134 3168
699 3169
1436 3170
13 3171
387 3172
59 3173
1178 3173
1958 3174
2893 3175
59 3176
1831 3176
666 3177
838 3178
60 3179
432 3179
964 3179
455 3180
95 3181
1949 3182
15 3183
1916 3183
1960 3183
2934 3184
87 3185
651 3186
576 3187
34 3188
656 3188
959 3188
1912 3188
1730 3189
2218 3189
1889 3190
157 3191
149 3192
92 3193
265 3193
276 3193
294 3193
325 3193
382 3193
513 3193
1009 3193
1062 3193
1128 3193
2487 3193
2913 3193
54 3194
1003 3195
1143 3195
173 3196
396 3196
2717 3196
128 3197
1033 3197
6 3198
840 3199
1956 3199
2611 3199
2270 3200
1538 3201
123 3202
227 3202
405 3203
2211 3203
2974 3203
63 3204
15 3205
3 3206
579 3207
613 3208
8 3209
1024 3209
1687 3209
1763 3209
2596 3209
170 3210
666 3211
2051 3212
572 3213
3104 3214
2800 3215
30 3216
228 3216
650 3216
2943 3216
2179 3217
101 3218
693 3219
747 3220
254 3221
2127 3222
776 3223
572 3224
1984 3224
209 3225
4 3226
352 3227
1182 3227
267 3228
1463 3228
2138 3229
443 3230
1905 3230
173 3231
1187 3231
2049 3231
3085 3231
3087 3231
2126 3232
2241 3232
3134 3232
70 3233
1664 3234
1751 3234
492 3235
1436 3236
121 3237
2190 3238
742 3239
30 3240
2824 3240
455 3241
2381 3241
2116 3242
3116 3242
669 3243
2927 3243
576 3244
1882 3244
147 3245
1536 3246
2233 3246
750 3247
2522 3247
2846 3247
7 3248
88 3248
574 3248
683 3248
937 3248
2674 3248
2910 3248
194 3249
19 3250
797 3251
911 3251
976 3251
1004 3251
1886 3251
2187 3251
8 3252
2270 3253
140 3254
1162 3255
1155 3256
1323 3257
373 3258
2228 3259
121 3260
372 3260
698 3260
1627 3260
1964 3260
1023 3261
7 3262
160 3262
409 3262
487 3262
913 3262
2049 3262
574 3263
6 3264
179 3265
3195 3265
1404 3266
1882 3267
1009 3268
2402 3268
3087 3268
462 3269
873 3269
148 3270
1730 3271
3240 3271
289 3272
2908 3272
115 3273
372 3273
579 3273
1592 3273
2410 3273
685 3274
2740 3274
1382 3275
1045 3276
343 3277
415 3278
1082 3279
3077 3280
7 3281
1407 3282
5 3283
12 3283
21 3283
51 3283
70 3283
100 3283
282 3283
552 3283
593 3283
747 3283
944 3283
1136 3283
1161 3283
1233 3283
1490 3283
1547 3283
1603 3283
1915 3283
2151 3283
2614 3283
2751 3283
2052 3284
17 3285
50 3285
817 3285
832 3285
1382 3285
1548 3285
1761 3285
2208 3285
2368 3285
2837 3285
1719 3286
1770 3287
82 3288
2063 3288
3000 3288
2270 3289
2287 3290
226 3291
212 3292
343 3293
7 3294
9 3295
622 3295
2410 3296
296 3297
1382 3298
2123 3298
42 3299
694 3299
3032 3299
52 3300
485 3300
2077 3300
50 3301
2612 3302
103 3303
333 3303
89 3304
1635 3304
1741 3305
54 3306
16 3307
1664 3307
70 3308
2902 3309
956 3310
38 3311
415 3311
683 3311
915 3311
1716 3311
176 3312
891 3312
931 3312
2343 3313
1555 3314
865 3315
87 3316
101 3317
2548 3317
318 3318
2800 3319
170 3320
1009 3321
1062 3321
1128 3321
179 3322
2291 3322
1854 3323
976 3324
1004 3324
1886 3324
2187 3324
859 3325
1382 3326
3283 3326
1998 3327
474 3328
2237 3328
3209 3329
54 3330
300 3331
1670 3332
17 3333
860 3333
1594 3333
329 3334
1322 3335
868 3336
1343 3337
5 3338
385 3339
2024 3340
1040 3341
1414 3342
599 3343
795 3343
935 3343
1074 3343
1733 3343
270 3344
1174 3344
1407 3344
170 3345
433 3345
3 3346
72 3346
891 3347
1169 3348
113 3349
492 3350
394 3351
1716 3352
1998 3353
1539 3354
1855 3354
1560 3355
1848 3356
362 3357
1209 3357
3125 3357
948 3358
1436 3358
51 3359
54 3360
1561 3360
173 3361
265 3361
396 3361
985 3361
3085 3361
65 3362
12 3363
567 3364
40 3365
91 3365
351 3365
631 3365
945 3365
1323 3366
744 3367
87 3368
3057 3369
70 3370
929 3371
932 3371
915 3372
329 3373
165 3374
1391 3374
1468 3374
2059 3374
2717 3375
2082 3376
101 3377
322 3378
560 3378
3311 3378
3352 3378
11 3379
8 3380
1246 3381
3285 3381
343 3382
479 3383
195 3384
2903 3384
101 3385
5 3386
278 3387
492 3387
3328 3387
1459 3388
1933 3388
5 3389
13 3389
21 3389
51 3389
80 3389
222 3389
268 3389
437 3389
689 3389
747 3389
797 3389
882 3389
1136 3389
1161 3389
1662 3389
1840 3389
1872 3389
2724 3389
2739 3389
2780 3389
2880 3389
363 3390
1208 3390
2784 3390
2799 3390
3064 3390
3272 3390
11 3391
665 3391
776 3391
999 3391
1624 3391
2560 3391
1915 3392
10 3393
173 3393
985 3393
2049 3393
164 3394
1213 3395
2302 3395
13 3396
23 3396
96 3396
210 3396
829 3396
1192 3396
2163 3396
2514 3396
2725 3396
123 3397
889 3397
1268 3397
2586 3397
2617 3397
2772 3397
329 3398
951 3398
3020 3398
3 3399
152 3399
5 3400
70 3401
477 3402
492 3403
2082 3404
115 3405
579 3405
2420 3405
449 3406
54 3407
826 3408
744 3409
7 3410
300 3411
1152 3411
3 3412
1207 3412
1727 3413
2366 3413
53 3414
149 3415
1066 3416
5 3417
897 3418
2749 3418
12 3419
16 3419
326 3419
586 3419
739 3419
1277 3419
1960 3419
2076 3419
3389 3419
1797 3420
1008 3421
2330 3421
2462 3421
2565 3421
591 3422
1960 3422
2815 3422
651 3423
998 3423
13 3424
2514 3424
8 3425
938 3426
2179 3426
54 3427
581 3428
3023 3428
3355 3428
817 3429
1568 3430
926 3431
87 3432
562 3433
2328 3433
419 3434
1716 3435
3378 3435
5 3436
118 3436
1241 3436
1509 3436
2809 3437
254 3438
359 3438
1470 3438
1515 3438
1583 3438
102 3439
451 3439
629 3439
793 3439
1194 3439
1394 3439
2503 3439
2771 3439
3001 3439
3260 3439
3160 3440
63 3441
699 3441
12 3442
170 3443
649 3444
186 3445
616 3445
1456 3445
1956 3445
2515 3445
118 3446
751 3446
1767 3447
2811 3447
252 3448
739 3448
1676 3448
1792 3448
2087 3448
3344 3448
19 3449
651 3449
1131 3449
1171 3449
1337 3449
739 3450
3344 3450
1762 3451
50 3452
643 3453
2607 3453
19 3454
302 3455
54 3456
2 3457
7 3457
438 3457
488 3457
613 3457
1480 3457
1553 3457
2100 3457
2341 3457
2431 3457
2853 3457
3085 3457
1837 3458
1150 3459
628 3460
1832 3461
3232 3461
1496 3462
50 3463
798 3464
2055 3465
571 3466
808 3466
1906 3466
15 3467
660 3467
8 3468
562 3468
2814 3468
2185 3469
2785 3469
226 3470
823 3470
3390 3471
590 3472
1056 3473
1013 3474
1271 3475
2049 3475
3087 3475
1745 3476
1595 3477
887 3478
844 3479
2591 3479
1963 3480
1407 3481
3309 3482
556 3483
556 3484
6 3485
2034 3485
3321 3485
1755 3486
164 3487
2668 3487
560 3488
1364 3489
654 3490
616 3491
1456 3491
1987 3491
1801 3492
1997 3492
2434 3492
17 3493
4 3494
985 3494
1096 3494
1816 3494
2647 3494
2845 3494
252 3495
15 3496
115 3497
118 3497
575 3497
2450 3498
12 3499
2270 3500
54 3501
1541 3501
851 3502
1 3503
1385 3503
1178 3504
1450 3505
921 3506
699 3507
235 3508
389 3508
579 3509
15 3510
591 3510
2154 3511
2826 3512
3390 3513
8 3514
210 3515
1192 3515
1846 3516
1871 3517
2760 3518
1023 3519
1768 3520
1968 3520
2208 3520
3160 3520
893 3521
455 3522
1874 3522
2381 3522
3466 3522
82 3523
92 3524
810 3525
851 3525
2994 3525
920 3526
194 3527
2510 3528
373 3529
359 3530
1470 3530
1515 3530
1848 3531
1963 3532
101 3533
175 3533
1429 3533
4 3534
62 3535
194 3535
357 3536
121 3537
1067 3537
173 3538
9 3539
186 3539
518 3539
882 3539
893 3539
1456 3539
1850 3539
111 3540
111 3541
225 3541
409 3541
1033 3541
1151 3541
1239 3541
1255 3542
716 3543
2056 3544
2891 3545
175 3546
1719 3547
353 3548
344 3549
1784 3549
1921 3549
2705 3549
57 3550
3304 3550
101 3551
2760 3551
1384 3552
1797 3553
252 3554
890 3554
988 3554
1654 3554
3246 3554
646 3555
1730 3555
2365 3556
2410 3557
2598 3558
82 3559
1755 3559
165 3560
1484 3560
114 3561
8 3562
19 3563
440 3564
630 3565
3419 3565
8 3566
455 3567
479 3568
565 3569
1138 3569
1082 3570
3019 3570
2760 3571
66 3572
172 3572
739 3572
2429 3572
2556 3572
3285 3572
2058 3573
53 3574
345 3574
543 3574
622 3574
1624 3574
2489 3574
2744 3574
1797 3575
5 3576
115 3576
118 3576
467 3576
351 3577
759 3578
1170 3578
2019 3578
2315 3578
2430 3578
3273 3578
3405 3578
449 3579
2763 3580
2117 3581
3090 3581
3569 3581
1347 3582
1396 3582
170 3583
26 3584
1458 3584
428 3585
322 3586
1014 3586
1416 3586
2042 3586
3058 3586
955 3587
1623 3588
296 3589
1341 3589
817 3590
1869 3590
2545 3590
2849 3590
8 3591
1153 3592
728 3593
63 3594
2466 3594
3397 3595
1412 3596
2244 3596
99 3597
826 3597
724 3598
2516 3598
26 3599
2418 3599
55 3600
1470 3600
449 3601
3288 3601
2111 3602
1897 3603
50 3604
87 3605
44 3606
911 3607
173 3608
1741 3608
2049 3608
455 3609
3273 3609
484 3610
2289 3611
3397 3612
1052 3613
1696 3613
73 3614
151 3614
436 3614
771 3614
916 3614
947 3614
1080 3614
1433 3614
2295 3614
2359 3614
3025 3614
3270 3614
470 3615
34 3616
583 3616
1113 3616
1674 3616
3535 3616
184 3617
16 3618
23 3618
41 3618
129 3618
210 3618
233 3618
829 3618
1192 3618
1400 3618
1685 3618
2163 3618
2346 3618
2514 3618
3510 3618
15 3619
2123 3620
2598 3620
343 3621
3614 3622
11 3623
665 3623
1624 3623
8 3624
17 3625
1049 3625
11 3626
394 3627
1571 3628
3019 3628
52 3629
3072 3630
3284 3630
121 3631
698 3631
1627 3631
2233 3632
2363 3633
1153 3634
179 3635
8 3636
1730 3636
360 3637
3315 3637
302 3638
65 3639
170 3640
433 3640
1153 3641
1833 3642
1871 3643
16 3644
194 3645
178 3646
2717 3647
164 3648
282 3648
7 3649
2183 3650
1987 3651
1211 3652
1966 3653
307 3654
270 3655
2184 3655
236 3656
10 3657
241 3657
265 3657
380 3657
622 3657
699 3657
713 3657
803 3657
970 3657
1302 3657
2088 3657
2175 3657
3299 3657
265 3658
2450 3658
2696 3658
26 3659
2799 3659
929 3660
1753 3661
19 3662
2028 3663
1959 3664
4 3665
14 3665
92 3665
347 3665
616 3665
898 3665
923 3665
1023 3665
286 3666
2291 3666
2598 3667
1509 3668
307 3669
3188 3669
467 3670
591 3670
2446 3670
88 3671
756 3671
937 3671
956 3671
972 3671
1887 3671
2753 3671
2980 3671
3002 3671
3111 3671
3529 3671
1664 3672
985 3673
1655 3673
1876 3673
2040 3673
2886 3673
3485 3673
265 3674
2450 3674
2913 3674
30 3675
607 3675
2943 3675
1280 3676
2228 3677
1781 3678
556 3679
184 3680
1463 3680
455 3681
170 3682
1172 3682
3020 3683
196 3684
859 3685
7 3686
3614 3687
50 3688
196 3689
7 3690
1153 3690
2310 3690
282 3691
470 3691
7 3692
415 3693
3414 3693
2129 3694
963 3695
3421 3695
3 3696
3573 3697
121 3698
926 3699
165 3700
247 3701
3614 3702
57 3703
2184 3703
9 3704
1789 3704
2897 3704
34 3705
802 3705
1474 3705
1718 3705
1937 3705
2897 3705
467 3706
1150 3706
582 3707
1491 3707
2193 3707
1056 3708
181 3709
1023 3710
8 3711
12 3712
170 3712
1065 3712
1131 3712
1690 3712
2438 3712
918 3713
3222 3714
592 3715
2954 3715
130 3716
542 3716
575 3716
621 3716
831 3716
1093 3716
1180 3716
1308 3716
1663 3716
1787 3716
2108 3716
2392 3716
2490 3716
2517 3716
2962 3716
882 3717
1456 3717
2651 3717
1730 3718
52 3719
1639 3719
481 3720
787 3720
1413 3720
1792 3720
2304 3720
3153 3720
206 3721
1554 3721
1630 3721
192 3722
1929 3722
3349 3722
16 3723
518 3723
616 3723
882 3723
1456 3723
1850 3723
101 3724
3 3725
333 3726
2175 3727
50 3728
257 3728
1198 3728
1962 3728
2233 3728
2404 3728
2856 3728
177 3729
235 3729
11 3730
17 3731
8 3732
87 3733
289 3734
683 3734
2566 3734
11 3735
893 3736
121 3737
1811 3738
1 3739
3051 3739
1077 3740
62 3741
632 3742
1732 3742
55 3743
1383 3744
825 3745
3200 3745
214 3746
1628 3746
2452 3746
290 3747
611 3747
1468 3748
1808 3748
1020 3749
647 3750
59 3751
152 3752
307 3753
3467 3754
2598 3755
170 3756
385 3757
826 3758
3417 3758
1406 3759
115 3760
456 3761
40 3762
920 3762
1240 3762
2195 3762
2357 3762
2706 3762
5 3763
289 3764
956 3765
2620 3765
3062 3765
630 3766
1 3767
10 3767
112 3767
164 3767
576 3767
583 3767
1153 3767
2457 3767
2890 3767
267 3768
2714 3768
1338 3769
19 3770
101 3771
8 3772
54 3773
1719 3773
1231 3774
72 3775
192 3775
14 3776
44 3777
3164 3778
464 3779
3457 3779
193 3780
1162 3781
1257 3782
2502 3783
2856 3783
815 3784
2068 3784
737 3785
7 3786
1801 3787
1997 3787
257 3788
309 3788
2437 3788
1952 3789
2337 3789
300 3790
393 3791
1595 3792
415 3793
2208 3793
17 3794
415 3794
794 3795
3391 3795
2343 3796
3085 3797
3 3798
4 3798
6 3798
7 3798
8 3798
60 3798
64 3798
80 3798
90 3798
100 3798
132 3798
274 3798
534 3798
556 3798
612 3798
731 3798
748 3798
824 3798
1532 3798
1545 3798
1737 3798
1993 3798
2131 3798
2610 3798
3126 3798
3295 3798
50 3799
1 3800
4 3800
28 3800
164 3800
180 3800
193 3800
446 3800
460 3800
587 3800
687 3800
995 3800
1107 3800
1348 3800
2339 3800
2609 3800
2930 3800
3189 3800
3271 3800
3555 3800
3718 3800
492 3801
87 3802
353 3803
1170 3803
54 3804
15 3805
2261 3806
2627 3807
3233 3807
224 3808
307 3809
2902 3810
18 3811
29 3811
621 3811
771 3811
1308 3811
2018 3811
2854 3811
105 3812
158 3812
747 3812
966 3812
1314 3812
1457 3812
2785 3812
2804 3812
38 3813
87 3814
1085 3815
14 3816
479 3817
322 3818
560 3818
3248 3818
1207 3819
1435 3819
1897 3819
3564 3819
1176 3820
1623 3821
398 3822
992 3822
1075 3822
1535 3822
1783 3822
2098 3822
2276 3822
2450 3822
3639 3822
14 3823
278 3824
203 3825
101 3826
2570 3826
1 3827
241 3827
961 3827
1096 3827
2150 3827
2647 3827
3288 3827
3610 3827
859 3828
101 3829
179 3830
6 3831
7 3831
8 3831
9 3831
10 3831
53 3831
160 3831
164 3831
464 3831
1023 3831
1091 3831
1153 3831
1439 3831
2172 3831
776 3832
2402 3833
11 3834
613 3834
3271 3835
3625 3836
164 3837
2473 3838
685 3839
3768 3840
826 3841
1131 3842
1404 3842
2408 3842
3056 3842
244 3843
532 3843
1848 3843
2211 3844
2974 3844
2449 3845
691 3846
1635 3847
2223 3847
3073 3847
921 3848
464 3849
1554 3849
2068 3850
245 3851
520 3851
496 3852
663 3853
2789 3853
3721 3853
3849 3853
2228 3854
699 3855
1391 3856
52 3857
1242 3858
3381 3858
620 3859
454 3860
3783 3860
1970 3861
9 3862
1840 3863
2237 3863
4 3864
112 3864
1343 3865
99 3866
474 3867
579 3867
470 3868
159 3869
3240 3870
95 3871
1382 3872
70 3873
1181 3874
164 3875
1162 3876
417 3877
4 3878
92 3878
107 3878
179 3878
794 3878
1066 3878
1831 3878
2660 3878
3120 3878
3606 3878
3677 3878
223 3879
3137 3879
3558 3879
175 3880
7 3881
17 3882
606 3882
879 3882
3785 3882
1549 3883
330 3884
765 3884
2448 3884
3763 3885
7 3886
74 3887
661 3888
3352 3888
87 3889
463 3890
1143 3890
3428 3891
5 3892
3614 3893
1101 3894
3511 3894
159 3895
1323 3895
8 3896
344 3897
3064 3897
579 3898
2982 3898
300 3899
3188 3900
3121 3901
173 3902
1779 3902
30 3903
2358 3903
170 3904
2228 3905
3 3906
668 3906
3413 3906
2233 3907
466 3908
2422 3908
88 3909
3684 3909
57 3910
774 3911
1 3912
49 3912
160 3912
558 3912
794 3912
891 3912
992 3912
1270 3912
1557 3912
3414 3912
3574 3912
7 3913
11 3914
2707 3915
2760 3915
492 3916
16 3917
838 3918
1213 3918
1373 3918
1699 3918
2185 3918
179 3919
432 3920
554 3921
2449 3921
492 3922
337 3923
1003 3923
1143 3923
50 3924
453 3925
480 3926
7 3927
626 3928
8 3929
2370 3929
3713 3929
4 3930
1336 3930
229 3931
245 3931
466 3931
509 3931
647 3931
983 3931
1004 3931
1205 3931
1293 3931
1417 3931
1822 3931
2197 3931
2453 3931
2665 3931
2680 3931
3250 3931
3454 3931
3662 3931
455 3932
826 3933
3537 3933
564 3934
11 3935
1085 3935
2147 3936
3804 3936
13 3937
3845 3937
1013 3938
3768 3939
173 3940
30 3941
1846 3941
1952 3941
2943 3941
1322 3942
1670 3943
2254 3943
87 3944
173 3945
622 3945
2082 3945
54 3946
3716 3947
54 3948
385 3949
735 3950
891 3951
14 3952
3283 3952
34 3953
925 3953
959 3953
1190 3953
2306 3953
3527 3953
19 3954
2228 3955
2244 3955
8 3956
2245 3956
2082 3957
2185 3958
222 3959
1632 3959
3086 3960
17 3961
577 3961
630 3961
683 3961
1187 3961
3005 3961
3378 3961
3586 3961
3818 3961
235 3962
2470 3963
234 3964
101 3965
2548 3965
54 3966
497 3967
1279 3967
1307 3967
1862 3967
327 3968
446 3969
614 3969
1039 3969
2756 3969
3145 3969
1 3970
9 3970
10 3970
212 3970
1385 3970
2647 3970
3120 3970
756 3971
937 3971
3111 3971
398 3972
3639 3972
330 3973
149 3974
2836 3974
1617 3975
1678 3975
929 3976
17 3977
72 3977
216 3977
229 3977
245 3977
509 3977
647 3977
1205 3977
1822 3977
2104 3977
2453 3977
2488 3977
2665 3977
3250 3977
3449 3977
3454 3977
3563 3977
927 3978
960 3978
1097 3978
1253 3978
2750 3978
3015 3978
3878 3978
818 3979
1009 3979
1411 3979
1750 3979
2042 3979
3159 3979
1373 3980
3137 3980
590 3981
2289 3981
194 3982
179 3983
65 3984
554 3985
307 3986
1769 3986
124 3987
360 3987
774 3987
2449 3987
101 3988
170 3989
95 3990
42 3991
697 3991
1082 3991
99 3992
1323 3993
3373 3993
560 3994
7 3995
2261 3996
2343 3996
2296 3997
2454 3997
1880 3998
907 3999
1322 4000
