1 2
1 3
2 3
1 4
2 4
3 4
1 5
2 5
3 5
4 5
1 6
2 6
3 6
4 6
5 6
1 7
2 7
3 7
4 7
5 7
6 7
1 8
2 8
3 8
4 8
5 8
6 8
7 8
1 9
2 9
3 9
4 9
5 9
6 9
7 9
8 9
1 10
2 10
3 10
4 10
5 10
6 10
7 10
8 10
9 10
8 11
11 12
11 13
12 13
2 14
6 14
10 14
11 14
12 14
13 14
1 15
11 15
12 15
13 15
14 15
11 16
12 16
13 16
14 16
15 16
1 17
11 17
12 17
13 17
14 17
15 17
16 17
14 18
2 19
17 20
2 21
17 22
5 23
16 24
15 25
2 26
9 27
15 28
13 29
11 30
11 31
8 32
15 33
4 34
5 35
14 36
6 37
15 38
17 39
12 40
1 41
3 42
11 43
16 44
10 45
9 46
17 47
14 48
10 49
9 50
17 51
40 51
2 52
2 53
2 54
3 54
6 54
10 54
13 54
48 54
11 55
12 55
13 55
17 56
3 57
6 57
7 57
8 57
9 57
24 57
41 58
15 59
1 60
4 60
5 60
9 60
10 60
54 60
57 60
13 61
40 62
4 63
5 63
9 63
10 63
11 63
14 64
3 65
17 66
13 67
14 67
31 67
43 67
55 67
63 67
6 68
15 69
17 70
16 71
11 72
67 72
15 73
1 74
14 74
38 74
69 74
73 74
43 75
55 75
74 76
74 77
52 78
14 79
2 80
2 81
4 82
1 83
4 83
5 83
7 83
9 83
10 83
65 83
15 84
55 85
1 86
3 86
6 86
32 86
14 87
17 88
7 89
60 89
83 89
86 89
3 90
4 90
8 90
10 90
37 90
68 90
58 91
45 92
1 93
6 93
32 93
89 93
26 94
15 95
1 96
7 96
11 96
90 96
17 97
58 98
90 98
15 99
74 99
32 100
1 101
58 101
15 102
64 103
2 104
38 104
8 105
9 105
24 105
15 106
14 107
28 107
69 107
84 107
95 107
5 108
55 109
55 110
67 111
16 112
1 113
45 114
40 115
45 116
10 117
14 117
16 117
17 117
30 117
55 117
63 117
72 117
8 118
85 118
14 119
38 119
77 119
99 119
64 120
66 120
106 120
2 121
69 122
89 123
11 124
55 125
118 125
11 126
10 127
15 128
15 129
2 130
31 130
10 131
32 132
11 133
13 133
16 133
17 133
59 133
69 133
84 133
99 133
129 133
9 134
55 135
98 136
58 137
107 138
58 139
9 140
8 141
13 141
15 141
17 141
43 141
55 141
96 141
126 141
136 142
141 143
3 144
86 144
2 145
123 145
12 146
31 146
75 146
117 146
8 147
58 148
10 149
120 150
3 151
10 151
37 151
98 151
7 152
123 152
130 153
38 154
77 154
2 155
14 156
1 157
5 157
9 157
2 158
63 159
125 160
2 161
77 162
4 163
6 163
9 163
19 163
21 163
53 163
158 163
55 164
15 165
55 165
126 165
12 166
2 167
63 168
32 169
3 170
4 170
15 170
60 170
74 170
93 170
101 170
157 170
146 171
141 172
13 173
14 174
10 175
11 176
13 176
16 176
17 176
28 176
33 176
59 176
84 176
95 176
128 176
133 177
69 178
15 179
14 180
6 181
120 181
141 182
176 182
69 183
84 183
2 184
57 184
86 184
57 185
90 185
82 186
176 187
78 188
3 189
6 189
8 189
9 189
184 189
9 190
10 190
159 190
55 191
84 192
11 193
13 193
69 193
129 193
177 193
68 194
15 195
6 196
112 196
1 197
6 198
186 199
5 200
155 201
14 202
68 203
11 204
75 204
84 205
82 206
2 207
9 207
123 207
1 208
5 208
7 208
8 208
19 208
26 208
52 208
53 208
54 208
104 208
158 208
167 208
184 208
207 208
6 209
13 209
178 210
63 211
116 211
190 211
2 212
201 212
17 213
186 214
15 215
166 215
2 216
201 216
26 217
5 218
78 219
129 220
106 221
17 222
151 223
58 224
51 225
62 225
115 225
10 226
159 226
211 226
3 227
10 227
37 227
98 227
77 228
201 228
2 229
94 229
149 229
217 229
223 230
3 231
68 231
89 231
162 231
60 232
13 233
75 233
109 233
125 233
135 233
141 233
164 233
165 233
14 234
52 235
188 235
69 236
8 237
13 237
17 237
43 237
55 237
126 237
233 237
3 238
6 238
184 238
17 239
77 240
232 240
17 241
44 242
176 243
15 244
74 244
142 244
201 245
9 246
235 246
3 247
141 248
51 249
62 249
115 249
8 250
9 250
51 251
62 251
233 252
74 253
155 254
212 254
245 254
69 255
240 256
4 257
19 257
21 257
158 257
15 258
74 258
218 258
5 259
8 259
42 259
54 259
86 259
151 259
231 259
247 259
141 260
69 261
207 261
41 262
51 263
107 264
172 264
142 265
17 266
3 267
242 267
259 267
12 268
14 268
15 268
16 268
20 268
39 268
51 268
56 268
66 268
97 268
117 268
213 268
241 268
42 269
51 269
68 270
11 271
212 272
216 272
154 273
16 274
57 274
4 275
11 275
67 275
117 275
159 275
168 275
211 275
208 276
13 277
52 277
120 277
105 278
2 279
52 279
208 279
15 280
2 281
257 281
10 282
44 283
120 283
245 284
3 285
6 286
19 286
17 287
142 288
278 289
5 290
4 291
7 291
8 291
10 291
14 291
37 291
57 291
68 291
93 291
163 291
181 291
198 291
209 291
13 292
16 292
59 292
73 292
99 292
106 292
128 292
165 292
280 292
15 293
55 293
141 293
173 293
193 293
3 294
4 294
8 294
185 294
69 295
210 295
4 296
3 297
2 298
12 298
17 298
133 298
176 298
268 298
292 298
12 299
13 299
17 299
117 299
176 299
268 299
292 299
3 300
293 301
98 302
223 302
13 303
59 303
299 303
9 304
235 304
237 305
294 306
55 307
63 308
165 308
275 308
69 309
307 309
17 310
268 310
67 311
1 312
6 312
32 312
184 312
259 312
294 313
45 314
51 315
69 315
67 316
4 317
7 317
8 317
14 317
57 317
93 317
163 317
209 317
57 318
89 318
232 318
196 319
55 320
294 321
5 322
2 323
13 324
46 324
67 325
5 326
7 327
2 328
14 329
176 329
292 329
193 330
301 330
233 331
201 332
107 333
15 334
74 334
142 334
9 335
235 335
186 336
206 336
58 337
13 338
293 338
208 339
131 340
240 340
17 341
193 342
2 343
259 343
106 344
6 345
317 345
208 346
69 347
84 347
129 347
298 347
336 348
133 349
193 350
141 351
1 352
5 352
6 352
7 352
9 352
10 352
21 352
54 352
80 352
104 352
121 352
130 352
167 352
207 352
212 352
216 352
229 352
279 352
298 352
6 353
90 353
227 353
291 353
15 354
133 354
292 354
69 355
84 355
129 355
298 355
251 356
228 357
11 358
13 358
16 358
17 358
28 358
59 358
128 358
298 358
329 358
38 359
99 359
291 360
11 361
12 361
16 361
17 361
36 361
48 361
67 361
87 361
119 361
156 361
174 361
180 361
69 362
152 362
58 363
116 363
303 364
12 365
230 365
2 366
3 367
184 367
291 367
112 368
17 369
120 369
14 370
17 370
30 370
55 370
63 370
72 370
268 370
275 370
62 371
45 372
211 372
275 372
363 372
15 373
16 373
29 373
61 373
133 373
173 373
176 373
193 373
237 373
277 373
299 373
303 373
324 373
358 373
12 374
36 374
48 374
119 374
174 374
180 374
5 375
9 375
57 375
142 376
11 377
13 377
28 377
128 377
329 377
15 378
218 378
294 379
13 380
75 380
109 380
110 380
125 380
191 380
293 380
307 380
320 380
370 380
299 381
99 382
312 382
2 383
12 383
133 383
268 383
292 383
358 383
98 384
223 384
254 385
2 386
74 387
32 388
380 389
58 390
151 390
58 391
2 392
352 392
9 393
57 393
192 393
41 394
37 395
14 396
55 396
72 396
275 396
380 396
17 397
36 398
266 398
212 399
3 400
7 400
8 400
9 400
24 400
60 400
375 400
176 401
377 401
242 402
15 403
107 403
133 403
178 403
309 403
347 403
391 403
233 404
51 405
62 405
115 405
1 406
13 407
14 407
311 407
316 407
11 408
13 408
14 408
20 408
56 408
66 408
70 408
117 408
141 408
213 408
222 408
287 408
298 408
299 408
310 408
358 408
397 408
2 409
90 410
227 410
291 410
395 410
142 411
15 412
8 413
10 413
57 413
93 413
198 413
209 413
410 413
123 414
362 414
19 415
5 416
7 416
14 416
37 416
68 416
163 416
353 416
26 417
53 417
158 417
184 417
346 417
11 418
67 418
159 418
168 418
188 419
227 420
291 420
352 421
259 422
9 423
2 424
240 425
55 426
348 427
6 428
151 428
291 428
2 429
122 430
129 430
193 430
309 430
315 430
186 431
15 432
4 433
284 434
107 435
122 435
178 435
261 435
362 435
10 436
118 437
3 438
39 439
117 439
141 439
222 439
241 439
266 439
341 439
358 439
1 440
32 440
170 440
317 440
413 440
17 441
106 442
15 443
11 444
113 444
141 444
165 444
359 444
123 445
380 446
201 447
335 448
416 449
223 450
365 450
184 451
12 452
361 453
211 454
275 454
9 455
112 456
294 457
15 458
176 458
17 459
268 459
348 460
113 461
165 461
361 462
170 463
106 464
9 465
15 466
107 466
358 466
2 467
99 467
12 468
420 469
318 470
13 471
15 472
3 473
91 474
137 474
148 474
224 474
363 474
391 474
361 475
129 476
84 477
74 478
17 479
268 479
7 480
14 481
294 482
141 483
334 484
100 485
268 485
69 486
259 487
13 488
135 489
129 490
35 491
120 492
1 493
5 493
6 493
8 493
14 493
19 493
52 493
54 493
158 493
207 493
212 493
229 493
279 493
343 493
409 493
424 493
362 494
63 495
190 495
275 495
19 496
334 497
78 498
419 498
67 499
176 500
474 501
251 502
321 503
408 504
146 505
74 506
7 507
41 508
1 509
14 509
38 509
76 509
99 509
334 509
387 509
506 509
9 510
385 511
427 511
142 512
22 513
442 514
259 515
2 516
94 516
149 516
217 516
493 516
38 517
15 518
166 518
91 519
139 519
363 519
390 519
471 520
165 521
201 521
361 522
378 523
317 524
4 525
5 525
8 525
45 525
60 525
83 525
127 525
131 525
190 525
227 525
19 526
41 527
74 528
67 529
256 529
10 530
4 531
67 531
117 531
159 531
211 531
454 531
495 531
13 532
17 532
59 532
128 532
329 532
373 532
383 532
40 533
330 534
201 535
9 536
407 536
55 537
14 538
311 538
204 539
329 539
13 540
16 540
33 540
59 540
84 540
95 540
243 540
298 540
299 540
401 540
458 540
51 541
115 541
301 541
55 542
115 543
301 543
77 544
273 544
141 545
208 546
417 546
5 547
59 547
235 548
446 549
130 550
14 551
11 552
107 553
178 553
347 553
4 554
37 554
68 554
98 554
353 554
266 555
1 556
6 556
7 556
9 556
10 556
54 556
121 556
130 556
207 556
298 556
14 557
361 557
17 558
14 559
120 560
258 560
423 560
493 561
8 562
185 562
321 562
482 562
235 563
208 564
464 565
251 566
254 567
2 568
352 568
445 568
15 569
334 570
146 571
112 572
67 573
361 574
1 575
11 575
13 575
14 575
15 575
16 575
20 575
47 575
51 575
66 575
97 575
213 575
239 575
241 575
266 575
299 575
361 575
459 575
19 576
33 577
98 577
162 577
228 577
240 577
32 578
259 578
74 579
509 579
19 580
235 581
408 582
472 582
11 583
45 584
31 585
43 585
111 585
311 585
418 585
499 585
2 586
208 586
569 586
14 587
361 587
142 588
3 589
436 590
485 590
83 591
15 592
268 593
408 593
38 594
15 595
259 596
390 596
428 596
129 597
594 598
5 599
384 600
450 600
112 601
141 602
258 603
378 603
6 604
13 604
16 604
17 604
18 604
36 604
67 604
87 604
107 604
117 604
174 604
202 604
234 604
317 604
396 604
551 604
540 605
10 606
536 607
294 608
321 609
361 609
1 610
14 610
334 610
387 610
32 611
395 611
13 612
257 613
496 613
580 613
141 614
362 615
186 616
201 616
15 617
166 617
502 618
1 619
13 619
20 619
22 619
47 619
70 619
97 619
141 619
176 619
213 619
222 619
358 619
361 619
370 619
441 619
459 619
479 619
256 620
594 621
216 622
284 623
12 624
17 624
176 624
292 624
347 624
582 625
74 626
376 626
186 627
142 628
494 628
615 628
17 629
408 629
439 629
118 630
5 631
301 632
525 633
502 634
45 635
47 635
208 636
10 637
340 637
11 638
359 638
22 639
6 640
301 641
204 642
185 643
306 643
313 643
608 643
390 644
17 645
619 645
266 646
4 647
93 647
163 647
345 647
524 647
69 648
94 648
320 648
22 649
5 650
229 650
268 651
166 652
378 653
12 654
16 654
17 654
67 654
118 654
156 654
174 654
180 654
574 654
587 654
619 654
208 655
185 656
482 656
13 657
435 658
268 659
408 659
619 659
90 660
227 660
201 661
278 662
12 663
31 663
171 663
92 664
314 664
372 664
525 664
635 664
658 665
32 666
259 667
318 668
216 669
361 670
181 671
1 672
10 672
80 672
121 672
216 672
279 672
298 672
525 673
9 674
519 675
643 676
3 677
35 677
60 677
83 677
208 677
218 677
259 677
290 677
375 677
416 677
493 677
525 677
547 677
2 678
208 678
493 678
1 679
3 679
4 679
7 679
9 679
11 679
118 679
147 679
208 679
219 679
413 679
591 679
55 680
380 680
15 681
5 682
141 683
585 684
334 685
1 686
2 686
6 686
9 686
11 686
32 686
90 686
118 686
141 686
147 686
259 686
291 686
400 686
493 686
378 687
10 688
493 689
15 690
1 691
3 691
4 691
7 691
8 691
45 691
49 691
60 691
117 691
127 691
556 691
672 691
688 691
56 692
208 692
277 692
118 693
268 694
130 695
321 695
378 696
55 697
380 697
265 698
288 698
411 698
628 698
365 699
112 700
301 701
439 702
192 703
340 704
40 705
225 705
249 705
405 705
12 706
13 707
67 708
237 708
439 709
212 710
245 710
16 711
17 711
128 711
329 711
408 711
439 711
2 712
695 712
51 713
176 714
540 714
228 715
301 716
15 717
69 718
210 718
435 718
3 719
184 719
185 719
317 719
375 719
58 720
372 720
244 721
11 722
113 722
703 723
129 724
11 725
67 725
585 725
259 726
4 727
7 727
45 727
117 727
556 727
2 728
2 729
5 730
125 731
244 732
11 733
5 734
362 735
17 736
268 736
408 736
15 737
59 738
373 738
383 738
78 739
334 740
387 740
14 741
471 742
129 743
4 744
3 745
259 745
17 746
268 746
575 746
619 746
82 747
199 747
336 747
431 747
223 748
10 749
223 749
4 750
15 751
130 752
361 753
2 754
45 755
31 756
171 756
58 757
623 757
8 758
21 758
53 758
80 758
81 758
155 758
207 758
212 758
216 758
229 758
298 758
323 758
366 758
383 758
392 758
424 758
568 758
586 758
686 758
729 758
10 759
708 759
4 760
11 761
7 762
19 762
26 762
52 762
53 762
158 762
167 762
184 762
279 762
564 762
586 762
678 762
679 762
692 762
62 763
115 763
15 764
74 764
142 764
497 764
570 764
740 764
77 765
14 766
118 766
13 767
373 767
5 768
6 769
19 770
209 771
154 772
544 772
74 773
509 773
19 774
613 774
525 775
8 776
9 776
54 776
86 776
163 776
189 776
198 776
209 776
238 776
352 776
353 776
428 776
769 776
439 777
154 778
8 779
10 779
37 779
96 779
185 779
410 779
686 779
45 780
244 781
2 782
14 783
335 784
37 785
4 786
5 786
117 786
159 786
308 786
130 787
718 787
158 788
184 788
546 788
69 789
129 789
373 789
430 789
90 790
151 790
227 790
554 790
785 790
3 791
11 791
118 791
1 792
3 792
7 792
8 792
45 792
49 792
60 792
556 792
672 792
212 793
331 794
330 795
541 795
701 795
435 796
665 796
2 797
445 797
3 798
68 798
89 798
7 799
45 799
49 799
117 799
556 799
688 799
536 800
216 801
15 802
176 802
348 803
294 804
2 805
493 805
301 806
659 807
486 808
5 809
7 809
8 809
42 809
57 809
65 809
90 809
151 809
170 809
231 809
238 809
285 809
294 809
300 809
400 809
473 809
589 809
679 809
9 810
525 810
41 811
137 811
148 811
337 811
391 811
720 811
474 812
11 813
16 813
17 813
84 813
177 813
298 813
349 813
373 813
383 813
454 814
6 815
120 815
291 815
142 816
2 817
99 817
352 818
758 818
55 819
15 820
45 821
490 821
664 821
45 822
211 822
129 823
459 823
378 824
10 825
141 826
1 827
6 827
32 827
89 827
291 827
317 827
413 827
647 827
176 828
347 828
352 828
355 828
408 828
672 828
758 828
361 829
201 830
178 831
309 831
2 832
266 833
5 834
2 835
439 836
17 837
408 837
560 838
2 839
52 839
208 839
352 839
762 839
703 840
201 841
399 841
710 841
26 842
158 842
685 842
493 843
468 844
347 845
352 845
408 845
567 846
98 847
3 848
37 848
98 848
790 848
63 849
190 849
201 850
31 851
43 851
63 851
72 851
316 851
325 851
573 851
5 852
378 852
107 853
7 854
83 854
135 854
231 854
318 854
798 854
827 854
3 855
15 856
58 857
164 857
268 858
672 859
436 860
231 861
291 861
416 861
554 861
474 862
242 863
283 863
422 863
466 864
176 865
58 866
474 866
78 867
679 867
166 868
708 868
64 869
334 869
374 870
398 870
747 871
67 872
407 873
607 873
6 874
90 874
227 874
416 874
554 874
813 875
118 876
439 877
348 878
438 879
251 880
3 881
291 881
468 882
691 883
755 883
792 883
799 883
821 883
15 884
824 884
184 885
9 886
37 887
410 887
686 887
628 888
15 889
107 889
358 889
130 890
257 890
385 891
45 892
211 892
226 892
294 893
342 893
391 893
562 893
201 894
15 895
4 896
5 896
6 896
8 896
10 896
50 896
83 896
134 896
140 896
163 896
189 896
190 896
207 896
250 896
304 896
335 896
400 896
455 896
510 896
556 896
686 896
886 896
439 897
118 898
301 899
2 900
10 900
63 900
163 900
257 900
291 900
296 900
317 900
433 900
554 900
647 900
679 900
727 900
750 900
6 901
89 901
291 901
32 902
60 903
185 903
274 903
413 903
6 904
771 904
2 905
13 906
126 906
233 906
708 906
782 907
10 908
37 908
185 908
686 908
289 909
11 910
13 910
69 910
84 910
177 910
373 910
383 910
403 910
268 911
692 911
758 912
15 913
5 914
201 915
732 915
625 916
785 916
146 917
410 918
472 919
141 920
1 921
413 921
7 922
45 922
301 923
489 924
361 925
6 926
10 926
54 926
130 926
298 926
691 926
896 926
100 927
132 927
388 927
827 927
902 927
212 928
841 928
130 929
112 930
8 931
80 931
81 931
155 931
207 931
229 931
424 931
568 931
586 931
729 931
828 931
912 931
799 932
107 933
51 934
62 934
502 934
566 934
880 934
45 935
621 936
876 937
361 938
184 939
2 940
272 940
352 940
569 940
669 940
672 940
758 940
81 941
123 941
3 942
24 942
60 942
375 942
686 942
896 942
31 943
43 943
63 943
325 943
4 944
237 945
537 946
208 947
405 948
15 949
55 950
201 951
598 951
120 952
863 952
799 953
308 954
113 955
359 955
439 956
67 957
41 958
40 959
225 959
371 959
129 960
459 960
799 961
14 962
93 962
524 962
107 963
10 964
85 965
437 965
766 965
791 965
876 965
898 965
2 966
479 966
2 967
275 968
531 968
15 969
178 969
309 969
347 969
910 969
882 970
5 971
184 972
509 973
201 974
732 974
1 975
11 975
90 975
147 975
259 975
758 975
779 975
896 975
408 976
1 977
2 977
6 977
9 977
259 977
493 977
758 977
887 977
942 977
129 978
405 979
2 980
10 980
57 980
83 980
291 980
327 980
507 980
556 980
809 980
1 981
99 981
579 981
773 981
776 982
14 983
679 984
679 985
361 986
271 987
32 988
835 988
417 989
730 989
242 990
8 991
42 991
57 991
238 991
294 991
400 991
980 991
184 992
443 993
485 993
14 994
9 995
142 995
896 995
178 996
309 996
2 997
5 998
6 998
9 998
57 998
118 998
291 998
400 998
413 998
525 998
691 998
896 998
14 999
55 999
72 999
324 999
380 999
301 1000
185 1001
306 1001
608 1001
835 1001
15 1002
13 1003
69 1004
286 1005
493 1005
1 1006
11 1006
12 1006
14 1006
16 1006
17 1006
25 1006
59 1006
84 1006
99 1006
129 1006
165 1006
179 1006
215 1006
244 1006
258 1006
280 1006
293 1006
412 1006
458 1006
466 1006
472 1006
518 1006
592 1006
820 1006
949 1006
1002 1006
122 1007
129 1007
315 1007
789 1007
16 1008
84 1008
593 1008
714 1008
67 1009
74 1010
240 1010
612 1010
2 1011
201 1011
254 1011
272 1011
399 1011
493 1011
361 1012
374 1012
604 1012
654 1012
493 1013
408 1014
8 1015
9 1015
809 1016
77 1017
13 1018
2 1019
758 1019
931 1019
60 1020
686 1020
896 1020
991 1020
113 1021
13 1022
317 1022
1020 1022
235 1023
474 1024
802 1025
16 1026
17 1026
59 1026
84 1026
182 1026
187 1026
298 1026
299 1026
329 1026
624 1026
714 1026
802 1026
474 1027
68 1028
98 1028
790 1028
86 1029
132 1029
312 1029
502 1030
41 1031
137 1031
2 1032
275 1033
732 1033
311 1034
536 1034
74 1035
312 1035
416 1036
130 1037
321 1037
712 1037
32 1038
927 1038
68 1039
163 1039
198 1039
209 1039
420 1039
861 1039
980 1039
998 1039
159 1040
211 1040
495 1040
1 1041
9 1041
208 1041
413 1041
762 1041
809 1041
867 1041
141 1042
398 1043
876 1044
654 1045
437 1046
766 1046
900 1047
13 1048
59 1048
327 1049
6 1050
408 1051
129 1052
821 1052
3 1053
10 1053
259 1053
7 1054
362 1054
7 1055
100 1056
84 1057
571 1057
648 1057
199 1058
212 1058
776 1059
977 1060
28 1061
84 1061
15 1062
278 1063
11 1064
99 1064
280 1064
949 1064
1002 1064
8 1065
278 1065
83 1066
318 1066
798 1066
541 1067
634 1067
701 1067
3 1068
6 1068
10 1068
60 1068
776 1068
113 1069
55 1070
63 1070
268 1070
531 1070
727 1070
786 1070
571 1071
648 1071
525 1072
569 1073
291 1074
130 1075
301 1076
809 1077
991 1077
430 1078
1006 1079
15 1080
141 1080
193 1080
338 1080
380 1080
67 1081
384 1082
2 1083
988 1083
758 1084
57 1085
259 1086
365 1087
335 1088
13 1089
154 1090
67 1091
435 1092
1007 1092
439 1093
201 1094
942 1094
91 1095
363 1095
390 1095
9 1096
41 1097
919 1097
14 1098
44 1098
112 1098
117 1098
176 1098
274 1098
373 1098
604 1098
648 1098
711 1098
1008 1098
3 1099
549 1099
829 1099
854 1099
33 1100
59 1100
84 1100
401 1100
19 1101
643 1102
130 1103
251 1103
358 1103
532 1103
539 1103
32 1104
509 1105
623 1106
92 1107
17 1108
99 1109
334 1109
506 1109
973 1109
1105 1109
1080 1110
268 1111
408 1111
1008 1111
84 1112
2 1113
10 1114
38 1114
525 1114
3 1115
854 1115
509 1116
129 1117
14 1118
329 1119
401 1119
1073 1119
2 1120
13 1121
747 1122
502 1123
747 1124
11 1125
17 1125
84 1125
875 1125
74 1126
154 1126
509 1126
594 1126
313 1127
342 1128
562 1128
493 1129
876 1130
347 1131
2 1132
733 1133
19 1134
613 1134
762 1135
113 1136
17 1137
268 1137
960 1137
129 1138
211 1139
454 1139
495 1139
968 1139
1070 1139
809 1140
69 1141
906 1141
1 1142
779 1143
610 1144
58 1145
116 1145
474 1145
7 1146
1049 1146
7 1147
117 1147
672 1147
883 1147
926 1147
998 1147
809 1148
254 1149
846 1149
164 1150
219 1151
867 1151
10 1152
340 1152
16 1153
243 1153
298 1153
401 1153
2 1154
762 1154
51 1155
57 1156
883 1157
77 1158
231 1158
63 1159
163 1159
647 1159
502 1160
35 1161
643 1162
141 1163
15 1164
130 1165
718 1165
32 1166
1029 1166
242 1167
142 1168
201 1169
321 1170
348 1171
318 1172
8 1173
42 1173
975 1173
163 1174
647 1174
84 1175
6 1176
115 1177
9 1178
896 1178
569 1179
413 1180
918 1180
201 1181
474 1181
90 1182
24 1183
201 1184
15 1185
1006 1185
400 1186
691 1186
1147 1186
190 1187
275 1187
77 1188
2 1189
4 1189
50 1189
57 1189
83 1189
140 1189
157 1189
246 1189
250 1189
304 1189
352 1189
393 1189
556 1189
686 1189
810 1189
1015 1189
1178 1189
83 1190
135 1190
827 1190
1099 1190
28 1191
439 1192
24 1193
2 1194
117 1195
370 1195
396 1195
999 1195
794 1196
130 1197
55 1198
2 1199
171 1200
435 1201
665 1201
1 1202
11 1202
90 1202
758 1202
896 1202
1062 1202
12 1203
133 1203
292 1203
352 1203
408 1203
540 1203
556 1203
672 1203
758 1203
926 1203
1153 1203
2 1204
99 1204
58 1205
763 1205
811 1205
155 1206
212 1206
385 1206
273 1207
772 1207
337 1208
439 1209
4 1210
6 1210
19 1210
21 1210
291 1210
416 1210
647 1210
776 1210
896 1210
900 1210
387 1211
125 1212
15 1213
112 1214
599 1215
284 1216
1106 1216
90 1217
227 1217
554 1217
848 1217
1028 1217
176 1218
221 1218
74 1219
1 1220
221 1221
7 1222
8 1222
170 1222
231 1222
294 1222
473 1222
980 1222
1041 1222
1077 1222
1140 1222
811 1223
3 1224
162 1224
259 1224
854 1224
1222 1224
942 1225
208 1226
268 1227
374 1228
176 1229
540 1229
1008 1229
1026 1229
435 1230
665 1230
374 1231
55 1232
126 1232
172 1232
248 1232
260 1232
293 1232
483 1232
602 1232
683 1232
1042 1232
1163 1232
277 1233
1026 1233
373 1234
490 1234
1207 1235
1232 1236
257 1237
352 1237
758 1237
2 1238
11 1238
90 1238
118 1238
493 1238
896 1238
1020 1238
514 1239
201 1240
776 1241
58 1242
811 1242
1031 1242
1 1243
9 1243
11 1243
118 1243
147 1243
208 1243
413 1243
762 1243
867 1243
984 1243
13 1244
361 1245
3 1246
163 1247
286 1247
415 1247
576 1247
762 1247
774 1247
1134 1247
1210 1247
787 1248
1001 1248
439 1249
60 1250
58 1251
1095 1251
361 1252
654 1252
24 1253
69 1254
55 1255
126 1255
172 1255
248 1255
1042 1255
365 1256
493 1257
469 1258
435 1259
787 1259
1165 1259
372 1260
531 1260
892 1260
15 1261
1217 1262
284 1263
209 1264
861 1264
10 1265
291 1265
327 1265
507 1265
1039 1265
139 1266
363 1266
390 1266
1006 1267
198 1268
973 1269
130 1270
799 1271
514 1272
64 1273
8 1274
80 1274
120 1274
155 1274
207 1274
424 1274
450 1274
586 1274
729 1274
828 1274
1019 1274
4 1275
206 1275
299 1276
373 1276
590 1277
11 1278
15 1279
193 1280
98 1281
600 1281
1082 1281
266 1282
691 1283
799 1283
821 1283
173 1284
176 1284
193 1284
277 1284
299 1284
358 1284
532 1284
738 1284
813 1284
1098 1284
1234 1284
1276 1284
427 1285
870 1285
57 1286
36 1287
45 1288
363 1289
1093 1290
44 1291
176 1291
274 1291
604 1291
62 1292
705 1292
184 1293
263 1293
776 1293
809 1293
776 1294
408 1295
613 1296
41 1297
137 1297
3 1298
6 1298
9 1298
184 1298
896 1298
1031 1299
519 1300
3 1301
549 1301
854 1301
32 1302
811 1303
308 1304
619 1304
882 1304
876 1305
818 1306
502 1307
55 1308
362 1309
11 1310
17 1310
69 1310
177 1310
298 1310
349 1310
403 1310
1203 1310
14 1311
604 1311
643 1312
916 1313
184 1314
226 1315
390 1315
1 1316
9 1316
1 1317
3 1317
5 1317
6 1317
10 1317
57 1317
60 1317
163 1317
190 1317
246 1317
250 1317
375 1317
393 1317
423 1317
465 1317
510 1317
810 1317
998 1317
208 1318
799 1319
575 1320
318 1321
211 1322
1315 1322
376 1323
159 1324
809 1325
1 1326
9 1326
677 1326
879 1326
980 1326
664 1327
1280 1328
988 1329
242 1330
348 1331
1218 1332
1221 1332
674 1333
242 1334
120 1335
207 1335
586 1335
828 1335
125 1336
3 1337
41 1338
340 1339
643 1340
208 1341
417 1341
719 1341
885 1341
201 1342
791 1343
876 1343
1 1344
8 1344
60 1344
883 1344
125 1345
571 1346
1232 1347
1 1348
413 1348
9 1349
3 1350
37 1350
259 1350
334 1351
9 1352
11 1353
335 1354
802 1355
896 1356
1189 1356
6 1357
227 1357
416 1357
24 1358
129 1359
74 1360
119 1360
133 1360
817 1360
8 1361
80 1361
81 1361
155 1361
568 1361
1202 1361
854 1362
1190 1362
1232 1363
17 1364
259 1365
269 1365
809 1365
991 1365
732 1366
744 1366
803 1367
192 1368
15 1369
16 1369
133 1369
176 1369
324 1369
532 1369
789 1369
1165 1370
59 1371
73 1371
165 1371
280 1371
299 1371
329 1371
354 1371
624 1371
1203 1371
164 1372
130 1373
718 1373
270 1374
809 1374
130 1375
259 1376
509 1377
3 1378
6 1378
10 1378
60 1378
780 1379
791 1380
876 1380
69 1381
10 1382
790 1382
74 1383
435 1384
787 1384
201 1385
10 1386
691 1386
799 1386
141 1387
1241 1387
493 1388
361 1389
13 1390
692 1390
1182 1390
1284 1390
193 1391
98 1392
223 1392
809 1392
1010 1393
486 1394
764 1395
912 1395
363 1396
264 1397
301 1397
275 1398
1139 1398
617 1399
652 1399
868 1399
68 1400
163 1400
980 1400
998 1400
2 1401
254 1401
272 1401
352 1401
493 1401
710 1401
758 1401
1206 1401
32 1402
6 1403
151 1403
2 1404
164 1405
10 1406
540 1407
1153 1407
37 1408
259 1408
408 1409
19 1410
41 1411
24 1412
43 1413
63 1413
237 1413
439 1414
11 1415
776 1416
55 1417
301 1417
41 1418
32 1419
8 1420
12 1420
13 1420
96 1420
124 1420
126 1420
133 1420
176 1420
193 1420
361 1420
444 1420
552 1420
679 1420
686 1420
791 1420
975 1420
1006 1420
1064 1420
1243 1420
1353 1420
1232 1421
1244 1421
1 1422
647 1422
1207 1423
435 1424
230 1425
450 1425
1087 1425
170 1426
294 1426
1212 1426
347 1427
1038 1427
1153 1428
268 1429
55 1430
44 1431
435 1432
665 1432
60 1433
1238 1433
17 1434
67 1434
174 1434
619 1434
112 1435
818 1436
142 1437
698 1437
664 1438
1025 1438
243 1439
764 1440
4 1441
159 1441
495 1441
5 1442
11 1443
13 1443
56 1443
66 1443
70 1443
222 1443
287 1443
310 1443
828 1443
845 1443
976 1443
1014 1443
1409 1443
787 1444
1001 1444
335 1445
365 1446
794 1447
184 1448
58 1449
321 1450
610 1451
439 1452
178 1453
347 1453
222 1454
287 1454
1014 1454
1409 1454
164 1455
55 1456
380 1456
1195 1456
2 1457
747 1458
43 1459
63 1459
275 1459
316 1459
529 1459
1009 1459
1434 1459
334 1460
1025 1460
12 1461
13 1461
117 1461
373 1461
408 1461
575 1461
1026 1461
1284 1461
486 1462
3 1463
321 1463
457 1463
804 1463
893 1463
991 1463
211 1464
664 1464
720 1464
1260 1464
1058 1465
535 1466
68 1467
89 1467
854 1467
1066 1467
45 1468
1379 1468
141 1469
125 1470
654 1470
686 1470
693 1470
876 1470
898 1470
998 1470
201 1471
831 1471
863 1472
572 1473
930 1473
142 1474
626 1474
1323 1474
936 1475
378 1476
884 1476
1121 1476
14 1477
8 1478
60 1478
13 1479
43 1479
373 1479
708 1479
1413 1479
2 1480
672 1480
1479 1481
1207 1482
130 1483
471 1484
1001 1485
1346 1486
493 1487
623 1488
1216 1488
43 1489
275 1489
1434 1489
373 1490
490 1490
284 1491
1106 1491
1488 1491
117 1492
876 1493
2 1494
201 1494
399 1494
493 1494
1210 1494
7 1495
9 1495
184 1495
318 1495
393 1495
991 1495
1085 1495
1286 1495
1317 1495
1315 1496
45 1497
11 1498
69 1498
177 1498
349 1498
6 1499
89 1499
291 1499
120 1500
13 1501
59 1501
73 1501
298 1501
299 1501
329 1501
354 1501
624 1501
978 1501
22 1502
2 1503
6 1503
11 1503
105 1503
141 1503
493 1503
562 1503
691 1503
758 1503
779 1503
792 1503
991 1503
1065 1503
1173 1503
1420 1503
69 1504
7 1505
513 1506
312 1507
558 1507
259 1508
1264 1509
275 1510
1006 1511
9 1512
11 1512
147 1512
779 1512
896 1512
908 1512
1189 1512
119 1513
817 1513
223 1514
3 1515
4 1515
7 1515
208 1515
219 1515
762 1515
809 1515
867 1515
3 1516
24 1516
60 1516
132 1516
375 1516
896 1516
1094 1516
1225 1516
57 1517
55 1518
63 1518
268 1518
531 1518
724 1518
1 1519
5 1519
8 1519
52 1519
53 1519
104 1519
158 1519
184 1519
339 1519
546 1519
586 1519
636 1519
679 1519
839 1519
947 1519
1226 1519
1318 1519
347 1520
249 1521
251 1521
263 1521
541 1521
575 1521
278 1522
472 1523
9 1524
1189 1524
212 1525
4 1526
159 1526
495 1526
228 1527
324 1528
40 1529
249 1529
251 1529
371 1529
405 1529
1292 1529
827 1530
1099 1530
579 1531
773 1531
208 1532
417 1532
577 1533
1041 1534
1151 1534
1243 1534
1417 1534
1515 1534
117 1535
556 1535
900 1535
1070 1535
181 1536
129 1537
459 1537
362 1538
628 1538
106 1539
329 1539
383 1539
1203 1539
278 1540
1395 1541
67 1542
4 1543
11 1544
535 1545
139 1546
390 1546
133 1547
758 1547
1310 1547
1500 1547
107 1548
176 1548
223 1549
166 1550
1399 1550
1006 1551
1064 1551
1371 1551
115 1552
948 1552
319 1553
439 1554
321 1555
712 1555
1212 1555
811 1556
12 1557
15 1557
16 1557
20 1557
39 1557
56 1557
298 1557
310 1557
370 1557
459 1557
479 1557
485 1557
593 1557
911 1557
1070 1557
1227 1557
2 1558
156 1558
208 1558
277 1558
493 1558
1519 1558
1232 1559
14 1560
37 1560
57 1560
93 1560
163 1560
198 1560
209 1560
360 1560
367 1560
410 1560
428 1560
686 1560
827 1560
861 1560
901 1560
998 1560
1074 1560
1265 1560
1491 1560
15 1561
278 1562
1503 1562
6 1563
291 1563
223 1564
391 1564
1 1565
208 1565
809 1565
867 1565
1222 1565
267 1566
317 1566
1100 1566
538 1567
585 1567
520 1568
1420 1568
403 1569
1564 1569
5 1570
607 1571
374 1572
398 1572
1444 1572
11 1573
12 1573
16 1573
17 1573
48 1573
119 1573
453 1573
587 1573
609 1573
670 1573
986 1573
1012 1573
1252 1573
1389 1573
142 1574
1323 1574
90 1575
151 1575
227 1575
1382 1575
113 1576
185 1577
306 1577
1312 1577
77 1578
251 1579
237 1580
13 1581
14 1582
225 1582
1099 1583
628 1584
106 1585
1 1586
80 1586
828 1586
859 1586
1480 1586
104 1587
185 1587
718 1588
1204 1588
867 1589
408 1590
439 1590
385 1591
540 1592
19 1593
613 1593
8 1594
96 1594
410 1594
975 1594
1143 1594
1503 1594
934 1595
242 1596
69 1597
259 1598
1041 1599
1412 1600
15 1601
1006 1601
242 1602
468 1603
610 1603
1491 1604
3 1605
32 1605
259 1605
1029 1605
439 1606
242 1607
159 1608
1070 1608
291 1609
1214 1609
154 1610
794 1611
6 1612
89 1612
405 1613
1552 1613
68 1614
980 1614
68 1615
164 1616
15 1617
119 1617
981 1617
1109 1617
493 1618
209 1619
32 1620
117 1621
1086 1621
4 1622
9 1622
10 1622
828 1622
849 1622
900 1622
1459 1622
1518 1622
275 1623
786 1623
1040 1623
1324 1623
1441 1623
1608 1623
474 1624
98 1625
228 1625
1533 1625
1008 1626
142 1627
1245 1628
405 1629
1292 1629
5 1630
14 1630
37 1630
68 1630
449 1630
861 1630
874 1630
420 1631
1258 1631
125 1632
208 1633
762 1633
1274 1633
395 1634
776 1635
2 1636
208 1636
217 1636
413 1636
10 1637
799 1637
237 1638
439 1639
361 1640
330 1641
1573 1641
14 1642
377 1642
539 1642
1026 1642
9 1643
221 1644
3 1645
348 1646
198 1647
337 1648
301 1649
31 1650
55 1651
13 1652
47 1652
97 1652
213 1652
299 1652
459 1652
1461 1652
711 1653
68 1654
115 1655
32 1656
361 1657
509 1658
41 1659
133 1660
57 1661
1495 1661
184 1662
98 1663
811 1664
242 1665
1525 1665
17 1666
439 1666
6 1667
291 1667
413 1667
776 1667
1039 1667
1268 1667
1647 1667
532 1668
916 1669
10 1670
6 1671
1560 1671
1 1672
178 1673
309 1673
15 1674
439 1675
243 1676
1203 1676
1407 1676
1080 1677
4 1678
3 1679
259 1679
291 1680
292 1681
610 1682
883 1682
293 1683
514 1683
774 1684
786 1684
352 1685
31 1686
755 1687
821 1687
1682 1687
479 1688
2 1689
569 1689
931 1689
68 1690
334 1691
15 1692
268 1693
305 1694
373 1694
945 1694
1413 1694
251 1695
798 1696
1467 1696
2 1697
934 1698
408 1699
275 1700
6 1701
7 1702
45 1702
1102 1702
918 1703
55 1704
268 1704
724 1704
604 1705
278 1706
93 1707
524 1707
757 1707
972 1707
15 1708
540 1708
1100 1708
794 1709
405 1710
380 1711
1195 1711
378 1712
84 1713
28 1714
59 1715
284 1716
1488 1716
1621 1716
162 1717
854 1717
208 1718
762 1719
524 1720
632 1720
882 1721
509 1722
44 1723
787 1724
1001 1724
485 1725
1 1726
5 1726
52 1726
53 1726
54 1726
158 1726
276 1726
339 1726
346 1726
546 1726
564 1726
655 1726
677 1726
692 1726
1532 1726
1633 1726
125 1727
176 1728
221 1728
1332 1728
9 1729
800 1729
1034 1729
284 1730
1106 1730
90 1731
147 1731
259 1731
758 1731
896 1731
1420 1731
1232 1732
291 1733
96 1734
248 1734
260 1734
291 1734
351 1734
444 1734
545 1734
602 1734
614 1734
619 1734
686 1734
920 1734
1387 1734
174 1735
15 1736
345 1737
1346 1737
1189 1738
867 1739
146 1740
259 1741
1682 1742
490 1743
335 1744
1408 1745
69 1746
59 1747
73 1747
354 1747
624 1747
348 1748
16 1749
99 1749
258 1749
280 1749
293 1749
458 1749
466 1749
820 1749
1551 1749
1216 1750
6 1751
32 1751
38 1751
2 1752
12 1752
133 1752
662 1752
910 1752
1625 1753
209 1754
906 1754
613 1755
117 1756
222 1756
241 1756
266 1756
341 1756
358 1756
702 1756
877 1756
897 1756
1093 1756
1192 1756
1249 1756
1414 1756
1554 1756
1606 1756
1675 1756
1512 1757
1412 1758
378 1759
1266 1760
1546 1760
301 1761
86 1762
1166 1762
1605 1762
811 1763
37 1764
57 1764
93 1764
163 1764
360 1764
367 1764
998 1764
151 1765
747 1766
15 1767
74 1767
154 1767
509 1767
9 1768
736 1768
294 1769
763 1770
811 1770
154 1771
647 1772
493 1773
321 1774
712 1774
57 1775
575 1776
619 1776
960 1776
1652 1776
1124 1777
14 1778
28 1778
69 1778
403 1778
604 1778
889 1778
963 1778
1548 1778
1 1779
4 1779
5 1779
57 1779
96 1779
208 1779
291 1779
327 1779
416 1779
507 1779
556 1779
691 1779
799 1779
809 1779
854 1779
922 1779
1054 1779
1055 1779
1222 1779
1495 1779
1515 1779
24 1780
14 1781
63 1781
72 1781
268 1781
275 1781
786 1781
799 1781
1321 1781
1621 1781
1756 1781
2 1782
931 1782
999 1782
1274 1782
780 1783
259 1784
644 1784
1465 1784
142 1785
2 1786
758 1786
9 1787
121 1787
298 1787
896 1787
1189 1787
1779 1787
185 1788
482 1788
893 1788
811 1789
268 1790
130 1791
1409 1791
233 1792
1150 1792
41 1793
969 1794
996 1794
1673 1794
643 1795
1 1796
118 1797
11 1798
7 1799
1099 1799
1362 1799
803 1800
1414 1801
58 1802
380 1803
604 1803
384 1804
41 1805
130 1806
664 1807
286 1808
1011 1808
45 1809
1671 1809
613 1810
659 1811
1262 1812
86 1813
537 1814
146 1815
628 1816
1476 1817
981 1818
1109 1818
107 1819
55 1820
1042 1820
1347 1820
1363 1820
242 1821
130 1822
94 1823
77 1824
772 1824
399 1825
493 1825
211 1826
1144 1826
1623 1826
10 1827
163 1827
190 1827
250 1827
335 1827
886 1827
975 1827
998 1827
1020 1827
1298 1827
1787 1827
55 1828
233 1828
51 1829
356 1829
502 1829
566 1829
1103 1829
1521 1829
1579 1829
5 1830
677 1830
20 1831
15 1832
7 1833
1099 1833
184 1834
15 1835
498 1836
146 1837
1057 1837
284 1838
896 1839
1726 1840
363 1841
8 1842
207 1842
424 1842
729 1842
828 1842
1214 1843
140 1844
4 1845
206 1845
151 1846
267 1846
312 1846
422 1846
515 1846
578 1846
667 1846
745 1846
977 1846
1605 1846
1731 1846
1741 1846
1784 1846
373 1847
41 1848
12 1849
17 1849
87 1849
453 1849
619 1849
986 1849
1252 1849
1389 1849
1657 1849
35 1850
259 1851
68 1852
209 1852
980 1852
1265 1852
896 1853
1088 1853
1744 1853
41 1854
1741 1855
514 1856
291 1857
201 1858
357 1858
715 1858
1527 1858
1625 1858
9 1859
57 1860
135 1861
237 1861
252 1861
331 1861
404 1861
1828 1861
378 1862
170 1863
1344 1863
1398 1863
1859 1863
161 1864
141 1865
1026 1865
1 1866
413 1866
442 1866
854 1866
2 1867
556 1868
11 1869
67 1869
130 1869
663 1869
943 1869
259 1870
9 1871
896 1871
1189 1871
1157 1872
867 1873
45 1874
708 1875
19 1876
112 1877
14 1878
1849 1878
98 1879
5 1880
142 1881
570 1881
1395 1881
12 1882
672 1882
1371 1882
26 1883
516 1883
648 1883
1779 1884
335 1885
31 1886
129 1887
1109 1888
1014 1889
466 1890
638 1891
1756 1892
1306 1893
28 1894
201 1894
133 1895
208 1896
400 1897
1490 1898
373 1899
68 1900
1334 1901
1000 1902
799 1903
38 1904
435 1905
1007 1905
6 1906
9 1906
896 1906
176 1907
540 1907
5 1908
8 1908
54 1908
267 1908
422 1908
487 1908
515 1908
667 1908
975 1908
1224 1908
1350 1908
1365 1908
1376 1908
1508 1908
1598 1908
1605 1908
1784 1908
1008 1909
1557 1909
487 1910
906 1911
403 1912
4 1913
159 1913
416 1914
1630 1914
739 1915
980 1915
113 1916
361 1917
654 1917
11 1918
69 1918
1250 1918
340 1919
1068 1919
466 1920
1010 1921
19 1922
130 1923
51 1924
356 1924
502 1924
1521 1924
517 1925
698 1926
399 1927
710 1927
928 1927
474 1928
8 1929
388 1929
611 1929
666 1929
902 1929
1038 1929
1302 1929
1419 1929
1620 1929
1656 1929
3 1930
76 1930
259 1930
468 1931
1501 1932
1779 1933
509 1934
1109 1934
794 1935
142 1936
13 1937
1196 1938
1709 1938
1935 1938
211 1939
720 1939
1260 1939
129 1940
758 1941
1557 1942
17 1943
305 1943
708 1943
1580 1943
1638 1943
549 1944
2 1945
208 1945
217 1945
77 1946
17 1947
541 1948
701 1948
398 1949
15 1950
142 1951
74 1952
612 1952
1921 1952
1827 1953
13 1954
293 1954
1080 1954
315 1955
106 1956
15 1957
809 1958
15 1959
1006 1959
604 1960
1021 1960
1529 1961
129 1962
235 1963
218 1964
560 1964
1749 1964
1553 1965
537 1966
318 1967
1758 1967
634 1968
28 1969
65 1969
90 1969
231 1969
238 1969
294 1969
473 1969
589 1969
1041 1969
1325 1969
509 1970
9 1971
1354 1971
1445 1971
1827 1971
361 1972
939 1972
408 1973
12 1974
13 1974
15 1974
24 1974
117 1974
268 1974
358 1974
1006 1974
1153 1974
1369 1974
1557 1974
1573 1974
1749 1974
112 1975
117 1975
604 1975
490 1976
242 1977
1525 1977
308 1978
284 1979
710 1979
1652 1980
400 1981
1147 1981
1560 1981
1764 1981
1827 1981
3 1982
259 1982
259 1983
26 1984
64 1985
1534 1986
254 1987
846 1987
1006 1988
9 1989
896 1989
11 1990
22 1991
2 1992
209 1993
2 1994
267 1994
352 1994
669 1994
1326 1994
1519 1995
524 1996
1270 1997
1353 1998
9 1999
56 2000
208 2000
911 2000
1390 2000
691 2001
1682 2001
558 2002
1584 2002
1827 2003
269 2004
1031 2004
212 2005
268 2006
724 2006
1833 2007
776 2008
1919 2008
50 2009
408 2009
1443 2009
1454 2009
672 2010
38 2011
208 2011
1519 2011
41 2012
15 2013
1006 2013
949 2014
1551 2014
237 2015
759 2015
868 2015
1479 2015
98 2016
1971 2016
16 2017
84 2017
593 2017
714 2017
1229 2017
1626 2017
1310 2018
1498 2018
8 2019
21 2019
53 2019
155 2019
212 2019
216 2019
298 2019
383 2019
392 2019
568 2019
586 2019
828 2019
975 2019
977 2019
1019 2019
1203 2019
1237 2019
1503 2019
1786 2019
1941 2019
208 2020
1726 2020
201 2021
44 2022
286 2022
1515 2022
691 2023
15 2024
1073 2024
1179 2024
208 2025
762 2025
811 2025
361 2026
176 2027
389 2027
1629 2027
311 2028
1729 2028
3 2029
1843 2030
6 2031
647 2031
1526 2031
1202 2032
254 2033
846 2033
362 2034
604 2035
67 2036
1670 2037
133 2038
176 2038
361 2038
552 2038
975 2038
1064 2038
1243 2038
1503 2038
37 2039
1379 2039
1783 2039
388 2040
14 2041
209 2041
440 2041
900 2041
259 2042
525 2043
98 2044
301 2045
11 2046
818 2047
15 2048
51 2049
8 2050
9 2050
1392 2050
1503 2050
439 2051
69 2052
780 2053
1 2054
2 2054
5 2054
9 2054
83 2054
257 2054
294 2054
296 2054
433 2054
554 2054
647 2054
679 2054
691 2054
744 2054
944 2054
1210 2054
1845 2054
270 2055
1 2056
9 2056
1189 2056
6 2057
120 2057
671 2057
58 2058
519 2058
1266 2058
1687 2059
16 2060
1249 2060
24 2061
1074 2061
1600 2061
1216 2062
1857 2062
809 2063
235 2064
1006 2065
2014 2065
13 2066
1476 2066
949 2067
1551 2067
2065 2067
58 2068
1145 2069
1274 2070
2019 2070
84 2071
1368 2071
15 2072
221 2072
292 2072
1956 2072
1342 2073
251 2074
1545 2075
4 2076
556 2076
266 2077
301 2078
1254 2078
575 2079
1652 2079
1342 2080
531 2081
385 2082
41 2083
599 2083
519 2084
1260 2085
301 2086
311 2087
1729 2087
889 2088
15 2089
819 2090
14 2091
604 2091
199 2092
604 2093
63 2094
275 2094
165 2095
9 2096
1 2097
368 2098
700 2098
930 2098
640 2099
142 2100
289 2101
662 2101
1063 2101
1522 2101
435 2102
809 2103
672 2104
758 2104
1335 2104
1443 2104
1586 2104
2019 2104
24 2105
567 2106
2033 2106
362 2107
2 2108
268 2109
898 2109
2 2110
74 2111
11 2112
401 2112
532 2113
803 2114
762 2115
1726 2115
84 2116
648 2116
1837 2116
1217 2117
345 2118
524 2118
827 2118
1422 2118
1772 2118
2054 2118
398 2119
37 2120
68 2120
449 2120
677 2120
874 2120
1779 2120
208 2121
361 2122
1545 2123
474 2124
41 2125
137 2125
343 2125
306 2126
26 2127
867 2128
15 2129
2 2130
1019 2130
266 2131
10 2132
365 2133
330 2134
141 2135
906 2135
1205 2136
514 2137
184 2138
1972 2138
15 2139
30 2139
96 2139
444 2139
552 2139
583 2139
686 2139
722 2139
761 2139
813 2139
975 2139
1006 2139
1064 2139
1238 2139
1443 2139
1503 2139
1573 2139
1798 2139
2046 2139
74 2140
107 2140
133 2140
178 2140
193 2140
236 2140
261 2140
315 2140
347 2140
362 2140
648 2140
789 2140
1004 2140
1254 2140
1381 2140
1498 2140
1504 2140
1778 2140
157 2141
604 2141
317 2142
647 2142
989 2142
1707 2142
1720 2142
399 2143
605 2143
928 2143
809 2144
8 2145
49 2145
127 2145
1503 2145
1779 2145
2054 2145
240 2146
529 2146
2086 2146
809 2147
474 2148
1006 2149
1323 2150
15 2151
2148 2151
408 2152
405 2153
1066 2154
130 2155
141 2156
264 2156
41 2157
201 2158
6 2159
380 2160
549 2160
92 2161
17 2162
298 2162
349 2162
373 2162
1807 2162
794 2163
2 2164
2040 2165
211 2166
275 2166
664 2166
1260 2166
664 2167
20 2168
120 2169
1159 2169
2 2170
99 2170
57 2171
86 2171
417 2171
451 2171
719 2171
762 2171
885 2171
1314 2171
1834 2171
267 2172
1100 2172
482 2173
240 2174
89 2175
854 2175
1495 2175
1099 2176
142 2177
615 2177
888 2177
275 2178
531 2178
1720 2179
512 2180
1501 2181
11 2182
2061 2183
1 2184
9 2184
10 2184
14 2184
54 2184
68 2184
198 2184
209 2184
312 2184
352 2184
556 2184
815 2184
874 2184
896 2184
1068 2184
1176 2184
1317 2184
1563 2184
1906 2184
2057 2184
2159 2184
698 2185
1257 2186
301 2187
1902 2187
141 2188
1119 2188
554 2189
2120 2189
2184 2189
275 2190
439 2191
732 2192
133 2193
292 2193
352 2193
556 2193
672 2193
1539 2193
1676 2193
407 2194
1459 2194
945 2195
1221 2196
1644 2196
2072 2196
1020 2197
799 2198
784 2199
896 2199
1445 2199
1827 2199
1189 2200
2009 2200
385 2201
33 2202
604 2203
32 2204
2098 2205
170 2206
294 2206
1212 2206
58 2207
490 2208
301 2209
1615 2209
1925 2209
643 2210
1371 2210
794 2211
1992 2211
525 2212
2115 2213
164 2214
6 2215
1247 2215
2022 2215
254 2216
511 2216
1591 2216
74 2217
154 2217
311 2218
1729 2218
98 2219
162 2219
228 2219
1533 2219
1548 2220
1622 2221
2194 2221
799 2222
1258 2222
509 2223
399 2224
493 2224
575 2225
619 2225
1652 2225
129 2226
2006 2226
737 2227
2037 2227
4 2228
186 2228
427 2229
870 2229
1498 2230
374 2231
604 2231
1287 2231
112 2232
3 2233
604 2234
2120 2235
41 2236
674 2237
1426 2237
439 2238
742 2239
1133 2240
1109 2241
244 2242
2 2243
787 2244
1001 2244
1006 2245
74 2246
532 2247
888 2248
19 2249
2033 2250
2 2251
6 2251
493 2251
758 2251
792 2251
1173 2251
2019 2251
2145 2251
493 2252
945 2253
1227 2253
2019 2254
1734 2255
554 2256
2117 2256
6 2257
2 2258
5 2259
212 2260
599 2261
334 2262
1846 2263
1908 2263
2172 2263
10 2264
3 2265
24 2265
60 2265
896 2265
1733 2265
408 2266
537 2267
16 2268
17 2268
84 2268
182 2268
187 2268
298 2268
624 2268
714 2268
1229 2268
2096 2269
2120 2270
3 2271
575 2272
1652 2272
301 2273
106 2274
995 2275
291 2276
1214 2276
1333 2276
1165 2277
1323 2278
863 2279
361 2280
141 2281
133 2282
662 2282
1128 2283
14 2284
1758 2285
899 2286
69 2287
808 2287
1394 2287
585 2288
11 2289
67 2289
117 2289
159 2289
211 2289
968 2289
1033 2289
1459 2289
1489 2289
1510 2289
2094 2289
466 2290
893 2291
787 2292
5 2293
9 2293
80 2293
279 2293
818 2293
1189 2293
2248 2293
9 2294
1317 2294
19 2295
96 2296
185 2296
410 2296
975 2296
531 2297
1848 2298
5 2299
334 2300
1029 2301
1762 2301
14 2302
284 2303
1037 2304
867 2305
380 2306
2073 2307
15 2308
221 2308
292 2308
1956 2308
2196 2308
251 2309
26 2310
141 2311
237 2311
1232 2311
1255 2311
896 2312
1744 2312
1171 2313
294 2314
11 2315
99 2315
949 2315
1551 2315
2139 2315
1232 2316
1820 2316
1218 2317
1644 2317
398 2318
9 2319
296 2319
433 2319
944 2319
1845 2319
142 2320
490 2321
57 2322
2318 2322
137 2323
1963 2323
2 2324
1861 2325
89 2326
854 2326
1696 2326
83 2327
98 2328
1849 2329
178 2330
309 2330
1794 2330
568 2331
1443 2331
1734 2332
2245 2332
2013 2333
516 2334
648 2334
2073 2334
211 2335
1070 2335
2014 2335
809 2336
291 2337
133 2338
361 2338
1503 2338
1917 2338
9 2339
1189 2339
787 2340
1001 2340
219 2341
269 2341
498 2341
846 2341
62 2342
1929 2343
2 2344
3 2345
11 2346
986 2346
24 2347
1531 2348
92 2349
184 2350
1 2351
14 2351
76 2351
125 2351
334 2351
773 2351
58 2352
811 2352
2125 2352
2323 2352
604 2353
1519 2354
809 2355
604 2356
112 2357
1560 2357
1006 2358
77 2359
201 2360
374 2361
398 2361
317 2362
962 2362
2 2363
1864 2363
385 2364
1401 2364
290 2365
1089 2365
291 2366
1214 2366
11 2367
8 2368
40 2368
86 2368
209 2368
238 2368
1068 2368
1293 2368
1294 2368
1416 2368
283 2369
2142 2370
799 2371
2220 2372
671 2373
334 2374
1584 2375
84 2376
1368 2376
622 2377
2013 2378
142 2379
610 2379
4 2380
439 2381
291 2382
1039 2382
168 2383
2072 2383
2308 2383
142 2384
64 2385
361 2386
374 2386
654 2386
11 2387
16 2387
17 2387
33 2387
59 2387
187 2387
243 2387
373 2387
401 2387
619 2387
802 2387
865 2387
1229 2387
1291 2387
1369 2387
2038 2387
63 2388
316 2388
15 2389
524 2390
67 2391
256 2391
1459 2391
2146 2391
436 2392
624 2393
828 2393
969 2393
1368 2394
129 2395
896 2396
185 2397
306 2397
835 2397
1248 2397
389 2398
361 2399
68 2400
1570 2401
76 2402
99 2402
387 2402
506 2402
528 2402
579 2402
764 2402
773 2402
1010 2402
1126 2402
1360 2402
1767 2402
1952 2402
2140 2402
2217 2402
151 2403
519 2403
644 2403
1095 2403
1546 2403
373 2404
294 2405
357 2406
2219 2406
242 2407
235 2408
3 2409
1513 2409
1943 2410
1687 2411
211 2412
1317 2412
1827 2412
53 2413
212 2413
298 2413
366 2413
392 2413
568 2413
586 2413
686 2413
818 2413
940 2413
1019 2413
1084 2413
1202 2413
1203 2413
1237 2413
1401 2413
1547 2413
1786 2413
1941 2413
5 2414
498 2415
734 2416
1159 2416
587 2417
1570 2418
482 2419
133 2420
662 2420
24 2421
83 2422
361 2423
1 2424
2 2424
3 2424
4 2424
32 2424
57 2424
118 2424
147 2424
189 2424
208 2424
259 2424
291 2424
400 2424
525 2424
758 2424
779 2424
792 2424
991 2424
1173 2424
1274 2424
1344 2424
1420 2424
1594 2424
2145 2424
17 2425
182 2425
187 2425
624 2425
714 2425
2006 2426
1756 2427
803 2428
1334 2429
69 2430
89 2431
145 2431
207 2431
77 2432
772 2432
1090 2432
1610 2432
1767 2432
2217 2432
1516 2433
201 2434
387 2435
1722 2435
2223 2435
268 2436
1768 2436
776 2437
867 2438
96 2439
248 2439
260 2439
291 2439
351 2439
602 2439
619 2439
686 2439
2255 2439
65 2440
170 2440
238 2440
473 2440
679 2440
1016 2440
1077 2440
1565 2440
1779 2440
2144 2440
2147 2440
2336 2440
84 2441
571 2441
1837 2441
2214 2442
408 2443
1443 2443
1454 2443
1913 2444
292 2445
575 2446
919 2447
2 2448
10 2448
317 2448
679 2448
727 2448
1487 2448
1535 2448
120 2449
1539 2449
2274 2449
1196 2450
30 2451
72 2451
275 2451
299 2451
691 2451
727 2451
786 2451
799 2451
1461 2451
1535 2451
1975 2451
1088 2452
454 2453
1779 2454
2 2455
493 2455
334 2456
221 2457
2109 2458
2307 2458
5 2459
59 2459
439 2460
1420 2461
1817 2462
1917 2462
2368 2463
439 2464
222 2465
702 2465
897 2465
1093 2465
1414 2465
1606 2465
1675 2465
2427 2465
1990 2466
67 2467
2033 2468
751 2469
7 2470
142 2471
9 2472
208 2472
1222 2472
1599 2472
301 2473
107 2474
1061 2474
1714 2474
178 2475
799 2476
1001 2477
1299 2477
562 2478
753 2479
15 2480
1408 2481
17 2482
69 2483
320 2483
1071 2483
1883 2483
2116 2483
2140 2483
2334 2483
6 2484
9 2484
10 2484
21 2484
54 2484
80 2484
104 2484
121 2484
298 2484
392 2484
421 2484
568 2484
940 2484
1189 2484
1203 2484
1237 2484
1685 2484
1734 2485
664 2486
2161 2486
8 2487
155 2487
298 2487
323 2487
424 2487
686 2487
729 2487
818 2487
828 2487
912 2487
975 2487
1019 2487
1401 2487
1941 2487
1989 2488
69 2489
130 2490
1849 2491
896 2492
1094 2492
1225 2492
329 2493
978 2493
54 2494
5 2495
254 2496
511 2496
891 2496
2358 2497
2481 2497
1940 2498
318 2499
1540 2499
880 2500
1103 2500
1521 2500
2309 2500
8 2501
1503 2501
235 2502
1014 2502
12 2503
910 2503
640 2504
3 2505
11 2505
1380 2505
314 2506
584 2506
727 2506
755 2506
792 2506
822 2506
922 2506
1497 2506
1809 2506
1874 2506
1835 2507
1720 2508
1301 2509
2402 2509
130 2510
1724 2510
2244 2510
2340 2510
439 2511
1356 2511
12 2512
1232 2513
1820 2513
864 2514
403 2515
988 2516
352 2517
2484 2517
4 2518
7 2518
10 2518
181 2518
198 2518
353 2518
360 2518
367 2518
420 2518
827 2518
900 2518
901 2518
1210 2518
1265 2518
1609 2518
1680 2518
1779 2518
1857 2518
2276 2518
2382 2518
2 2519
268 2519
532 2519
910 2519
1584 2519
17 2520
6 2521
32 2521
291 2521
413 2521
1190 2521
365 2522
529 2522
762 2523
266 2524
2209 2525
995 2526
1649 2527
575 2528
347 2529
6 2530
413 2530
771 2530
776 2530
1264 2530
1993 2530
2368 2530
277 2531
1026 2531
45 2532
211 2532
363 2532
58 2533
15 2534
1613 2535
2303 2535
67 2536
190 2537
1622 2537
1185 2538
984 2539
22 2540
785 2540
6 2541
292 2541
377 2541
532 2541
539 2541
4 2542
7 2542
8 2542
93 2542
198 2542
410 2542
1563 2542
1609 2542
1667 2542
1733 2542
2276 2542
2424 2542
2530 2543
2 2544
493 2544
1266 2545
1546 2545
378 2546
1008 2547
130 2548
1635 2548
5 2549
677 2549
1665 2549
604 2550
14 2551
1639 2552
15 2553
74 2553
142 2553
732 2553
2242 2553
99 2554
334 2554
1116 2554
1126 2554
1658 2554
1767 2554
1934 2554
1970 2554
2223 2554
9 2555
1863 2555
235 2556
15 2557
1311 2558
2120 2558
2140 2559
610 2560
479 2561
1470 2562
2109 2562
102 2563
142 2564
251 2565
1883 2565
15 2566
734 2566
219 2567
1820 2567
973 2568
41 2569
1827 2570
151 2571
231 2571
247 2571
596 2571
686 2571
726 2571
1086 2571
1598 2571
1679 2571
1851 2571
1870 2571
1983 2571
2424 2571
378 2572
57 2573
86 2573
417 2573
762 2573
1834 2573
698 2574
889 2575
1356 2576
148 2577
1768 2578
2 2579
525 2580
1207 2581
2186 2582
10 2583
560 2584
74 2585
142 2586
809 2587
1346 2588
254 2589
511 2589
1206 2589
2082 2589
162 2590
1420 2590
1073 2591
268 2592
151 2593
578 2593
977 2593
2402 2594
435 2595
665 2595
2579 2595
8 2596
14 2596
209 2596
440 2596
719 2596
900 2596
8 2597
10 2597
140 2597
189 2597
335 2597
510 2597
556 2597
686 2597
886 2597
975 2597
1178 2597
1516 2597
1731 2597
1787 2597
1853 2597
1871 2597
2184 2597
2312 2597
594 2598
439 2599
443 2599
998 2599
867 2600
154 2601
2019 2601
165 2602
24 2603
130 2604
176 2605
435 2606
3 2607
352 2608
1587 2608
1 2609
5 2609
10 2609
525 2609
622 2609
896 2609
2327 2609
2422 2609
291 2610
13 2611
408 2612
1952 2612
1890 2613
831 2614
643 2615
330 2616
119 2617
240 2617
765 2617
1158 2617
1946 2617
2359 2617
67 2618
1545 2619
3 2620
185 2621
306 2621
313 2621
379 2621
457 2621
482 2621
608 2621
804 2621
1222 2621
2054 2621
211 2622
6 2623
84 2624
201 2625
334 2626
1255 2626
1881 2626
799 2627
821 2627
1147 2627
254 2628
24 2629
77 2630
268 2631
799 2632
1726 2633
41 2634
13 2635
879 2636
2429 2637
112 2638
1174 2638
575 2639
1652 2639
28 2640
12 2641
13 2641
16 2641
22 2641
51 2641
56 2641
66 2641
88 2641
97 2641
133 2641
237 2641
239 2641
241 2641
266 2641
369 2641
370 2641
479 2641
532 2641
558 2641
604 2641
624 2641
654 2641
1006 2641
1026 2641
1849 2641
2425 2641
2482 2641
1006 2642
204 2643
732 2643
1938 2643
221 2644
252 2644
331 2644
1828 2644
2325 2644
959 2645
193 2646
355 2646
490 2646
743 2646
789 2646
960 2646
1006 2646
1052 2646
1940 2646
2226 2646
208 2647
1720 2648
479 2649
228 2650
2406 2650
182 2651
445 2652
2122 2653
896 2654
1744 2654
142 2655
615 2655
888 2655
1538 2655
58 2656
1707 2656
2004 2657
3 2658
947 2658
1762 2658
1908 2658
441 2659
6 2660
89 2660
1840 2660
80 2661
7 2662
1420 2662
1734 2662
2139 2662
2296 2662
166 2663
1399 2663
290 2664
1734 2665
2439 2665
799 2666
1726 2667
28 2668
125 2669
135 2669
165 2669
906 2669
315 2670
135 2671
924 2671
31 2672
2574 2672
352 2673
7 2674
45 2674
60 2674
883 2674
926 2674
1186 2674
1283 2674
1503 2674
1779 2674
2001 2674
2054 2674
242 2675
184 2676
827 2676
58 2677
851 2678
1459 2678
112 2679
1609 2679
2276 2679
268 2680
303 2680
1501 2680
2451 2680
1401 2681
1714 2682
60 2683
274 2683
2253 2684
1729 2685
5 2686
9 2686
118 2686
291 2686
400 2686
413 2686
1400 2686
1560 2686
1827 2686
2599 2686
1407 2687
883 2688
1863 2688
2424 2688
5 2689
37 2690
57 2690
163 2690
198 2690
827 2690
1074 2690
1491 2690
2357 2690
2686 2690
6 2691
170 2691
291 2691
317 2691
647 2691
962 2691
1764 2691
1171 2692
873 2693
1024 2693
57 2694
14 2695
321 2696
154 2697
1824 2697
165 2698
299 2698
1551 2698
2210 2698
1756 2699
361 2700
219 2701
1534 2701
613 2702
67 2703
2000 2704
1792 2705
1833 2706
15 2707
57 2708
294 2708
908 2708
1001 2708
19 2709
293 2710
602 2710
1163 2710
1347 2710
1363 2710
1559 2710
2513 2710
118 2711
403 2712
45 2713
201 2714
2073 2714
378 2715
1001 2716
129 2717
1368 2718
11 2719
67 2719
75 2719
109 2719
110 2719
125 2719
164 2719
165 2719
191 2719
320 2719
370 2719
396 2719
473 2719
1070 2719
1232 2719
1255 2719
1417 2719
1518 2719
1704 2719
1820 2719
92 2720
854 2721
1190 2721
2176 2721
2714 2721
11 2722
10 2723
120 2724
408 2724
575 2724
2641 2724
2 2725
2413 2725
133 2726
1974 2726
2387 2726
1737 2727
2118 2727
1207 2728
1996 2728
1232 2729
1820 2729
818 2730
201 2731
60 2732
63 2732
108 2732
218 2732
259 2732
352 2732
375 2732
730 2732
768 2732
834 2732
971 2732
998 2732
1519 2732
1570 2732
1726 2732
1779 2732
1830 2732
2054 2732
2259 2732
2293 2732
2495 2732
223 2733
2646 2734
294 2735
361 2736
1849 2736
1346 2737
995 2738
334 2739
408 2740
1069 2741
2248 2741
15 2742
24 2742
117 2742
268 2742
358 2742
1369 2742
1749 2742
74 2743
373 2744
490 2744
1898 2744
10 2745
223 2745
390 2745
790 2745
1765 2745
2571 2745
3 2746
118 2746
1343 2746
378 2747
112 2748
844 2749
15 2750
74 2750
1501 2750
1747 2750
2554 2751
1972 2752
362 2753
1779 2753
15 2754
603 2754
1749 2754
1922 2755
4 2756
708 2757
585 2758
756 2758
851 2758
1686 2758
1882 2758
1886 2758
165 2759
1551 2759
2210 2759
334 2760
512 2761
13 2762
47 2762
70 2762
361 2762
479 2762
645 2762
1304 2762
1434 2762
1734 2762
1849 2762
2225 2762
6 2763
2187 2764
294 2765
32 2766
35 2767
416 2767
2696 2767
32 2768
201 2769
254 2769
352 2769
399 2769
1206 2769
2005 2769
2260 2769
2413 2769
1770 2770
385 2771
436 2772
5 2773
291 2774
776 2774
184 2775
1136 2776
2767 2777
585 2778
1882 2778
352 2779
22 2780
1060 2780
1755 2780
2 2781
217 2781
2333 2782
84 2783
2483 2783
26 2784
229 2784
32 2785
390 2786
1570 2787
1431 2788
623 2789
1491 2789
1730 2789
5 2790
677 2790
435 2791
166 2792
1399 2792
89 2793
2099 2794
10 2795
340 2795
332 2796
235 2797
1853 2798
141 2799
2268 2799
2425 2799
2651 2799
68 2800
1066 2800
1696 2800
4 2801
235 2802
1694 2802
1109 2803
503 2804
609 2804
695 2804
1037 2804
1450 2804
1463 2804
1555 2804
2758 2805
567 2806
6 2807
183 2808
255 2808
309 2808
486 2808
648 2808
1310 2808
1504 2808
1778 2808
1918 2808
2483 2808
2489 2808
2539 2809
672 2810
1471 2810
1586 2810
11 2811
585 2811
1 2812
9 2812
68 2812
209 2812
312 2812
815 2812
874 2812
896 2812
1317 2812
2057 2812
2189 2812
9 2813
896 2813
841 2814
2227 2814
2688 2815
361 2816
1459 2817
57 2818
291 2818
1222 2818
1400 2818
1614 2818
1852 2818
3 2819
11 2819
1380 2819
575 2820
493 2821
2 2822
242 2823
301 2824
89 2825
854 2825
1696 2825
1500 2826
8 2827
155 2827
104 2828
359 2828
509 2828
1114 2828
1904 2828
2011 2828
39 2829
370 2829
459 2829
706 2829
911 2829
1227 2829
1942 2829
2103 2830
2665 2831
669 2832
672 2832
758 2832
201 2833
1 2834
9 2834
10 2834
89 2834
232 2834
677 2834
792 2834
1317 2834
1344 2834
439 2835
514 2835
1749 2836
12 2837
36 2837
1012 2837
1228 2837
1572 2837
1737 2838
235 2839
119 2840
1109 2840
1232 2841
320 2842
1057 2842
1071 2842
1883 2842
2116 2842
20 2843
1541 2844
719 2845
1098 2845
1723 2845
2022 2845
686 2846
3 2847
809 2847
1534 2847
2022 2847
2091 2848
312 2849
1166 2849
37 2850
874 2850
24 2851
1 2852
5 2852
8 2852
53 2852
184 2852
339 2852
636 2852
839 2852
1226 2852
2011 2852
2732 2852
517 2853
2209 2853
2799 2854
2146 2855
163 2856
201 2856
1907 2857
19 2858
2736 2859
130 2860
1281 2861
125 2862
15 2863
292 2863
344 2863
1585 2863
2274 2863
799 2864
2227 2865
1541 2866
2651 2867
2854 2867
2496 2868
1754 2869
1459 2870
9 2871
1518 2871
2041 2871
2537 2871
2684 2871
301 2872
478 2872
378 2873
1875 2873
378 2874
69 2875
705 2876
2368 2876
2857 2877
15 2878
1080 2879
347 2880
486 2881
2287 2881
106 2882
54 2883
2287 2883
2 2884
14 2885
2 2886
2431 2887
408 2888
446 2889
753 2889
1163 2890
466 2891
1763 2891
2809 2891
45 2892
175 2893
493 2894
10 2895
590 2895
860 2895
2392 2895
2772 2895
1779 2896
133 2897
747 2898
211 2899
664 2899
318 2900
12 2901
36 2901
1572 2901
1310 2902
730 2903
2142 2903
19 2904
15 2905
231 2906
8 2907
17 2907
43 2907
96 2907
126 2907
182 2907
293 2907
444 2907
545 2907
602 2907
614 2907
683 2907
920 2907
1080 2907
1469 2907
1865 2907
2135 2907
2156 2907
2799 2907
74 2908
2059 2909
2037 2910
174 2911
619 2911
1489 2911
2762 2911
28 2912
142 2913
5 2914
474 2915
1151 2916
1243 2916
2847 2916
11 2917
258 2918
378 2918
427 2918
509 2919
2507 2920
916 2921
284 2922
809 2923
4 2924
10 2924
353 2924
420 2924
1609 2924
1857 2924
2276 2924
2552 2924
417 2925
1726 2925
560 2926
80 2927
81 2927
586 2927
729 2927
15 2928
16 2928
17 2928
54 2928
176 2928
209 2928
299 2928
303 2928
358 2928
380 2928
408 2928
488 2928
540 2928
575 2928
612 2928
906 2928
910 2928
1003 2928
1022 2928
1121 2928
1244 2928
1420 2928
1443 2928
1501 2928
1581 2928
2635 2928
2406 2929
15 2930
1836 2931
184 2932
585 2933
756 2933
22 2934
520 2935
1484 2935
2751 2935
55 2936
176 2937
2268 2937
2387 2937
2425 2937
1756 2938
201 2939
1171 2940
410 2941
1749 2942
361 2943
374 2943
654 2943
69 2944
2140 2944
342 2945
562 2945
1788 2945
2291 2945
2693 2945
1124 2946
970 2947
1304 2947
2220 2948
32 2949
317 2949
2041 2949
2596 2949
45 2950
1 2951
352 2952
1587 2952
2839 2952
91 2953
148 2953
391 2953
501 2953
1024 2953
1027 2953
1624 2953
2148 2953
3 2954
8 2954
10 2954
37 2954
68 2954
185 2954
353 2954
410 2954
809 2954
874 2954
1238 2954
1575 2954
876 2955
2505 2955
2819 2955
21 2956
158 2956
190 2956
281 2956
2054 2956
299 2957
242 2958
502 2959
619 2959
867 2960
9 2961
301 2962
2436 2963
129 2964
2646 2964
374 2965
1285 2965
2229 2965
325 2966
380 2967
802 2968
63 2969
316 2969
2847 2969
873 2970
846 2971
2250 2971
867 2972
181 2973
2373 2973
55 2974
172 2974
248 2974
260 2974
1347 2974
1421 2974
2311 2974
2513 2974
809 2975
1969 2975
509 2976
201 2977
1709 2978
1174 2979
791 2980
934 2981
83 2982
453 2983
1389 2983
1657 2983
1878 2983
2329 2983
7 2984
242 2985
2508 2985
2413 2986
916 2987
771 2988
201 2989
15 2990
1026 2990
1371 2990
1501 2990
2387 2990
1332 2991
462 2992
2424 2993
2109 2994
2945 2995
2013 2996
284 2997
159 2998
372 2999
531 2999
892 2999
1464 2999
2085 2999
1011 3000
