1 2
1 3
2 3
1 4
2 4
3 4
1 5
2 5
3 5
4 5
1 6
2 6
3 6
4 6
5 6
1 7
2 7
3 7
4 7
5 7
6 7
1 8
2 8
3 8
4 8
5 8
6 8
7 8
1 9
2 9
3 9
4 9
5 9
6 9
7 9
8 9
1 10
2 10
3 10
4 10
5 10
6 10
7 10
8 10
9 10
8 11
11 12
11 13
12 13
2 14
6 14
10 14
11 14
12 14
13 14
1 15
11 15
12 15
13 15
14 15
11 16
12 16
13 16
14 16
15 16
1 17
11 17
12 17
13 17
14 17
15 17
16 17
14 18
2 19
17 20
2 21
17 22
5 23
16 24
15 25
2 26
9 27
15 28
13 29
11 30
11 31
8 32
15 33
4 34
5 35
14 36
6 37
15 38
17 39
12 40
1 41
3 42
11 43
16 44
10 45
9 46
17 47
14 48
10 49
9 50
17 51
40 51
2 52
2 53
2 54
3 54
6 54
10 54
13 54
48 54
11 55
12 55
13 55
17 56
3 57
6 57
7 57
8 57
9 57
24 57
41 58
15 59
1 60
4 60
5 60
9 60
10 60
54 60
57 60
13 61
40 62
4 63
5 63
9 63
10 63
11 63
14 64
3 65
17 66
13 67
14 67
31 67
43 67
55 67
63 67
6 68
15 69
17 70
16 71
11 72
67 72
15 73
1 74
14 74
38 74
69 74
73 74
43 75
55 75
74 76
74 77
52 78
14 79
2 80
2 81
4 82
1 83
4 83
5 83
7 83
9 83
10 83
65 83
15 84
55 85
1 86
3 86
6 86
32 86
14 87
17 88
7 89
60 89
83 89
86 89
3 90
4 90
8 90
10 90
37 90
68 90
58 91
45 92
1 93
6 93
32 93
89 93
26 94
15 95
1 96
7 96
11 96
90 96
17 97
58 98
90 98
15 99
74 99
32 100
1 101
58 101
15 102
64 103
2 104
38 104
8 105
9 105
24 105
15 106
14 107
28 107
69 107
84 107
95 107
5 108
55 109
55 110
67 111
16 112
1 113
45 114
40 115
45 116
10 117
14 117
16 117
17 117
30 117
55 117
63 117
72 117
8 118
85 118
14 119
38 119
77 119
99 119
64 120
66 120
106 120
2 121
69 122
89 123
11 124
55 125
118 125
11 126
10 127
15 128
15 129
2 130
31 130
10 131
32 132
11 133
13 133
16 133
17 133
59 133
69 133
84 133
99 133
129 133
9 134
55 135
98 136
58 137
107 138
58 139
9 140
8 141
13 141
15 141
17 141
43 141
55 141
96 141
126 141
136 142
141 143
3 144
86 144
2 145
123 145
12 146
31 146
75 146
117 146
8 147
58 148
10 149
120 150
3 151
10 151
37 151
98 151
7 152
123 152
130 153
38 154
77 154
2 155
14 156
1 157
5 157
9 157
2 158
63 159
125 160
2 161
77 162
4 163
6 163
9 163
19 163
21 163
53 163
158 163
55 164
15 165
55 165
126 165
12 166
2 167
63 168
32 169
3 170
4 170
15 170
60 170
74 170
93 170
101 170
157 170
146 171
141 172
13 173
14 174
10 175
11 176
13 176
16 176
17 176
28 176
33 176
59 176
84 176
95 176
128 176
133 177
69 178
15 179
14 180
6 181
120 181
141 182
176 182
69 183
84 183
2 184
57 184
86 184
57 185
90 185
82 186
176 187
78 188
3 189
6 189
8 189
9 189
184 189
9 190
10 190
159 190
55 191
84 192
11 193
13 193
69 193
129 193
177 193
68 194
15 195
6 196
112 196
1 197
6 198
186 199
5 200
155 201
14 202
68 203
11 204
75 204
84 205
82 206
2 207
9 207
123 207
1 208
5 208
7 208
8 208
19 208
26 208
52 208
53 208
54 208
104 208
158 208
167 208
184 208
207 208
6 209
13 209
178 210
63 211
116 211
190 211
2 212
201 212
17 213
186 214
15 215
166 215
2 216
201 216
26 217
5 218
78 219
129 220
106 221
17 222
151 223
58 224
51 225
62 225
115 225
10 226
159 226
211 226
3 227
10 227
37 227
98 227
77 228
201 228
2 229
94 229
149 229
217 229
223 230
3 231
68 231
89 231
162 231
60 232
13 233
75 233
109 233
125 233
135 233
141 233
164 233
165 233
14 234
52 235
188 235
69 236
8 237
13 237
17 237
43 237
55 237
126 237
233 237
3 238
6 238
184 238
17 239
77 240
232 240
17 241
44 242
176 243
15 244
74 244
142 244
201 245
9 246
235 246
3 247
141 248
51 249
62 249
115 249
8 250
9 250
51 251
62 251
233 252
74 253
155 254
212 254
245 254
69 255
240 256
4 257
19 257
21 257
158 257
15 258
74 258
218 258
5 259
8 259
42 259
54 259
86 259
151 259
231 259
247 259
141 260
69 261
207 261
41 262
51 263
107 264
172 264
142 265
17 266
3 267
242 267
259 267
12 268
14 268
15 268
16 268
20 268
39 268
51 268
56 268
66 268
97 268
117 268
213 268
241 268
42 269
51 269
68 270
11 271
212 272
216 272
154 273
16 274
57 274
4 275
11 275
67 275
117 275
159 275
168 275
211 275
208 276
13 277
52 277
120 277
105 278
2 279
52 279
208 279
15 280
2 281
257 281
10 282
44 283
120 283
245 284
3 285
6 286
19 286
17 287
142 288
278 289
5 290
4 291
7 291
8 291
10 291
14 291
37 291
57 291
68 291
93 291
163 291
181 291
198 291
209 291
13 292
16 292
59 292
73 292
99 292
106 292
128 292
165 292
280 292
15 293
55 293
141 293
173 293
193 293
3 294
4 294
8 294
185 294
69 295
210 295
4 296
3 297
2 298
12 298
17 298
133 298
176 298
268 298
292 298
12 299
13 299
17 299
117 299
176 299
268 299
292 299
3 300
293 301
98 302
223 302
13 303
59 303
299 303
9 304
235 304
237 305
294 306
55 307
63 308
165 308
275 308
69 309
307 309
17 310
268 310
67 311
1 312
6 312
32 312
184 312
259 312
294 313
45 314
51 315
69 315
67 316
4 317
7 317
8 317
14 317
57 317
93 317
163 317
209 317
57 318
89 318
232 318
196 319
55 320
294 321
5 322
2 323
13 324
46 324
67 325
5 326
7 327
2 328
14 329
176 329
292 329
193 330
301 330
233 331
201 332
107 333
15 334
74 334
142 334
9 335
235 335
186 336
206 336
58 337
13 338
293 338
208 339
131 340
240 340
17 341
193 342
2 343
259 343
106 344
6 345
317 345
208 346
69 347
84 347
129 347
298 347
336 348
133 349
193 350
141 351
1 352
5 352
6 352
7 352
9 352
10 352
21 352
54 352
80 352
104 352
121 352
130 352
167 352
207 352
212 352
216 352
229 352
279 352
298 352
6 353
90 353
227 353
291 353
15 354
133 354
292 354
69 355
84 355
129 355
298 355
251 356
228 357
11 358
13 358
16 358
17 358
28 358
59 358
128 358
298 358
329 358
38 359
99 359
291 360
11 361
12 361
16 361
17 361
36 361
48 361
67 361
87 361
119 361
156 361
174 361
180 361
69 362
152 362
58 363
116 363
303 364
12 365
230 365
2 366
3 367
184 367
291 367
112 368
17 369
120 369
14 370
17 370
30 370
55 370
63 370
72 370
268 370
275 370
62 371
45 372
211 372
275 372
363 372
15 373
16 373
29 373
61 373
133 373
173 373
176 373
193 373
237 373
277 373
299 373
303 373
324 373
358 373
12 374
36 374
48 374
119 374
174 374
180 374
5 375
9 375
57 375
142 376
11 377
13 377
28 377
128 377
329 377
15 378
218 378
294 379
13 380
75 380
109 380
110 380
125 380
191 380
293 380
307 380
320 380
370 380
299 381
99 382
312 382
2 383
12 383
133 383
268 383
292 383
358 383
98 384
223 384
254 385
2 386
74 387
32 388
380 389
58 390
151 390
58 391
2 392
352 392
9 393
57 393
192 393
41 394
37 395
14 396
55 396
72 396
275 396
380 396
17 397
36 398
266 398
212 399
3 400
7 400
8 400
9 400
24 400
60 400
375 400
176 401
377 401
242 402
15 403
107 403
133 403
178 403
309 403
347 403
391 403
233 404
51 405
62 405
115 405
1 406
13 407
14 407
311 407
316 407
11 408
13 408
14 408
20 408
56 408
66 408
70 408
117 408
141 408
213 408
222 408
287 408
298 408
299 408
310 408
358 408
397 408
2 409
90 410
227 410
291 410
395 410
142 411
15 412
8 413
10 413
57 413
93 413
198 413
209 413
410 413
123 414
362 414
19 415
5 416
7 416
14 416
37 416
68 416
163 416
353 416
26 417
53 417
158 417
184 417
346 417
11 418
67 418
159 418
168 418
188 419
227 420
291 420
352 421
259 422
9 423
2 424
240 425
55 426
348 427
6 428
151 428
291 428
2 429
122 430
129 430
193 430
309 430
315 430
186 431
15 432
4 433
284 434
107 435
122 435
178 435
261 435
362 435
10 436
118 437
3 438
39 439
117 439
141 439
222 439
241 439
266 439
341 439
358 439
1 440
32 440
170 440
317 440
413 440
17 441
106 442
15 443
11 444
113 444
141 444
165 444
359 444
123 445
380 446
201 447
335 448
416 449
223 450
365 450
184 451
12 452
361 453
211 454
275 454
9 455
112 456
294 457
15 458
176 458
17 459
268 459
348 460
113 461
165 461
361 462
170 463
106 464
9 465
15 466
107 466
358 466
2 467
99 467
12 468
420 469
318 470
13 471
15 472
3 473
91 474
137 474
148 474
224 474
363 474
391 474
361 475
129 476
84 477
74 478
17 479
268 479
7 480
14 481
294 482
141 483
334 484
100 485
268 485
69 486
259 487
13 488
135 489
129 490
35 491
120 492
1 493
5 493
6 493
8 493
14 493
19 493
52 493
54 493
158 493
207 493
212 493
229 493
279 493
343 493
409 493
424 493
362 494
63 495
190 495
275 495
19 496
334 497
78 498
419 498
67 499
176 500
474 501
251 502
321 503
408 504
146 505
74 506
7 507
41 508
1 509
14 509
38 509
76 509
99 509
334 509
387 509
506 509
9 510
385 511
427 511
142 512
22 513
442 514
259 515
2 516
94 516
149 516
217 516
493 516
38 517
15 518
166 518
91 519
139 519
363 519
390 519
471 520
165 521
201 521
361 522
378 523
317 524
4 525
5 525
8 525
45 525
60 525
83 525
127 525
131 525
190 525
227 525
19 526
41 527
74 528
67 529
256 529
10 530
4 531
67 531
117 531
159 531
211 531
454 531
495 531
13 532
17 532
59 532
128 532
329 532
373 532
383 532
40 533
330 534
201 535
9 536
407 536
55 537
14 538
311 538
204 539
329 539
13 540
16 540
33 540
59 540
84 540
95 540
243 540
298 540
299 540
401 540
458 540
51 541
115 541
301 541
55 542
115 543
301 543
77 544
273 544
141 545
208 546
417 546
5 547
59 547
235 548
446 549
130 550
14 551
11 552
107 553
178 553
347 553
4 554
37 554
68 554
98 554
353 554
266 555
1 556
6 556
7 556
9 556
10 556
54 556
121 556
130 556
207 556
298 556
14 557
361 557
17 558
14 559
120 560
258 560
423 560
493 561
8 562
185 562
321 562
482 562
235 563
208 564
464 565
251 566
254 567
2 568
352 568
445 568
15 569
334 570
146 571
112 572
67 573
361 574
1 575
11 575
13 575
14 575
15 575
16 575
20 575
47 575
51 575
66 575
97 575
213 575
239 575
241 575
266 575
299 575
361 575
459 575
19 576
33 577
98 577
162 577
228 577
240 577
32 578
259 578
74 579
509 579
19 580
235 581
408 582
472 582
11 583
45 584
31 585
43 585
111 585
311 585
418 585
499 585
2 586
208 586
569 586
14 587
361 587
142 588
3 589
436 590
485 590
83 591
15 592
268 593
408 593
38 594
15 595
259 596
390 596
428 596
129 597
594 598
5 599
384 600
450 600
112 601
141 602
258 603
378 603
6 604
13 604
16 604
17 604
18 604
36 604
67 604
87 604
107 604
117 604
174 604
202 604
234 604
317 604
396 604
551 604
540 605
10 606
536 607
294 608
321 609
361 609
1 610
14 610
334 610
387 610
32 611
395 611
13 612
257 613
496 613
580 613
141 614
362 615
186 616
201 616
15 617
166 617
502 618
1 619
13 619
20 619
22 619
47 619
70 619
97 619
141 619
176 619
213 619
222 619
358 619
361 619
370 619
441 619
459 619
479 619
256 620
594 621
216 622
284 623
12 624
17 624
176 624
292 624
347 624
582 625
74 626
376 626
186 627
142 628
494 628
615 628
17 629
408 629
439 629
118 630
5 631
301 632
525 633
502 634
45 635
47 635
208 636
10 637
340 637
11 638
359 638
22 639
6 640
301 641
204 642
185 643
306 643
313 643
608 643
390 644
17 645
619 645
266 646
4 647
93 647
163 647
345 647
524 647
69 648
94 648
320 648
22 649
5 650
229 650
268 651
166 652
378 653
12 654
16 654
17 654
67 654
118 654
156 654
174 654
180 654
574 654
587 654
619 654
208 655
185 656
482 656
13 657
435 658
268 659
408 659
619 659
90 660
227 660
201 661
278 662
12 663
31 663
171 663
92 664
314 664
372 664
525 664
635 664
658 665
32 666
259 667
318 668
216 669
361 670
181 671
1 672
10 672
80 672
121 672
216 672
279 672
298 672
525 673
9 674
519 675
643 676
3 677
35 677
60 677
83 677
208 677
218 677
259 677
290 677
375 677
416 677
493 677
525 677
547 677
2 678
208 678
493 678
1 679
3 679
4 679
7 679
9 679
11 679
118 679
147 679
208 679
219 679
413 679
591 679
55 680
380 680
15 681
5 682
141 683
585 684
334 685
1 686
2 686
6 686
9 686
11 686
32 686
90 686
118 686
141 686
147 686
259 686
291 686
400 686
493 686
378 687
10 688
493 689
15 690
1 691
3 691
4 691
7 691
8 691
45 691
49 691
60 691
117 691
127 691
556 691
672 691
688 691
56 692
208 692
277 692
118 693
268 694
130 695
321 695
378 696
55 697
380 697
265 698
288 698
411 698
628 698
365 699
112 700
301 701
439 702
192 703
340 704
40 705
225 705
249 705
405 705
12 706
13 707
67 708
237 708
439 709
212 710
245 710
16 711
17 711
128 711
329 711
408 711
439 711
2 712
695 712
51 713
176 714
540 714
228 715
301 716
15 717
69 718
210 718
435 718
3 719
184 719
185 719
317 719
375 719
58 720
372 720
244 721
11 722
113 722
703 723
129 724
11 725
67 725
585 725
259 726
4 727
7 727
45 727
117 727
556 727
2 728
2 729
5 730
125 731
244 732
11 733
5 734
362 735
17 736
268 736
408 736
15 737
59 738
373 738
383 738
78 739
334 740
387 740
14 741
471 742
129 743
4 744
3 745
259 745
17 746
268 746
575 746
619 746
82 747
199 747
336 747
431 747
223 748
10 749
223 749
4 750
15 751
130 752
361 753
2 754
45 755
31 756
171 756
58 757
623 757
8 758
21 758
53 758
80 758
81 758
155 758
207 758
212 758
216 758
229 758
298 758
323 758
366 758
383 758
392 758
424 758
568 758
586 758
686 758
729 758
10 759
708 759
4 760
11 761
7 762
19 762
26 762
52 762
53 762
158 762
167 762
184 762
279 762
564 762
586 762
678 762
679 762
692 762
62 763
115 763
15 764
74 764
142 764
497 764
570 764
740 764
77 765
14 766
118 766
13 767
373 767
5 768
6 769
19 770
209 771
154 772
544 772
74 773
509 773
19 774
613 774
525 775
8 776
9 776
54 776
86 776
163 776
189 776
198 776
209 776
238 776
352 776
353 776
428 776
769 776
439 777
154 778
8 779
10 779
37 779
96 779
185 779
410 779
686 779
45 780
244 781
2 782
14 783
335 784
37 785
4 786
5 786
117 786
159 786
308 786
130 787
718 787
158 788
184 788
546 788
69 789
129 789
373 789
430 789
90 790
151 790
227 790
554 790
785 790
3 791
11 791
118 791
1 792
3 792
7 792
8 792
45 792
49 792
60 792
556 792
672 792
212 793
331 794
330 795
541 795
701 795
435 796
665 796
2 797
445 797
3 798
68 798
89 798
7 799
45 799
49 799
117 799
556 799
688 799
536 800
216 801
15 802
176 802
348 803
294 804
2 805
493 805
301 806
659 807
486 808
5 809
7 809
8 809
42 809
57 809
65 809
90 809
151 809
170 809
231 809
238 809
285 809
294 809
300 809
400 809
473 809
589 809
679 809
9 810
525 810
41 811
137 811
148 811
337 811
391 811
720 811
474 812
11 813
16 813
17 813
84 813
177 813
298 813
349 813
373 813
383 813
454 814
6 815
120 815
291 815
142 816
2 817
99 817
352 818
758 818
55 819
15 820
45 821
490 821
664 821
45 822
211 822
129 823
459 823
378 824
10 825
141 826
1 827
6 827
32 827
89 827
291 827
317 827
413 827
647 827
176 828
347 828
352 828
355 828
408 828
672 828
758 828
361 829
201 830
178 831
309 831
2 832
266 833
5 834
2 835
439 836
17 837
408 837
560 838
2 839
52 839
208 839
352 839
762 839
703 840
201 841
399 841
710 841
26 842
158 842
685 842
493 843
468 844
347 845
352 845
408 845
567 846
98 847
3 848
37 848
98 848
790 848
63 849
190 849
201 850
31 851
43 851
63 851
72 851
316 851
325 851
573 851
5 852
378 852
107 853
7 854
83 854
135 854
231 854
318 854
798 854
827 854
3 855
15 856
58 857
164 857
268 858
672 859
436 860
231 861
291 861
416 861
554 861
474 862
242 863
283 863
422 863
466 864
176 865
58 866
474 866
78 867
679 867
166 868
708 868
64 869
334 869
374 870
398 870
747 871
67 872
407 873
607 873
6 874
90 874
227 874
416 874
554 874
813 875
118 876
439 877
348 878
438 879
251 880
3 881
291 881
468 882
691 883
755 883
792 883
799 883
821 883
15 884
824 884
184 885
9 886
37 887
410 887
686 887
628 888
15 889
107 889
358 889
130 890
257 890
385 891
45 892
211 892
226 892
294 893
342 893
391 893
562 893
201 894
15 895
4 896
5 896
6 896
8 896
10 896
50 896
83 896
134 896
140 896
163 896
189 896
190 896
207 896
250 896
304 896
335 896
400 896
455 896
510 896
556 896
686 896
886 896
439 897
118 898
301 899
2 900
10 900
63 900
163 900
257 900
291 900
296 900
317 900
433 900
554 900
647 900
679 900
727 900
750 900
6 901
89 901
291 901
32 902
60 903
185 903
274 903
413 903
6 904
771 904
2 905
13 906
126 906
233 906
708 906
782 907
10 908
37 908
185 908
686 908
289 909
11 910
13 910
69 910
84 910
177 910
373 910
383 910
403 910
268 911
692 911
758 912
15 913
5 914
201 915
732 915
625 916
785 916
146 917
410 918
472 919
141 920
1 921
413 921
7 922
45 922
301 923
489 924
361 925
6 926
10 926
54 926
130 926
298 926
691 926
896 926
100 927
132 927
388 927
827 927
902 927
212 928
841 928
130 929
112 930
8 931
80 931
81 931
155 931
207 931
229 931
424 931
568 931
586 931
729 931
828 931
912 931
799 932
107 933
51 934
62 934
502 934
566 934
880 934
45 935
621 936
876 937
361 938
184 939
2 940
272 940
352 940
569 940
669 940
672 940
758 940
81 941
123 941
3 942
24 942
60 942
375 942
686 942
896 942
31 943
43 943
63 943
325 943
4 944
237 945
537 946
208 947
405 948
15 949
55 950
201 951
598 951
120 952
863 952
799 953
308 954
113 955
359 955
439 956
67 957
41 958
40 959
225 959
371 959
129 960
459 960
799 961
14 962
93 962
524 962
107 963
10 964
85 965
437 965
766 965
791 965
876 965
898 965
2 966
479 966
2 967
275 968
531 968
15 969
178 969
309 969
347 969
910 969
882 970
5 971
184 972
509 973
201 974
732 974
1 975
11 975
90 975
147 975
259 975
758 975
779 975
896 975
408 976
1 977
2 977
6 977
9 977
259 977
493 977
758 977
887 977
942 977
129 978
405 979
2 980
10 980
57 980
83 980
291 980
327 980
507 980
556 980
809 980
1 981
99 981
579 981
773 981
776 982
14 983
679 984
679 985
361 986
271 987
32 988
835 988
417 989
730 989
242 990
8 991
42 991
57 991
238 991
294 991
400 991
980 991
184 992
443 993
485 993
14 994
9 995
142 995
896 995
178 996
309 996
2 997
5 998
6 998
9 998
57 998
118 998
291 998
400 998
413 998
525 998
691 998
896 998
14 999
55 999
72 999
324 999
380 999
301 1000
185 1001
306 1001
608 1001
835 1001
15 1002
13 1003
69 1004
286 1005
493 1005
1 1006
11 1006
12 1006
14 1006
16 1006
17 1006
25 1006
59 1006
84 1006
99 1006
129 1006
165 1006
179 1006
215 1006
244 1006
258 1006
280 1006
293 1006
412 1006
458 1006
466 1006
472 1006
518 1006
592 1006
820 1006
949 1006
1002 1006
122 1007
129 1007
315 1007
789 1007
16 1008
84 1008
593 1008
714 1008
67 1009
74 1010
240 1010
612 1010
2 1011
201 1011
254 1011
272 1011
399 1011
493 1011
361 1012
374 1012
604 1012
654 1012
493 1013
408 1014
8 1015
9 1015
809 1016
77 1017
13 1018
2 1019
758 1019
931 1019
60 1020
686 1020
896 1020
991 1020
113 1021
13 1022
317 1022
1020 1022
235 1023
474 1024
802 1025
16 1026
17 1026
59 1026
84 1026
182 1026
187 1026
298 1026
299 1026
329 1026
624 1026
714 1026
802 1026
474 1027
68 1028
98 1028
790 1028
86 1029
132 1029
312 1029
502 1030
41 1031
137 1031
2 1032
275 1033
732 1033
311 1034
536 1034
74 1035
312 1035
416 1036
130 1037
321 1037
712 1037
32 1038
927 1038
68 1039
163 1039
198 1039
209 1039
420 1039
861 1039
980 1039
998 1039
159 1040
211 1040
495 1040
1 1041
9 1041
208 1041
413 1041
762 1041
809 1041
867 1041
141 1042
398 1043
876 1044
654 1045
437 1046
766 1046
900 1047
13 1048
59 1048
327 1049
6 1050
408 1051
129 1052
821 1052
3 1053
10 1053
259 1053
7 1054
362 1054
7 1055
100 1056
84 1057
571 1057
648 1057
199 1058
212 1058
776 1059
977 1060
28 1061
84 1061
15 1062
278 1063
11 1064
99 1064
280 1064
949 1064
1002 1064
8 1065
278 1065
83 1066
318 1066
798 1066
541 1067
634 1067
701 1067
3 1068
6 1068
10 1068
60 1068
776 1068
113 1069
55 1070
63 1070
268 1070
531 1070
727 1070
786 1070
571 1071
648 1071
525 1072
569 1073
291 1074
130 1075
301 1076
809 1077
991 1077
430 1078
1006 1079
15 1080
141 1080
193 1080
338 1080
380 1080
67 1081
384 1082
2 1083
988 1083
758 1084
57 1085
259 1086
365 1087
335 1088
13 1089
154 1090
67 1091
435 1092
1007 1092
439 1093
201 1094
942 1094
91 1095
363 1095
390 1095
9 1096
41 1097
919 1097
14 1098
44 1098
112 1098
117 1098
176 1098
274 1098
373 1098
604 1098
648 1098
711 1098
1008 1098
3 1099
549 1099
829 1099
854 1099
33 1100
59 1100
84 1100
401 1100
19 1101
643 1102
130 1103
251 1103
358 1103
532 1103
539 1103
32 1104
509 1105
623 1106
92 1107
17 1108
99 1109
334 1109
506 1109
973 1109
1105 1109
1080 1110
268 1111
408 1111
1008 1111
84 1112
2 1113
10 1114
38 1114
525 1114
3 1115
854 1115
509 1116
129 1117
14 1118
329 1119
401 1119
1073 1119
2 1120
13 1121
747 1122
502 1123
747 1124
11 1125
17 1125
84 1125
875 1125
74 1126
154 1126
509 1126
594 1126
313 1127
342 1128
562 1128
493 1129
876 1130
347 1131
2 1132
733 1133
19 1134
613 1134
762 1135
113 1136
17 1137
268 1137
960 1137
129 1138
211 1139
454 1139
495 1139
968 1139
1070 1139
809 1140
69 1141
906 1141
1 1142
779 1143
610 1144
58 1145
116 1145
474 1145
7 1146
1049 1146
7 1147
117 1147
672 1147
883 1147
926 1147
998 1147
809 1148
254 1149
846 1149
164 1150
219 1151
867 1151
10 1152
340 1152
16 1153
243 1153
298 1153
401 1153
2 1154
762 1154
51 1155
57 1156
883 1157
77 1158
231 1158
63 1159
163 1159
647 1159
502 1160
35 1161
643 1162
141 1163
15 1164
130 1165
718 1165
32 1166
1029 1166
242 1167
142 1168
201 1169
321 1170
348 1171
318 1172
8 1173
42 1173
975 1173
163 1174
647 1174
84 1175
6 1176
115 1177
9 1178
896 1178
569 1179
413 1180
918 1180
201 1181
474 1181
90 1182
24 1183
201 1184
15 1185
1006 1185
400 1186
691 1186
1147 1186
190 1187
275 1187
77 1188
2 1189
4 1189
50 1189
57 1189
83 1189
140 1189
157 1189
246 1189
250 1189
304 1189
352 1189
393 1189
556 1189
686 1189
810 1189
1015 1189
1178 1189
83 1190
135 1190
827 1190
1099 1190
28 1191
439 1192
24 1193
2 1194
117 1195
370 1195
396 1195
999 1195
794 1196
130 1197
55 1198
2 1199
171 1200
435 1201
665 1201
1 1202
11 1202
90 1202
758 1202
896 1202
1062 1202
12 1203
133 1203
292 1203
352 1203
408 1203
540 1203
556 1203
672 1203
758 1203
926 1203
1153 1203
2 1204
99 1204
58 1205
763 1205
811 1205
155 1206
212 1206
385 1206
273 1207
772 1207
337 1208
439 1209
4 1210
6 1210
19 1210
21 1210
291 1210
416 1210
647 1210
776 1210
896 1210
900 1210
387 1211
125 1212
15 1213
112 1214
599 1215
284 1216
1106 1216
90 1217
227 1217
554 1217
848 1217
1028 1217
176 1218
221 1218
74 1219
1 1220
221 1221
7 1222
8 1222
170 1222
231 1222
294 1222
473 1222
980 1222
1041 1222
1077 1222
1140 1222
811 1223
3 1224
162 1224
259 1224
854 1224
1222 1224
942 1225
208 1226
268 1227
374 1228
176 1229
540 1229
1008 1229
1026 1229
435 1230
665 1230
374 1231
55 1232
126 1232
172 1232
248 1232
260 1232
293 1232
483 1232
602 1232
683 1232
1042 1232
1163 1232
277 1233
1026 1233
373 1234
490 1234
1207 1235
1232 1236
257 1237
352 1237
758 1237
2 1238
11 1238
90 1238
118 1238
493 1238
896 1238
1020 1238
514 1239
201 1240
776 1241
58 1242
811 1242
1031 1242
1 1243
9 1243
11 1243
118 1243
147 1243
208 1243
413 1243
762 1243
867 1243
984 1243
13 1244
361 1245
3 1246
163 1247
286 1247
415 1247
576 1247
762 1247
774 1247
1134 1247
1210 1247
787 1248
1001 1248
439 1249
60 1250
58 1251
1095 1251
361 1252
654 1252
24 1253
69 1254
55 1255
126 1255
172 1255
248 1255
1042 1255
365 1256
493 1257
469 1258
435 1259
787 1259
1165 1259
372 1260
531 1260
892 1260
15 1261
1217 1262
284 1263
209 1264
861 1264
10 1265
291 1265
327 1265
507 1265
1039 1265
139 1266
363 1266
390 1266
1006 1267
198 1268
973 1269
130 1270
799 1271
514 1272
64 1273
8 1274
80 1274
120 1274
155 1274
207 1274
424 1274
450 1274
586 1274
729 1274
828 1274
1019 1274
4 1275
206 1275
299 1276
373 1276
590 1277
11 1278
15 1279
193 1280
98 1281
600 1281
1082 1281
266 1282
691 1283
799 1283
821 1283
173 1284
176 1284
193 1284
277 1284
299 1284
358 1284
532 1284
738 1284
813 1284
1098 1284
1234 1284
1276 1284
427 1285
870 1285
57 1286
36 1287
45 1288
363 1289
1093 1290
44 1291
176 1291
274 1291
604 1291
62 1292
705 1292
184 1293
263 1293
776 1293
809 1293
776 1294
408 1295
613 1296
41 1297
137 1297
3 1298
6 1298
9 1298
184 1298
896 1298
1031 1299
519 1300
3 1301
549 1301
854 1301
32 1302
811 1303
308 1304
619 1304
882 1304
876 1305
818 1306
502 1307
55 1308
362 1309
11 1310
17 1310
69 1310
177 1310
298 1310
349 1310
403 1310
1203 1310
14 1311
604 1311
643 1312
916 1313
184 1314
226 1315
390 1315
1 1316
9 1316
1 1317
3 1317
5 1317
6 1317
10 1317
57 1317
60 1317
163 1317
190 1317
246 1317
250 1317
375 1317
393 1317
423 1317
465 1317
510 1317
810 1317
998 1317
208 1318
799 1319
575 1320
318 1321
211 1322
1315 1322
376 1323
159 1324
809 1325
1 1326
9 1326
677 1326
879 1326
980 1326
664 1327
1280 1328
988 1329
242 1330
348 1331
1218 1332
1221 1332
674 1333
242 1334
120 1335
207 1335
586 1335
828 1335
125 1336
3 1337
41 1338
340 1339
643 1340
208 1341
417 1341
719 1341
885 1341
201 1342
791 1343
876 1343
1 1344
8 1344
60 1344
883 1344
125 1345
571 1346
1232 1347
1 1348
413 1348
9 1349
3 1350
37 1350
259 1350
334 1351
9 1352
11 1353
335 1354
802 1355
896 1356
1189 1356
6 1357
227 1357
416 1357
24 1358
129 1359
74 1360
119 1360
133 1360
817 1360
8 1361
80 1361
81 1361
155 1361
568 1361
1202 1361
854 1362
1190 1362
1232 1363
17 1364
259 1365
269 1365
809 1365
991 1365
732 1366
744 1366
803 1367
192 1368
15 1369
16 1369
133 1369
176 1369
324 1369
532 1369
789 1369
1165 1370
59 1371
73 1371
165 1371
280 1371
299 1371
329 1371
354 1371
624 1371
1203 1371
164 1372
130 1373
718 1373
270 1374
809 1374
130 1375
259 1376
509 1377
3 1378
6 1378
10 1378
60 1378
780 1379
791 1380
876 1380
69 1381
10 1382
790 1382
74 1383
435 1384
787 1384
201 1385
10 1386
691 1386
799 1386
141 1387
1241 1387
493 1388
361 1389
13 1390
692 1390
1182 1390
1284 1390
193 1391
98 1392
223 1392
809 1392
1010 1393
486 1394
764 1395
912 1395
363 1396
264 1397
301 1397
275 1398
1139 1398
617 1399
652 1399
868 1399
68 1400
163 1400
980 1400
998 1400
2 1401
254 1401
272 1401
352 1401
493 1401
710 1401
758 1401
1206 1401
32 1402
6 1403
151 1403
2 1404
164 1405
10 1406
540 1407
1153 1407
37 1408
259 1408
408 1409
19 1410
41 1411
24 1412
43 1413
63 1413
237 1413
439 1414
11 1415
776 1416
55 1417
301 1417
41 1418
32 1419
8 1420
12 1420
13 1420
96 1420
124 1420
126 1420
133 1420
176 1420
193 1420
361 1420
444 1420
552 1420
679 1420
686 1420
791 1420
975 1420
1006 1420
1064 1420
1243 1420
1353 1420
1232 1421
1244 1421
1 1422
647 1422
1207 1423
435 1424
230 1425
450 1425
1087 1425
170 1426
294 1426
1212 1426
347 1427
1038 1427
1153 1428
268 1429
55 1430
44 1431
435 1432
665 1432
60 1433
1238 1433
17 1434
67 1434
174 1434
619 1434
112 1435
818 1436
142 1437
698 1437
664 1438
1025 1438
243 1439
764 1440
4 1441
159 1441
495 1441
5 1442
11 1443
13 1443
56 1443
66 1443
70 1443
222 1443
287 1443
310 1443
828 1443
845 1443
976 1443
1014 1443
1409 1443
787 1444
1001 1444
335 1445
365 1446
794 1447
184 1448
58 1449
321 1450
610 1451
439 1452
178 1453
347 1453
222 1454
287 1454
1014 1454
1409 1454
164 1455
55 1456
380 1456
1195 1456
2 1457
747 1458
43 1459
63 1459
275 1459
316 1459
529 1459
1009 1459
1434 1459
334 1460
1025 1460
12 1461
13 1461
117 1461
373 1461
408 1461
575 1461
1026 1461
1284 1461
486 1462
3 1463
321 1463
457 1463
804 1463
893 1463
991 1463
211 1464
664 1464
720 1464
1260 1464
1058 1465
535 1466
68 1467
89 1467
854 1467
1066 1467
45 1468
1379 1468
141 1469
125 1470
654 1470
686 1470
693 1470
876 1470
898 1470
998 1470
201 1471
831 1471
863 1472
572 1473
930 1473
142 1474
626 1474
1323 1474
936 1475
378 1476
884 1476
1121 1476
14 1477
8 1478
60 1478
13 1479
43 1479
373 1479
708 1479
1413 1479
2 1480
672 1480
1479 1481
1207 1482
130 1483
471 1484
1001 1485
1346 1486
493 1487
623 1488
1216 1488
43 1489
275 1489
1434 1489
373 1490
490 1490
284 1491
1106 1491
1488 1491
117 1492
876 1493
2 1494
201 1494
399 1494
493 1494
1210 1494
7 1495
9 1495
184 1495
318 1495
393 1495
991 1495
1085 1495
1286 1495
1317 1495
1315 1496
45 1497
11 1498
69 1498
177 1498
349 1498
6 1499
89 1499
291 1499
120 1500
13 1501
59 1501
73 1501
298 1501
299 1501
329 1501
354 1501
624 1501
978 1501
22 1502
2 1503
6 1503
11 1503
105 1503
141 1503
493 1503
562 1503
691 1503
758 1503
779 1503
792 1503
991 1503
1065 1503
1173 1503
1420 1503
69 1504
7 1505
513 1506
312 1507
558 1507
259 1508
1264 1509
275 1510
1006 1511
9 1512
11 1512
147 1512
779 1512
896 1512
908 1512
1189 1512
119 1513
817 1513
223 1514
3 1515
4 1515
7 1515
208 1515
219 1515
762 1515
809 1515
867 1515
3 1516
24 1516
60 1516
132 1516
375 1516
896 1516
1094 1516
1225 1516
57 1517
55 1518
63 1518
268 1518
531 1518
724 1518
1 1519
5 1519
8 1519
52 1519
53 1519
104 1519
158 1519
184 1519
339 1519
546 1519
586 1519
636 1519
679 1519
839 1519
947 1519
1226 1519
1318 1519
347 1520
249 1521
251 1521
263 1521
541 1521
575 1521
278 1522
472 1523
9 1524
1189 1524
212 1525
4 1526
159 1526
495 1526
228 1527
324 1528
40 1529
249 1529
251 1529
371 1529
405 1529
1292 1529
827 1530
1099 1530
579 1531
773 1531
208 1532
417 1532
577 1533
1041 1534
1151 1534
1243 1534
1417 1534
1515 1534
117 1535
556 1535
900 1535
1070 1535
181 1536
129 1537
459 1537
362 1538
628 1538
106 1539
329 1539
383 1539
1203 1539
278 1540
1395 1541
67 1542
4 1543
11 1544
535 1545
139 1546
390 1546
133 1547
758 1547
1310 1547
1500 1547
107 1548
176 1548
223 1549
166 1550
1399 1550
1006 1551
1064 1551
1371 1551
115 1552
948 1552
319 1553
439 1554
321 1555
712 1555
1212 1555
811 1556
12 1557
15 1557
16 1557
20 1557
39 1557
56 1557
298 1557
310 1557
370 1557
459 1557
479 1557
485 1557
593 1557
911 1557
1070 1557
1227 1557
2 1558
156 1558
208 1558
277 1558
493 1558
1519 1558
1232 1559
14 1560
37 1560
57 1560
93 1560
163 1560
198 1560
209 1560
360 1560
367 1560
410 1560
428 1560
686 1560
827 1560
861 1560
901 1560
998 1560
1074 1560
1265 1560
1491 1560
15 1561
278 1562
1503 1562
6 1563
291 1563
223 1564
391 1564
1 1565
208 1565
809 1565
867 1565
1222 1565
267 1566
317 1566
1100 1566
538 1567
585 1567
520 1568
1420 1568
403 1569
1564 1569
5 1570
607 1571
374 1572
398 1572
1444 1572
11 1573
12 1573
16 1573
17 1573
48 1573
119 1573
453 1573
587 1573
609 1573
670 1573
986 1573
1012 1573
1252 1573
1389 1573
142 1574
1323 1574
90 1575
151 1575
227 1575
1382 1575
113 1576
185 1577
306 1577
1312 1577
77 1578
251 1579
237 1580
13 1581
14 1582
225 1582
1099 1583
628 1584
106 1585
1 1586
80 1586
828 1586
859 1586
1480 1586
104 1587
185 1587
718 1588
1204 1588
867 1589
408 1590
439 1590
385 1591
540 1592
19 1593
613 1593
8 1594
96 1594
410 1594
975 1594
1143 1594
1503 1594
934 1595
242 1596
69 1597
259 1598
1041 1599
1412 1600
15 1601
1006 1601
242 1602
468 1603
610 1603
1491 1604
3 1605
32 1605
259 1605
1029 1605
439 1606
242 1607
159 1608
1070 1608
291 1609
1214 1609
154 1610
794 1611
6 1612
89 1612
405 1613
1552 1613
68 1614
980 1614
68 1615
164 1616
15 1617
119 1617
981 1617
1109 1617
493 1618
209 1619
32 1620
117 1621
1086 1621
4 1622
9 1622
10 1622
828 1622
849 1622
900 1622
1459 1622
1518 1622
275 1623
786 1623
1040 1623
1324 1623
1441 1623
1608 1623
474 1624
98 1625
228 1625
1533 1625
1008 1626
142 1627
1245 1628
405 1629
1292 1629
5 1630
14 1630
37 1630
68 1630
449 1630
861 1630
874 1630
420 1631
1258 1631
125 1632
208 1633
762 1633
1274 1633
395 1634
776 1635
2 1636
208 1636
217 1636
413 1636
10 1637
799 1637
237 1638
439 1639
361 1640
330 1641
1573 1641
14 1642
377 1642
539 1642
1026 1642
9 1643
221 1644
3 1645
348 1646
198 1647
337 1648
301 1649
31 1650
55 1651
13 1652
47 1652
97 1652
213 1652
299 1652
459 1652
1461 1652
711 1653
68 1654
115 1655
32 1656
361 1657
509 1658
41 1659
133 1660
57 1661
1495 1661
184 1662
98 1663
811 1664
242 1665
1525 1665
17 1666
439 1666
6 1667
291 1667
413 1667
776 1667
1039 1667
1268 1667
1647 1667
532 1668
916 1669
10 1670
6 1671
1560 1671
1 1672
178 1673
309 1673
15 1674
439 1675
243 1676
1203 1676
1407 1676
1080 1677
4 1678
3 1679
259 1679
291 1680
292 1681
610 1682
883 1682
293 1683
514 1683
774 1684
786 1684
352 1685
31 1686
755 1687
821 1687
1682 1687
479 1688
2 1689
569 1689
931 1689
68 1690
334 1691
15 1692
268 1693
305 1694
373 1694
945 1694
1413 1694
251 1695
798 1696
1467 1696
2 1697
934 1698
408 1699
275 1700
6 1701
7 1702
45 1702
1102 1702
918 1703
55 1704
268 1704
724 1704
604 1705
278 1706
93 1707
524 1707
757 1707
972 1707
15 1708
540 1708
1100 1708
794 1709
405 1710
380 1711
1195 1711
378 1712
84 1713
28 1714
59 1715
284 1716
1488 1716
1621 1716
162 1717
854 1717
208 1718
762 1719
524 1720
632 1720
882 1721
509 1722
44 1723
787 1724
1001 1724
485 1725
1 1726
5 1726
52 1726
53 1726
54 1726
158 1726
276 1726
339 1726
346 1726
546 1726
564 1726
655 1726
677 1726
692 1726
1532 1726
1633 1726
125 1727
176 1728
221 1728
1332 1728
9 1729
800 1729
1034 1729
284 1730
1106 1730
90 1731
147 1731
259 1731
758 1731
896 1731
1420 1731
1232 1732
291 1733
96 1734
248 1734
260 1734
291 1734
351 1734
444 1734
545 1734
602 1734
614 1734
619 1734
686 1734
920 1734
1387 1734
174 1735
15 1736
345 1737
1346 1737
1189 1738
867 1739
146 1740
259 1741
1682 1742
490 1743
335 1744
1408 1745
69 1746
59 1747
73 1747
354 1747
624 1747
348 1748
16 1749
99 1749
258 1749
280 1749
293 1749
458 1749
466 1749
820 1749
1551 1749
1216 1750
6 1751
32 1751
38 1751
2 1752
12 1752
133 1752
662 1752
910 1752
1625 1753
209 1754
906 1754
613 1755
117 1756
222 1756
241 1756
266 1756
341 1756
358 1756
702 1756
877 1756
897 1756
1093 1756
1192 1756
1249 1756
1414 1756
1554 1756
1606 1756
1675 1756
1512 1757
1412 1758
378 1759
1266 1760
1546 1760
301 1761
86 1762
1166 1762
1605 1762
811 1763
37 1764
57 1764
93 1764
163 1764
360 1764
367 1764
998 1764
151 1765
747 1766
15 1767
74 1767
154 1767
509 1767
9 1768
736 1768
294 1769
763 1770
811 1770
154 1771
647 1772
493 1773
321 1774
712 1774
57 1775
575 1776
619 1776
960 1776
1652 1776
1124 1777
14 1778
28 1778
69 1778
403 1778
604 1778
889 1778
963 1778
1548 1778
1 1779
4 1779
5 1779
57 1779
96 1779
208 1779
291 1779
327 1779
416 1779
507 1779
556 1779
691 1779
799 1779
809 1779
854 1779
922 1779
1054 1779
1055 1779
1222 1779
1495 1779
1515 1779
24 1780
14 1781
63 1781
72 1781
268 1781
275 1781
786 1781
799 1781
1321 1781
1621 1781
1756 1781
2 1782
931 1782
999 1782
1274 1782
780 1783
259 1784
644 1784
1465 1784
142 1785
2 1786
758 1786
9 1787
121 1787
298 1787
896 1787
1189 1787
1779 1787
185 1788
482 1788
893 1788
811 1789
268 1790
130 1791
1409 1791
233 1792
1150 1792
41 1793
969 1794
996 1794
1673 1794
643 1795
1 1796
118 1797
11 1798
7 1799
1099 1799
1362 1799
803 1800
1414 1801
58 1802
380 1803
604 1803
384 1804
41 1805
130 1806
664 1807
286 1808
1011 1808
45 1809
1671 1809
613 1810
659 1811
1262 1812
86 1813
537 1814
146 1815
628 1816
1476 1817
981 1818
1109 1818
107 1819
55 1820
1042 1820
1347 1820
1363 1820
242 1821
130 1822
94 1823
77 1824
772 1824
399 1825
493 1825
211 1826
1144 1826
1623 1826
10 1827
163 1827
190 1827
250 1827
335 1827
886 1827
975 1827
998 1827
1020 1827
1298 1827
1787 1827
55 1828
233 1828
51 1829
356 1829
502 1829
566 1829
1103 1829
1521 1829
1579 1829
5 1830
677 1830
20 1831
15 1832
7 1833
1099 1833
184 1834
15 1835
498 1836
146 1837
1057 1837
284 1838
896 1839
1726 1840
363 1841
8 1842
207 1842
424 1842
729 1842
828 1842
1214 1843
140 1844
4 1845
206 1845
151 1846
267 1846
312 1846
422 1846
515 1846
578 1846
667 1846
745 1846
977 1846
1605 1846
1731 1846
1741 1846
1784 1846
373 1847
41 1848
12 1849
17 1849
87 1849
453 1849
619 1849
986 1849
1252 1849
1389 1849
1657 1849
35 1850
259 1851
68 1852
209 1852
980 1852
1265 1852
896 1853
1088 1853
1744 1853
41 1854
1741 1855
514 1856
291 1857
201 1858
357 1858
715 1858
1527 1858
1625 1858
9 1859
57 1860
135 1861
237 1861
252 1861
331 1861
404 1861
1828 1861
378 1862
170 1863
1344 1863
1398 1863
1859 1863
161 1864
141 1865
1026 1865
1 1866
413 1866
442 1866
854 1866
2 1867
556 1868
11 1869
67 1869
130 1869
663 1869
943 1869
259 1870
9 1871
896 1871
1189 1871
1157 1872
867 1873
45 1874
708 1875
19 1876
112 1877
14 1878
1849 1878
98 1879
5 1880
142 1881
570 1881
1395 1881
12 1882
672 1882
1371 1882
26 1883
516 1883
648 1883
1779 1884
335 1885
31 1886
129 1887
1109 1888
1014 1889
466 1890
638 1891
1756 1892
1306 1893
28 1894
201 1894
133 1895
208 1896
400 1897
1490 1898
373 1899
68 1900
1334 1901
1000 1902
799 1903
38 1904
435 1905
1007 1905
6 1906
9 1906
896 1906
176 1907
540 1907
5 1908
8 1908
54 1908
267 1908
422 1908
487 1908
515 1908
667 1908
975 1908
1224 1908
1350 1908
1365 1908
1376 1908
1508 1908
1598 1908
1605 1908
1784 1908
1008 1909
1557 1909
487 1910
906 1911
403 1912
4 1913
159 1913
416 1914
1630 1914
739 1915
980 1915
113 1916
361 1917
654 1917
11 1918
69 1918
1250 1918
340 1919
1068 1919
466 1920
1010 1921
19 1922
130 1923
51 1924
356 1924
502 1924
1521 1924
517 1925
698 1926
399 1927
710 1927
928 1927
474 1928
8 1929
388 1929
611 1929
666 1929
902 1929
1038 1929
1302 1929
1419 1929
1620 1929
1656 1929
3 1930
76 1930
259 1930
468 1931
1501 1932
1779 1933
509 1934
1109 1934
794 1935
142 1936
13 1937
1196 1938
1709 1938
1935 1938
211 1939
720 1939
1260 1939
129 1940
758 1941
1557 1942
17 1943
305 1943
708 1943
1580 1943
1638 1943
549 1944
2 1945
208 1945
217 1945
77 1946
17 1947
541 1948
701 1948
398 1949
15 1950
142 1951
74 1952
612 1952
1921 1952
1827 1953
13 1954
293 1954
1080 1954
315 1955
106 1956
15 1957
809 1958
15 1959
1006 1959
604 1960
1021 1960
1529 1961
129 1962
235 1963
218 1964
560 1964
1749 1964
1553 1965
537 1966
318 1967
1758 1967
634 1968
28 1969
65 1969
90 1969
231 1969
238 1969
294 1969
473 1969
589 1969
1041 1969
1325 1969
509 1970
9 1971
1354 1971
1445 1971
1827 1971
361 1972
939 1972
408 1973
12 1974
13 1974
15 1974
24 1974
117 1974
268 1974
358 1974
1006 1974
1153 1974
1369 1974
1557 1974
1573 1974
1749 1974
112 1975
117 1975
604 1975
490 1976
242 1977
1525 1977
308 1978
284 1979
710 1979
1652 1980
400 1981
1147 1981
1560 1981
1764 1981
1827 1981
3 1982
259 1982
259 1983
26 1984
64 1985
1534 1986
254 1987
846 1987
1006 1988
9 1989
896 1989
11 1990
22 1991
2 1992
209 1993
2 1994
267 1994
352 1994
669 1994
1326 1994
1519 1995
524 1996
1270 1997
1353 1998
9 1999
56 2000
208 2000
911 2000
1390 2000
968 2001
17 2002
45 2002
3 2003
291 2003
896 2004
868 2005
1550 2005
193 2006
505 2006
286 2007
531 2007
892 2007
1464 2007
1939 2007
594 2008
74 2009
359 2010
278 2011
1395 2012
249 2013
361 2014
1099 2014
1 2015
141 2016
523 2017
687 2017
696 2017
1712 2017
363 2018
787 2019
22 2020
1974 2021
10 2022
14 2022
63 2022
299 2022
408 2022
439 2022
531 2022
691 2022
799 2022
1098 2022
1756 2022
201 2023
11 2024
13 2024
17 2024
69 2024
298 2024
349 2024
373 2024
403 2024
1203 2024
1369 2024
1895 2024
24 2025
372 2026
892 2026
1939 2026
809 2027
3 2028
353 2028
809 2028
874 2028
1202 2028
1217 2028
1575 2028
129 2029
1704 2029
24 2030
536 2031
151 2032
2 2033
439 2034
1756 2034
206 2035
1813 2036
438 2037
1557 2038
69 2039
4 2040
127 2040
131 2040
633 2040
664 2040
673 2040
677 2040
775 2040
643 2041
125 2042
514 2043
45 2044
19 2045
2017 2046
107 2047
1038 2047
1636 2047
9 2048
208 2048
493 2048
758 2048
896 2048
1274 2048
1335 2048
334 2049
1330 2050
163 2051
94 2052
217 2052
69 2053
210 2053
403 2053
435 2053
996 2053
1673 2053
946 2054
1814 2054
1966 2054
55 2055
233 2055
1861 2055
2023 2056
77 2057
1784 2058
327 2059
1146 2059
129 2060
444 2061
955 2061
2010 2061
68 2062
861 2062
390 2063
439 2064
794 2065
208 2066
990 2066
51 2067
1813 2068
45 2069
883 2069
1312 2069
514 2070
6 2071
45 2072
1145 2072
927 2073
1427 2073
1008 2074
2 2075
352 2075
122 2076
1109 2076
1414 2077
142 2078
626 2078
1323 2078
1149 2079
9 2080
800 2080
1034 2080
904 2081
259 2082
1846 2082
55 2083
11 2084
1998 2084
125 2085
4 2086
31 2087
43 2087
418 2087
684 2087
725 2087
1567 2087
1 2088
14 2088
334 2088
940 2088
1144 2088
1451 2088
1682 2088
413 2089
1488 2090
1750 2090
28 2091
10 2092
291 2092
1039 2092
1479 2093
4 2094
900 2094
2 2095
8 2095
10 2095
27 2095
46 2095
50 2095
57 2095
63 2095
89 2095
105 2095
134 2095
140 2095
190 2095
250 2095
393 2095
400 2095
423 2095
455 2095
465 2095
556 2095
674 2095
686 2095
886 2095
1015 2095
1096 2095
1298 2095
1352 2095
1512 2095
1524 2095
1622 2095
1729 2095
1768 2095
1989 2095
19 2096
98 2097
447 2097
1964 2097
3 2098
280 2099
354 2099
1203 2099
1882 2099
280 2100
1551 2100
125 2101
1232 2102
1244 2102
516 2103
14 2104
69 2104
1548 2104
472 2105
1813 2105
362 2106
154 2107
1143 2108
208 2109
58 2110
998 2111
2092 2111
410 2112
611 2112
1756 2113
11 2114
883 2114
361 2115
1849 2115
732 2116
118 2117
1057 2118
1346 2118
266 2119
1673 2119
472 2120
471 2121
142 2122
1167 2122
809 2123
991 2123
306 2124
313 2124
1340 2124
1795 2124
84 2125
9 2126
186 2127
201 2127
164 2128
408 2129
439 2129
69 2130
268 2131
1110 2132
11 2133
1128 2134
11 2135
12 2135
15 2135
17 2135
117 2135
274 2135
358 2135
575 2135
604 2135
813 2135
1369 2135
1573 2135
221 2136
292 2136
344 2136
442 2136
1585 2136
1956 2136
57 2137
334 2138
1099 2139
1362 2139
1552 2140
60 2141
2 2142
142 2143
8 2144
42 2144
975 2144
13 2145
16 2145
17 2145
87 2145
107 2145
174 2145
396 2145
1311 2145
1705 2145
1803 2145
2135 2145
490 2146
1395 2147
5 2148
258 2148
378 2148
2 2149
996 2149
184 2150
1661 2150
1779 2150
2095 2151
1038 2152
829 2153
21 2154
383 2154
416 2154
647 2154
900 2154
493 2155
2 2156
1241 2157
700 2158
9 2159
2095 2159
1794 2160
408 2161
1443 2161
15 2162
9 2163
90 2163
376 2163
758 2163
887 2163
896 2163
1189 2163
1560 2163
2095 2163
1756 2164
571 2165
1327 2166
1464 2166
626 2167
1323 2167
211 2168
747 2169
151 2170
1382 2170
233 2171
1548 2172
55 2173
1042 2173
1109 2174
21 2175
383 2175
416 2175
650 2176
4 2177
9 2177
849 2177
259 2178
406 2178
1846 2178
577 2179
1625 2179
318 2180
212 2181
1779 2181
127 2182
664 2182
673 2182
775 2182
278 2183
37 2184
686 2184
975 2184
590 2185
860 2185
2 2186
999 2186
1274 2186
791 2187
876 2187
5 2188
146 2189
1149 2190
716 2191
19 2192
2 2193
378 2194
2017 2194
280 2195
1228 2195
242 2196
142 2197
416 2197
474 2198
117 2199
556 2199
900 2199
844 2200
882 2200
1931 2200
38 2201
524 2202
19 2203
259 2204
2185 2205
142 2206
3 2207
809 2207
233 2208
1861 2208
69 2209
610 2210
257 2211
715 2212
475 2213
59 2214
298 2214
354 2214
624 2214
978 2214
1932 2214
309 2215
1264 2215
1560 2215
1630 2215
1119 2216
376 2217
1474 2217
57 2218
105 2218
400 2218
1183 2218
1516 2218
1780 2218
2030 2218
352 2219
1361 2219
11 2220
1420 2220
598 2221
654 2222
15 2223
74 2224
142 2224
1691 2224
2049 2224
2088 2224
1702 2225
361 2226
99 2227
973 2227
1105 2227
2076 2227
137 2228
745 2229
43 2230
380 2230
799 2231
238 2232
352 2232
762 2232
1519 2232
776 2233
5 2234
68 2234
449 2234
1914 2234
19 2235
273 2236
1235 2236
1423 2236
245 2237
434 2237
1216 2237
1716 2237
1730 2237
1979 2237
68 2238
1168 2238
610 2239
9 2240
235 2240
896 2240
1728 2241
216 2242
15 2243
1910 2243
113 2244
1010 2245
1952 2245
212 2246
841 2246
1927 2246
206 2247
15 2248
1084 2248
242 2249
3 2250
841 2251
1540 2251
2227 2252
11 2253
13 2253
69 2253
373 2253
1752 2253
1332 2254
278 2255
1 2256
1364 2257
106 2258
493 2259
1109 2260
1 2261
867 2261
17 2262
1652 2262
763 2263
811 2263
1340 2264
1843 2264
1698 2265
11 2266
1343 2266
1380 2266
2187 2266
1029 2267
1507 2267
1395 2268
68 2269
1971 2270
378 2271
233 2272
15 2273
1006 2273
1122 2273
2095 2274
2088 2275
758 2276
62 2277
115 2277
708 2278
610 2279
740 2280
1395 2280
1440 2280
931 2281
1274 2281
1842 2281
293 2282
1455 2282
278 2283
62 2284
980 2285
998 2285
904 2286
94 2287
1376 2288
2 2289
4 2289
6 2289
9 2289
57 2289
89 2289
152 2289
208 2289
291 2289
327 2289
400 2289
480 2289
679 2289
691 2289
762 2289
809 2289
1054 2289
1702 2289
2124 2289
1353 2290
154 2291
6 2292
291 2292
485 2293
62 2294
566 2294
1595 2294
106 2295
38 2296
1519 2296
520 2297
1420 2297
9 2298
57 2299
360 2299
998 2299
541 2300
192 2301
205 2301
1125 2301
1175 2301
130 2302
69 2303
553 2303
2063 2303
566 2304
1698 2304
291 2305
1426 2306
1555 2306
1427 2307
2152 2307
439 2308
2097 2309
3 2310
68 2310
854 2310
1158 2310
1969 2310
2 2311
758 2311
776 2312
740 2313
1728 2313
605 2314
809 2315
1222 2315
223 2316
535 2317
259 2318
758 2318
106 2319
1 2320
787 2321
1 2322
9 2322
118 2322
147 2322
413 2322
762 2322
15 2323
17 2323
96 2323
126 2323
248 2323
351 2323
408 2323
602 2323
619 2323
686 2323
1042 2323
2042 2323
335 2324
1756 2325
1373 2326
11 2327
168 2327
2087 2327
189 2328
16 2329
48 2329
119 2329
174 2329
453 2329
462 2329
522 2329
575 2329
609 2329
670 2329
753 2329
925 2329
938 2329
1389 2329
1420 2329
1657 2329
1972 2329
378 2330
679 2331
686 2331
975 2331
1512 2331
2322 2331
2329 2332
317 2333
647 2333
1720 2333
2202 2333
83 2334
1379 2335
2 2336
1 2337
893 2338
51 2339
4 2340
98 2341
2090 2342
69 2343
84 2343
129 2343
828 2343
1026 2343
1427 2343
1520 2343
1712 2343
913 2344
854 2345
2257 2346
17 2347
619 2347
2059 2348
201 2349
569 2350
1274 2350
1335 2350
232 2351
340 2351
189 2352
417 2352
451 2352
719 2352
885 2352
939 2352
1293 2352
1298 2352
2150 2352
14 2353
6 2354
184 2354
1507 2354
1951 2354
45 2355
4 2356
80 2357
1480 2357
208 2358
1726 2358
120 2359
867 2360
718 2361
1259 2361
2040 2362
174 2363
1012 2363
1572 2363
193 2364
14 2365
1988 2366
363 2367
12 2368
36 2368
67 2368
453 2368
462 2368
574 2368
587 2368
829 2368
938 2368
1012 2368
1252 2368
1389 2368
2115 2368
15 2369
142 2369
781 2369
1006 2369
5 2370
158 2370
679 2370
947 2370
1318 2370
2296 2370
11 2371
370 2371
1100 2372
401 2373
1073 2373
1387 2374
2157 2374
1717 2375
1756 2375
1740 2376
112 2377
718 2378
1259 2378
15 2379
466 2380
600 2381
811 2382
1600 2383
107 2384
1049 2385
1479 2385
1519 2386
413 2387
1479 2388
1794 2388
2 2389
1455 2389
361 2390
2368 2390
264 2391
324 2392
2240 2392
69 2393
1788 2393
2 2394
662 2394
129 2395
1501 2395
1 2396
14 2396
69 2396
76 2396
77 2396
170 2396
253 2396
478 2396
1035 2396
1360 2396
1952 2396
2224 2396
4 2397
5 2398
1734 2399
11 2400
13 2400
17 2400
24 2400
117 2400
274 2400
292 2400
604 2400
711 2400
1006 2400
1557 2400
2145 2400
691 2401
1147 2401
41 2402
184 2403
5 2404
677 2404
1161 2404
74 2405
400 2406
776 2407
509 2408
1109 2408
2227 2408
949 2409
99 2410
1360 2410
514 2411
1301 2411
566 2412
937 2413
2246 2413
235 2414
55 2415
268 2415
724 2415
1949 2416
2266 2417
57 2418
464 2419
1149 2420
1232 2421
2173 2421
26 2422
1734 2423
2323 2423
1006 2424
12 2425
17 2425
133 2425
176 2425
347 2425
352 2425
408 2425
672 2425
1310 2425
1787 2425
2214 2425
15 2426
352 2427
74 2428
1189 2429
10 2430
60 2430
573 2430
17 2431
1247 2431
2375 2432
1872 2433
701 2434
372 2435
892 2435
1939 2435
40 2436
146 2437
1471 2438
643 2439
19 2440
1244 2441
1471 2442
1479 2442
1 2443
201 2444
240 2445
1502 2445
464 2446
383 2447
416 2447
2336 2447
201 2448
1232 2449
1443 2450
536 2451
1961 2451
712 2452
292 2453
292 2454
2113 2454
6 2455
89 2455
7 2456
2289 2456
41 2457
137 2457
148 2457
337 2457
720 2457
1223 2457
1229 2457
1763 2457
1770 2457
2382 2457
73 2458
77 2458
99 2458
170 2458
506 2458
579 2458
1010 2458
1767 2458
2009 2458
120 2459
1985 2459
2 2460
493 2460
556 2460
896 2460
931 2460
1335 2460
580 2461
774 2461
1593 2461
1810 2461
830 2462
1426 2463
129 2464
1704 2464
67 2465
383 2466
416 2466
2336 2466
439 2467
1756 2467
560 2468
266 2469
1043 2469
1572 2469
1726 2470
1326 2471
58 2472
380 2473
201 2474
11 2475
1756 2476
647 2477
80 2478
424 2478
828 2478
912 2478
1689 2478
413 2479
1039 2479
1647 2479
9 2480
2095 2480
2 2481
119 2482
453 2482
925 2482
5 2483
1006 2484
74 2485
218 2485
1006 2485
1749 2485
2148 2485
221 2486
410 2487
1143 2487
1503 2487
14 2488
2326 2489
1779 2490
905 2491
1593 2491
1153 2492
435 2493
1007 2493
67 2494
59 2495
2425 2495
1420 2496
10 2497
1 2498
14 2498
76 2498
77 2498
170 2498
244 2498
334 2498
387 2498
506 2498
764 2498
1126 2498
1767 2498
1952 2498
2224 2498
13 2499
1476 2499
193 2500
813 2500
910 2500
84 2501
223 2502
312 2503
1756 2504
8 2505
86 2505
93 2505
132 2505
611 2505
827 2505
1166 2505
1402 2505
1751 2505
1145 2506
2 2507
240 2508
1502 2508
277 2509
1519 2509
14 2510
1015 2510
328 2511
1408 2511
1827 2512
2491 2512
204 2513
6 2514
318 2515
486 2516
783 2517
883 2518
811 2519
1398 2520
5 2521
3 2522
60 2522
896 2522
83 2523
867 2524
77 2525
896 2526
1189 2526
569 2527
22 2528
55 2529
2421 2529
2 2530
13 2531
298 2532
553 2532
969 2532
1520 2532
2425 2532
208 2533
762 2533
317 2534
1232 2534
98 2535
790 2536
67 2537
921 2537
1070 2538
469 2539
1631 2539
365 2540
1425 2540
267 2541
312 2541
343 2541
422 2541
515 2541
578 2541
667 2541
745 2541
1053 2541
1224 2541
1350 2541
1376 2541
1408 2541
1598 2541
1605 2541
1731 2541
1741 2541
1940 2541
988 2542
1726 2543
17 2544
278 2545
909 2545
1741 2546
2 2547
113 2548
1395 2549
1146 2550
2348 2550
89 2551
445 2551
941 2551
146 2552
4 2553
130 2554
896 2555
1189 2555
84 2556
9 2557
762 2557
867 2557
984 2557
1534 2557
201 2558
55 2559
291 2560
2241 2561
1750 2562
37 2563
93 2563
998 2563
270 2564
293 2565
373 2565
6 2566
439 2567
1349 2568
408 2569
301 2570
1447 2571
1611 2571
2065 2571
946 2572
523 2573
687 2573
2046 2573
5 2574
2418 2574
867 2575
9 2576
439 2577
242 2578
502 2579
22 2580
266 2581
858 2582
10 2583
308 2584
268 2585
1149 2586
201 2587
732 2587
124 2588
176 2588
552 2588
679 2588
791 2588
975 2588
1006 2588
1064 2588
1353 2588
1731 2588
263 2589
838 2590
1964 2590
1730 2591
1979 2591
471 2592
1232 2593
978 2594
2459 2595
708 2596
65 2597
231 2597
238 2597
1041 2597
1212 2597
2310 2597
991 2598
41 2599
13 2600
1421 2600
1006 2601
2 2602
83 2602
140 2602
304 2602
352 2602
393 2602
556 2602
1015 2602
1787 2602
2163 2602
1306 2603
1525 2604
4 2605
887 2606
638 2607
955 2607
585 2608
1897 2609
188 2610
867 2610
403 2611
510 2612
1202 2612
1217 2612
67 2613
637 2614
83 2615
1139 2616
2520 2616
233 2617
10 2618
408 2618
691 2618
799 2618
142 2619
691 2620
24 2621
14 2622
1395 2623
142 2624
1481 2624
165 2625
74 2626
1359 2626
37 2627
790 2627
916 2627
1409 2628
137 2629
942 2630
9 2631
509 2631
896 2631
1088 2631
1445 2631
1885 2631
348 2632
1285 2632
7 2633
9 2633
184 2633
393 2633
1286 2633
1317 2633
1661 2633
266 2634
118 2635
965 2635
1470 2635
664 2636
927 2637
1427 2637
1479 2638
1519 2639
2370 2639
569 2640
1274 2640
1356 2640
1080 2641
2132 2641
385 2642
58 2643
2194 2643
2153 2644
84 2645
435 2646
2132 2647
37 2648
223 2648
428 2648
486 2649
176 2650
377 2650
711 2650
1026 2650
1501 2650
62 2651
327 2652
2385 2652
2240 2653
1080 2654
84 2655
485 2656
385 2657
1151 2658
77 2659
201 2659
1625 2659
686 2660
975 2660
1512 2660
2322 2660
385 2661
380 2662
1239 2663
2043 2663
211 2664
2166 2664
493 2665
125 2666
658 2667
796 2667
541 2668
756 2669
55 2670
648 2670
2329 2671
1109 2672
1387 2673
439 2674
1102 2675
2289 2675
794 2676
1267 2676
2270 2676
358 2677
532 2677
539 2677
6 2678
26 2679
229 2679
1636 2679
798 2680
1467 2680
14 2681
41 2682
5 2683
677 2683
154 2684
54 2685
130 2685
691 2685
1147 2685
15 2686
779 2687
2108 2687
184 2688
17 2689
493 2690
493 2691
1247 2692
361 2693
413 2694
1560 2694
1594 2694
13 2695
373 2695
1653 2696
2501 2696
10 2697
474 2698
1153 2699
11 2700
439 2701
628 2702
228 2703
84 2704
2 2705
27 2705
46 2705
50 2705
57 2705
63 2705
140 2705
556 2705
686 2705
1096 2705
1512 2705
1729 2705
1768 2705
2151 2705
2159 2705
2191 2705
662 2706
2 2707
133 2707
662 2707
910 2707
113 2708
390 2709
7 2710
10 2710
68 2710
881 2710
901 2710
980 2710
998 2710
1265 2710
1499 2710
1680 2710
1734 2710
1779 2710
1857 2710
2292 2710
2305 2710
2560 2710
2592 2711
15 2712
1109 2712
1007 2713
1150 2714
1455 2714
2047 2715
14 2716
2517 2716
1671 2717
1722 2717
141 2718
1026 2718
280 2719
1228 2719
301 2720
352 2721
11 2722
540 2723
208 2724
278 2725
410 2726
5 2727
7 2728
1099 2728
2571 2729
386 2730
435 2730
471 2731
184 2732
237 2733
1694 2733
525 2734
688 2734
75 2735
109 2735
237 2735
404 2735
594 2735
906 2735
1792 2735
2272 2735
2617 2735
1147 2736
2518 2736
1 2737
158 2738
1928 2738
99 2739
312 2739
644 2740
1078 2740
1232 2741
192 2742
723 2742
840 2742
1530 2743
1799 2743
1833 2743
2139 2743
2728 2743
2478 2744
650 2745
15 2746
712 2747
14 2748
1015 2748
335 2749
12 2750
48 2750
174 2750
1231 2750
1572 2750
11 2751
2153 2752
223 2753
673 2753
113 2754
201 2755
716 2756
2457 2756
643 2757
193 2758
57 2759
93 2759
198 2759
903 2759
1243 2759
1348 2759
2089 2759
2479 2759
2459 2760
335 2761
1853 2761
1232 2762
2174 2762
390 2763
1015 2764
15 2765
74 2765
218 2765
560 2765
1006 2765
2664 2766
212 2767
385 2767
567 2767
1149 2767
1987 2767
363 2768
1011 2769
1618 2769
2237 2770
2333 2771
315 2772
1173 2772
84 2773
1035 2773
774 2774
1593 2774
77 2775
99 2775
170 2775
2009 2775
2327 2776
1008 2777
122 2778
658 2778
718 2778
1092 2778
1201 2778
1230 2778
1384 2778
1432 2778
2053 2778
2646 2778
498 2779
739 2779
867 2779
278 2780
4 2781
10 2781
828 2781
1459 2781
193 2782
640 2782
2775 2783
2676 2784
318 2785
991 2785
373 2786
1284 2786
201 2787
1426 2787
184 2788
2214 2789
1921 2790
141 2791
201 2792
41 2793
449 2793
1355 2794
106 2795
361 2796
2 2797
1274 2797
55 2798
380 2798
12 2799
112 2799
176 2799
268 2799
540 2799
604 2799
813 2799
1006 2799
1573 2799
120 2800
58 2801
116 2801
474 2801
519 2801
1095 2801
1266 2801
1289 2801
1396 2801
1841 2801
2768 2801
703 2802
1151 2802
361 2803
363 2804
1058 2805
19 2806
2 2807
390 2808
1784 2808
2740 2808
1343 2809
1380 2809
2187 2809
1323 2810
2163 2810
15 2811
225 2812
9 2813
1395 2814
96 2815
126 2815
248 2815
408 2815
602 2815
2042 2815
14 2816
361 2816
374 2816
604 2816
2710 2817
2665 2818
43 2819
45 2820
435 2821
665 2821
2667 2821
2095 2822
2458 2823
2498 2823
1731 2824
434 2825
623 2825
1716 2825
362 2826
516 2827
2216 2827
1153 2828
790 2829
959 2830
1232 2831
1929 2832
408 2833
201 2834
15 2835
882 2836
893 2836
1900 2836
362 2837
610 2838
40 2839
60 2840
1398 2841
2616 2841
231 2842
416 2842
554 2842
985 2842
1039 2842
4 2843
141 2844
1734 2844
259 2845
758 2845
41 2846
118 2847
2504 2848
19 2849
53 2849
158 2849
167 2849
184 2849
564 2849
586 2849
678 2849
679 2849
1154 2849
1633 2849
2232 2849
2362 2850
2 2851
4 2851
5 2851
8 2851
10 2851
27 2851
46 2851
50 2851
60 2851
140 2851
207 2851
246 2851
352 2851
400 2851
455 2851
536 2851
686 2851
995 2851
998 2851
1015 2851
1041 2851
1298 2851
1512 2851
1643 2851
1729 2851
1906 2851
1989 2851
1999 2851
2048 2851
2289 2851
2298 2851
2322 2851
2480 2851
2813 2851
184 2852
318 2852
1317 2852
1252 2853
2020 2854
474 2855
811 2855
2457 2855
13 2856
17 2856
55 2856
146 2856
166 2856
268 2856
452 2856
468 2856
624 2856
1203 2856
1420 2856
1573 2856
1752 2856
2135 2856
2368 2856
2750 2856
2799 2856
1362 2857
133 2858
348 2859
15 2860
242 2861
383 2862
2336 2862
201 2863
363 2864
1355 2865
867 2866
1733 2866
790 2867
361 2868
69 2869
407 2870
2851 2870
903 2871
2135 2871
1801 2872
2065 2873
58 2874
430 2875
1007 2875
1740 2875
1955 2875
32 2876
1243 2877
400 2878
677 2878
719 2878
942 2878
22 2879
464 2880
1716 2881
3 2882
1969 2882
321 2883
321 2884
711 2884
130 2885
1395 2886
60 2887
413 2887
2759 2887
2871 2887
904 2888
10 2889
739 2890
980 2890
113 2891
2061 2891
19 2892
2071 2892
2814 2892
9 2893
1827 2893
2095 2893
62 2894
566 2894
880 2894
39 2895
358 2895
629 2895
702 2895
897 2895
1192 2895
1606 2895
1639 2895
1666 2895
1675 2895
2022 2895
2308 2895
2701 2895
791 2896
2266 2896
2 2897
27 2897
686 2897
1096 2897
1768 2897
1731 2898
15 2899
55 2900
1150 2900
1372 2900
1405 2900
1 2901
339 2901
346 2901
564 2901
655 2901
692 2901
2358 2901
94 2902
493 2902
1337 2902
1555 2903
8 2904
10 2904
57 2904
134 2904
140 2904
393 2904
400 2904
455 2904
886 2904
1298 2904
1512 2904
1524 2904
1768 2904
2151 2904
2159 2904
2163 2904
2822 2904
413 2905
2537 2905
647 2906
2511 2906
15 2907
83 2908
184 2909
382 2909
1507 2909
2503 2909
2698 2909
2739 2909
361 2910
1974 2911
2339 2912
487 2913
577 2914
1625 2914
240 2915
14 2916
52 2917
739 2917
413 2918
931 2919
10 2920
413 2921
776 2921
1039 2921
1268 2921
425 2922
130 2923
348 2924
1326 2925
233 2926
679 2927
408 2928
1443 2928
146 2929
504 2930
58 2931
24 2932
1600 2932
1758 2932
2498 2933
410 2934
41 2935
1042 2936
98 2937
133 2938
347 2938
352 2938
355 2938
358 2938
408 2938
530 2938
556 2938
672 2938
813 2938
1557 2938
2214 2938
218 2939
2354 2940
41 2941
208 2942
55 2943
2421 2943
385 2944
1 2945
1994 2945
2925 2945
12 2946
408 2946
575 2946
5 2947
113 2948
225 2949
1579 2950
31 2951
311 2951
418 2951
684 2951
725 2951
2608 2951
2 2952
28 2953
335 2954
69 2955
15 2956
64 2957
1374 2958
2564 2958
19 2959
1665 2959
1335 2960
2851 2960
365 2961
130 2962
12 2963
268 2963
292 2963
1539 2963
2175 2963
985 2964
1039 2964
2762 2965
15 2966
590 2967
321 2968
438 2969
1326 2969
129 2970
1704 2970
60 2971
1238 2971
586 2972
940 2972
211 2973
2007 2973
259 2974
90 2975
2028 2975
2724 2975
10 2976
799 2976
201 2977
740 2978
1728 2978
41 2979
17 2980
619 2980
1642 2981
818 2982
2936 2982
991 2983
772 2984
1423 2984
289 2985
315 2986
1173 2986
2912 2987
133 2988
2410 2988
6 2989
89 2989
14 2990
811 2991
55 2992
233 2992
1861 2992
2863 2992
762 2993
931 2993
1335 2993
2972 2993
201 2994
968 2995
2017 2995
330 2996
1573 2996
266 2997
69 2998
2 2999
6 2999
7 2999
9 2999
10 2999
54 2999
65 2999
86 2999
90 2999
238 2999
294 2999
300 2999
367 2999
589 2999
719 2999
798 2999
1099 2999
1115 2999
1298 2999
1317 2999
1378 2999
1463 2999
1515 2999
1930 2999
2003 2999
2028 2999
1202 3000
2999 3000
8 3001
21 3001
53 3001
80 3001
81 3001
229 3001
298 3001
323 3001
366 3001
392 3001
686 3001
729 3001
912 3001
1019 3001
1237 3001
1401 3001
1503 3001
1547 3001
1941 3001
2048 3001
2276 3001
2311 3001
2318 3001
2952 3001
380 3002
1195 3002
112 3003
391 3004
1569 3004
1609 3004
257 3005
2 3006
1284 3007
883 3008
1740 3008
1421 3009
1702 3010
129 3011
9 3012
208 3012
896 3012
1274 3012
1335 3012
3001 3012
2 3013
1930 3013
44 3014
1307 3014
1008 3015
2504 3016
594 3017
2 3018
19 3019
2433 3020
41 3021
189 3022
719 3022
885 3022
2150 3022
516 3023
1849 3023
1966 3024
17 3025
408 3025
1052 3025
1443 3025
99 3026
142 3027
2711 3027
121 3028
280 3028
293 3028
458 3028
654 3029
693 3029
876 3029
998 3029
2635 3029
11 3030
15 3031
5 3032
8 3032
53 3032
104 3032
158 3032
586 3032
679 3032
947 3032
1226 3032
1318 3032
2232 3032
2386 3032
2509 3032
2639 3032
401 3033
1073 3033
2216 3033
413 3034
736 3035
1014 3036
2433 3037
55 3038
380 3039
1195 3039
334 3040
59 3041
624 3041
540 3042
129 3043
852 3043
284 3044
284 3045
2878 3045
178 3046
1042 3046
83 3047
334 3047
1967 3048
412 3049
647 3049
15 3050
39 3050
298 3050
370 3050
459 3050
479 3050
593 3050
911 3050
1909 3050
2400 3050
2938 3050
75 3051
109 3051
594 3051
906 3051
2272 3051
474 3052
1853 3053
5 3054
491 3054
1161 3054
1850 3054
113 3055
165 3055
2271 3055
141 3056
557 3056
708 3057
13 3058
692 3058
349 3059
69 3060
1026 3060
1427 3060
1712 3060
251 3061
140 3062
1915 3062
19 3063
641 3063
2124 3064
41 3065
7 3066
2289 3066
643 3067
107 3068
607 3069
1573 3070
2836 3070
594 3071
2352 3072
32 3073
107 3074
2373 3074
1443 3075
1454 3075
710 3076
928 3076
2246 3076
2251 3076
31 3077
51 3078
1293 3078
2589 3078
2 3079
361 3080
90 3081
231 3081
554 3081
1028 3081
1615 3081
1900 3081
2062 3081
142 3082
2023 3083
710 3084
2237 3084
1039 3085
15 3086
11 3087
398 3088
1285 3088
251 3089
1829 3089
1924 3089
2491 3090
2774 3090
328 3091
2906 3091
763 3092
2457 3092
278 3093
142 3094
2049 3094
2088 3094
2396 3094
2498 3094
2676 3095
238 3096
691 3096
755 3096
799 3096
2261 3096
811 3097
1516 3097
2331 3097
4 3098
1278 3099
767 3100
69 3101
176 3102
204 3103
15 3104
41 3105
120 3106
3 3107
76 3107
259 3107
408 3108
5 3109
378 3109
2258 3109
2485 3109
395 3110
416 3110
1764 3110
2184 3110
2563 3110
471 3111
677 3112
363 3113
74 3114
359 3114
509 3114
517 3114
594 3114
1114 3114
2201 3114
1426 3115
1933 3115
516 3116
2216 3116
2 3117
10 3117
46 3117
89 3117
250 3117
455 3117
886 3117
1015 3117
1298 3117
1352 3117
1512 3117
2480 3117
2893 3117
6 3118
90 3118
291 3118
416 3118
798 3118
1400 3118
1467 3118
1690 3118
1900 3118
2062 3118
2200 3119
3032 3120
795 3121
1948 3121
1412 3122
1967 3122
102 3123
2710 3124
113 3125
233 3126
1141 3126
1754 3126
196 3127
69 3128
1091 3128
3127 3129
2999 3130
3108 3130
259 3131
2102 3132
280 3133
293 3133
2205 3134
2517 3135
4 3136
10 3136
726 3136
1459 3136
2095 3136
135 3137
2938 3138
1 3139
14 3139
16 3139
17 3139
28 3139
33 3139
38 3139
73 3139
128 3139
129 3139
244 3139
258 3139
354 3139
378 3139
412 3139
575 3139
617 3139
681 3139
690 3139
751 3139
764 3139
820 3139
913 3139
1062 3139
1164 3139
1369 3139
1557 3139
1601 3139
1692 3139
1832 3139
2323 3139
2712 3139
2746 3139
2835 3139
2966 3139
3086 3139
3104 3139
2017 3140
2401 3140
1006 3141
1749 3141
2195 3141
3028 3141
4 3142
900 3142
540 3143
514 3144
5 3145
37 3145
861 3145
1914 3145
139 3146
363 3146
1760 3146
2329 3147
2087 3148
399 3149
493 3149
7 3150
1085 3150
1317 3150
1 3151
1656 3151
740 3152
771 3153
1619 3153
2 3154
352 3154
99 3155
312 3155
19 3156
613 3156
93 3157
998 3157
1289 3157
67 3158
851 3158
119 3159
453 3159
33 3160
162 3160
240 3160
1533 3160
2179 3160
26 3161
1306 3162
301 3163
2663 3164
556 3165
922 3165
1054 3165
1495 3165
1515 3165
1787 3165
1933 3165
2150 3165
753 3166
184 3167
811 3168
129 3169
57 3170
11 3171
1133 3171
11 3172
13 3172
69 3172
1752 3172
235 3173
1958 3174
2329 3175
377 3176
245 3177
1491 3177
1716 3177
1730 3177
1838 3177
1979 3177
3044 3177
2163 3178
99 3179
58 3180
120 3181
15 3182
97 3182
213 3182
266 3182
1320 3182
1521 3182
1776 3182
1731 3183
2332 3183
208 3184
3 3185
35 3185
60 3185
208 3185
259 3185
375 3185
525 3185
1830 3185
2040 3185
2404 3185
2878 3185
3112 3185
2088 3186
918 3187
1140 3187
1280 3188
14 3189
361 3189
374 3189
1573 3189
2329 3189
9 3190
1800 3190
1844 3190
2904 3190
1149 3191
758 3192
931 3192
2478 3192
3001 3192
1148 3193
811 3194
1297 3194
1338 3194
1411 3194
1418 3194
1525 3194
1659 3194
1805 3194
1848 3194
2402 3194
2457 3194
2846 3194
2941 3194
3065 3194
5 3195
57 3195
65 3195
231 3195
285 3195
679 3195
1016 3195
1077 3195
1325 3195
1958 3195
2123 3195
74 3196
509 3197
118 3198
602 3199
2042 3199
107 3200
130 3201
1326 3202
1784 3203
278 3204
439 3205
2895 3205
373 3206
9 3207
929 3207
1978 3208
37 3209
119 3210
2739 3211
17 3212
619 3212
838 3212
5 3213
165 3214
1232 3214
2636 3215
390 3216
2740 3216
292 3217
1006 3217
1064 3217
1371 3217
1875 3217
3028 3217
301 3218
2573 3219
40 3220
225 3220
405 3220
1292 3220
2277 3220
2 3221
52 3221
208 3221
493 3221
1814 3222
1966 3222
776 3223
1985 3223
502 3224
1394 3224
32 3225
377 3226
2527 3226
15 3227
1420 3228
215 3229
317 3229
390 3230
643 3231
298 3232
978 3232
2938 3232
1109 3233
879 3234
2037 3234
2969 3234
1501 3235
2214 3235
106 3236
243 3237
1407 3237
1428 3237
2699 3237
2828 3237
3006 3237
32 3238
740 3239
1918 3239
540 3240
201 3241
413 3242
1039 3242
3139 3243
335 3244
1569 3244
268 3245
201 3246
24 3247
335 3248
1853 3248
206 3249
301 3250
7 3251
14 3251
37 3251
68 3251
93 3251
163 3251
209 3251
420 3251
428 3251
647 3251
686 3251
998 3251
1563 3251
1667 3251
1680 3251
1779 3251
1857 3251
2092 3251
2 3252
3091 3252
330 3253
3091 3254
115 3255
2090 3256
186 3257
163 3258
417 3258
762 3258
842 3258
1261 3258
1519 3258
1726 3258
718 3259
1259 3259
2 3260
257 3260
2 3261
2 3262
146 3263
1636 3264
291 3265
416 3265
554 3265
1039 3265
1560 3265
1630 3265
226 3266
1464 3266
33 3267
1708 3267
2372 3267
14 3268
1187 3269
1477 3269
2641 3270
2647 3270
1571 3271
3069 3271
40 3272
225 3272
1292 3272
2351 3273
170 3274
1398 3274
2056 3275
722 3276
2329 3277
509 3278
2966 3278
55 3279
3271 3279
486 3280
13 3281
575 3281
193 3282
259 3283
1846 3283
19 3284
55 3285
235 3286
419 3286
1001 3287
1756 3288
2935 3289
2650 3290
184 3291
41 3292
137 3292
224 3292
363 3292
390 3292
391 3292
857 3292
1242 3292
2472 3292
2931 3292
3180 3292
2 3293
51 3294
2589 3294
1947 3295
2303 3295
3069 3295
41 3296
137 3297
2864 3297
14 3298
1 3299
1144 3299
1451 3299
1682 3299
32 3300
1929 3300
536 3301
1205 3302
3092 3302
1952 3303
2829 3304
3 3305
77 3306
130 3307
867 3308
54 3309
189 3309
238 3309
352 3309
1635 3309
2312 3309
2921 3309
2851 3310
284 3311
3177 3311
2750 3312
431 3313
1014 3313
55 3314
57 3315
258 3316
378 3316
98 3317
428 3317
790 3317
1846 3317
2032 3317
208 3318
6 3319
32 3319
2505 3319
2084 3320
2738 3321
14 3322
656 3322
708 3323
3217 3323
1092 3324
1384 3324
1432 3324
2646 3324
208 3325
2901 3325
2005 3326
154 3327
1600 3328
476 3329
736 3329
2095 3329
2897 3329
2135 3330
2887 3330
3 3331
68 3331
162 3331
259 3331
809 3331
1158 3331
2842 3331
3195 3331
994 3332
2999 3332
340 3333
2040 3333
3 3334
809 3334
730 3335
308 3336
3208 3336
348 3337
1525 3338
2895 3339
3 3340
166 3340
13 3341
10 3342
2734 3342
22 3343
345 3344
2095 3345
2243 3345
2633 3345
747 3346
1008 3347
1274 3347
536 3348
55 3349
1149 3350
237 3351
2493 3352
946 3353
178 3354
910 3354
1794 3354
2532 3354
231 3355
291 3355
416 3355
1630 3355
11 3356
1380 3356
2187 3356
2881 3356
2896 3356
3260 3356
228 3357
142 3358
497 3358
509 3358
610 3358
685 3358
869 3358
1691 3358
2049 3358
2138 3358
3040 3358
5 3359
472 3360
1389 3360
3054 3361
408 3362
2930 3362
77 3363
1141 3364
237 3365
1427 3366
3365 3367
244 3368
265 3368
376 3368
512 3368
588 3368
628 3368
816 3368
1168 3368
1936 3368
2078 3368
2369 3368
2619 3368
3082 3368
1398 3369
1332 3370
2607 3370
45 3371
6 3372
60 3372
1919 3372
985 3373
811 3374
27 3375
46 3375
57 3375
140 3375
1096 3375
2151 3375
2159 3375
326 3376
361 3376
1282 3376
164 3377
1420 3378
2588 3378
15 3379
321 3380
420 3381
1258 3381
32 3382
2827 3382
3151 3382
418 3383
120 3384
838 3384
1964 3384
2468 3384
486 3385
419 3386
701 3387
1035 3388
19 3389
19 3390
133 3391
176 3391
347 3391
352 3391
1787 3391
2214 3391
119 3392
154 3392
765 3392
1188 3392
2057 3392
2396 3392
2659 3392
3306 3392
1978 3393
3336 3393
439 3394
1153 3395
2851 3396
118 3397
3029 3397
679 3398
2336 3399
9 3400
851 3400
943 3400
1518 3400
1781 3400
2705 3400
122 3401
193 3401
309 3401
789 3401
139 3402
1760 3402
146 3403
2376 3403
3008 3403
799 3404
22 3405
112 3406
474 3407
486 3408
129 3409
1837 3409
95 3410
403 3410
435 3410
466 3410
933 3410
963 3410
3068 3410
3200 3410
594 3411
2383 3412
2333 3413
55 3414
2936 3415
774 3416
786 3416
125 3417
1151 3418
363 3419
1573 3420
541 3421
1753 3421
280 3422
293 3422
586 3423
828 3423
2048 3423
2460 3423
151 3424
1 3425
3096 3425
509 3426
1454 3427
1932 3427
1663 3428
1260 3429
1327 3430
129 3431
1315 3432
193 3433
338 3433
380 3433
2654 3433
55 3434
3290 3434
176 3435
1507 3436
2940 3436
6 3437
3090 3438
1026 3439
268 3440
9 3441
896 3441
2095 3441
3117 3441
77 3442
1232 3443
2174 3443
68 3444
54 3445
189 3445
238 3445
1635 3445
2312 3445
2921 3445
781 3446
1006 3446
1971 3447
8 3448
24 3448
1768 3449
3329 3449
727 3450
1557 3450
164 3451
868 3452
3326 3452
1850 3453
113 3454
2061 3454
486 3455
984 3456
275 3457
151 3458
643 3459
2 3460
672 3460
931 3460
1274 3460
1361 3460
2357 3460
2478 3460
3001 3460
361 3461
2368 3461
399 3462
348 3463
811 3464
14 3465
1 3466
11 3466
90 3466
880 3467
201 3468
119 3469
590 3470
993 3470
1725 3470
2895 3471
90 3472
227 3472
291 3472
395 3472
416 3472
779 3472
848 3472
1350 3472
1560 3472
2563 3472
2627 3472
2648 3472
3209 3472
1332 3473
2001 3473
2856 3474
468 3475
610 3475
3 3476
1969 3476
1133 3477
142 3478
2 3479
15 3480
540 3480
3410 3480
42 3481
1186 3481
1365 3481
68 3482
15 3483
3139 3483
439 3484
28 3485
413 3486
2759 3486
3330 3486
664 3487
883 3487
1687 3487
77 3488
154 3489
2986 3489
2762 3490
330 3491
259 3492
844 3492
3010 3492
208 3493
352 3493
672 3493
77 3494
3331 3495
41 3496
613 3497
466 3498
24 3499
2218 3499
84 3500
906 3501
250 3502
886 3502
1298 3502
1512 3502
2480 3502
3441 3502
509 3503
740 3503
1211 3503
956 3504
251 3505
1829 3505
1519 3506
2370 3506
1853 3507
68 3508
1696 3508
1057 3509
1346 3509
2348 3510
610 3511
740 3511
1211 3511
1 3512
11 3512
13 3512
66 3512
97 3512
299 3512
361 3512
459 3512
746 3512
1320 3512
1461 3512
1521 3512
1776 3512
2046 3512
2329 3512
3139 3512
3327 3513
1330 3514
77 3515
3392 3515
58 3516
13 3517
317 3517
301 3518
17 3519
619 3519
1274 3520
1842 3520
2017 3521
2643 3521
11 3522
67 3522
130 3522
692 3523
2509 3523
2124 3524
2010 3525
2891 3525
1398 3526
2219 3526
2978 3527
2739 3528
464 3529
1008 3530
2895 3531
130 3532
1119 3532
1386 3532
994 3533
2999 3533
67 3534
15 3535
45 3536
2139 3537
323 3538
363 3538
531 3539
3400 3539
299 3540
472 3541
1420 3542
2 3543
115 3544
799 3545
32 3546
927 3546
1929 3546
2152 3546
118 3547
1719 3548
509 3549
2966 3549
45 3550
19 3551
613 3551
978 3552
1932 3552
2789 3552
766 3553
898 3553
1 3554
6 3554
54 3554
207 3554
691 3554
727 3554
792 3554
896 3554
1203 3554
2095 3554
2602 3554
2938 3554
55 3555
1966 3555
509 3556
740 3556
1211 3556
165 3557
113 3558
1750 3559
2742 3560
903 3561
17 3562
487 3563
1534 3564
1076 3565
193 3566
55 3567
3087 3567
55 3568
516 3569
185 3570
1512 3570
9 3571
208 3571
896 3571
1274 3571
3001 3571
1560 3572
53 3573
158 3573
167 3573
184 3573
564 3573
1154 3573
1633 3573
16 3574
66 3574
310 3574
370 3574
383 3574
593 3574
694 3574
746 3574
1070 3574
1111 3574
1137 3574
1429 3574
1693 3574
1781 3574
2415 3574
2585 3574
2799 3574
3440 3574
31 3575
107 3576
198 3577
2702 3577
268 3578
439 3578
14 3579
654 3579
2363 3579
2750 3579
1195 3580
2017 3581
84 3582
2301 3582
294 3583
2124 3583
1315 3584
1119 3585
2827 3585
5 3586
68 3586
449 3586
141 3587
2404 3588
1846 3589
63 3590
786 3590
1324 3590
1526 3590
2 3591
493 3591
2237 3592
405 3593
1552 3593
77 3594
2 3595
399 3595
493 3595
1210 3595
286 3596
493 3596
12 3597
75 3597
85 3597
109 3597
117 3597
141 3597
164 3597
191 3597
370 3597
396 3597
426 3597
542 3597
697 3597
819 3597
950 3597
999 3597
1070 3597
1198 3597
1255 3597
1430 3597
1518 3597
1651 3597
1820 3597
2083 3597
2173 3597
2798 3597
2856 3597
3279 3597
3285 3597
3314 3597
3555 3597
1232 3598
318 3599
798 3599
1224 3599
1301 3599
1717 3599
1779 3599
233 3600
14 3601
28 3601
403 3601
604 3601
889 3601
729 3602
2647 3602
69 3603
125 3604
537 3605
2054 3605
1232 3606
1026 3607
1426 3608
1750 3609
2342 3609
113 3610
3428 3610
13 3611
46 3611
373 3611
1528 3611
2392 3611
12 3612
347 3612
1747 3612
2856 3612
201 3613
2462 3613
10 3614
951 3614
374 3615
524 3616
972 3616
1080 3617
1861 3618
141 3619
1232 3619
1255 3619
2587 3619
67 3620
1459 3620
125 3621
773 3622
654 3623
2329 3623
2750 3623
384 3624
1281 3624
11 3625
117 3625
3185 3625
45 3626
31 3627
55 3628
3597 3628
1741 3629
2163 3630
318 3631
80 3632
207 3632
424 3632
586 3632
2048 3632
2186 3632
2350 3632
3347 3632
3520 3632
9 3633
2392 3633
17 3634
8 3635
896 3635
1317 3635
201 3636
566 3636
242 3637
1750 3638
5 3639
3376 3639
1202 3640
3139 3640
3597 3641
125 3642
654 3642
998 3642
361 3643
216 3644
13 3645
15 3645
24 3645
358 3645
1006 3645
1557 3645
2911 3645
1781 3646
1972 3647
208 3648
5 3649
9 3649
1317 3649
1516 3649
25 3650
28 3650
69 3650
95 3650
102 3650
141 3650
165 3650
179 3650
195 3650
268 3650
354 3650
403 3650
412 3650
432 3650
443 3650
458 3650
472 3650
592 3650
681 3650
690 3650
717 3650
737 3650
751 3650
764 3650
884 3650
895 3650
949 3650
1002 3650
1062 3650
1080 3650
1369 3650
1557 3650
1835 3650
1950 3650
1974 3650
2135 3650
2243 3650
2273 3650
2323 3650
2426 3650
2765 3650
2860 3650
2899 3650
2907 3650
2966 3650
3031 3650
3050 3650
3535 3650
2 3651
208 3651
352 3651
762 3651
2829 3651
1729 3652
2080 3652
2270 3653
3095 3653
19 3654
1340 3655
1843 3655
170 3656
11 3657
2588 3657
3032 3658
15 3659
580 3660
1134 3660
1593 3660
3156 3660
3497 3660
3551 3660
3139 3661
3292 3662
55 3663
141 3664
1026 3664
201 3665
679 3666
22 3667
15 3668
3368 3668
1771 3669
851 3670
6 3671
90 3671
699 3671
1690 3671
2218 3672
1426 3673
1292 3674
1668 3675
740 3676
2717 3677
332 3678
280 3679
11 3680
75 3680
539 3680
176 3681
1153 3681
1439 3681
3237 3681
17 3682
1531 3682
417 3683
842 3683
1984 3683
2214 3684
3427 3684
3552 3684
13 3685
55 3685
361 3685
365 3685
383 3685
654 3685
663 3685
1203 3685
1461 3685
1573 3685
1752 3685
1882 3685
2368 3685
2799 3685
3597 3685
2801 3686
2687 3687
2445 3688
1605 3689
55 3690
1814 3690
1966 3690
5 3691
1139 3692
1232 3693
233 3694
408 3695
2616 3696
658 3697
796 3697
163 3698
554 3698
727 3698
1210 3698
1622 3698
2094 3698
2154 3698
2199 3698
58 3699
1189 3700
24 3701
2218 3701
540 3702
378 3703
1829 3704
2950 3704
751 3705
610 3706
112 3707
1473 3707
514 3708
1720 3709
3413 3709
41 3710
3194 3710
3146 3711
535 3712
299 3713
90 3714
699 3714
2078 3714
53 3715
167 3715
564 3715
204 3716
243 3717
1203 3717
14 3718
28 3718
69 3718
84 3718
138 3718
264 3718
333 3718
403 3718
466 3718
604 3718
853 3718
889 3718
933 3718
1819 3718
2384 3718
3074 3718
15 3719
1259 3720
41 3721
348 3722
3512 3723
2139 3724
319 3725
1965 3725
985 3726
1039 3726
361 3727
1152 3727
5 3728
9 3728
1317 3728
2458 3729
5 3730
677 3730
490 3731
291 3732
1214 3732
3004 3732
378 3733
3060 3733
13 3734
15 3734
358 3734
1006 3734
1557 3734
336 3735
627 3735
58 3736
67 3737
159 3737
1070 3737
2022 3737
490 3738
83 3739
1150 3740
626 3741
1323 3741
937 3742
1130 3742
1305 3742
1343 3742
363 3743
390 3743
2801 3743
2017 3744
270 3745
1224 3746
1779 3746
2757 3747
1161 3748
927 3749
1929 3749
201 3750
275 3751
437 3752
2800 3752
107 3753
176 3753
2104 3753
3001 3754
924 3755
347 3756
352 3756
41 3757
67 3758
486 3759
68 3760
1459 3761
1767 3762
1682 3763
3714 3764
1719 3765
133 3766
910 3766
2856 3766
3172 3766
249 3767
541 3767
1924 3767
23 3768
1306 3768
1694 3769
2392 3769
13 3770
373 3770
1768 3770
1241 3771
67 3772
13 3773
405 3774
2331 3774
235 3775
185 3776
9 3777
677 3777
879 3777
1994 3777
2969 3777
204 3778
2903 3779
2166 3780
828 3781
859 3781
13 3782
19 3783
4 3784
186 3784
1681 3785
58 3786
45 3787
3512 3788
664 3789
340 3790
2898 3790
3273 3790
509 3791
1269 3791
3638 3792
122 3793
261 3793
362 3793
658 3793
718 3793
796 3793
1201 3793
1230 3793
1259 3793
2493 3793
2730 3793
2821 3793
1102 3794
2289 3794
251 3795
634 3795
1160 3795
226 3796
1889 3796
1006 3797
3139 3797
3650 3797
613 3798
2768 3798
3660 3798
142 3799
3368 3799
854 3800
590 3801
17 3802
265 3803
288 3803
411 3803
2284 3804
19 3805
2 3806
1629 3807
3022 3807
184 3808
439 3809
390 3810
1760 3810
2 3811
413 3812
2759 3812
3330 3812
19 3813
1232 3814
1010 3815
365 3816
14 3817
3788 3817
142 3818
3368 3818
190 3819
226 3819
275 3819
531 3819
1608 3819
3737 3819
571 3820
11 3821
1133 3821
137 3822
2842 3822
268 3823
724 3823
1622 3823
3400 3823
1046 3824
1270 3825
3191 3825
718 3826
1259 3826
1370 3826
265 3827
411 3827
764 3827
816 3827
1437 3827
1785 3827
1951 3827
2078 3827
2369 3827
3082 3827
3358 3827
3478 3827
3194 3828
71 3829
2352 3830
3519 3830
1232 3831
103 3832
1273 3832
1985 3832
2957 3832
146 3833
2568 3834
637 3835
3 3836
2329 3837
155 3838
1827 3838
2600 3839
3009 3839
2895 3840
181 3841
1080 3842
2136 3843
3091 3844
1359 3845
1425 3846
453 3847
58 3848
6 3849
32 3849
89 3849
291 3849
317 3849
1190 3849
1560 3849
2344 3849
2505 3849
2177 3850
118 3851
3029 3851
985 3852
10 3853
163 3853
1298 3853
1787 3853
2893 3853
1932 3854
3684 3854
125 3855
2 3856
259 3856
2381 3857
221 3858
149 3859
493 3859
2103 3859
184 3860
1139 3861
2995 3861
1100 3862
1153 3862
3033 3862
259 3863
118 3864
166 3865
1399 3865
2839 3865
1427 3866
59 3867
354 3867
1203 3867
1551 3867
1882 3867
3217 3867
3644 3868
223 3869
1110 3869
474 3870
3771 3871
2463 3872
989 3873
1232 3874
142 3875
3368 3875
1719 3876
2243 3877
27 3878
1096 3878
2200 3879
490 3880
3486 3881
3812 3881
10 3882
223 3882
3650 3883
112 3884
425 3885
15 3886
1 3887
14 3888
1280 3889
201 3890
2909 3891
15 3892
256 3893
163 3894
1101 3894
2096 3894
2192 3894
2959 3894
3019 3894
3551 3894
3654 3894
3876 3895
67 3896
3304 3897
493 3898
254 3899
1178 3900
354 3901
624 3901
2938 3901
3391 3901
3684 3901
1109 3902
2762 3902
554 3903
1028 3903
2612 3903
3140 3904
977 3905
1769 3905
776 3906
13 3907
373 3907
1528 3907
2392 3907
1722 3908
178 3909
118 3910
272 3911
758 3911
2906 3912
113 3913
417 3914
1984 3914
811 3915
673 3916
119 3917
154 3917
765 3917
3306 3917
3515 3917
1262 3918
399 3919
40 3920
41 3920
10 3921
86 3922
1605 3922
17 3923
67 3923
118 3923
156 3923
587 3923
619 3923
1012 3923
1045 3923
1252 3923
3623 3923
3685 3923
5 3924
7 3924
42 3924
57 3924
90 3924
151 3924
285 3924
294 3924
300 3924
473 3924
589 3924
980 3924
1293 3924
1392 3924
1565 3924
2028 3924
2207 3924
3334 3924
3 3925
9 3926
540 3927
38 3928
1105 3928
1116 3928
1126 3928
3197 3928
3503 3928
3549 3928
3556 3928
1362 3929
2 3930
27 3930
57 3930
89 3930
134 3930
393 3930
465 3930
674 3930
686 3930
1298 3930
1524 3930
1622 3930
1989 3930
2151 3930
2163 3930
2274 3930
2822 3930
3329 3930
3554 3930
2734 3931
291 3932
31 3933
311 3933
2608 3933
408 3934
1443 3934
1889 3934
3313 3934
284 3935
106 3936
189 3937
1635 3937
2312 3937
540 3938
1006 3938
1388 3938
466 3939
10 3940
1241 3941
2200 3942
1498 3943
1730 3944
3311 3944
3935 3944
14 3945
373 3946
135 3947
227 3948
1382 3948
787 3949
2596 3950
365 3951
238 3952
1767 3952
57 3953
913 3953
998 3953
155 3954
729 3954
1019 3954
2186 3954
2797 3954
3012 3954
828 3955
849 3955
1518 3955
1722 3955
3823 3955
2329 3956
69 3957
11 3958
208 3958
413 3958
762 3958
1534 3958
2877 3958
240 3959
3894 3960
142 3961
494 3961
698 3961
1816 3961
2484 3961
3368 3961
790 3962
2339 3962
58 3963
811 3963
1208 3963
2550 3964
3510 3964
434 3965
6 3966
2081 3966
1099 3967
2153 3967
1545 3968
22 3969
2302 3970
201 3971
2 3972
3894 3972
68 3973
509 3974
981 3974
3434 3975
3 3976
5 3976
9 3976
37 3976
68 3976
93 3976
312 3976
345 3976
428 3976
493 3976
686 3976
769 3976
815 3976
874 3976
904 3976
926 3976
1176 3976
1210 3976
1357 3976
1378 3976
2071 3976
2354 3976
2385 3976
2455 3976
2678 3976
3319 3976
3372 3976
3554 3976
3671 3976
3849 3976
3292 3977
493 3978
1557 3979
524 3980
130 3981
1997 3981
3825 3981
400 3982
3481 3982
4 3983
7 3983
8 3983
440 3983
524 3983
827 3983
1566 3983
2333 3983
2534 3983
3849 3983
5 3984
677 3984
1161 3984
764 3985
3358 3985
1855 3986
2541 3986
2546 3986
3796 3987
556 3988
2040 3989
372 3990
892 3990
1939 3990
142 3991
3827 3991
1447 3992
1611 3992
776 3993
1985 3993
3 3994
60 3994
686 3994
1094 3994
2630 3994
1939 3995
43 3996
311 3996
418 3996
725 3996
1090 3996
1567 3996
96 3997
248 3997
920 3997
1387 3997
2710 3997
294 3998
1463 3998
688 3999
758 4000
