1 5
5 7
1 8
1 9
3 10
6 10
7 10
12 15
11 17
12 25
7 30
12 33
11 50
1 53
2 53
10 53
36 53
12 57
51 57
12 59
54 66
12 74
7 75
7 78
4 84
9 87
57 90
1 91
1 92
1 93
83 96
11 97
51 97
56 97
67 97
15 100
10 102
28 104
95 104
1 109
27 109
89 112
6 113
8 113
44 113
105 113
109 113
105 120
1 126
6 126
79 126
53 129
100 131
89 132
16 133
54 134
5 141
53 144
1 147
117 152
1 153
51 154
109 154
1 157
16 157
48 157
57 157
12 160
37 160
51 160
53 160
96 162
1 171
129 171
10 175
4 176
12 179
160 179
160 180
150 181
109 182
9 185
40 187
89 188
14 190
150 194
150 195
7 198
21 198
9 199
89 202
96 203
7 206
9 206
107 206
68 210
1 211
1 213
97 214
1 216
10 216
198 216
6 220
100 220
10 221
105 221
37 222
144 223
54 227
66 229
227 229
160 232
123 234
142 234
156 234
178 234
230 234
1 238
150 240
66 241
171 241
144 243
1 244
8 244
32 244
42 244
63 244
70 244
111 244
117 244
140 244
198 244
144 248
244 251
1 252
193 253
228 253
1 254
53 254
193 255
105 256
109 258
198 262
220 262
6 263
1 266
41 267
229 267
236 267
7 268
216 268
244 268
53 271
10 273
54 273
84 273
198 273
57 274
90 274
244 278
54 279
84 279
241 279
179 280
84 284
144 286
10 290
229 290
267 290
244 292
244 293
1 294
4 295
9 297
11 298
150 299
1 300
5 300
150 300
168 300
195 300
205 300
220 300
228 300
229 300
235 300
246 300
247 300
251 300
290 300
299 300
8 301
104 302
109 303
11 304
124 304
214 304
260 304
1 305
84 306
198 306
16 307
244 308
300 308
304 309
16 310
38 310
55 310
131 310
167 310
177 310
179 310
201 310
275 310
304 311
10 313
129 313
150 314
12 316
310 320
12 321
1 326
218 328
1 331
4 333
160 335
144 337
187 341
262 342
1 343
300 346
1 347
320 350
234 351
186 355
53 356
304 356
1 357
150 359
9 360
12 361
234 363
15 368
117 369
8 370
171 371
106 372
115 372
118 372
202 372
241 372
250 372
269 372
244 373
5 374
6 374
89 374
150 374
290 374
372 374
104 378
109 379
1 380
1 381
7 382
1 383
57 383
67 383
160 383
84 386
53 387
11 389
310 389
368 389
13 390
18 390
132 390
192 390
208 390
171 391
89 392
1 393
187 397
29 399
47 400
237 400
97 402
97 403
9 406
150 407
1 409
280 410
42 412
130 412
5 416
372 417
104 418
51 419
9 420
11 422
307 422
232 423
12 424
120 425
128 425
372 427
9 428
1 431
5 431
9 431
34 431
87 431
126 431
143 431
173 431
283 431
285 431
288 431
290 431
353 431
360 431
367 431
3 435
268 435
9 436
186 438
196 438
204 438
249 438
358 438
51 439
1 441
4 443
54 443
394 445
109 446
12 447
12 448
47 448
231 448
356 448
37 449
433 449
1 452
174 453
215 453
265 453
291 453
434 453
244 454
124 456
304 456
104 457
104 458
104 459
300 460
4 463
137 465
310 467
216 468
1 469
8 471
218 472
9 475
150 476
216 476
244 476
273 476
279 476
300 476
119 477
159 477
311 477
358 477
429 477
437 477
466 477
467 477
12 478
310 479
273 480
144 481
1 483
4 484
12 485
113 486
330 487
8 489
89 491
390 492
51 495
1 496
258 496
371 496
372 497
244 498
330 498
8 499
232 499
411 499
477 499
58 500
84 500
401 500
57 502
100 503
337 503
5 504
5 505
267 506
47 507
439 508
6 509
63 510
150 510
244 510
104 511
197 512
244 512
506 512
477 513
438 516
12 517
1 518
372 520
244 521
498 521
117 522
171 525
300 525
372 528
390 530
234 532
12 533
234 534
89 536
494 538
234 541
12 542
229 544
262 544
56 546
23 547
145 547
163 548
304 548
7 549
171 549
190 551
49 553
64 553
127 553
214 553
362 553
396 553
403 553
4 554
5 554
75 554
194 554
322 554
374 554
381 554
469 554
503 554
509 554
1 556
7 556
5 558
206 558
474 558
84 559
1 560
109 561
244 561
491 561
67 562
124 562
214 562
260 562
355 562
404 562
433 562
449 562
456 562
244 563
82 564
84 564
98 564
226 564
11 565
51 565
372 566
554 567
438 570
7 571
171 571
567 571
1 572
4 573
54 573
84 573
229 573
242 573
524 573
42 575
97 578
190 578
190 579
234 580
97 581
191 581
239 582
376 582
582 585
1 586
7 587
431 588
8 589
450 591
10 592
229 594
15 595
16 595
395 595
400 595
448 595
495 595
565 595
5 596
13 597
178 597
225 597
491 601
214 603
404 603
553 603
582 604
422 605
595 605
10 607
105 609
499 609
193 611
280 611
104 612
56 613
97 613
546 613
1 616
383 617
562 617
369 618
69 621
144 622
228 622
21 623
443 623
544 623
186 624
431 625
357 626
1 627
300 628
11 630
40 630
90 630
157 630
187 630
275 630
376 630
383 630
389 630
444 630
617 630
4 631
54 631
229 631
308 631
97 632
150 633
170 633
244 633
248 633
286 633
300 633
344 633
470 633
1 634
144 635
553 636
489 637
477 638
12 639
7 640
126 640
349 640
398 640
512 640
51 641
310 642
216 644
262 644
300 647
218 651
1 654
12 655
33 655
198 660
220 660
262 660
476 660
544 660
644 660
371 661
9 662
4 663
372 667
324 668
645 668
656 668
276 671
345 671
526 671
547 671
658 671
4 672
491 674
9 676
547 677
381 678
643 678
88 679
112 679
188 679
259 679
545 679
184 680
254 681
547 681
633 684
72 686
75 686
228 686
229 686
241 686
312 686
349 686
370 686
501 686
503 686
525 686
537 686
589 686
57 687
400 689
94 690
553 690
65 692
63 693
144 693
150 693
181 693
205 693
235 693
240 693
299 693
330 693
374 693
505 693
527 693
535 693
315 694
462 694
98 697
315 699
686 700
117 701
17 702
51 702
214 702
311 702
323 702
358 702
375 702
404 702
437 702
513 702
595 702
614 702
624 702
693 703
9 704
10 705
399 706
6 707
171 707
184 708
438 711
693 712
431 713
244 714
104 715
110 715
234 715
253 715
337 715
390 715
400 715
431 715
617 715
550 717
244 718
106 719
112 719
327 719
461 719
4 720
477 722
562 722
597 723
144 724
702 727
244 729
1 730
1 732
7 732
9 732
85 732
109 732
113 732
229 732
370 732
589 732
323 734
554 735
7 736
218 737
54 738
229 738
262 738
269 739
1 740
477 741
553 741
96 743
671 743
234 744
165 745
630 745
107 746
97 748
171 750
554 750
12 751
54 752
308 752
1 755
244 757
249 758
323 758
516 758
734 758
315 759
719 760
160 763
337 763
164 764
425 764
686 765
693 766
425 767
641 768
12 769
53 770
7 771
57 772
715 772
244 773
300 773
310 776
11 777
90 777
157 777
376 777
97 779
9 781
57 782
97 782
383 782
562 782
702 783
300 784
628 784
12 785
234 786
438 787
734 787
758 787
325 788
12 789
310 790
104 791
1 794
215 795
1 797
104 798
8 799
53 799
1 800
6 801
171 801
51 802
498 804
496 805
322 806
80 807
304 807
448 807
621 807
51 808
124 808
160 808
183 808
207 808
375 808
551 808
709 808
779 808
102 810
157 810
595 810
113 811
267 811
347 811
556 811
633 812
695 812
538 813
811 813
372 814
150 815
719 816
4 817
45 817
719 819
372 820
719 820
412 822
496 823
300 824
1 825
58 826
788 826
98 827
229 831
477 832
381 833
1 835
6 835
75 835
113 835
206 835
555 835
629 835
640 835
671 835
677 835
681 835
709 835
717 835
756 835
813 835
830 835
89 836
553 837
12 838
7 839
425 840
645 840
702 841
218 842
715 843
218 845
352 845
9 847
84 848
496 851
107 852
109 853
310 854
633 856
191 857
51 858
499 859
656 859
5 861
9 862
11 863
97 864
244 866
51 868
67 868
94 868
124 868
362 868
402 868
440 868
578 868
581 868
782 868
830 868
857 868
864 868
692 869
57 870
496 871
12 872
53 873
223 873
688 873
322 875
190 876
551 876
578 876
579 876
106 877
112 877
200 877
241 877
277 877
417 877
505 877
520 877
580 877
796 877
229 879
372 880
374 880
523 883
45 884
54 884
84 884
198 884
187 885
144 888
51 890
174 891
215 891
496 891
53 892
49 893
55 893
127 893
160 893
172 893
191 893
214 893
282 893
362 893
431 893
519 893
551 893
553 893
577 893
780 893
837 893
865 893
372 894
12 896
167 896
372 897
693 897
732 897
826 897
827 897
835 898
104 900
496 901
482 902
543 902
893 902
45 904
381 905
678 905
244 906
5 907
124 908
214 908
403 908
808 908
10 910
554 910
300 911
190 913
356 913
553 913
876 913
893 913
84 916
150 916
194 916
205 916
235 916
241 916
633 916
761 916
431 917
94 918
183 918
375 918
551 918
602 918
782 918
908 918
530 919
679 919
234 920
835 921
97 923
808 923
918 923
554 924
462 928
573 929
336 930
191 932
5 933
244 933
310 934
583 936
766 936
206 938
4 939
54 939
144 940
248 940
693 941
4 942
84 942
54 943
262 943
109 944
671 944
300 949
5 950
300 951
77 952
306 952
573 952
412 953
5 954
10 954
206 954
382 954
476 954
505 954
556 954
587 954
600 954
640 954
844 954
942 957
955 957
244 960
5 961
150 961
954 961
12 963
686 964
97 965
868 965
15 966
116 966
157 966
252 966
503 966
715 966
438 967
553 968
715 968
101 969
129 969
150 969
228 969
317 969
329 969
453 969
540 969
666 969
686 969
765 969
897 969
84 970
715 971
438 972
758 972
5 973
595 974
369 975
4 976
261 977
5 978
124 980
214 980
918 980
310 981
10 982
171 982
554 982
692 983
12 984
310 986
4 987
45 987
242 987
342 988
476 988
544 988
594 988
660 988
855 988
943 988
12 989
533 989
234 992
499 993
54 994
719 995
330 996
12 997
9 998
52 999
81 999
101 999
126 999
370 999
489 999
501 999
525 999
540 999
693 999
127 1000
161 1000
311 1000
323 1000
429 1000
591 1000
683 1000
722 1000
727 1000
728 1000
165 1001
630 1001
745 1001
777 1001
562 1002
10 1003
126 1004
372 1005
732 1005
746 1005
902 1006
690 1008
808 1008
104 1009
154 1009
210 1009
289 1009
310 1009
350 1009
768 1009
802 1009
610 1010
877 1011
1 1012
157 1013
413 1013
422 1013
702 1013
109 1014
491 1014
674 1014
686 1014
954 1014
42 1015
236 1016
51 1018
90 1018
1009 1018
9 1019
219 1020
693 1021
105 1022
1 1023
244 1024
510 1024
47 1025
60 1025
231 1025
356 1025
868 1025
438 1027
1 1028
113 1028
126 1028
144 1028
194 1028
263 1028
349 1028
374 1028
509 1028
633 1028
707 1028
801 1028
835 1028
679 1029
12 1030
15 1030
50 1030
73 1030
419 1030
445 1030
565 1030
1000 1030
656 1031
438 1032
372 1033
144 1034
144 1035
394 1036
610 1038
160 1040
310 1040
430 1040
286 1041
51 1042
64 1042
94 1042
124 1042
375 1042
741 1042
857 1042
908 1042
580 1043
310 1046
573 1047
96 1049
86 1050
434 1050
686 1050
516 1051
702 1051
144 1052
178 1053
277 1053
489 1053
505 1053
520 1053
531 1053
580 1053
786 1053
914 1053
925 1053
1011 1053
244 1054
4 1055
324 1056
190 1057
656 1058
889 1058
113 1059
130 1060
244 1060
575 1060
822 1060
89 1061
7 1062
506 1062
619 1062
1016 1062
597 1063
630 1065
897 1066
1000 1068
1 1069
100 1070
617 1070
98 1071
18 1073
112 1073
123 1073
178 1073
233 1073
552 1073
715 1073
919 1073
413 1075
75 1076
216 1076
244 1076
273 1076
300 1076
306 1076
573 1076
660 1076
5 1078
144 1078
205 1078
235 1078
245 1078
270 1078
366 1078
414 1078
468 1078
608 1078
628 1078
703 1078
710 1078
886 1078
910 1078
1067 1078
969 1079
671 1081
849 1081
390 1082
262 1083
988 1083
39 1085
42 1085
144 1085
195 1085
220 1085
308 1085
366 1085
460 1085
468 1085
773 1085
784 1085
886 1085
982 1085
166 1086
734 1086
683 1087
51 1088
109 1088
1009 1088
109 1089
446 1089
6 1090
24 1090
1028 1090
954 1091
4 1092
45 1092
198 1092
226 1092
1076 1092
304 1095
603 1095
702 1095
1000 1095
18 1096
99 1096
112 1096
132 1096
233 1096
259 1096
327 1096
451 1096
536 1096
552 1096
620 1096
715 1096
733 1096
927 1096
1061 1096
1082 1096
462 1098
657 1098
597 1099
564 1100
877 1101
89 1102
1096 1102
84 1103
916 1104
144 1105
372 1106
456 1107
893 1107
932 1107
965 1107
686 1109
267 1110
512 1110
677 1110
681 1110
1062 1110
9 1111
988 1112
878 1113
916 1113
53 1114
253 1114
300 1114
337 1114
671 1114
686 1114
1039 1114
1052 1114
84 1115
226 1115
1000 1117
29 1118
11 1119
90 1119
274 1119
595 1119
772 1119
810 1119
1001 1119
706 1121
686 1122
1 1123
584 1123
97 1124
868 1124
1107 1124
1000 1125
80 1126
128 1126
138 1126
668 1126
691 1126
810 1126
1031 1126
893 1128
244 1129
51 1130
64 1130
127 1130
183 1130
375 1130
748 1130
227 1131
300 1131
97 1132
372 1133
1073 1134
228 1135
12 1136
59 1136
989 1136
1074 1136
557 1137
693 1137
827 1139
835 1140
280 1141
1 1142
849 1143
126 1144
216 1145
937 1145
7 1146
171 1146
772 1147
171 1148
719 1149
1085 1150
4 1152
54 1152
610 1153
41 1154
236 1154
640 1154
1016 1154
1085 1155
795 1156
171 1158
280 1161
227 1162
262 1162
300 1162
631 1162
752 1162
109 1163
169 1166
287 1166
660 1166
747 1166
922 1166
952 1166
1097 1166
1053 1168
692 1169
53 1171
143 1171
229 1171
893 1171
496 1172
893 1173
1020 1174
58 1175
826 1175
897 1175
431 1176
1171 1176
107 1177
746 1177
852 1177
702 1178
1000 1178
554 1179
1144 1179
1000 1180
1073 1181
1134 1181
97 1183
603 1183
868 1183
918 1183
12 1184
478 1184
630 1185
449 1186
985 1186
184 1187
6 1188
53 1188
96 1188
105 1188
209 1188
262 1188
300 1188
337 1188
384 1188
593 1188
660 1188
762 1188
902 1188
966 1188
1028 1188
1085 1188
9 1189
893 1190
90 1191
383 1191
595 1191
598 1191
772 1191
65 1192
262 1193
1078 1193
171 1194
693 1195
679 1196
244 1197
719 1199
4 1200
330 1201
9 1202
9 1203
171 1204
1 1205
100 1206
57 1207
310 1207
542 1207
477 1208
14 1209
69 1209
385 1209
551 1209
1057 1209
53 1210
671 1211
413 1212
1013 1212
1075 1212
1126 1212
310 1214
811 1214
893 1214
975 1217
1053 1218
310 1220
1073 1223
390 1224
372 1226
206 1227
474 1227
1116 1227
189 1228
1086 1228
234 1229
37 1230
60 1230
310 1232
4 1233
945 1234
234 1235
372 1235
167 1236
31 1237
62 1237
102 1237
105 1237
222 1237
304 1237
389 1237
408 1237
565 1237
630 1237
650 1237
687 1237
754 1237
777 1237
1013 1237
227 1239
262 1239
300 1239
9 1240
310 1241
104 1242
1 1243
58 1245
103 1245
1 1246
1 1248
42 1249
431 1250
372 1251
719 1251
51 1252
144 1254
9 1257
637 1258
746 1258
877 1258
969 1258
1177 1258
595 1259
300 1260
1078 1260
10 1261
58 1261
98 1261
103 1261
897 1261
902 1262
8 1264
969 1264
633 1265
234 1266
372 1266
280 1267
1064 1268
310 1270
547 1270
893 1270
467 1272
881 1272
84 1273
369 1274
372 1275
217 1277
389 1277
595 1277
1191 1277
90 1278
217 1278
782 1278
1191 1278
573 1279
103 1280
827 1280
431 1281
7 1282
149 1282
197 1282
506 1282
954 1282
1016 1282
10 1284
150 1285
1 1286
1123 1286
477 1287
702 1287
218 1288
104 1289
775 1290
877 1291
4 1292
308 1292
357 1293
673 1293
928 1293
193 1294
8 1295
70 1295
84 1295
144 1295
181 1295
194 1295
205 1295
240 1295
244 1295
270 1295
332 1295
505 1295
515 1295
521 1295
633 1295
659 1295
897 1295
936 1295
1113 1295
1137 1295
1285 1295
5 1296
372 1297
144 1299
57 1300
97 1300
808 1300
868 1300
918 1300
1042 1300
1277 1300
12 1301
988 1302
693 1303
835 1304
104 1305
479 1306
988 1307
1046 1308
6 1309
53 1309
96 1309
262 1309
660 1309
988 1309
630 1310
693 1311
160 1312
1 1313
413 1314
859 1314
104 1315
969 1316
999 1316
244 1317
719 1318
234 1319
686 1320
758 1321
104 1323
590 1323
171 1324
554 1324
640 1324
1028 1324
438 1325
629 1327
835 1327
51 1329
183 1329
551 1329
772 1329
779 1329
857 1329
897 1330
693 1331
1212 1332
1 1333
144 1334
7 1335
113 1336
144 1336
220 1336
263 1336
349 1336
509 1336
633 1336
707 1336
801 1336
1188 1336
1309 1336
109 1338
300 1339
835 1340
921 1340
3 1341
268 1341
910 1341
1145 1341
564 1343
697 1343
867 1343
937 1343
1100 1343
1245 1343
1273 1343
562 1344
1186 1344
656 1345
859 1345
1332 1345
41 1346
229 1346
244 1346
290 1346
334 1346
496 1346
640 1346
835 1346
9 1347
1053 1347
412 1348
9 1349
288 1349
15 1350
26 1350
450 1350
565 1350
1030 1350
192 1351
1 1352
304 1353
1 1354
343 1354
523 1355
1020 1355
1053 1356
1 1357
85 1357
229 1357
471 1357
489 1357
503 1357
525 1357
561 1357
589 1357
897 1357
930 1357
1264 1357
686 1358
412 1359
109 1360
401 1361
465 1361
788 1361
4 1362
646 1362
84 1363
98 1363
372 1364
746 1364
1258 1364
105 1365
1 1366
431 1367
877 1368
1053 1368
97 1369
553 1369
893 1369
9 1371
19 1371
156 1371
229 1371
420 1371
428 1371
685 1371
1281 1371
877 1372
868 1375
6 1376
1028 1376
1336 1376
4 1377
45 1377
198 1377
226 1377
1225 1377
692 1379
112 1381
142 1381
417 1381
489 1381
505 1381
580 1381
648 1381
786 1381
796 1381
836 1381
1005 1381
1043 1381
1101 1381
1258 1381
1291 1381
1347 1381
1372 1381
79 1382
977 1383
1 1384
171 1385
184 1385
1 1386
218 1387
554 1388
746 1388
1177 1388
1258 1388
51 1389
1062 1391
53 1392
927 1394
1096 1394
630 1395
777 1395
1277 1395
1278 1395
330 1396
895 1397
1087 1397
826 1398
1361 1398
1126 1399
107 1400
746 1400
938 1400
234 1401
4 1402
54 1402
229 1402
1162 1402
144 1403
671 1404
706 1405
947 1405
97 1406
1 1407
5 1407
879 1407
1292 1407
1361 1407
1188 1408
617 1409
453 1410
742 1411
893 1412
304 1413
477 1413
1000 1413
11 1414
43 1414
90 1414
116 1414
264 1414
383 1414
1030 1414
1164 1414
1182 1414
144 1415
9 1416
96 1417
374 1418
554 1418
852 1418
969 1418
999 1418
1177 1418
1357 1418
372 1419
1085 1421
10 1422
12 1423
424 1423
1000 1424
1117 1424
1237 1425
795 1426
54 1427
229 1427
1152 1427
97 1428
190 1428
356 1428
431 1429
51 1430
11 1431
109 1433
760 1434
244 1435
300 1435
5 1436
10 1436
78 1436
198 1436
206 1436
267 1436
268 1436
505 1436
556 1436
571 1436
587 1436
640 1436
839 1436
1062 1436
1145 1436
1216 1436
1346 1436
693 1437
390 1438
1096 1438
1078 1440
1 1441
1083 1441
63 1442
84 1442
144 1442
181 1442
240 1442
374 1442
476 1442
703 1442
712 1442
766 1442
999 1442
1021 1442
1285 1442
1311 1442
477 1443
1 1444
20 1444
51 1444
95 1444
108 1444
139 1444
231 1444
302 1444
335 1444
378 1444
418 1444
457 1444
458 1444
473 1444
514 1444
606 1444
669 1444
675 1444
715 1444
791 1444
798 1444
809 1444
850 1444
1017 1444
1044 1444
1045 1444
1048 1444
1093 1444
1151 1444
1269 1444
1305 1444
171 1445
150 1446
916 1446
671 1447
1153 1449
29 1450
706 1450
692 1451
431 1452
597 1453
104 1454
1361 1455
234 1456
977 1457
53 1459
280 1460
11 1461
591 1461
1030 1461
1073 1462
877 1463
104 1465
310 1466
742 1467
795 1468
1014 1468
234 1469
554 1470
1078 1472
167 1473
214 1474
456 1474
581 1474
857 1474
893 1474
965 1474
1124 1474
97 1475
553 1475
53 1476
412 1477
8 1478
732 1478
390 1479
826 1481
43 1482
383 1482
782 1482
1182 1482
244 1484
7 1486
53 1487
312 1487
12 1488
253 1489
611 1489
1294 1489
10 1490
216 1490
1085 1490
431 1491
439 1492
150 1493
12 1494
57 1494
157 1494
221 1494
307 1494
425 1494
439 1494
445 1494
650 1494
687 1494
1013 1494
1271 1494
1430 1494
1 1495
7 1495
101 1495
113 1495
129 1495
144 1495
148 1495
426 1495
471 1495
489 1495
490 1495
499 1495
561 1495
693 1495
880 1495
897 1495
1037 1495
1364 1495
300 1496
656 1497
1075 1497
18 1500
178 1500
225 1500
597 1500
1029 1500
1099 1500
630 1501
1185 1501
1 1502
372 1503
1144 1504
868 1505
893 1505
918 1505
1042 1505
1130 1505
706 1506
1450 1506
1078 1507
641 1508
109 1510
835 1514
1140 1514
916 1515
844 1516
954 1516
742 1517
47 1518
508 1518
807 1518
96 1519
109 1520
107 1522
880 1522
930 1522
1418 1522
553 1523
893 1523
1000 1523
1096 1524
89 1525
1073 1525
1500 1525
1343 1526
1308 1527
1010 1529
1038 1529
1153 1529
1253 1529
893 1530
53 1531
1444 1532
1483 1532
702 1533
1000 1533
1 1534
68 1534
114 1534
715 1534
990 1534
686 1535
554 1536
835 1537
1 1538
145 1538
206 1538
374 1538
377 1538
671 1538
681 1538
776 1538
837 1538
1028 1538
57 1539
1237 1539
1494 1539
719 1540
877 1541
104 1542
1053 1543
12 1544
59 1544
1442 1545
234 1547
1444 1548
553 1549
207 1550
562 1550
808 1550
893 1550
573 1551
1362 1551
679 1552
300 1553
693 1553
7 1554
954 1554
1209 1555
835 1556
868 1556
1538 1556
496 1557
493 1558
877 1559
1381 1559
125 1560
893 1560
1309 1560
1 1561
244 1562
5 1563
390 1564
679 1564
569 1567
905 1567
434 1568
686 1568
915 1568
84 1569
76 1571
902 1571
1538 1573
150 1574
107 1575
930 1575
938 1575
630 1576
1065 1576
10 1578
11 1578
496 1578
810 1578
1520 1578
229 1579
334 1579
640 1579
90 1580
274 1580
502 1580
597 1581
477 1584
9 1585
892 1586
969 1587
372 1588
4 1589
54 1589
229 1589
1427 1589
719 1590
877 1592
1053 1592
942 1593
1096 1594
244 1595
97 1596
231 1596
302 1596
378 1596
457 1596
514 1596
615 1596
652 1596
669 1596
774 1596
791 1596
899 1596
903 1596
912 1596
990 1596
1042 1596
1151 1596
1289 1596
1322 1596
1323 1596
1374 1596
1454 1596
1528 1596
1542 1596
969 1597
438 1598
1237 1599
1042 1600
1130 1600
216 1601
660 1601
171 1603
109 1604
1209 1606
1 1607
8 1609
969 1609
1357 1609
234 1610
877 1610
422 1611
1450 1611
1506 1611
184 1612
835 1613
1327 1613
1537 1613
9 1614
187 1615
597 1615
1073 1615
893 1617
1444 1619
112 1620
202 1620
230 1620
250 1620
269 1620
374 1620
574 1620
599 1620
760 1620
818 1620
819 1620
820 1620
956 1620
1138 1620
1370 1620
1390 1620
1540 1620
1590 1620
1608 1620
1053 1621
1 1622
987 1623
994 1623
1 1624
4 1625
988 1627
988 1628
12 1629
389 1629
650 1629
706 1629
1611 1629
47 1630
868 1630
372 1631
1503 1631
46 1632
54 1632
171 1632
174 1632
496 1632
623 1632
926 1632
1084 1632
214 1635
702 1636
553 1637
1000 1637
1042 1637
103 1638
827 1638
553 1639
893 1639
1042 1639
966 1640
20 1641
95 1641
97 1641
302 1641
378 1641
418 1641
458 1641
511 1641
612 1641
652 1641
715 1641
774 1641
798 1641
912 1641
1077 1641
1093 1641
1157 1641
1242 1641
1244 1641
1289 1641
1322 1641
1323 1641
1471 1641
1542 1641
401 1642
554 1642
660 1642
788 1642
1 1643
597 1644
966 1644
28 1645
95 1645
97 1645
121 1645
231 1645
612 1645
715 1645
791 1645
912 1645
1009 1645
1093 1645
1242 1645
1289 1645
1305 1645
1323 1645
1454 1645
1465 1645
1471 1645
1498 1645
1542 1645
269 1646
1620 1646
499 1647
164 1648
1579 1649
52 1650
101 1650
148 1650
150 1650
329 1650
489 1650
540 1650
666 1650
692 1650
765 1650
1094 1650
1316 1650
1418 1650
1442 1650
1609 1650
1534 1651
1557 1652
57 1653
160 1653
210 1653
395 1653
419 1653
495 1653
565 1653
605 1653
702 1653
958 1653
1018 1653
1072 1653
1191 1653
1277 1653
1482 1653
171 1654
286 1655
633 1655
1641 1656
715 1657
29 1658
706 1658
1432 1658
7 1659
96 1660
671 1660
1417 1660
1083 1661
1343 1661
887 1663
1170 1663
969 1664
1166 1665
1534 1666
51 1667
1283 1667
715 1668
239 1669
275 1669
365 1669
442 1669
585 1669
1070 1669
1185 1669
76 1670
548 1670
808 1671
868 1671
1278 1671
1650 1672
582 1673
1119 1673
171 1674
372 1675
1381 1675
1495 1675
12 1676
405 1677
467 1677
881 1677
371 1678
795 1678
891 1678
1050 1678
1632 1678
125 1679
893 1679
9 1680
431 1680
5 1681
273 1681
290 1681
544 1681
631 1681
752 1681
1361 1681
11 1682
338 1684
573 1685
1092 1685
1115 1685
1273 1685
1361 1685
1377 1685
645 1686
656 1686
69 1687
807 1687
868 1687
1630 1687
104 1688
160 1688
548 1688
1444 1688
1645 1688
597 1689
1096 1689
1525 1689
65 1691
315 1693
352 1693
626 1693
1293 1693
1209 1694
902 1695
89 1696
123 1696
877 1696
1073 1696
184 1697
11 1698
502 1698
1182 1698
1237 1698
942 1699
987 1699
1092 1699
1115 1699
1377 1699
1485 1699
1685 1700
244 1701
1 1702
679 1703
877 1704
1463 1704
569 1705
1567 1705
9 1707
150 1708
880 1710
1177 1710
1418 1710
234 1712
877 1712
1096 1712
1042 1714
1329 1714
372 1715
1000 1717
1420 1719
431 1720
89 1721
1053 1722
103 1723
827 1723
671 1724
7 1725
1596 1727
1641 1727
1645 1727
1000 1728
47 1729
114 1729
237 1729
394 1729
595 1729
689 1729
715 1729
792 1729
1256 1729
381 1730
310 1731
1626 1731
816 1732
553 1733
783 1733
893 1733
1124 1733
89 1735
390 1735
835 1736
364 1738
694 1738
759 1738
829 1738
1693 1738
656 1739
1075 1739
10 1740
58 1740
82 1740
84 1740
525 1740
4 1741
877 1742
1096 1742
1 1743
5 1743
9 1743
19 1743
53 1743
126 1743
229 1743
290 1743
319 1743
353 1743
420 1743
428 1743
588 1743
1176 1743
1347 1743
1416 1743
18 1744
123 1744
178 1744
597 1744
682 1744
1029 1744
1000 1745
109 1746
97 1747
160 1747
210 1747
310 1747
350 1747
495 1747
641 1747
702 1747
802 1747
858 1747
1026 1747
1153 1747
1277 1747
1482 1747
1494 1747
1508 1747
1512 1747
1534 1747
1641 1747
1645 1747
160 1748
179 1748
473 1748
611 1748
828 1748
931 1748
1040 1748
1161 1748
1267 1748
1460 1748
1509 1748
1521 1748
431 1749
109 1750
51 1751
355 1752
438 1752
244 1753
12 1754
822 1755
1677 1756
372 1757
197 1758
334 1758
496 1758
640 1758
1436 1758
1154 1759
1282 1759
880 1760
1418 1760
693 1761
1021 1761
15 1762
157 1762
22 1763
56 1763
64 1763
127 1763
145 1763
183 1763
207 1763
214 1763
339 1763
362 1763
603 1763
636 1763
664 1763
690 1763
893 1763
908 1763
968 1763
980 1763
1369 1763
1475 1763
1523 1763
1549 1763
1550 1763
1637 1763
1713 1763
1714 1763
1733 1763
1 1764
1292 1764
96 1765
165 1767
300 1768
671 1769
1373 1769
877 1770
5 1771
476 1771
547 1771
554 1771
1076 1771
144 1772
356 1773
807 1773
893 1773
1209 1773
11 1774
1237 1774
212 1775
1100 1775
1740 1775
1188 1776
1309 1777
157 1778
10 1779
7 1780
197 1780
244 1780
334 1780
547 1780
640 1780
1436 1780
12 1781
96 1782
671 1782
9 1783
1663 1784
107 1785
1418 1785
1000 1786
1620 1787
57 1788
383 1788
918 1788
1278 1788
51 1789
1282 1791
244 1792
693 1793
715 1794
715 1795
1444 1796
1 1797
633 1798
684 1798
1761 1799
310 1800
9 1801
630 1802
477 1803
916 1804
96 1806
633 1807
63 1808
181 1808
240 1808
246 1808
359 1808
374 1808
969 1808
1195 1808
1285 1808
1303 1808
203 1809
835 1809
573 1810
821 1810
1361 1810
262 1811
300 1811
269 1812
144 1813
244 1814
107 1815
1418 1815
1709 1815
7 1816
244 1816
435 1816
775 1816
1341 1816
58 1817
1444 1819
1645 1819
1128 1820
1 1821
227 1821
279 1821
290 1821
544 1821
752 1821
879 1821
1292 1821
1361 1821
1632 1821
390 1822
244 1823
372 1824
372 1825
760 1825
1731 1826
57 1827
187 1827
777 1827
1119 1827
1442 1828
1545 1828
9 1829
1744 1830
51 1831
68 1831
595 1831
191 1832
477 1832
702 1832
1000 1832
1 1833
58 1833
84 1833
226 1833
229 1833
242 1833
1047 1833
1162 1833
1193 1833
1279 1833
551 1834
1209 1834
1555 1834
57 1835
97 1835
383 1835
715 1835
772 1835
808 1835
870 1835
1119 1835
1191 1835
1615 1835
150 1836
337 1837
1444 1837
1645 1837
1276 1838
171 1839
1 1840
244 1841
868 1842
807 1843
706 1844
1078 1845
144 1846
1444 1848
1499 1849
1596 1850
1641 1850
1645 1850
1658 1851
1744 1852
719 1853
1620 1853
1000 1854
1042 1854
11 1855
76 1855
6 1856
122 1856
150 1856
170 1856
223 1856
244 1856
286 1856
300 1856
337 1856
344 1856
684 1856
724 1856
812 1856
1028 1856
1041 1856
1052 1856
1078 1856
1633 1856
1807 1856
390 1857
438 1858
453 1859
1632 1859
12 1860
553 1861
562 1862
53 1863
1230 1863
1630 1863
737 1864
1222 1864
1821 1865
877 1866
1653 1867
1450 1868
169 1869
660 1869
1247 1869
310 1870
693 1871
1432 1872
1611 1872
120 1873
232 1873
411 1873
477 1873
562 1873
702 1873
732 1873
793 1873
859 1873
1013 1873
1647 1873
242 1874
1329 1875
310 1876
10 1877
732 1879
1495 1879
618 1880
887 1880
975 1880
1513 1880
877 1881
783 1882
932 1882
1763 1882
1832 1882
244 1884
564 1885
697 1885
1526 1885
1740 1885
1 1886
634 1886
401 1887
788 1887
719 1888
1 1889
1298 1890
630 1891
719 1892
575 1893
1348 1893
1359 1893
1477 1893
1883 1893
1444 1894
218 1895
1741 1896
28 1897
97 1897
121 1897
231 1897
430 1897
457 1897
511 1897
612 1897
615 1897
774 1897
900 1897
912 1897
1289 1897
1315 1897
1322 1897
1454 1897
1471 1897
1498 1897
1542 1897
1645 1897
1688 1897
1747 1897
1819 1897
1850 1897
499 1899
1873 1899
892 1900
1 1901
706 1902
51 1903
54 1904
262 1904
1 1905
213 1905
390 1906
902 1907
51 1908
595 1908
782 1908
1009 1908
1300 1908
1653 1908
1671 1908
412 1909
1744 1910
11 1911
12 1911
16 1911
61 1911
90 1911
264 1911
275 1911
365 1911
389 1911
585 1911
604 1911
1673 1911
1763 1912
693 1913
84 1914
11 1915
1237 1915
84 1916
144 1916
205 1916
235 1916
521 1916
633 1916
761 1916
1104 1916
1113 1916
1127 1916
1357 1916
1446 1916
1662 1916
1856 1916
244 1917
772 1918
369 1919
618 1919
1343 1921
4 1922
1126 1924
371 1925
891 1925
553 1927
893 1927
597 1929
1073 1929
1500 1929
1188 1930
12 1932
431 1933
686 1934
772 1935
144 1937
228 1937
562 1937
171 1938
1 1939
808 1940
1278 1940
1482 1940
1908 1940
1 1941
686 1943
1517 1943
12 1944
1 1945
54 1946
262 1946
988 1946
575 1947
1078 1947
1085 1947
389 1948
706 1948
1611 1948
1 1949
1560 1950
893 1951
1939 1952
772 1953
1298 1954
1483 1954
553 1955
7 1956
1014 1956
120 1958
702 1958
1000 1958
1212 1958
1494 1958
1873 1958
893 1959
1343 1960
372 1961
71 1962
117 1962
701 1962
1448 1962
1546 1962
1784 1962
893 1963
54 1964
84 1964
98 1964
951 1964
1076 1964
1083 1964
1343 1964
1681 1964
310 1965
496 1966
304 1967
702 1967
1107 1967
1882 1967
228 1968
633 1968
1856 1968
624 1970
734 1970
758 1970
304 1971
1489 1971
1907 1971
372 1972
1053 1972
1620 1972
220 1973
633 1973
893 1973
1006 1973
1114 1973
1262 1973
1431 1973
1570 1973
1670 1973
1878 1973
77 1974
1166 1974
547 1975
893 1975
1763 1975
1436 1976
9 1977
1620 1979
1444 1980
7 1981
8 1981
434 1981
915 1981
1436 1981
496 1982
1414 1983
338 1984
12 1985
109 1986
893 1987
693 1988
434 1989
686 1989
778 1989
686 1991
37 1992
562 1992
300 1993
1768 1993
525 1994
307 1995
389 1995
706 1995
1022 1995
1444 1995
1611 1995
893 1996
1763 1996
17 1997
57 1998
1329 1998
107 1999
938 1999
10 2000
5 2001
1738 2002
244 2003
244 2004
1348 2005
1477 2005
244 2006
1096 2007
234 2008
1053 2008
214 2009
456 2009
553 2009
603 2009
698 2009
783 2009
857 2009
932 2009
965 2009
1763 2009
171 2010
315 2011
328 2011
568 2011
651 2011
696 2011
803 2011
842 2011
845 2011
1268 2011
1288 2011
12 2012
634 2013
881 2014
1186 2014
1272 2014
13 2015
88 2015
112 2015
132 2015
192 2015
281 2015
530 2015
846 2015
959 2015
1564 2015
1615 2015
1644 2015
1822 2015
150 2016
97 2017
146 2017
272 2017
455 2017
457 2017
459 2017
477 2017
511 2017
615 2017
652 2017
669 2017
808 2017
912 2017
1042 2017
1077 2017
1151 2017
1305 2017
1315 2017
1374 2017
1666 2017
1727 2017
1931 2017
1444 2018
1436 2019
53 2020
150 2020
170 2020
244 2020
253 2020
622 2020
686 2020
688 2020
856 2020
969 2020
1135 2020
1650 2020
902 2021
1309 2022
686 2023
1209 2024
868 2025
51 2026
400 2027
553 2028
43 2029
51 2029
90 2029
598 2029
772 2029
1009 2029
1277 2029
1278 2029
1653 2029
1747 2029
431 2030
1620 2031
9 2032
1111 2032
4 2033
12 2034
1473 2034
1763 2035
390 2037
2015 2037
52 2038
148 2038
229 2038
349 2038
489 2038
540 2038
716 2038
765 2038
1316 2038
1605 2038
1609 2038
1650 2038
1672 2038
2020 2038
5 2039
9 2040
508 2041
168 2042
300 2042
1 2043
656 2044
1075 2044
1450 2045
719 2046
969 2047
1442 2048
1835 2049
107 2050
852 2050
1177 2050
1418 2050
1 2051
113 2051
371 2051
419 2051
488 2051
725 2051
823 2051
891 2051
1346 2051
1520 2051
1557 2051
1616 2051
1632 2051
1690 2051
1758 2051
1780 2051
310 2052
1538 2052
431 2053
431 2054
1171 2054
1743 2054
12 2055
1669 2055
1911 2055
948 2056
1731 2056
678 2057
84 2058
893 2059
1763 2059
8 2060
999 2060
1096 2061
10 2062
244 2062
468 2062
12 2063
171 2064
431 2066
106 2067
112 2067
155 2067
202 2067
318 2067
327 2067
417 2067
461 2067
489 2067
599 2067
665 2067
721 2067
760 2067
816 2067
882 2067
935 2067
1199 2067
1318 2067
1370 2067
1540 2067
1566 2067
1590 2067
1732 2067
1787 2067
1853 2067
1892 2067
2036 2067
2046 2067
117 2068
887 2068
1170 2068
267 2069
1282 2069
538 2070
582 2071
630 2071
1119 2071
1698 2071
307 2072
605 2072
1444 2072
1 2073
114 2073
689 2073
1030 2073
1263 2073
2027 2073
1641 2074
218 2075
1098 2075
1222 2075
1864 2075
53 2076
561 2078
601 2078
1014 2078
5 2079
1268 2080
2011 2080
149 2081
1282 2081
12 2082
1488 2082
987 2083
1092 2083
1115 2083
1699 2083
548 2084
1560 2084
1645 2084
1897 2084
1 2085
156 2086
277 2086
505 2086
580 2086
786 2086
796 2086
897 2086
925 2086
1165 2086
1805 2086
1898 2086
372 2087
51 2088
90 2088
595 2088
1653 2088
1940 2088
157 2089
1166 2090
272 2091
1444 2091
693 2092
1303 2092
157 2093
1013 2093
1119 2093
1126 2093
1458 2093
1669 2093
1958 2093
1838 2094
372 2095
732 2095
1495 2095
1 2096
322 2097
96 2098
671 2098
1417 2098
1494 2099
53 2100
760 2101
1 2102
9 2102
79 2102
126 2102
171 2102
431 2102
554 2102
999 2102
1004 2102
1171 2102
1382 2102
1114 2103
702 2104
1000 2104
372 2105
171 2106
150 2107
160 2108
280 2108
1748 2108
969 2109
1091 2110
1308 2111
772 2112
10 2113
206 2113
382 2113
476 2113
556 2113
571 2113
640 2113
732 2113
844 2113
954 2113
979 2113
1028 2113
1210 2113
164 2114
1399 2114
1924 2114
1268 2115
2011 2115
893 2116
9 2117
113 2118
398 2118
469 2118
640 2118
835 2118
954 2118
1324 2118
1436 2118
630 2119
1580 2119
1698 2119
893 2120
2017 2121
37 2122
562 2122
51 2123
991 2123
104 2124
2067 2125
254 2126
835 2126
1538 2126
105 2127
412 2128
575 2128
1078 2128
1085 2128
1249 2128
1371 2129
1188 2130
1 2131
1293 2131
2086 2132
12 2133
193 2133
503 2133
715 2133
1615 2133
1954 2133
2020 2133
1620 2134
244 2135
234 2136
267 2137
868 2138
7 2139
8 2139
109 2139
1357 2139
1495 2139
2078 2139
719 2140
1620 2140
2067 2140
1596 2141
453 2142
795 2142
496 2143
1557 2143
2051 2143
758 2144
435 2146
1341 2146
1596 2147
1747 2148
916 2149
1295 2149
372 2150
2086 2151
154 2152
425 2152
1684 2152
1984 2152
1 2153
948 2154
2056 2154
5 2155
851 2156
2051 2156
1 2158
715 2159
10 2160
12 2161
677 2162
1620 2163
156 2164
178 2164
200 2164
388 2164
489 2164
531 2164
914 2164
925 2164
1011 2164
1165 2164
1168 2164
1218 2164
1347 2164
1592 2164
2132 2164
88 2165
188 2165
530 2165
670 2165
919 2165
1029 2165
1223 2165
1351 2165
1438 2165
1703 2165
1818 2165
1929 2165
300 2166
1078 2166
1085 2166
564 2167
827 2167
1261 2167
89 2168
927 2168
1188 2169
109 2170
1645 2171
1897 2171
1775 2172
1885 2172
1620 2173
150 2174
1085 2174
100 2175
617 2175
12 2176
1009 2176
1013 2177
1075 2177
1126 2177
1314 2177
1808 2178
229 2179
290 2179
640 2179
811 2179
2113 2179
1414 2180
97 2181
190 2181
868 2181
164 2183
693 2184
1916 2184
18 2185
88 2185
112 2185
123 2185
132 2185
230 2185
233 2185
351 2185
434 2185
536 2185
552 2185
620 2185
649 2185
715 2185
733 2185
836 2185
1029 2185
1061 2185
1082 2185
1438 2185
1524 2185
1594 2185
1689 2185
1712 2185
1735 2185
1978 2185
2078 2185
719 2186
96 2187
1534 2188
1596 2188
2073 2188
449 2189
1238 2189
1677 2189
310 2191
1626 2191
893 2192
7 2193
1436 2193
1620 2194
1808 2195
32 2196
135 2196
150 2196
181 2196
195 2196
235 2196
296 2196
314 2196
359 2196
374 2196
407 2196
557 2196
576 2196
608 2196
633 2196
693 2196
731 2196
771 2196
916 2196
946 2196
1285 2196
1290 2196
1295 2196
1446 2196
1493 2196
1574 2196
1766 2196
1804 2196
1836 2196
1916 2196
1957 2196
2038 2196
630 2197
1310 2197
5 2198
11 2199
966 2199
10 2200
216 2200
554 2200
1490 2200
234 2201
1053 2201
2086 2201
686 2202
679 2203
1001 2204
1767 2204
156 2206
464 2206
580 2206
753 2206
796 2206
925 2206
1165 2206
1547 2206
1898 2206
1920 2206
2132 2206
390 2207
610 2208
137 2209
2011 2210
554 2211
775 2211
1028 2211
2196 2211
525 2212
244 2213
553 2214
1763 2214
1924 2215
719 2216
9 2217
2196 2218
969 2219
369 2220
1847 2221
87 2222
143 2222
428 2222
893 2222
1176 2222
1347 2222
1416 2222
1464 2222
760 2223
12 2224
1136 2224
192 2225
1078 2226
4 2227
54 2227
242 2227
219 2229
523 2229
883 2229
1020 2229
692 2230
2011 2231
742 2232
679 2233
1096 2233
2165 2233
171 2234
1436 2235
2019 2235
109 2236
431 2237
1171 2237
1444 2238
2017 2238
51 2239
1030 2239
150 2240
1295 2240
77 2241
1166 2241
514 2242
1444 2242
1596 2242
1414 2243
1761 2244
1913 2244
66 2245
244 2245
999 2245
1357 2245
1188 2246
1408 2246
322 2247
1620 2248
57 2249
918 2249
210 2250
1831 2250
2073 2250
126 2251
835 2251
954 2251
1154 2251
1179 2251
1309 2251
1324 2251
1346 2251
1504 2251
2113 2251
969 2252
902 2253
1973 2253
232 2254
1 2255
561 2256
795 2256
1050 2256
1568 2256
1981 2256
214 2257
969 2258
603 2259
2009 2259
1482 2261
1580 2261
1698 2261
109 2262
1000 2263
1237 2264
1577 2265
1962 2265
1 2266
9 2266
19 2266
290 2266
420 2266
428 2266
685 2266
917 2266
1176 2266
1281 2266
1416 2266
1565 2266
1749 2266
2129 2266
109 2267
1474 2268
10 2269
103 2269
212 2269
1444 2270
1885 2272
234 2273
2051 2274
84 2275
98 2275
140 2275
198 2275
476 2275
951 2275
1076 2275
1885 2275
874 2276
1885 2276
677 2277
813 2277
272 2278
726 2278
1444 2279
165 2280
2204 2280
356 2281
807 2281
11 2282
113 2282
232 2282
338 2282
609 2282
1188 2282
1 2283
1293 2283
10 2284
1877 2284
1761 2285
2011 2286
2278 2287
204 2288
1596 2289
2017 2289
1641 2290
1040 2291
1897 2291
372 2292
1961 2292
184 2293
244 2295
9 2296
9 2297
498 2298
82 2299
84 2299
697 2299
1343 2299
1885 2299
17 2300
62 2300
97 2300
304 2300
389 2300
422 2300
582 2300
630 2300
650 2300
777 2300
860 2300
893 2300
1119 2300
1461 2300
1520 2300
1578 2300
1706 2300
1774 2300
1855 2300
1911 2300
1915 2300
2264 2300
84 2301
11 2302
499 2302
702 2302
1000 2302
1186 2302
1237 2302
1272 2302
10 2303
12 2304
1 2305
7 2306
876 2307
1329 2307
132 2308
188 2308
202 2308
230 2308
259 2308
354 2308
374 2308
392 2308
434 2308
491 2308
529 2308
536 2308
733 2308
927 2308
1215 2308
1525 2308
1540 2308
1564 2308
1689 2308
1696 2308
1742 2308
1929 2308
2007 2308
2145 2308
2168 2308
51 2309
1667 2309
310 2310
1965 2310
1166 2311
1620 2312
171 2313
275 2314
1000 2315
12 2316
310 2316
605 2316
706 2316
1611 2316
523 2317
2229 2317
12 2318
1184 2318
2012 2318
150 2319
693 2319
2196 2319
633 2320
702 2321
283 2323
893 2323
1416 2323
1464 2323
356 2324
1209 2324
877 2325
1596 2326
1897 2326
42 2327
12 2328
1 2329
1144 2329
2118 2329
2251 2329
1499 2330
1596 2332
2017 2332
671 2333
105 2334
817 2335
904 2335
942 2335
1092 2335
1115 2335
1377 2335
476 2336
512 2336
571 2336
600 2336
954 2336
961 2336
979 2336
1014 2336
1028 2336
2118 2336
2331 2336
1145 2338
1810 2339
2067 2340
1096 2341
2185 2341
56 2342
207 2342
578 2342
581 2342
709 2342
748 2342
772 2342
779 2342
782 2342
864 2342
923 2342
1124 2342
1132 2342
1183 2342
1300 2342
1369 2342
1406 2342
1428 2342
1596 2342
1600 2342
1641 2342
1714 2342
2017 2342
2181 2342
562 2343
269 2344
1 2345
1018 2346
1191 2346
1482 2346
2029 2346
1308 2347
150 2348
1442 2348
2196 2348
500 2349
1526 2349
2299 2349
694 2350
759 2350
928 2350
1693 2350
1016 2351
1062 2351
465 2352
573 2352
1092 2352
1115 2352
2065 2352
2209 2352
671 2353
977 2354
1596 2355
383 2356
808 2356
868 2356
918 2356
1130 2356
1277 2356
1908 2356
2088 2356
1864 2358
8 2359
877 2360
1381 2360
180 2361
1025 2361
1230 2361
1630 2361
2189 2361
708 2362
1187 2362
1276 2362
1612 2362
1697 2362
42 2363
2128 2363
2190 2363
63 2364
573 2365
1810 2365
562 2366
242 2367
310 2368
1078 2369
1096 2370
109 2371
300 2372
1078 2372
2369 2372
1763 2373
96 2374
51 2375
893 2376
1763 2376
1212 2377
1314 2377
12 2378
527 2379
693 2379
234 2380
1073 2381
1134 2381
948 2382
2056 2382
1030 2384
1444 2385
1641 2385
1645 2385
9 2386
431 2386
692 2387
562 2388
1856 2389
1747 2390
1 2391
9 2391
126 2391
686 2391
969 2391
999 2391
1171 2391
1382 2391
1743 2391
2118 2391
835 2392
4 2393
57 2394
154 2394
160 2394
210 2394
289 2394
310 2394
419 2394
450 2394
802 2394
890 2394
1018 2394
1036 2394
1088 2394
1153 2394
1461 2394
1512 2394
1641 2394
1645 2394
2088 2394
2093 2394
150 2395
2196 2395
772 2396
390 2397
2015 2397
425 2398
706 2398
746 2399
150 2400
557 2400
1808 2400
2196 2400
597 2401
482 2402
893 2402
1618 2402
1688 2402
126 2403
1154 2403
244 2404
1835 2405
1916 2406
412 2407
1249 2407
2363 2407
1653 2408
89 2409
2308 2409
171 2410
7 2411
1534 2412
2073 2412
1 2413
5 2413
150 2413
171 2413
374 2413
489 2413
554 2413
916 2413
954 2413
1538 2413
1916 2413
2196 2413
1343 2414
150 2415
496 2416
2156 2416
1295 2417
554 2418
954 2418
2113 2418
633 2419
564 2420
1261 2420
1414 2421
597 2422
1500 2422
1062 2423
1596 2424
1641 2424
236 2425
1016 2425
1062 2425
401 2426
1887 2426
1078 2427
1 2428
9 2429
475 2429
573 2430
719 2431
975 2432
1784 2432
53 2433
150 2434
2196 2434
1050 2436
1568 2437
630 2438
1278 2438
2029 2438
1838 2439
53 2440
1596 2441
51 2442
624 2443
372 2444
1796 2445
412 2446
4 2447
2393 2447
523 2448
2229 2448
136 2449
438 2449
98 2450
1343 2450
1885 2450
2167 2450
2299 2450
1677 2451
1 2452
1083 2452
1145 2452
1343 2452
2200 2452
1 2453
547 2454
811 2454
1763 2454
190 2455
876 2455
1348 2456
893 2457
54 2458
198 2458
229 2458
1596 2459
2441 2459
702 2460
85 2461
129 2461
144 2461
229 2461
244 2461
471 2461
561 2461
666 2461
897 2461
930 2461
1916 2461
2060 2461
2245 2461
372 2462
719 2462
671 2463
450 2464
565 2464
1000 2464
372 2465
89 2466
354 2466
2308 2466
877 2467
57 2468
1580 2468
2029 2468
1222 2469
300 2470
1 2471
852 2472
1177 2472
1418 2472
53 2473
6 2474
75 2474
640 2474
1650 2474
671 2475
849 2475
1 2476
1973 2477
58 2478
84 2478
1343 2478
2245 2478
9 2479
84 2480
562 2481
1186 2481
438 2482
570 2482
597 2483
2015 2483
561 2484
601 2484
1014 2484
2308 2484
8 2486
732 2486
969 2486
1016 2487
1282 2487
1759 2487
1444 2488
160 2489
9 2490
1444 2491
1188 2492
53 2493
1392 2493
4 2494
1810 2495
564 2496
1261 2496
2275 2496
2450 2496
1 2497
1939 2497
874 2498
2276 2498
1877 2499
1053 2500
1920 2500
2164 2500
1 2501
1295 2502
234 2503
1053 2503
2201 2503
431 2504
2336 2505
304 2506
937 2507
1083 2507
1145 2507
1928 2507
1738 2508
1864 2508
2350 2508
2051 2509
10 2510
52 2510
75 2510
129 2510
229 2510
312 2510
499 2510
503 2510
537 2510
589 2510
674 2510
693 2510
700 2510
716 2510
873 2510
954 2510
969 2510
1014 2510
1050 2510
1122 2510
1198 2510
1219 2510
1320 2510
1358 2510
1411 2510
1568 2510
1591 2510
1634 2510
1672 2510
1873 2510
1934 2510
2020 2510
2202 2510
2260 2510
2391 2510
269 2511
304 2512
214 2513
456 2513
553 2513
603 2513
698 2513
932 2513
1733 2513
1763 2513
1044 2514
1444 2514
431 2515
877 2516
1704 2516
760 2517
1856 2518
1408 2519
229 2520
244 2520
334 2520
506 2520
811 2520
1110 2520
1649 2520
477 2521
918 2521
1042 2521
51 2522
1030 2522
190 2523
6 2524
53 2524
76 2524
96 2524
660 2524
902 2524
1336 2524
1560 2524
1777 2524
1973 2524
2251 2524
916 2525
2196 2525
261 2526
671 2526
1457 2526
2354 2526
1282 2527
719 2528
2067 2528
156 2529
277 2529
489 2529
520 2529
580 2529
1541 2529
1805 2529
2132 2529
858 2530
1000 2530
84 2531
181 2531
241 2531
246 2531
299 2531
359 2531
374 2531
415 2531
962 2531
969 2531
1195 2531
1285 2531
1303 2531
1326 2531
1545 2531
1828 2531
1988 2531
2157 2531
2178 2531
2400 2531
244 2532
2086 2533
372 2535
374 2535
1495 2535
1522 2535
1710 2535
1760 2535
2413 2535
9 2536
1320 2537
2510 2537
686 2538
493 2539
1962 2539
338 2540
1684 2540
234 2541
2136 2541
57 2542
1278 2542
57 2543
133 2543
157 2543
307 2543
425 2543
445 2543
1013 2543
1414 2543
1430 2543
1444 2543
1480 2543
1629 2543
1990 2543
2182 2543
2300 2543
2302 2543
1397 2544
1731 2545
187 2546
7 2547
371 2548
891 2548
630 2549
2029 2549
2438 2549
2542 2549
2362 2550
234 2551
744 2551
2164 2551
702 2552
1000 2552
1494 2552
1873 2552
2543 2552
219 2553
2229 2553
300 2554
1078 2554
151 2555
191 2555
304 2555
562 2555
908 2555
980 2555
1474 2555
1763 2555
2257 2555
2342 2555
2513 2555
1405 2556
759 2557
2011 2557
2086 2558
4 2559
1748 2560
438 2561
144 2562
1856 2562
772 2563
269 2564
2344 2564
1 2565
1361 2566
1017 2567
1444 2567
742 2568
1411 2568
2510 2568
171 2569
1 2570
150 2571
499 2572
1000 2572
1494 2572
244 2573
658 2575
671 2575
678 2576
1 2577
160 2578
280 2578
1971 2579
1808 2580
2222 2581
150 2582
2196 2582
7 2583
868 2584
1 2585
5 2585
32 2585
235 2585
246 2585
468 2585
628 2585
633 2585
653 2585
703 2585
886 2585
982 2585
1193 2585
1472 2585
1553 2585
1804 2585
1856 2585
1936 2585
1947 2585
2062 2585
2166 2585
2554 2585
1641 2586
2017 2586
1016 2587
1166 2588
539 2589
1620 2589
719 2590
2211 2591
6 2592
75 2592
2510 2592
104 2593
1897 2593
53 2594
180 2594
1186 2594
1230 2594
7 2595
106 2596
202 2596
250 2596
269 2596
461 2596
539 2596
574 2596
599 2596
721 2596
760 2596
818 2596
819 2596
956 2596
1108 2596
1149 2596
1318 2596
1370 2596
1380 2596
1390 2596
1646 2596
1716 2596
1853 2596
1972 2596
1979 2596
2140 2596
2163 2596
2312 2596
601 2597
1014 2597
2078 2597
2139 2597
51 2598
394 2598
1009 2598
1272 2599
1677 2599
2014 2599
1522 2600
1760 2600
2461 2600
1596 2601
1641 2601
1897 2601
12 2602
275 2602
310 2602
630 2602
1119 2602
1911 2602
105 2603
2282 2603
892 2604
1586 2604
431 2605
1060 2606
1893 2606
2005 2606
2128 2606
2190 2606
2407 2606
2456 2606
464 2607
505 2607
796 2607
914 2607
925 2607
1165 2607
1229 2607
1547 2607
1621 2607
1898 2607
1920 2607
2008 2607
2132 2607
2337 2607
2558 2607
1234 2608
1 2609
1096 2610
2185 2610
2236 2611
300 2612
1993 2612
5 2613
58 2614
51 2615
222 2616
449 2616
1002 2616
1167 2616
1344 2616
1873 2616
1958 2616
1992 2616
2122 2616
2343 2616
737 2617
1864 2617
562 2618
630 2618
1615 2618
811 2619
310 2621
389 2621
706 2621
1022 2621
1611 2621
2543 2621
84 2622
1685 2622
1272 2623
2014 2623
280 2624
1748 2624
272 2625
34 2626
87 2626
156 2626
229 2626
428 2626
588 2626
893 2626
917 2626
1347 2626
2054 2626
2102 2626
2237 2626
2391 2626
2605 2626
1238 2627
2189 2627
18 2628
112 2628
1029 2628
1061 2628
1525 2628
1929 2628
2422 2628
4 2629
449 2630
1677 2630
1737 2630
2627 2630
402 2631
893 2631
2531 2632
330 2633
877 2634
1177 2634
2294 2634
2399 2634
2485 2634
2075 2635
12 2636
630 2637
310 2638
372 2639
9 2640
1444 2641
2242 2641
112 2642
132 2642
202 2642
434 2642
451 2642
491 2642
529 2642
536 2642
836 2642
1061 2642
1082 2642
1215 2642
1525 2642
1696 2642
1726 2642
1735 2642
1742 2642
2145 2642
2168 2642
2409 2642
1522 2643
1709 2643
1815 2643
2461 2643
1000 2644
1125 2644
717 2645
234 2646
232 2647
324 2647
668 2647
1056 2647
244 2648
1085 2648
1249 2648
1075 2649
234 2650
2185 2650
10 2651
1877 2651
2531 2652
34 2653
229 2653
283 2653
917 2653
1347 2653
2054 2653
2237 2653
2271 2653
2605 2653
4 2654
54 2654
623 2654
11 2655
477 2656
918 2656
1042 2656
1854 2656
2521 2656
1016 2657
1 2658
5 2658
227 2658
1292 2658
1361 2658
9 2659
197 2659
229 2659
290 2659
506 2659
547 2659
640 2659
811 2659
12 2660
1423 2660
9 2661
1641 2662
1444 2663
1 2664
372 2666
51 2667
732 2668
1495 2668
113 2669
508 2670
2009 2671
2513 2671
897 2672
2335 2673
885 2675
2323 2676
244 2677
58 2678
53 2679
229 2679
428 2679
893 2679
1416 2679
2102 2679
2676 2679
234 2680
1053 2680
2503 2680
1669 2681
244 2682
1500 2683
477 2684
310 2685
553 2685
811 2685
893 2685
1763 2685
1414 2686
300 2687
671 2687
688 2687
1039 2687
1973 2687
2510 2687
1869 2688
1928 2688
184 2689
2596 2690
1444 2692
477 2693
1 2694
1333 2694
969 2695
2118 2695
553 2696
1763 2696
1377 2697
372 2698
2292 2698
358 2699
498 2700
1 2702
227 2702
443 2702
1865 2702
2458 2702
10 2703
315 2704
462 2704
626 2704
2350 2704
1763 2705
144 2706
1705 2707
977 2708
1000 2709
1117 2709
1847 2709
1916 2710
877 2712
969 2712
1177 2712
2294 2712
496 2713
749 2714
1489 2714
1890 2714
1954 2714
893 2715
1042 2715
1130 2715
1293 2716
1738 2716
372 2717
1085 2718
76 2719
1973 2719
1050 2720
2015 2721
732 2722
1495 2722
1808 2723
107 2724
880 2724
1177 2724
1418 2724
2535 2724
12 2725
603 2726
2009 2726
229 2727
831 2727
988 2727
330 2728
2011 2729
107 2730
938 2730
2600 2730
12 2731
2378 2731
1 2732
2075 2733
97 2734
158 2734
160 2734
310 2734
445 2734
605 2734
702 2734
802 2734
858 2734
1026 2734
1191 2734
1277 2734
1444 2734
1461 2734
1494 2734
1508 2734
1645 2734
1747 2734
2029 2734
2073 2734
1096 2735
2185 2735
63 2736
181 2736
240 2736
241 2736
246 2736
299 2736
415 2736
535 2736
969 2736
1160 2736
1195 2736
1285 2736
2400 2736
2580 2736
2632 2736
2723 2736
12 2737
64 2738
124 2738
551 2738
748 2738
772 2738
779 2738
857 2738
2249 2738
2356 2738
372 2739
8 2740
732 2740
12 2742
1860 2742
150 2743
1650 2743
1672 2743
2359 2743
150 2744
916 2744
1028 2744
1295 2744
1341 2744
1916 2744
9 2745
446 2746
9 2747
117 2748
701 2748
1962 2748
1078 2749
187 2750
2674 2750
1078 2751
53 2752
144 2753
1119 2754
1698 2754
150 2755
510 2755
7 2756
7 2757
1596 2758
477 2759
666 2760
765 2760
1316 2760
1609 2760
2359 2760
126 2761
1 2762
47 2762
51 2762
95 2762
108 2762
160 2762
179 2762
224 2762
302 2762
348 2762
378 2762
457 2762
459 2762
473 2762
514 2762
606 2762
669 2762
675 2762
702 2762
715 2762
809 2762
850 2762
909 2762
1000 2762
1045 2762
1048 2762
1221 2762
1269 2762
1305 2762
1315 2762
1393 2762
1439 2762
1511 2762
1532 2762
1582 2762
1583 2762
1619 2762
1747 2762
1790 2762
1819 2762
1837 2762
1848 2762
1894 2762
1926 2762
1931 2762
1948 2762
1969 2762
1980 2762
2072 2762
2091 2762
2228 2762
2238 2762
2242 2762
2278 2762
2279 2762
2357 2762
2445 2762
2488 2762
2514 2762
2534 2762
2543 2762
2560 2762
2579 2762
2620 2762
2641 2762
2663 2762
2691 2762
2701 2762
2734 2762
114 2763
1729 2763
2073 2763
715 2764
477 2765
1568 2766
11 2767
100 2767
310 2767
169 2768
660 2768
2241 2768
2255 2768
564 2769
867 2769
1526 2769
2172 2769
2450 2769
2498 2769
150 2770
2196 2770
1 2771
553 2772
1955 2772
1 2773
2 2773
10 2773
12 2773
35 2773
36 2773
220 2773
312 2773
633 2773
770 2773
799 2773
873 2773
892 2773
1114 2773
1171 2773
1309 2773
1328 2773
1337 2773
1392 2773
1476 2773
1487 2773
1531 2773
1683 2773
1743 2773
1856 2773
2076 2773
2110 2773
2361 2773
2433 2773
2440 2773
2493 2773
2594 2773
2679 2773
2687 2773
2752 2773
242 2774
1593 2774
1623 2774
9 2775
300 2776
1078 2776
2585 2776
9 2777
54 2778
106 2778
202 2778
230 2778
340 2778
351 2778
363 2778
532 2778
541 2778
580 2778
715 2778
744 2778
753 2778
925 2778
1043 2778
1159 2778
1229 2778
1266 2778
1401 2778
1540 2778
1547 2778
1692 2778
1696 2778
1712 2778
1718 2778
1734 2778
1742 2778
1972 2778
2008 2778
2136 2778
2205 2778
2312 2778
2380 2778
2467 2778
2503 2778
2551 2778
2574 2778
2711 2778
1444 2779
2762 2779
686 2780
999 2780
1650 2780
2038 2780
2510 2780
2760 2780
1442 2781
1397 2782
45 2783
1076 2783
234 2784
96 2785
109 2785
1596 2786
300 2787
873 2788
1114 2788
1856 2788
2687 2788
1154 2789
2657 2789
1329 2790
1875 2790
105 2791
300 2792
2042 2792
244 2793
2196 2793
244 2794
2278 2795
1838 2796
338 2797
2152 2797
893 2798
2308 2799
1596 2800
1641 2800
1897 2800
1494 2801
2596 2802
1258 2803
742 2804
1943 2804
1981 2804
868 2805
144 2806
304 2806
562 2806
611 2806
1489 2806
310 2807
2300 2807
244 2808
330 2808
1091 2809
2773 2809
453 2810
891 2810
1084 2810
1632 2810
957 2811
1593 2811
234 2812
2778 2812
12 2814
2012 2814
2318 2814
138 2815
164 2815
1924 2815
595 2816
1030 2816
1653 2816
8 2817
969 2817
1357 2817
2461 2817
2342 2818
3 2819
910 2819
1145 2819
2146 2819
304 2820
2506 2820
1436 2821
51 2822
2250 2822
2408 2822
1128 2823
887 2824
1170 2824
1213 2824
877 2825
2278 2826
1237 2827
193 2828
253 2828
503 2828
715 2828
1954 2828
2020 2828
187 2829
2750 2829
1838 2830
2439 2830
2300 2831
2196 2832
9 2833
54 2833
404 2834
437 2834
456 2834
553 2834
857 2834
932 2834
1763 2834
2259 2834
2513 2834
2726 2834
53 2835
2773 2835
5 2836
402 2837
553 2837
144 2838
57 2839
210 2839
310 2839
419 2839
445 2839
450 2839
1153 2839
1512 2839
1641 2839
1645 2839
2026 2839
2088 2839
1 2840
42 2840
63 2840
70 2840
84 2840
111 2840
117 2840
134 2840
144 2840
228 2840
290 2840
293 2840
308 2840
330 2840
421 2840
432 2840
454 2840
468 2840
498 2840
510 2840
521 2840
525 2840
561 2840
563 2840
633 2840
718 2840
834 2840
866 2840
906 2840
960 2840
1054 2840
1060 2840
1076 2840
1080 2840
1129 2840
1145 2840
1201 2840
1231 2840
1295 2840
1346 2840
1357 2840
1499 2840
1572 2840
1595 2840
1602 2840
1780 2840
1814 2840
1816 2840
1823 2840
1884 2840
1917 2840
1923 2840
1981 2840
2003 2840
2004 2840
2006 2840
2077 2840
2135 2840
2139 2840
2245 2840
2295 2840
2322 2840
2330 2840
2404 2840
2573 2840
2648 2840
2659 2840
2677 2840
2741 2840
2793 2840
2794 2840
2808 2840
1 2841
1939 2841
1952 2841
2497 2841
431 2842
1743 2842
2626 2842
2196 2843
438 2844
477 2844
776 2845
244 2846
2840 2846
1 2847
2497 2847
323 2848
972 2848
2144 2848
1350 2849
12 2850
13 2850
51 2850
80 2850
128 2850
232 2850
252 2850
280 2850
310 2850
383 2850
668 2850
763 2850
808 2850
893 2850
1031 2850
1167 2850
1312 2850
1688 2850
1747 2850
1748 2850
1763 2850
2578 2850
2734 2850
109 2851
717 2851
1986 2851
2392 2851
482 2852
633 2852
1114 2852
1188 2852
1570 2852
1670 2852
1695 2852
1855 2852
1878 2852
2524 2852
171 2853
1323 2854
2110 2855
2113 2855
2809 2855
390 2856
148 2857
150 2857
229 2857
666 2857
765 2857
1650 2857
2359 2857
96 2858
109 2858
234 2859
969 2860
2196 2861
1314 2862
2377 2862
1343 2863
2245 2863
109 2864
491 2864
280 2865
462 2866
1738 2866
2772 2867
304 2868
702 2868
1733 2868
1882 2868
2009 2868
2513 2868
702 2869
2321 2869
1000 2870
969 2871
462 2872
12 2873
120 2874
232 2874
411 2874
562 2874
609 2874
732 2874
859 2874
889 2874
1120 2874
1495 2874
1647 2874
1942 2874
1997 2874
2510 2874
2572 2874
2665 2874
1623 2875
2083 2875
105 2876
4 2877
84 2877
242 2877
1593 2877
2083 2877
2011 2878
310 2879
186 2880
1086 2880
84 2881
284 2881
300 2882
628 2882
1 2883
119 2884
159 2884
404 2884
429 2884
437 2884
466 2884
467 2884
499 2884
513 2884
602 2884
624 2884
722 2884
727 2884
832 2884
1007 2884
1087 2884
1173 2884
1208 2884
1287 2884
1378 2884
1443 2884
1523 2884
1832 2884
2017 2884
2104 2884
2521 2884
2555 2884
2656 2884
2684 2884
2765 2884
144 2885
304 2885
1134 2886
2051 2888
104 2889
1444 2889
1096 2890
1669 2891
1020 2892
2229 2892
1166 2893
330 2894
1444 2895
1087 2896
1620 2897
2067 2897
500 2898
2299 2898
2813 2898
310 2899
496 2900
84 2901
1342 2902
2114 2902
431 2903
84 2904
597 2905
1154 2906
1282 2906
2487 2906
2657 2906
144 2907
372 2908
12 2909
1962 2910
453 2911
795 2911
300 2912
12 2913
1992 2914
1494 2915
2762 2916
300 2917
1 2918
2884 2919
678 2920
538 2921
9 2922
1257 2922
671 2923
1869 2924
150 2925
715 2926
2067 2927
805 2928
2051 2928
12 2929
885 2930
2750 2930
244 2931
2840 2931
96 2932
671 2932
1417 2932
1377 2933
2067 2934
702 2935
1733 2935
2009 2935
2513 2935
269 2936
11 2937
43 2937
67 2937
116 2937
257 2937
264 2937
275 2937
383 2937
389 2937
604 2937
1030 2937
1182 2937
1255 2937
1983 2937
2175 2937
2261 2937
2383 2937
2421 2937
2543 2937
2686 2937
2887 2937
214 2938
1635 2938
1442 2939
1494 2940
2762 2941
255 2942
337 2942
1294 2942
1971 2942
2133 2942
2806 2942
2828 2942
12 2943
1357 2944
1522 2944
2038 2944
2461 2944
19 2945
34 2945
229 2945
283 2945
893 2945
1176 2945
2054 2945
2102 2945
2391 2945
633 2946
1114 2946
1262 2946
1309 2946
1570 2946
1878 2946
2524 2946
1295 2947
18 2948
112 2948
597 2948
723 2948
1029 2948
1525 2948
2683 2948
12 2949
1503 2950
1631 2950
372 2951
390 2952
1050 2953
171 2954
2106 2954
474 2955
467 2956
881 2956
985 2956
1756 2956
2189 2956
2623 2956
2377 2957
1 2958
383 2959
808 2959
2342 2959
2738 2959
109 2960
2851 2960
573 2961
5 2962
206 2962
1400 2962
1575 2962
1999 2962
2730 2962
1377 2963
310 2964
1236 2964
1473 2964
2034 2964
603 2965
2009 2965
2513 2965
2834 2965
244 2966
1 2967
7 2967
42 2967
195 2967
205 2967
308 2967
414 2967
468 2967
784 2967
1150 2967
1155 2967
1436 2967
1490 2967
1711 2967
1856 2967
2128 2967
2166 2967
2427 2967
2751 2967
2793 2967
495 2968
1389 2968
1653 2968
2 2969
1 2970
11 2971
300 2972
322 2973
477 2974
1731 2975
2382 2975
573 2976
1833 2976
795 2977
1156 2977
204 2978
438 2978
2288 2978
1377 2979
190 2980
1 2981
677 2981
2126 2981
2413 2981
2773 2981
1677 2982
438 2983
624 2983
734 2983
244 2984
330 2985
322 2986
312 2987
969 2987
1487 2987
11 2988
702 2988
1031 2988
1237 2988
1997 2988
2300 2988
45 2989
372 2990
1495 2990
1145 2991
1166 2991
1420 2992
10 2993
84 2993
1775 2993
2435 2993
462 2994
657 2994
1864 2994
2350 2994
2469 2994
2557 2994
412 2995
2128 2995
2190 2995
2407 2995
2456 2995
53 2996
244 2997
2840 2997
1568 2998
54 2999
2840 2999
893 3000
