1 5
5 7
1 8
1 9
3 10
7 10
12 15
12 25
7 30
12 33
2 53
12 53
35 53
36 53
51 57
12 59
51 73
12 74
7 75
7 78
4 84
9 87
57 90
1 91
1 92
1 93
15 100
10 102
20 104
28 104
95 104
1 109
27 109
6 113
8 113
44 113
105 120
1 126
9 126
79 126
53 129
11 131
100 131
89 132
16 133
54 134
5 141
9 143
1 147
135 150
117 152
1 153
51 154
1 157
48 157
12 160
13 160
80 160
128 160
77 169
1 171
126 171
129 171
10 175
4 176
12 179
60 180
150 181
109 182
9 185
14 190
150 195
7 198
21 198
9 199
89 202
96 203
7 206
107 206
68 210
1 211
84 212
1 213
1 216
10 216
198 216
6 220
53 220
100 220
10 221
105 221
37 222
144 223
54 227
53 228
170 228
21 229
66 229
227 229
123 234
142 234
156 234
178 234
202 234
1 238
66 241
171 241
144 243
1 244
8 244
32 244
42 244
63 244
84 244
111 244
117 244
134 244
140 244
144 244
228 244
144 248
1 252
193 253
228 253
1 254
53 254
193 255
109 258
89 259
198 262
220 262
6 263
1 266
229 267
236 267
7 268
216 268
140 273
198 273
90 274
12 275
244 278
54 279
84 279
160 280
179 280
84 284
244 290
1 294
4 295
150 296
9 297
11 298
150 299
5 300
168 300
195 300
205 300
220 300
228 300
245 300
247 300
8 301
104 302
124 304
214 304
260 304
1 305
45 306
84 306
198 306
16 307
244 308
304 309
38 310
55 310
131 310
160 310
167 310
177 310
179 310
275 310
304 311
129 313
150 314
218 315
51 316
310 320
12 321
166 323
232 324
1 326
218 328
244 330
1 331
150 332
4 333
160 335
234 340
187 341
262 342
1 343
1 347
320 350
89 354
186 355
14 356
150 359
9 360
12 361
234 363
15 368
117 369
46 371
171 371
106 372
115 372
118 372
202 372
241 372
250 372
1 374
5 374
6 374
89 374
150 374
254 374
290 374
372 374
104 378
109 379
1 380
1 381
7 382
1 383
67 383
160 383
84 386
11 389
368 389
88 390
208 390
171 391
89 392
1 393
237 400
49 402
97 403
9 406
1 409
280 410
42 412
130 412
5 416
104 418
9 420
244 421
307 422
12 424
128 425
338 425
372 427
9 428
1 431
5 431
9 431
34 431
87 431
126 431
173 431
283 431
285 431
288 431
290 431
353 431
360 431
367 431
244 432
89 434
3 435
268 435
9 436
186 438
196 438
358 438
51 439
1 441
12 442
4 443
54 443
27 446
109 446
12 447
12 448
47 448
356 448
37 449
433 449
89 451
1 452
174 453
215 453
265 453
291 453
434 453
244 454
124 456
304 456
104 457
104 458
104 459
4 463
137 465
310 467
244 468
218 472
9 475
150 476
216 476
244 476
119 477
159 477
309 477
311 477
358 477
429 477
437 477
466 477
467 477
12 478
273 480
76 482
1 483
4 484
12 485
113 486
330 487
8 489
374 489
89 491
390 492
51 495
113 496
258 496
488 496
372 497
244 498
8 499
120 499
411 499
477 499
58 500
82 500
84 500
401 500
100 503
253 503
337 503
5 504
5 505
267 506
439 508
507 508
6 509
150 510
244 510
104 511
9 512
197 512
229 512
506 512
477 513
12 517
1 518
372 520
244 521
117 522
66 525
171 525
244 525
372 528
234 532
89 536
23 538
494 538
234 541
229 544
56 546
23 547
512 547
163 548
304 548
7 549
190 551
49 553
64 553
127 553
214 553
362 553
396 553
403 553
4 554
5 554
75 554
126 554
194 554
322 554
469 554
503 554
509 554
1 556
7 556
5 558
474 558
84 559
1 560
7 561
8 561
244 561
491 561
67 562
124 562
260 562
433 562
449 562
456 562
499 562
82 564
84 564
98 564
226 564
11 565
51 565
372 566
218 568
438 570
7 571
171 571
567 571
1 572
4 573
54 573
84 573
137 573
229 573
524 573
42 575
150 576
97 578
190 578
234 580
11 582
1 586
7 587
8 589
450 591
229 594
15 595
395 595
565 595
5 596
491 601
477 602
214 603
404 603
437 603
456 603
553 603
582 604
422 605
595 605
150 608
105 609
499 609
193 611
104 612
97 613
546 613
1 616
383 617
562 617
369 618
69 621
144 622
228 622
1 623
21 623
227 623
443 623
544 623
186 624
431 625
1 627
300 628
90 630
217 630
376 630
389 630
444 630
502 630
617 630
4 631
229 631
308 631
97 632
150 633
170 633
300 633
344 633
1 634
144 635
553 636
477 638
12 639
7 640
51 641
310 642
262 644
300 647
218 651
300 653
1 654
12 655
33 655
218 657
77 660
198 660
220 660
262 660
476 660
544 660
644 660
371 661
9 662
4 663
372 667
160 668
324 668
276 671
345 671
526 671
658 671
4 672
491 674
9 676
254 677
538 677
547 677
381 678
643 678
88 679
188 679
259 679
184 680
254 681
547 681
72 686
75 686
129 686
229 686
349 686
370 686
499 686
525 686
674 686
57 687
228 688
553 690
63 693
144 693
181 693
235 693
299 693
330 693
374 693
505 693
527 693
315 694
462 694
626 694
218 696
82 697
84 697
98 697
603 698
315 699
686 700
117 701
323 702
358 702
437 702
595 702
614 702
693 703
9 704
6 707
97 709
438 711
693 712
431 713
244 714
110 715
337 715
390 715
617 715
155 719
202 719
327 719
489 719
665 719
4 720
477 722
562 722
496 725
477 727
702 727
1 730
150 731
1 732
7 732
9 732
85 732
109 732
113 732
229 732
370 732
499 732
589 732
516 734
554 735
7 736
54 738
229 738
262 738
269 739
1 740
477 741
553 741
671 743
234 744
165 745
630 745
171 750
554 750
12 751
54 752
308 752
1 755
244 757
323 758
315 759
462 759
657 759
164 764
425 764
425 767
706 767
641 768
12 769
7 771
150 771
300 773
310 776
157 777
383 779
9 781
383 782
702 783
300 784
12 785
234 786
438 787
734 787
310 790
104 791
1 794
265 795
1 797
104 798
8 799
1 800
6 801
171 801
51 802
218 803
498 804
322 806
51 808
124 808
160 808
375 808
709 808
779 808
102 810
157 810
595 810
113 811
267 811
347 811
512 811
556 811
695 812
538 813
372 814
150 815
719 816
4 817
45 817
719 819
372 820
412 822
300 824
1 825
788 826
98 827
229 831
594 831
477 832
381 833
1 835
6 835
113 835
555 835
671 835
677 835
681 835
709 835
717 835
756 835
813 835
89 836
12 838
7 839
425 840
645 840
218 842
218 845
390 846
9 847
84 848
488 851
496 851
107 852
109 853
228 856
191 857
603 857
51 858
591 858
499 859
656 859
5 861
9 862
11 863
97 864
244 866
94 868
124 868
362 868
402 868
440 868
578 868
581 868
857 868
864 868
692 869
57 870
496 871
12 872
53 873
223 873
300 873
671 873
322 875
190 876
551 876
578 876
579 876
505 877
229 879
372 880
374 880
523 883
45 884
54 884
84 884
198 884
187 885
144 888
499 889
51 890
46 891
215 891
496 891
53 892
55 893
127 893
172 893
191 893
214 893
282 893
362 893
431 893
519 893
553 893
577 893
780 893
837 893
865 893
372 894
167 896
372 897
693 897
732 897
835 898
104 900
482 902
543 902
893 902
45 904
244 906
5 907
808 908
10 910
435 910
554 910
300 911
356 913
553 913
876 913
893 913
561 915
795 915
150 916
194 916
235 916
241 916
374 916
659 916
761 916
431 917
94 918
375 918
551 918
602 918
234 920
835 921
918 923
554 924
234 925
1 928
462 928
573 929
603 932
5 933
244 933
310 934
719 935
766 936
1 937
77 937
5 938
206 938
4 939
144 940
248 940
693 941
54 943
262 943
96 944
671 944
9 945
150 946
300 949
5 950
273 951
77 952
573 952
412 953
5 954
382 954
476 954
505 954
512 954
556 954
571 954
587 954
600 954
640 954
686 954
732 954
844 954
955 957
390 959
244 960
5 961
954 961
12 963
97 965
868 965
15 966
116 966
131 966
157 966
503 966
553 968
715 968
126 969
129 969
228 969
317 969
329 969
453 969
540 969
666 969
765 969
897 969
84 970
715 971
166 972
438 972
5 973
595 974
369 975
4 976
261 977
671 977
5 978
554 979
124 980
918 980
10 982
171 982
554 982
692 983
12 984
4 987
45 987
242 987
342 988
476 988
544 988
660 988
855 988
943 988
12 989
533 989
51 991
499 993
54 994
719 995
330 996
12 997
9 998
52 999
81 999
101 999
126 999
148 999
370 999
489 999
501 999
540 999
693 999
127 1000
311 1000
429 1000
591 1000
683 1000
722 1000
727 1000
728 1000
745 1001
37 1002
562 1002
10 1003
126 1004
372 1005
746 1005
902 1006
477 1007
690 1008
104 1009
210 1009
310 1009
350 1009
445 1009
450 1009
768 1009
789 1009
802 1009
890 1009
610 1010
1 1012
16 1013
157 1013
413 1013
422 1013
109 1014
491 1014
674 1014
954 1014
42 1015
236 1016
43 1018
51 1018
90 1018
595 1018
9 1019
219 1020
693 1021
1 1023
244 1024
510 1024
47 1025
60 1025
231 1025
356 1025
868 1025
438 1027
1 1028
113 1028
144 1028
194 1028
349 1028
374 1028
509 1028
801 1028
835 1028
954 1028
12 1030
15 1030
50 1030
73 1030
445 1030
565 1030
1000 1030
438 1032
372 1033
144 1034
51 1036
1009 1036
732 1037
160 1040
430 1040
51 1042
94 1042
124 1042
375 1042
857 1042
908 1042
234 1043
580 1043
310 1046
573 1047
516 1051
702 1051
144 1052
200 1053
277 1053
388 1053
464 1053
489 1053
505 1053
520 1053
531 1053
580 1053
796 1053
897 1053
914 1053
244 1054
4 1055
190 1057
656 1058
113 1059
130 1060
575 1060
89 1061
7 1062
506 1062
619 1062
1016 1062
218 1064
630 1065
897 1066
1 1069
100 1070
617 1070
98 1071
18 1073
123 1073
178 1073
233 1073
552 1073
919 1073
12 1074
413 1075
75 1076
300 1076
306 1076
573 1076
660 1076
1 1078
5 1078
32 1078
205 1078
235 1078
245 1078
246 1078
270 1078
366 1078
414 1078
468 1078
608 1078
633 1078
703 1078
710 1078
886 1078
910 1078
982 1078
1067 1078
969 1079
244 1080
671 1081
849 1081
390 1082
262 1083
937 1083
988 1083
453 1084
1 1085
7 1085
39 1085
42 1085
144 1085
195 1085
220 1085
245 1085
308 1085
366 1085
414 1085
460 1085
468 1085
773 1085
982 1085
166 1086
734 1086
477 1087
683 1087
51 1088
6 1090
24 1090
1028 1090
2 1091
954 1091
4 1092
45 1092
137 1092
198 1092
226 1092
1076 1092
304 1095
603 1095
702 1095
1000 1095
18 1096
132 1096
233 1096
327 1096
351 1096
434 1096
451 1096
552 1096
620 1096
649 1096
670 1096
715 1096
1082 1096
462 1098
657 1098
597 1099
564 1100
89 1102
84 1103
916 1104
144 1105
372 1106
456 1107
893 1107
932 1107
965 1107
267 1110
512 1110
677 1110
681 1110
1062 1110
9 1111
988 1112
878 1113
76 1114
223 1114
253 1114
300 1114
337 1114
671 1114
686 1114
1039 1114
1052 1114
84 1115
137 1115
226 1115
29 1118
16 1119
40 1119
90 1119
274 1119
275 1119
810 1119
499 1120
702 1120
1000 1120
706 1121
1 1123
584 1123
97 1124
868 1124
16 1126
80 1126
128 1126
138 1126
413 1126
668 1126
691 1126
810 1126
893 1128
244 1129
51 1130
64 1130
127 1130
183 1130
375 1130
227 1131
300 1131
97 1132
372 1133
1073 1134
228 1135
989 1136
1074 1136
557 1137
693 1137
827 1139
835 1140
280 1141
1 1142
671 1143
849 1143
113 1144
126 1144
398 1144
640 1144
835 1144
954 1144
435 1145
775 1145
7 1146
772 1147
171 1148
1085 1150
4 1152
54 1152
610 1153
1009 1153
41 1154
236 1154
640 1154
1016 1154
1144 1154
1085 1155
795 1156
171 1158
234 1159
280 1161
227 1162
262 1162
300 1162
631 1162
1053 1165
169 1166
287 1166
660 1166
747 1166
922 1166
937 1166
952 1166
1097 1166
37 1167
160 1167
692 1169
19 1171
34 1171
53 1171
87 1171
126 1171
143 1171
156 1171
283 1171
353 1171
428 1171
588 1171
893 1171
917 1171
496 1172
477 1173
893 1173
1020 1174
897 1175
431 1176
1171 1176
107 1177
852 1177
1000 1178
1 1179
554 1179
1144 1179
1073 1181
1134 1181
97 1183
12 1184
478 1184
630 1185
60 1186
449 1186
985 1186
1120 1186
184 1187
6 1188
76 1188
209 1188
262 1188
300 1188
337 1188
384 1188
593 1188
660 1188
762 1188
902 1188
966 1188
1028 1188
1085 1188
9 1189
893 1190
43 1191
51 1191
90 1191
217 1191
383 1191
502 1191
595 1191
598 1191
772 1191
262 1193
1078 1193
171 1194
679 1196
719 1199
4 1200
9 1202
9 1203
171 1204
1 1205
100 1206
617 1206
57 1207
310 1207
542 1207
477 1208
14 1209
69 1209
385 1209
551 1209
1057 1209
2 1210
53 1210
671 1211
413 1212
1013 1212
1075 1212
1126 1212
547 1214
811 1214
893 1214
89 1215
1053 1218
310 1220
218 1222
1098 1222
679 1223
1073 1223
390 1224
372 1226
474 1227
1116 1227
186 1228
189 1228
1086 1228
234 1229
1053 1229
37 1230
60 1230
310 1232
4 1233
945 1234
234 1235
372 1235
167 1236
17 1237
31 1237
222 1237
304 1237
389 1237
408 1237
650 1237
687 1237
754 1237
1013 1237
1120 1237
1186 1238
227 1239
262 1239
9 1240
310 1241
104 1242
1 1243
58 1245
84 1245
525 1245
1 1246
1 1248
42 1249
431 1250
372 1251
51 1252
144 1254
9 1257
637 1258
1177 1258
595 1259
300 1260
1078 1260
10 1261
58 1261
98 1261
103 1261
897 1261
76 1262
8 1264
732 1264
969 1264
234 1266
372 1266
280 1267
218 1268
310 1270
547 1270
893 1270
881 1272
985 1272
1186 1272
84 1273
369 1274
372 1275
389 1277
1191 1277
90 1278
217 1278
1191 1278
431 1281
7 1282
149 1282
506 1282
1016 1282
150 1285
1 1286
1123 1286
477 1287
702 1287
218 1288
104 1289
150 1290
554 1290
775 1290
1028 1290
877 1291
357 1293
193 1294
70 1295
144 1295
181 1295
270 1295
332 1295
505 1295
633 1295
659 1295
936 1295
1113 1295
1137 1295
5 1296
372 1297
144 1299
57 1300
97 1300
383 1300
808 1300
868 1300
918 1300
1018 1300
1042 1300
1130 1300
1277 1300
12 1301
988 1302
693 1303
835 1304
104 1305
479 1306
988 1307
6 1309
53 1309
76 1309
262 1309
660 1309
1144 1309
630 1310
693 1311
1 1313
859 1314
104 1315
999 1316
244 1317
234 1319
686 1320
624 1321
758 1321
104 1323
590 1323
171 1324
835 1327
53 1328
51 1329
748 1329
772 1329
779 1329
857 1329
1300 1329
897 1330
693 1331
1075 1332
1212 1332
1 1333
144 1334
7 1335
113 1336
144 1336
220 1336
349 1336
509 1336
633 1336
707 1336
801 1336
1188 1336
1309 1336
53 1337
835 1340
921 1340
3 1341
194 1341
268 1341
910 1341
1145 1341
138 1342
697 1343
937 1343
37 1344
562 1344
1186 1344
656 1345
859 1345
1332 1345
41 1346
229 1346
334 1346
496 1346
640 1346
9 1347
42 1348
1060 1348
9 1349
288 1349
15 1350
26 1350
450 1350
565 1350
1000 1350
1030 1350
679 1351
1 1352
304 1353
1 1354
343 1354
219 1355
1020 1355
1053 1356
1 1357
85 1357
129 1357
148 1357
229 1357
244 1357
471 1357
489 1357
503 1357
525 1357
561 1357
589 1357
666 1357
897 1357
1264 1357
412 1359
109 1360
465 1361
788 1361
84 1363
98 1363
372 1364
746 1364
1 1366
431 1367
1053 1368
553 1369
893 1369
719 1370
1 1371
9 1371
19 1371
156 1371
290 1371
420 1371
428 1371
685 1371
917 1371
1176 1371
1281 1371
868 1375
6 1376
1028 1376
1336 1376
4 1377
45 1377
198 1377
226 1377
1225 1377
477 1378
692 1379
142 1381
489 1381
505 1381
786 1381
1101 1381
1372 1381
79 1382
977 1383
1 1384
171 1385
1 1386
218 1387
554 1388
1177 1388
1258 1388
51 1389
495 1389
1062 1391
53 1392
89 1394
1096 1394
777 1395
1277 1395
1278 1395
895 1397
1087 1397
826 1398
1361 1398
1126 1399
1342 1399
107 1400
746 1400
938 1400
1053 1401
4 1402
229 1402
144 1403
671 1404
706 1405
947 1405
97 1406
1 1407
5 1407
879 1407
1292 1407
1361 1407
1188 1408
617 1409
453 1410
686 1411
893 1412
304 1413
477 1413
1206 1414
1171 1416
1371 1416
554 1418
969 1418
999 1418
1177 1418
1357 1418
372 1419
1085 1421
10 1422
424 1423
1000 1424
1117 1424
1237 1425
795 1426
54 1427
229 1427
1152 1427
190 1428
868 1428
431 1429
51 1430
11 1431
760 1434
244 1435
300 1435
267 1436
505 1436
556 1436
571 1436
1062 1436
1085 1436
150 1437
693 1437
390 1438
679 1438
1078 1440
1 1441
1083 1441
63 1442
181 1442
712 1442
1160 1442
1285 1442
477 1443
1 1444
20 1444
47 1444
51 1444
95 1444
108 1444
139 1444
179 1444
224 1444
231 1444
302 1444
335 1444
348 1444
418 1444
422 1444
457 1444
459 1444
473 1444
514 1444
606 1444
669 1444
675 1444
702 1444
715 1444
791 1444
798 1444
809 1444
850 1444
909 1444
1017 1444
1044 1444
1045 1444
1048 1444
1093 1444
1221 1444
1269 1444
1305 1444
1315 1444
1393 1444
1439 1444
171 1445
150 1446
916 1446
671 1447
1153 1449
706 1450
692 1451
431 1452
104 1454
1361 1455
234 1456
977 1457
16 1458
53 1459
160 1460
280 1460
11 1461
591 1461
1030 1461
1073 1462
1171 1464
104 1465
795 1468
1014 1468
234 1469
554 1470
1078 1472
12 1473
167 1473
214 1474
456 1474
857 1474
893 1474
965 1474
1124 1474
97 1475
553 1475
53 1476
8 1478
732 1478
826 1481
43 1482
383 1482
1182 1482
244 1484
7 1486
53 1487
312 1487
969 1487
12 1488
253 1489
255 1489
337 1489
611 1489
1294 1489
1483 1489
10 1490
216 1490
554 1490
937 1490
1085 1490
431 1491
439 1492
133 1494
221 1494
307 1494
445 1494
650 1494
687 1494
1120 1494
1271 1494
1430 1494
1444 1494
1 1495
7 1495
101 1495
113 1495
129 1495
148 1495
426 1495
489 1495
490 1495
499 1495
561 1495
693 1495
880 1495
897 1495
1037 1495
1364 1495
300 1496
1078 1496
1075 1497
244 1499
225 1500
723 1500
1029 1500
1061 1500
1099 1500
630 1501
1185 1501
1 1502
372 1503
1144 1504
868 1505
893 1505
1042 1505
1130 1505
706 1506
1450 1506
1078 1507
641 1508
1444 1511
1009 1512
835 1514
1140 1514
916 1515
844 1516
954 1516
508 1518
807 1518
11 1520
107 1522
880 1522
930 1522
1418 1522
477 1523
553 1523
893 1523
1000 1523
1096 1524
89 1525
1073 1525
1500 1525
82 1526
1343 1526
1308 1527
1038 1529
1153 1529
1253 1529
893 1530
1444 1532
1483 1532
1000 1533
1 1534
114 1534
689 1534
990 1534
1030 1534
1263 1534
554 1536
835 1537
1 1538
145 1538
377 1538
681 1538
837 1538
1028 1538
1494 1539
1053 1541
104 1542
1053 1543
12 1544
59 1544
234 1547
1053 1547
1444 1548
553 1549
207 1550
562 1550
808 1550
893 1550
573 1551
679 1552
300 1553
693 1553
1078 1553
7 1554
954 1554
254 1556
835 1556
868 1556
1538 1556
493 1558
1381 1559
893 1560
1309 1560
1 1561
244 1562
5 1563
89 1564
679 1564
1371 1565
569 1567
434 1568
778 1568
915 1568
84 1569
76 1571
902 1571
310 1573
1538 1573
1217 1577
10 1578
11 1578
496 1578
810 1578
1520 1578
229 1579
244 1579
334 1579
506 1579
811 1579
1110 1579
90 1580
502 1580
1444 1582
1444 1583
477 1584
9 1585
640 1587
686 1587
1144 1587
372 1588
1427 1589
719 1590
686 1591
1053 1592
942 1593
955 1593
1096 1594
231 1596
302 1596
378 1596
455 1596
669 1596
990 1596
1315 1596
1374 1596
1454 1596
969 1597
1237 1599
97 1600
1042 1600
1130 1600
660 1601
171 1603
109 1604
1209 1606
1 1607
969 1609
234 1610
877 1610
422 1611
1450 1611
1506 1611
1327 1613
9 1614
390 1615
496 1616
893 1617
1560 1618
1444 1619
106 1620
155 1620
202 1620
250 1620
374 1620
539 1620
574 1620
760 1620
819 1620
820 1620
1108 1620
1149 1620
1370 1620
1380 1620
1590 1620
1053 1621
1 1622
987 1623
1 1624
4 1625
948 1626
988 1627
988 1628
12 1629
310 1629
389 1629
605 1629
650 1629
706 1629
1022 1629
1494 1629
1611 1629
47 1630
60 1630
868 1630
372 1631
1503 1631
46 1632
54 1632
171 1632
174 1632
623 1632
926 1632
1084 1632
686 1634
702 1636
1042 1637
103 1638
827 1638
553 1639
893 1639
1042 1639
20 1641
95 1641
97 1641
146 1641
302 1641
378 1641
418 1641
458 1641
511 1641
612 1641
652 1641
774 1641
798 1641
912 1641
1009 1641
1077 1641
1157 1641
1242 1641
1244 1641
1289 1641
1322 1641
1323 1641
1471 1641
1542 1641
554 1642
660 1642
788 1642
1 1643
390 1644
28 1645
95 1645
121 1645
231 1645
715 1645
791 1645
912 1645
1009 1645
1289 1645
1305 1645
1454 1645
1465 1645
269 1646
499 1647
164 1648
1579 1649
101 1650
148 1650
150 1650
228 1650
229 1650
329 1650
349 1650
489 1650
666 1650
692 1650
716 1650
930 1650
1094 1650
1418 1650
1442 1650
1605 1650
1609 1650
1534 1651
57 1653
160 1653
565 1653
605 1653
702 1653
958 1653
1018 1653
1072 1653
1191 1653
1277 1653
1389 1653
1482 1653
171 1654
633 1655
1641 1656
1432 1658
7 1659
96 1660
671 1660
1417 1660
1083 1661
117 1663
1170 1663
1213 1663
1166 1665
1534 1666
1283 1667
239 1669
275 1669
442 1669
1185 1669
76 1670
548 1670
808 1671
1278 1671
686 1672
171 1674
372 1675
732 1675
1495 1675
12 1676
405 1677
881 1677
985 1677
1186 1677
371 1678
795 1678
125 1679
893 1679
9 1680
431 1680
5 1681
273 1681
290 1681
544 1681
631 1681
1361 1681
53 1683
338 1684
573 1685
1092 1685
1115 1685
1273 1685
1361 1685
1377 1685
645 1686
656 1686
69 1687
807 1687
160 1688
548 1688
1444 1688
1560 1688
597 1689
1096 1689
1525 1689
65 1691
234 1692
315 1693
352 1693
1209 1694
76 1695
902 1695
89 1696
123 1696
234 1696
877 1696
1073 1696
184 1697
11 1698
40 1698
376 1698
502 1698
1237 1698
817 1699
904 1699
942 1699
987 1699
1092 1699
1115 1699
1377 1699
1485 1699
84 1700
1685 1700
244 1701
1 1702
679 1703
877 1704
1567 1705
11 1706
9 1707
150 1708
1357 1709
1522 1709
880 1710
1177 1710
1085 1711
1096 1712
893 1713
1042 1714
1329 1714
372 1715
1000 1717
234 1718
1420 1719
431 1720
1053 1722
827 1723
671 1724
7 1725
89 1726
1641 1727
1000 1728
47 1729
114 1729
237 1729
394 1729
595 1729
689 1729
792 1729
1256 1729
214 1733
553 1733
603 1733
698 1733
783 1733
857 1733
893 1733
932 1733
1124 1733
89 1735
390 1735
1096 1735
835 1736
1186 1737
364 1738
694 1738
759 1738
829 1738
928 1738
1098 1738
656 1739
1075 1739
82 1740
84 1740
525 1740
4 1741
89 1742
1096 1742
1 1743
319 1743
1176 1743
18 1744
682 1744
1000 1745
158 1747
802 1747
858 1747
1153 1747
1191 1747
1277 1747
1508 1747
1534 1747
1641 1747
1645 1747
160 1748
179 1748
473 1748
611 1748
828 1748
931 1748
1040 1748
1141 1748
1161 1748
1267 1748
1460 1748
1509 1748
1521 1748
431 1749
1371 1749
1009 1751
355 1752
438 1752
244 1753
12 1754
822 1755
372 1757
334 1758
640 1758
236 1759
1016 1759
1062 1759
1154 1759
1282 1759
1418 1760
693 1761
1021 1761
15 1762
275 1762
22 1763
56 1763
127 1763
160 1763
207 1763
362 1763
664 1763
690 1763
968 1763
980 1763
1214 1763
1523 1763
1549 1763
1550 1763
1714 1763
5 1764
150 1766
165 1767
1001 1767
671 1769
1373 1769
554 1771
144 1772
356 1773
1209 1773
11 1774
212 1775
874 1775
1188 1776
1309 1777
7 1780
334 1780
496 1780
547 1780
640 1780
12 1781
96 1782
671 1782
9 1783
1663 1784
702 1786
719 1787
1620 1787
383 1788
918 1788
1278 1788
51 1789
1444 1790
1282 1791
693 1793
715 1795
1444 1796
1548 1796
1 1797
633 1798
1761 1799
310 1800
9 1801
630 1802
136 1803
477 1803
150 1804
916 1804
1078 1804
1053 1805
84 1808
181 1808
240 1808
241 1808
299 1808
359 1808
374 1808
415 1808
535 1808
962 1808
969 1808
1195 1808
1285 1808
1303 1808
1326 1808
1545 1808
203 1809
835 1809
573 1810
821 1810
1361 1810
262 1811
269 1812
144 1813
244 1814
107 1815
1418 1815
7 1816
244 1816
435 1816
775 1816
1341 1816
58 1817
1444 1819
1641 1819
227 1821
279 1821
544 1821
1361 1821
390 1822
244 1823
372 1824
372 1825
760 1825
310 1826
1626 1826
1731 1826
57 1827
187 1827
1808 1828
9 1829
51 1831
68 1831
595 1831
242 1833
1279 1833
1209 1834
1555 1834
808 1835
870 1835
1615 1835
1444 1837
1645 1837
171 1838
1276 1838
1612 1838
171 1839
1 1840
868 1842
356 1843
1078 1845
1420 1847
1424 1847
1444 1848
244 1849
1499 1849
1658 1851
719 1853
477 1854
918 1854
1000 1854
1042 1854
76 1855
53 1856
122 1856
170 1856
337 1856
344 1856
812 1856
1028 1856
1041 1856
1052 1856
1078 1856
1085 1856
1633 1856
390 1857
438 1858
1632 1859
12 1860
553 1861
562 1862
53 1863
1230 1863
1630 1863
737 1864
1098 1864
1222 1864
623 1865
68 1867
1653 1867
1450 1868
169 1869
660 1869
1247 1869
310 1870
693 1871
1611 1872
37 1873
120 1873
232 1873
411 1873
477 1873
562 1873
732 1873
793 1873
859 1873
1013 1873
1120 1873
1647 1873
4 1874
242 1874
57 1875
918 1875
1329 1875
732 1879
1495 1879
618 1880
887 1880
975 1880
1513 1880
783 1882
932 1882
244 1884
273 1885
564 1885
697 1885
867 1885
874 1885
1526 1885
1740 1885
1 1886
634 1886
401 1887
719 1888
1 1889
1298 1890
1483 1890
719 1892
575 1893
1348 1893
1359 1893
1477 1893
1883 1893
1444 1894
218 1895
1741 1896
20 1897
28 1897
97 1897
121 1897
231 1897
430 1897
457 1897
511 1897
612 1897
615 1897
774 1897
912 1897
1289 1897
1315 1897
1322 1897
1454 1897
1471 1897
1498 1897
1747 1897
1819 1897
1850 1897
1053 1898
1873 1899
1 1901
706 1902
51 1903
54 1904
262 1904
1 1905
213 1905
390 1906
902 1907
1444 1907
51 1908
595 1908
782 1908
1009 1908
1300 1908
1671 1908
412 1909
1744 1910
12 1911
61 1911
90 1911
365 1911
389 1911
442 1911
585 1911
604 1911
693 1913
1799 1913
84 1914
1237 1915
84 1916
205 1916
761 1916
1127 1916
1515 1916
1662 1916
1053 1920
1168 1920
4 1922
244 1923
1126 1924
1342 1924
371 1925
891 1925
1444 1926
553 1927
893 1927
937 1928
679 1929
1073 1929
1500 1929
1188 1930
1444 1931
12 1932
431 1933
772 1935
1078 1936
144 1937
562 1937
611 1937
171 1938
1 1939
1018 1940
1278 1940
1482 1940
1 1941
499 1942
686 1943
12 1944
1 1945
54 1946
262 1946
988 1946
244 1947
412 1947
575 1947
1078 1947
1085 1947
389 1948
1444 1948
1611 1948
1 1949
1560 1950
893 1951
1939 1952
772 1953
253 1954
1298 1954
1483 1954
553 1955
1014 1956
16 1958
37 1958
120 1958
1212 1958
1494 1958
1873 1958
893 1959
1343 1960
372 1961
71 1962
117 1962
701 1962
1217 1962
1448 1962
1546 1962
1558 1962
1784 1962
893 1963
54 1964
84 1964
98 1964
951 1964
1076 1964
1083 1964
1681 1964
310 1965
496 1966
702 1967
1107 1967
1882 1967
228 1968
633 1968
1856 1968
1444 1969
624 1970
734 1970
1489 1971
1907 1971
1053 1972
220 1973
633 1973
873 1973
893 1973
1006 1973
1114 1973
1262 1973
1309 1973
1570 1973
1571 1973
1670 1973
77 1974
893 1975
9 1977
1444 1980
1414 1983
338 1984
12 1985
109 1986
893 1987
693 1988
1808 1988
434 1989
686 1989
778 1989
1494 1990
37 1992
562 1992
300 1993
525 1994
307 1995
706 1995
1444 1995
893 1996
17 1997
499 1997
57 1998
107 1999
938 1999
1709 1999
10 2000
499 2001
1053 2002
1898 2002
1357 2003
1650 2003
1361 2004
671 2005
893 2006
719 2007
191 2008
477 2008
702 2008
1000 2008
244 2009
1669 2010
1641 2011
732 2012
1495 2012
1444 2014
1583 2014
1078 2015
1085 2015
57 2016
383 2016
562 2016
868 2016
918 2016
323 2018
734 2018
787 2018
972 2018
1321 2018
679 2019
1650 2020
431 2021
550 2022
835 2022
1986 2022
476 2023
1771 2023
1835 2024
89 2025
1500 2025
184 2026
372 2027
1620 2027
1882 2028
324 2029
1056 2029
624 2030
758 2030
150 2031
184 2032
107 2033
244 2035
1053 2037
1898 2037
76 2039
89 2040
12 2042
1282 2043
150 2044
57 2045
210 2045
419 2045
605 2045
702 2045
958 2045
1072 2045
1277 2045
1908 2045
315 2046
626 2046
1738 2046
96 2047
671 2047
1 2048
48 2048
57 2048
630 2048
810 2048
1013 2048
1494 2048
1778 2048
553 2050
633 2051
1798 2051
5 2052
150 2053
429 2054
1000 2054
1763 2055
562 2056
5 2057
9 2058
97 2059
146 2059
272 2059
459 2059
511 2059
615 2059
652 2059
791 2059
808 2059
899 2059
912 2059
990 2059
1042 2059
1044 2059
1077 2059
1289 2059
1305 2059
1315 2059
1322 2059
1323 2059
1454 2059
1528 2059
1666 2059
1727 2059
1931 2059
12 2060
485 2060
234 2061
1053 2061
244 2062
12 2063
300 2064
1078 2064
4 2066
5 2068
78 2068
267 2068
268 2068
556 2068
736 2068
1062 2068
1144 2068
1780 2068
352 2069
671 2070
1053 2071
1209 2072
11 2073
1237 2073
389 2074
1096 2076
1065 2077
60 2078
1863 2078
1113 2079
835 2080
1 2082
5 2082
6 2082
89 2082
171 2082
254 2082
554 2082
693 2082
880 2082
954 2082
1028 2082
1442 2082
1538 2082
1620 2082
1808 2082
9 2084
431 2084
1295 2085
1916 2085
477 2086
9 2087
1107 2088
719 2089
1620 2089
7 2090
1495 2091
1897 2092
234 2093
1483 2094
1053 2095
218 2096
595 2098
453 2099
1050 2099
1981 2099
1989 2099
244 2100
834 2100
966 2101
131 2102
157 2102
1640 2102
969 2103
1650 2103
893 2105
692 2106
84 2108
84 2109
150 2109
194 2109
205 2109
241 2109
296 2109
374 2109
633 2109
659 2109
761 2109
1113 2109
1446 2109
1515 2109
2082 2109
1188 2110
553 2111
12 2112
338 2113
261 2114
671 2114
232 2115
12 2116
1 2117
12 2118
1245 2119
498 2120
693 2120
996 2120
1201 2120
1396 2120
1078 2121
893 2123
1820 2123
300 2124
499 2125
746 2126
1177 2126
1364 2126
1388 2126
1620 2127
1228 2128
97 2129
1444 2130
120 2131
232 2131
256 2131
609 2131
1188 2131
1365 2131
9 2132
218 2133
477 2134
206 2135
268 2135
556 2135
1981 2135
2045 2136
969 2137
1650 2137
2103 2137
341 2139
397 2139
630 2139
1615 2139
1897 2140
7 2141
244 2141
915 2141
1436 2141
2099 2141
1 2142
1078 2143
372 2144
12 2146
988 2147
1078 2148
1166 2149
715 2150
580 2151
1381 2151
229 2152
831 2152
988 2152
918 2153
1329 2153
8 2154
477 2155
562 2155
1162 2156
1681 2156
431 2157
989 2158
1414 2160
12 2161
372 2162
69 2164
5 2166
227 2166
1361 2166
97 2167
918 2167
17 2168
131 2168
304 2168
422 2168
860 2168
893 2168
1414 2168
1520 2168
1578 2168
1682 2168
1698 2168
1774 2168
1915 2168
2097 2168
1777 2169
144 2170
1548 2171
826 2172
1361 2172
1642 2172
5 2173
166 2175
734 2175
2018 2175
686 2176
868 2177
1130 2177
1641 2178
1748 2179
9 2180
499 2181
2131 2181
1085 2182
893 2183
12 2184
424 2184
671 2185
267 2186
1346 2186
1517 2187
11 2188
90 2188
157 2188
376 2188
1237 2188
1395 2188
1827 2188
150 2189
1381 2190
12 2191
693 2192
11 2193
239 2193
1673 2193
1078 2194
107 2195
1709 2195
1329 2196
1014 2197
161 2198
309 2198
429 2198
727 2198
728 2198
1000 2198
1068 2198
1120 2198
1180 2198
1350 2198
1424 2198
1444 2198
1958 2198
2008 2198
2054 2198
2048 2200
244 2201
372 2202
1747 2203
12 2204
90 2204
274 2204
383 2204
502 2204
772 2204
1494 2204
1875 2204
1998 2204
2048 2204
2196 2204
936 2205
1 2206
626 2206
1293 2206
144 2207
1035 2207
916 2208
1 2209
5 2209
19 2209
229 2209
290 2209
353 2209
1347 2209
1743 2209
1078 2210
104 2211
1645 2211
595 2212
876 2213
893 2213
918 2213
1209 2213
174 2214
215 2214
1084 2214
553 2215
12 2216
51 2216
90 2216
383 2216
502 2216
772 2216
1207 2216
1653 2216
1835 2216
1875 2216
1998 2216
2048 2216
985 2218
1186 2218
1756 2218
611 2219
1444 2220
402 2221
893 2221
53 2222
2165 2222
893 2224
1009 2225
171 2226
1295 2227
109 2228
338 2228
656 2229
1031 2229
1126 2229
553 2231
65 2232
372 2233
11 2236
157 2236
1001 2236
1237 2236
1395 2236
1827 2236
12 2237
51 2237
206 2238
268 2238
556 2238
839 2238
1144 2238
1758 2238
1976 2238
1981 2238
1620 2240
1 2241
393 2241
171 2242
496 2242
661 2242
1678 2242
690 2243
1042 2243
1 2244
407 2245
679 2246
1073 2246
553 2247
13 2248
18 2248
132 2248
208 2248
281 2248
846 2248
1224 2248
1438 2248
1479 2248
1644 2248
1822 2248
1857 2248
2040 2248
2065 2248
1107 2249
1733 2249
11 2251
553 2252
646 2253
1362 2253
218 2255
40 2256
502 2256
1237 2256
2168 2256
821 2258
952 2258
9 2259
477 2261
702 2261
54 2262
732 2263
1495 2263
11 2265
1673 2265
160 2266
337 2266
1560 2267
90 2268
1580 2268
2204 2268
1698 2269
2139 2269
150 2270
363 2271
541 2271
753 2271
1734 2271
2061 2271
1537 2272
553 2274
1042 2274
193 2275
1489 2275
788 2276
671 2277
553 2278
918 2279
372 2280
739 2280
1620 2280
1646 2280
1812 2280
369 2281
1234 2283
2168 2284
1209 2285
413 2286
686 2287
686 2288
4 2289
229 2289
1427 2289
47 2290
807 2290
1650 2291
1 2292
897 2293
1 2294
499 2295
1058 2295
90 2296
257 2296
383 2296
389 2296
604 2296
1030 2296
1164 2296
1255 2296
1494 2296
2160 2296
2239 2296
234 2297
1444 2298
1641 2298
1645 2298
227 2299
262 2299
752 2299
1402 2299
1833 2299
2156 2299
679 2300
1653 2301
300 2302
372 2303
1775 2304
9 2305
268 2306
839 2306
1981 2306
2141 2306
144 2307
194 2307
235 2307
374 2307
521 2307
761 2307
1104 2307
1113 2307
1127 2307
1357 2307
1446 2307
1515 2307
2085 2307
1 2308
742 2309
12 2310
467 2311
985 2311
1186 2311
604 2312
1414 2312
1983 2312
2160 2312
2168 2312
109 2314
303 2314
988 2315
300 2316
89 2317
554 2318
954 2318
1087 2319
1586 2320
1641 2321
1645 2321
1897 2321
719 2322
62 2323
102 2323
304 2323
408 2323
630 2323
777 2323
1539 2323
1682 2323
1774 2323
338 2324
999 2325
1650 2325
1361 2326
107 2327
938 2327
633 2329
1579 2330
1780 2330
562 2331
1752 2331
310 2332
53 2333
76 2333
170 2333
244 2333
248 2333
286 2333
470 2333
633 2333
812 2333
856 2333
1028 2333
1078 2333
1265 2333
1295 2333
1336 2333
1798 2333
1807 2333
1916 2333
1968 2333
2109 2333
2307 2333
1444 2334
1 2335
300 2336
628 2336
1085 2336
1560 2337
1442 2338
4 2339
1625 2339
54 2340
1623 2340
310 2341
104 2342
574 2343
599 2343
819 2343
1108 2343
1138 2343
1149 2343
1608 2343
1972 2343
1979 2343
2025 2343
2027 2343
104 2344
1897 2344
462 2345
374 2346
554 2346
969 2346
999 2346
1177 2346
1760 2346
1815 2346
86 2347
1678 2347
788 2348
2313 2348
16 2349
154 2349
160 2349
210 2349
289 2349
310 2349
419 2349
450 2349
890 2349
1018 2349
1036 2349
1191 2349
1461 2349
1641 2349
1053 2350
772 2351
298 2352
389 2352
422 2352
582 2352
863 2352
1120 2352
1578 2352
1682 2352
1698 2352
1706 2352
1774 2352
1855 2352
2034 2352
2073 2352
2193 2352
2236 2352
2265 2352
2284 2352
323 2353
516 2353
787 2353
2018 2353
2175 2353
692 2354
1192 2354
431 2355
90 2358
275 2358
376 2358
595 2358
1001 2358
1673 2358
1827 2358
1835 2358
2269 2358
56 2361
546 2361
613 2361
2129 2361
390 2362
959 2362
244 2363
1042 2364
835 2365
113 2366
258 2366
561 2366
674 2366
853 2366
1014 2366
1089 2366
1163 2366
1338 2366
1360 2366
1433 2366
1510 2366
1520 2366
1604 2366
1750 2366
1986 2366
2047 2366
2314 2366
2360 2366
1 2367
389 2368
1022 2368
1444 2368
1611 2368
244 2369
1201 2370
583 2371
766 2371
51 2372
742 2373
1943 2373
2141 2373
2187 2373
660 2374
788 2374
89 2375
1096 2375
1611 2376
1096 2377
547 2378
453 2379
1444 2380
1073 2382
7 2383
1856 2384
70 2385
84 2385
144 2385
194 2385
244 2385
270 2385
515 2385
659 2385
897 2385
1113 2385
1285 2385
1331 2385
2333 2385
2371 2385
1744 2386
1748 2388
1177 2389
1085 2390
37 2391
562 2391
1087 2392
1962 2393
12 2395
144 2396
1361 2397
1887 2397
2348 2397
2374 2397
89 2398
234 2398
1096 2398
1645 2399
234 2400
155 2401
461 2401
539 2401
574 2401
818 2401
956 2401
1149 2401
1608 2401
1646 2401
1787 2401
2007 2401
2025 2401
2027 2401
2398 2401
13 2402
225 2402
1500 2402
1581 2402
1615 2402
1689 2402
144 2403
304 2403
562 2403
611 2403
1 2404
518 2404
969 2405
999 2405
1650 2405
2333 2406
7 2407
336 2408
1357 2408
1522 2408
2327 2408
151 2409
562 2409
980 2409
1635 2409
1993 2410
445 2411
2038 2411
107 2412
558 2412
835 2412
938 2412
954 2412
1227 2412
1436 2412
2135 2412
2238 2412
567 2413
571 2413
893 2414
4 2415
999 2417
1650 2417
2366 2418
1237 2419
1151 2422
1596 2422
477 2424
808 2425
1278 2425
1908 2425
2045 2426
942 2427
1485 2427
1 2428
554 2428
1144 2428
617 2429
171 2430
706 2431
868 2433
893 2433
918 2433
1042 2433
113 2434
310 2435
1998 2436
2216 2436
306 2437
1096 2438
693 2441
1442 2441
51 2442
67 2442
94 2442
578 2442
830 2442
857 2442
864 2442
965 2442
1025 2442
1300 2442
1556 2442
1630 2442
2016 2442
2177 2442
1442 2443
1545 2443
1808 2443
496 2444
1653 2444
448 2445
1444 2445
1897 2445
2059 2445
788 2446
1010 2447
1038 2447
1153 2447
1253 2447
1042 2449
1130 2449
1763 2449
453 2450
1632 2450
893 2452
671 2453
2005 2453
573 2454
1833 2454
429 2455
1000 2455
2198 2455
1 2456
12 2457
2320 2458
852 2459
1258 2459
2036 2460
1650 2461
390 2462
679 2462
1444 2463
84 2464
1763 2465
12 2466
1586 2467
2320 2467
1596 2468
554 2469
640 2469
1028 2469
352 2470
1693 2470
496 2471
1444 2472
732 2473
678 2474
905 2474
564 2475
697 2475
867 2475
937 2475
1526 2475
1661 2475
1921 2475
1994 2475
2119 2475
399 2476
767 2476
1405 2476
1450 2476
1506 2476
1629 2476
1844 2476
1948 2476
1995 2476
2083 2476
2431 2476
1538 2477
916 2478
679 2479
2059 2480
9 2481
2180 2481
562 2482
477 2483
562 2483
262 2484
342 2484
9 2485
372 2486
58 2487
826 2487
897 2487
988 2488
706 2489
1186 2490
1228 2492
51 2493
244 2494
2168 2495
1 2496
9 2498
51 2499
1738 2500
310 2502
1522 2503
1575 2503
465 2504
1361 2504
2159 2506
178 2508
234 2508
1053 2508
1031 2509
1997 2509
2168 2509
2229 2509
1209 2510
10 2511
553 2512
2333 2513
1164 2514
1414 2514
2296 2514
212 2515
512 2516
113 2517
553 2518
2512 2518
732 2519
1495 2519
1362 2520
2253 2520
372 2521
1381 2522
1747 2523
2016 2523
1729 2524
1 2525
1677 2526
1 2527
1 2528
1 2529
518 2529
5 2533
9 2533
53 2533
126 2533
319 2533
420 2533
2448 2533
965 2535
2442 2535
1 2536
227 2536
290 2536
752 2536
1292 2536
1361 2536
515 2537
2385 2537
7 2538
1486 2538
679 2539
89 2541
244 2542
2402 2543
2476 2544
9 2545
1217 2546
1663 2546
1962 2546
7 2547
1014 2547
412 2548
12 2549
372 2550
372 2551
107 2552
1177 2552
1418 2552
89 2553
390 2553
719 2553
1073 2553
1381 2553
1620 2553
2248 2553
2401 2553
12 2554
1729 2555
112 2556
679 2556
719 2556
1073 2556
1500 2556
2401 2556
1 2557
252 2557
1083 2558
84 2559
241 2559
2536 2559
60 2560
4 2561
229 2561
1427 2561
4 2562
54 2562
821 2562
1076 2562
1685 2562
1444 2563
477 2564
702 2564
1000 2564
84 2565
372 2566
76 2567
1973 2567
1557 2568
880 2569
1418 2569
1709 2569
954 2570
244 2571
518 2572
2529 2572
53 2573
54 2574
106 2574
123 2574
363 2574
541 2574
580 2574
753 2574
1043 2574
1159 2574
1540 2574
1547 2574
1610 2574
1742 2574
2254 2574
2398 2574
117 2575
1357 2576
97 2577
191 2577
562 2577
702 2577
1474 2577
1635 2577
1763 2577
38 2578
2280 2579
203 2580
89 2581
1096 2581
60 2582
160 2582
2343 2583
89 2584
1096 2584
2248 2584
2581 2584
630 2585
40 2586
2073 2586
2168 2586
2352 2586
131 2588
1188 2588
1640 2588
330 2589
431 2590
1 2591
835 2592
1699 2593
2427 2593
1534 2594
1831 2594
2421 2594
827 2595
97 2596
868 2596
1107 2596
1474 2596
2535 2596
198 2597
206 2597
505 2597
556 2597
571 2597
1062 2597
1085 2597
1144 2597
1216 2597
2141 2597
2306 2597
2407 2597
1494 2598
810 2599
2323 2599
706 2600
1444 2601
1522 2602
1760 2602
1815 2602
2389 2602
2552 2602
2569 2602
144 2603
300 2604
827 2605
80 2606
304 2606
448 2606
1687 2606
1773 2606
2145 2606
2164 2606
2290 2606
5 2607
2048 2608
2200 2608
89 2609
679 2609
1 2610
1889 2610
673 2611
51 2612
124 2612
183 2612
551 2612
772 2612
1300 2612
2153 2612
2196 2612
2449 2612
893 2613
76 2614
2048 2615
2045 2616
438 2617
1325 2617
835 2618
1327 2618
184 2619
1 2620
12 2621
59 2621
989 2621
1074 2621
1551 2624
2520 2624
262 2625
1078 2625
1833 2625
719 2626
372 2627
244 2629
212 2630
1740 2630
2304 2630
719 2631
106 2632
123 2632
340 2632
363 2632
541 2632
580 2632
715 2632
992 2632
1043 2632
1469 2632
1540 2632
1610 2632
2254 2632
2328 2632
2398 2632
2574 2632
1053 2633
228 2634
562 2634
1489 2634
2056 2634
12 2635
51 2636
496 2636
1653 2636
580 2637
1011 2637
1372 2637
1696 2637
1742 2637
1770 2637
2126 2637
2190 2637
2350 2637
2556 2637
453 2638
378 2639
457 2639
511 2639
774 2639
990 2639
1151 2639
1305 2639
1454 2639
1727 2639
2445 2639
2468 2639
1371 2640
160 2641
324 2641
645 2641
1 2642
595 2643
553 2644
1053 2645
431 2646
1171 2646
7 2647
310 2648
1272 2648
1677 2648
2311 2648
1 2649
76 2650
902 2650
1973 2650
12 2651
167 2651
827 2652
477 2653
1000 2653
630 2654
2031 2655
795 2656
1494 2657
109 2658
207 2659
808 2659
1550 2659
1763 2659
244 2660
4 2661
1042 2662
1130 2662
732 2663
1009 2664
2349 2664
7 2665
1335 2665
989 2666
692 2667
562 2668
1752 2668
124 2669
403 2669
2351 2670
1073 2671
4 2672
11 2674
2352 2674
1522 2675
1650 2675
1760 2675
1785 2675
1815 2675
2552 2675
2569 2675
1078 2676
719 2677
1397 2678
1282 2679
1758 2679
630 2680
573 2681
1939 2683
2142 2683
1 2684
5 2685
476 2685
1076 2685
693 2686
936 2686
1442 2686
1087 2687
749 2688
1532 2688
1890 2688
2235 2688
1053 2689
37 2690
1862 2690
300 2691
477 2692
1000 2692
1516 2693
1096 2694
1098 2695
1222 2695
671 2696
11 2698
496 2698
1578 2698
2168 2698
2352 2698
229 2699
241 2699
525 2699
589 2699
700 2699
765 2699
969 2699
1109 2699
1122 2699
1587 2699
1591 2699
2381 2699
2451 2699
2534 2699
706 2700
918 2701
1042 2701
2198 2701
51 2702
693 2703
2385 2703
304 2704
621 2704
1518 2704
1843 2704
1911 2705
2193 2705
2296 2705
2312 2705
244 2706
510 2706
693 2706
12 2707
686 2708
2699 2708
1808 2709
859 2710
2641 2710
2366 2712
808 2713
918 2713
1130 2713
1763 2713
2612 2713
51 2714
68 2714
1626 2715
573 2716
2258 2716
2624 2716
679 2717
1 2719
9 2720
54 2720
1500 2721
1744 2721
772 2723
51 2724
702 2725
96 2726
1085 2727
435 2728
937 2728
1341 2728
2068 2728
144 2729
12 2730
795 2731
630 2732
693 2733
89 2734
1096 2734
1500 2734
2045 2735
272 2736
104 2737
110 2737
390 2737
617 2737
715 2737
843 2737
966 2737
1444 2737
1534 2737
1641 2737
1657 2737
1668 2737
1729 2737
1794 2737
2102 2737
2150 2737
2574 2737
2588 2737
2632 2737
1361 2738
241 2739
277 2739
505 2739
580 2739
796 2739
1101 2739
1291 2739
1368 2739
1463 2739
1696 2739
1704 2739
1742 2739
1881 2739
2126 2739
2350 2739
2556 2739
496 2740
2408 2741
827 2742
431 2743
1245 2744
1329 2745
1558 2746
16 2747
55 2747
310 2747
389 2747
934 2747
1241 2747
1629 2747
2341 2747
2578 2747
2622 2747
18 2748
88 2748
99 2748
123 2748
230 2748
259 2748
434 2748
491 2748
536 2748
649 2748
670 2748
733 2748
836 2748
927 2748
1082 2748
1102 2748
1394 2748
1438 2748
1524 2748
1689 2748
1712 2748
1735 2748
1742 2748
1978 2748
2076 2748
2375 2748
2491 2748
2584 2748
2734 2748
7 2750
554 2750
835 2750
918 2751
1329 2751
1669 2752
2010 2752
2265 2752
104 2753
1645 2753
1897 2753
1444 2754
2343 2755
868 2756
1107 2756
1733 2756
2535 2756
1808 2757
1993 2758
1878 2759
1973 2759
808 2760
868 2760
1278 2760
553 2762
51 2763
2349 2763
2366 2763
121 2764
378 2764
455 2764
511 2764
774 2764
903 2764
912 2764
990 2764
1151 2764
1454 2764
1727 2764
1931 2764
2321 2764
2445 2764
2754 2764
8 2765
1357 2765
1495 2765
372 2766
427 2766
2574 2767
1053 2768
1073 2768
1500 2768
1744 2768
2402 2768
2109 2769
2343 2770
107 2771
2602 2771
822 2772
1060 2772
1755 2772
553 2773
496 2774
431 2775
1367 2775
51 2776
207 2776
632 2776
709 2776
779 2776
782 2776
923 2776
1124 2776
1132 2776
1369 2776
1475 2776
1596 2776
1600 2776
1747 2776
1835 2776
1897 2776
2059 2776
2088 2776
2168 2776
2356 2776
2409 2776
2535 2776
2639 2776
2697 2776
2764 2776
477 2777
2701 2777
1009 2778
1 2779
182 2779
258 2779
303 2779
446 2779
561 2779
1014 2779
1088 2779
1520 2779
1604 2779
1746 2779
1750 2779
2041 2779
2763 2779
7 2780
954 2780
1016 2780
1759 2780
1791 2780
2043 2780
2516 2780
2628 2780
2679 2780
1188 2781
1 2782
553 2783
783 2783
857 2783
893 2783
932 2783
1124 2783
2088 2783
2249 2783
2577 2783
234 2784
1712 2784
2637 2784
89 2785
1096 2785
2748 2785
1 2786
244 2786
301 2786
370 2786
499 2786
799 2786
1295 2786
1478 2786
1609 2786
2141 2786
2387 2786
2765 2786
89 2787
123 2788
597 2788
682 2788
1830 2788
1910 2788
2217 2788
2386 2788
2402 2788
2721 2788
2768 2788
569 2789
1 2790
1886 2790
2531 2790
2606 2791
1268 2792
520 2793
580 2793
796 2793
1101 2793
1291 2793
1372 2793
1541 2793
1559 2793
1610 2793
1770 2793
1866 2793
2025 2793
2126 2793
2190 2793
2350 2793
2522 2793
2784 2793
1053 2794
679 2795
489 2796
505 2796
580 2796
648 2796
1372 2796
2151 2796
2190 2796
2263 2796
2663 2796
1 2798
725 2798
805 2798
823 2798
851 2798
1578 2798
1616 2798
1690 2798
1758 2798
1982 2798
2214 2798
2242 2798
2444 2798
2501 2798
2636 2798
2740 2798
383 2799
1278 2799
1482 2799
2204 2799
2776 2799
113 2801
512 2801
556 2801
813 2801
804 2802
2085 2802
2120 2802
2370 2802
2722 2802
49 2803
402 2803
868 2803
2776 2803
97 2804
383 2804
868 2804
2296 2804
2442 2804
417 2805
489 2805
580 2805
648 2805
836 2805
1043 2805
1559 2805
2151 2805
2190 2805
2263 2805
2663 2805
893 2806
53 2808
223 2808
243 2808
286 2808
337 2808
481 2808
622 2808
635 2808
693 2808
940 2808
1034 2808
1035 2808
1078 2808
1085 2808
1105 2808
1254 2808
1295 2808
1334 2808
1336 2808
1357 2808
1415 2808
1495 2808
1772 2808
1813 2808
1846 2808
1916 2808
1937 2808
2138 2808
2307 2808
2359 2808
2396 2808
2403 2808
2532 2808
2603 2808
2729 2808
2807 2808
918 2809
1130 2809
1329 2809
2612 2809
671 2810
868 2811
1444 2812
1645 2812
1028 2813
1336 2813
1444 2814
2036 2815
2808 2816
746 2817
1177 2817
2796 2817
300 2818
157 2819
307 2819
595 2819
1009 2819
1013 2819
1126 2819
1911 2819
2048 2819
2747 2819
158 2820
160 2820
310 2820
350 2820
445 2820
495 2820
605 2820
641 2820
802 2820
1026 2820
1444 2820
1461 2820
1494 2820
1508 2820
1534 2820
1641 2820
1897 2820
2203 2820
2257 2820
2507 2820
2523 2820
310 2821
300 2822
693 2822
2307 2822
372 2823
1856 2824
2333 2824
1 2826
1660 2827
2282 2827
155 2829
202 2829
318 2829
599 2829
760 2829
1251 2829
1566 2829
1732 2829
1853 2829
2089 2829
2127 2829
2322 2829
2439 2829
2631 2829
2628 2830
2780 2830
381 2831
1278 2832
2808 2833
4 2834
117 2835
167 2837
893 2838
106 2839
234 2839
719 2839
877 2839
2574 2839
8 2840
2786 2840
2401 2841
1166 2842
1209 2843
2285 2843
745 2844
1001 2844
1767 2844
1 2845
234 2846
2796 2846
2436 2847
300 2848
179 2850
611 2850
1460 2850
234 2851
369 2852
1217 2852
1880 2852
371 2853
795 2853
1632 2853
2214 2853
867 2854
1273 2854
1526 2854
1964 2854
2304 2854
244 2855
54 2856
84 2856
98 2856
476 2856
951 2856
1076 2856
1681 2856
9 2857
624 2858
758 2858
2420 2858
1539 2859
1560 2860
456 2861
553 2861
783 2861
932 2861
1124 2861
2088 2861
2577 2861
2756 2861
300 2862
1085 2862
372 2863
76 2864
902 2864
438 2865
2617 2865
402 2866
553 2866
893 2866
2803 2866
324 2867
719 2868
69 2869
807 2869
868 2869
1630 2869
2442 2869
2606 2869
2045 2870
11 2871
260 2871
309 2871
356 2871
456 2871
548 2871
783 2871
1413 2871
2403 2871
1444 2872
84 2873
893 2874
6 2875
290 2875
313 2875
468 2875
910 2875
954 2875
1284 2875
1490 2875
1779 2875
1877 2875
2223 2875
2856 2875
1693 2876
244 2877
4 2878
2877 2879
2129 2880
2361 2880
300 2881
1078 2881
90 2882
1119 2882
1579 2883
1649 2883
1567 2884
1358 2885
2699 2885
2343 2886
2401 2886
1046 2887
1527 2887
988 2889
261 2890
671 2890
310 2891
790 2891
192 2892
1 2893
5 2893
195 2893
228 2893
229 2893
245 2893
247 2893
251 2893
308 2893
346 2893
460 2893
476 2893
525 2893
653 2893
773 2893
911 2893
951 2893
1076 2893
1114 2893
1162 2893
1188 2893
1239 2893
1339 2893
1435 2893
1553 2893
1811 2893
1856 2893
1993 2893
2302 2893
2336 2893
2410 2893
2604 2893
2822 2893
2848 2893
2862 2893
11 2894
12 2894
133 2894
221 2894
307 2894
425 2894
439 2894
1013 2894
1271 2894
1444 2894
1480 2894
1539 2894
1629 2894
1747 2894
1990 2894
2048 2894
2168 2894
2204 2894
2296 2894
2352 2894
2505 2894
2657 2894
2859 2894
897 2895
1 2896
2808 2897
244 2898
487 2898
498 2898
693 2898
1201 2898
1396 2898
372 2899
1009 2900
372 2901
190 2902
876 2902
893 2902
918 2902
1209 2902
1834 2902
671 2904
2574 2905
249 2906
438 2906
2018 2906
1450 2907
2718 2907
1763 2908
1444 2909
1548 2909
1036 2910
1729 2910
66 2911
244 2911
686 2911
999 2911
1245 2911
1357 2911
1960 2911
2893 2911
999 2912
89 2913
2431 2914
53 2915
719 2916
2776 2917
1873 2918
2131 2918
2761 2918
186 2919
196 2919
249 2919
358 2919
516 2919
570 2919
711 2919
967 2919
972 2919
1027 2919
1032 2919
1598 2919
1752 2919
1803 2919
1858 2919
2617 2919
795 2920
2401 2921
2059 2922
2139 2923
2271 2924
581 2925
857 2925
893 2925
932 2925
2008 2925
2577 2925
1650 2927
390 2928
2248 2928
2556 2928
2829 2928
7 2929
1418 2930
2346 2930
2675 2930
1548 2931
51 2932
1252 2932
10 2933
476 2933
1145 2933
719 2934
2271 2934
2401 2934
2574 2934
2829 2934
835 2935
1056 2936
772 2937
4 2938
308 2938
1407 2938
2166 2938
2536 2938
2401 2939
2808 2940
227 2941
262 2941
2156 2941
310 2942
2894 2943
84 2944
1880 2945
1873 2946
142 2947
796 2947
1101 2947
1372 2947
1675 2947
2151 2947
2190 2947
2263 2947
2522 2947
2846 2947
562 2948
1752 2948
12 2949
89 2950
1096 2950
808 2951
918 2951
1053 2952
2793 2952
262 2953
2156 2953
1463 2954
104 2955
2639 2955
422 2956
595 2956
1747 2956
2045 2956
2820 2956
1126 2957
505 2958
1610 2958
1881 2958
2025 2958
2522 2958
1729 2959
1 2960
390 2961
1431 2962
2618 2963
4 2964
84 2964
242 2964
957 2964
1593 2964
2427 2964
1361 2965
1442 2966
498 2967
1201 2967
1396 2967
2898 2967
1444 2968
310 2969
171 2970
496 2970
661 2970
1678 2970
9 2971
1053 2971
2209 2971
2947 2971
300 2972
6 2973
75 2973
1144 2973
1650 2973
1 2974
2893 2976
310 2977
350 2977
445 2977
495 2977
1444 2977
1461 2977
1482 2977
1494 2977
1508 2977
1641 2977
1897 2977
2257 2977
2523 2977
2894 2977
2956 2977
462 2978
1096 2979
1500 2979
1620 2979
2248 2979
2401 2979
2793 2979
2796 2979
2958 2979
104 2980
458 2980
1053 2981
1371 2981
84 2982
706 2983
372 2984
1715 2984
671 2985
849 2985
2623 2986
477 2987
1718 2988
827 2989
1760 2990
1785 2990
445 2991
605 2991
641 2991
802 2991
858 2991
1444 2991
1512 2991
1534 2991
1641 2991
1645 2991
1897 2991
2257 2991
390 2992
1887 2994
2313 2994
2374 2994
113 2995
120 2995
221 2995
232 2995
256 2995
338 2995
609 2995
1022 2995
1188 2995
1237 2995
2918 2995
89 2996
1001 2997
12 2998
234 2999
244 3000
844 3001
1516 3001
1000 3002
160 3003
1826 3004
300 3005
32 3006
150 3006
1078 3006
1085 3006
826 3007
897 3007
2366 3008
1534 3009
330 3010
1 3011
227 3011
279 3011
752 3011
1292 3011
1361 3011
1632 3011
1821 3011
2559 3011
579 3012
876 3012
913 3012
2213 3012
2951 3012
1650 3013
1495 3014
84 3015
9 3016
1 3017
218 3018
372 3019
9 3020
2748 3021
688 3022
1039 3022
2880 3023
1444 3024
57 3025
1237 3025
2894 3025
693 3026
1808 3026
105 3027
425 3027
499 3027
2131 3027
2995 3027
562 3028
2343 3029
1821 3030
2536 3030
2320 3031
340 3032
715 3032
753 3032
1547 3032
2027 3032
2151 3032
2230 3032
2839 3032
2934 3032
2975 3032
9 3034
1282 3035
893 3036
161 3037
309 3037
323 3037
722 3037
728 3037
1000 3037
1068 3037
1117 3037
1125 3037
1424 3037
1523 3037
1637 3037
1958 3037
2008 3037
2054 3037
2455 3037
2701 3037
2777 3037
877 3038
1 3039
1607 3039
835 3040
1327 3040
51 3041
12 3042
1096 3043
1500 3043
2788 3043
893 3044
1190 3044
693 3045
1078 3045
1295 3045
2109 3045
2893 3045
2135 3046
2238 3046
2597 3046
1247 3047
1009 3048
686 3049
61 3050
264 3050
275 3050
389 3050
442 3050
585 3050
604 3050
2010 3050
51 3051
496 3051
1030 3051
2349 3051
2798 3051
893 3052
2006 3052
1 3053
268 3053
468 3053
476 3053
1076 3053
1490 3053
1601 3053
27 3054
446 3054
1089 3054
2366 3054
1431 3055
1973 3055
2172 3056
732 3057
1171 3058
988 3059
1 3060
171 3061
390 3062
1073 3062
1500 3062
567 3063
571 3063
63 3064
84 3064
144 3064
476 3064
999 3064
1021 3064
1160 3064
1311 3064
1437 3064
1545 3064
1650 3064
2686 3064
2703 3064
2757 3064
2808 3064
2966 3064
2574 3065
54 3066
988 3066
1073 3067
2793 3067
390 3068
679 3068
1808 3069
10 3070
268 3070
468 3070
644 3070
1490 3070
97 3071
868 3071
1474 3071
2783 3071
2861 3071
9 3072
431 3072
1371 3072
2209 3072
1 3073
253 3074
1483 3074
835 3075
336 3076
1357 3076
2327 3076
2673 3076
2741 3076
57 3077
2894 3077
150 3078
187 3079
217 3079
275 3079
383 3079
389 3079
444 3079
617 3079
745 3079
1185 3079
1501 3079
1802 3079
1891 3079
2048 3079
2077 3079
2139 3079
2352 3079
2530 3079
2623 3079
2732 3079
2986 3079
97 3080
603 3080
868 3080
918 3080
1237 3081
2352 3081
499 3082
969 3083
999 3083
300 3084
132 3085
259 3085
451 3085
529 3085
536 3085
1061 3085
1394 3085
1525 3085
1564 3085
1689 3085
1696 3085
1721 3085
1726 3085
2040 3085
2082 3085
2099 3085
2260 3085
2317 3085
2375 3085
2398 3085
2416 3085
2462 3085
2541 3085
2553 3085
2581 3085
2584 3085
2609 3085
2785 3085
3068 3085
1632 3086
12 3087
372 3088
338 3089
1217 3090
56 3091
127 3091
145 3091
160 3091
339 3091
362 3091
603 3091
636 3091
893 3091
980 3091
1214 3091
1369 3091
1475 3091
1637 3091
1713 3091
1912 3091
2055 3091
2183 3091
2465 3091
2477 3091
2659 3091
2669 3091
2713 3091
2783 3091
2908 3091
390 3092
1411 3093
1467 3093
2309 3093
2296 3094
11 3095
499 3096
51 3097
124 3097
709 3097
808 3097
908 3097
1300 3097
1550 3097
1596 3097
1671 3097
2059 3097
2167 3097
2213 3097
2425 3097
2659 3097
2669 3097
2902 3097
2951 3097
489 3098
4 3099
54 3099
1053 3100
229 3101
262 3101
623 3101
660 3101
988 3101
1821 3101
307 3102
2618 3103
2963 3103
3040 3103
144 3104
126 3105
228 3105
241 3105
501 3105
525 3105
537 3105
674 3105
700 3105
873 3105
954 3105
969 3105
1014 3105
1050 3105
1122 3105
1198 3105
1358 3105
1411 3105
1568 3105
1587 3105
1591 3105
1934 3105
1991 3105
2234 3105
2381 3105
2534 3105
2708 3105
3022 3105
3083 3105
6 3106
171 3106
1336 3106
7 3107
2238 3107
218 3108
803 3108
516 3109
787 3109
1970 3109
2175 3109
160 3110
358 3111
1803 3111
234 3112
1053 3112
545 3114
679 3114
1144 3115
1 3116
58 3117
679 3118
6 3119
171 3119
1336 3119
279 3120
290 3120
879 3120
1361 3120
1632 3120
2536 3120
3011 3120
3030 3120
1010 3121
1038 3121
1153 3121
1253 3121
453 3122
1084 3122
1632 3122
2214 3122
693 3123
58 3125
82 3125
84 3125
525 3125
1775 3125
2630 3125
2875 3125
2911 3125
150 3126
1018 3128
1482 3128
4 3129
1551 3129
2716 3129
547 3130
1538 3130
3091 3130
234 3131
1718 3131
1 3132
1856 3133
2333 3133
835 3134
1880 3135
1809 3136
2580 3136
597 3137
2568 3138
1650 3139
12 3140
1444 3141
351 3143
363 3143
534 3143
541 3143
786 3143
1547 3143
1734 3143
2061 3143
2846 3143
2924 3143
2934 3143
2704 3144
260 3145
309 3145
456 3145
548 3145
783 3145
1095 3145
1237 3145
1353 3145
1971 3145
2606 3145
234 3146
2271 3146
6 3147
96 3147
262 3147
902 3147
988 3147
1144 3147
1336 3147
1777 3147
2169 3147
1887 3148
2348 3148
2374 3148
2819 3149
1808 3150
1803 3151
11 3152
40 3152
187 3152
217 3152
383 3152
389 3152
444 3152
502 3152
617 3152
745 3152
1001 3152
1185 3152
1395 3152
1501 3152
1576 3152
1802 3152
1891 3152
2530 3152
2623 3152
2732 3152
2986 3152
1078 3153
1845 3153
1293 3154
4 3155
1053 3156
1763 3157
244 3158
1890 3159
1954 3159
262 3160
943 3160
468 3161
476 3161
1076 3161
1601 3161
126 3162
3091 3163
893 3164
633 3165
2051 3165
499 3166
307 3167
706 3167
2476 3167
12 3168
71 3169
1962 3169
1442 3170
2258 3171
2779 3172
53 3173
2402 3174
2543 3174
988 3175
144 3176
1856 3176
2808 3176
835 3178
1140 3178
835 3179
151 3181
477 3181
553 3181
562 3181
603 3181
1474 3181
3085 3182
171 3183
554 3183
640 3183
1028 3183
1144 3183
9 3184
1748 3185
1144 3186
1586 3187
1900 3187
2165 3187
2222 3187
412 3188
1060 3188
1893 3188
1947 3188
2808 3189
1096 3190
1444 3191
1620 3192
2829 3192
244 3193
1053 3194
2401 3195
207 3196
808 3196
1550 3196
3091 3196
3097 3196
1444 3197
1053 3198
1442 3199
1761 3199
732 3200
671 3201
52 3202
72 3202
229 3202
370 3202
700 3202
765 3202
954 3202
1109 3202
1122 3202
1198 3202
1535 3202
1568 3202
1587 3202
1634 3202
1991 3202
2234 3202
2381 3202
2440 3202
2451 3202
2708 3202
2973 3202
3022 3202
477 3203
553 3203
1042 3203
234 3205
1041 3206
1655 3206
1856 3206
2333 3206
2808 3206
3 3207
175 3207
221 3207
592 3207
607 3207
910 3207
954 3207
1261 3207
1422 3207
1578 3207
1779 3207
1877 3207
2017 3207
2511 3207
3053 3207
3125 3207
1028 3208
1053 3209
3100 3209
1962 3210
2048 3211
1166 3212
1974 3212
2699 3213
3105 3213
897 3214
1 3215
97 3216
2129 3216
2361 3216
2401 3217
1747 3219
300 3220
1768 3220
2540 3220
113 3221
1 3222
1663 3223
160 3224
324 3224
423 3224
2115 3224
2131 3224
2995 3224
2748 3225
3085 3225
144 3226
2808 3226
516 3227
2175 3227
2858 3227
244 3228
1078 3231
1808 3231
2893 3231
2630 3232
16 3233
160 3233
177 3233
201 3233
275 3233
310 3233
320 3233
389 3233
479 3233
790 3233
854 3233
934 3233
981 3233
1040 3233
1046 3233
1214 3233
1232 3233
1241 3233
1466 3233
1800 3233
1826 3233
1876 3233
2349 3233
2648 3233
2819 3233
2888 3233
244 3234
334 3234
835 3234
1144 3234
2186 3234
2597 3234
11 3235
1973 3235
597 3236
1500 3236
3085 3236
2820 3238
9 3239
298 3240
2352 3240
298 3241
2352 3241
1227 3242
1154 3243
1346 3243
219 3244
523 3244
883 3244
1020 3244
954 3245
686 3246
1 3247
58 3247
84 3247
524 3247
1162 3247
1279 3247
2454 3247
2625 3247
3177 3247
693 3248
1808 3248
32 3249
181 3249
228 3249
240 3249
359 3249
374 3249
407 3249
633 3249
731 3249
815 3249
1285 3249
1446 3249
1493 3249
1650 3249
1836 3249
1916 3249
1957 3249
2189 3249
2208 3249
2245 3249
2270 3249
2307 3249
2338 3249
2385 3249
2655 3249
2703 3249
2893 3249
101 3250
129 3250
150 3250
228 3250
317 3250
329 3250
453 3250
666 3250
897 3250
1079 3250
1316 3250
1487 3250
1587 3250
1597 3250
1664 3250
1808 3250
2013 3250
2107 3250
2126 3250
2250 3250
2346 3250
2405 3250
2675 3250
3083 3250
3105 3250
2515 3251
547 3252
553 3252
811 3252
2747 3252
3233 3252
300 3253
2918 3254
1063 3255
1099 3255
1453 3255
1689 3255
1929 3255
2101 3255
2788 3255
3182 3255
548 3256
1444 3257
2829 3258
3080 3259
2739 3260
2793 3260
1053 3261
1920 3261
9 3262
412 3263
1078 3264
1495 3265
145 3266
671 3266
1270 3266
1771 3266
3252 3266
2678 3267
1517 3268
2187 3268
229 3269
244 3269
374 3269
431 3269
512 3269
1346 3269
1681 3269
1743 3269
2536 3269
2893 3269
3120 3269
3207 3269
1329 3270
876 3271
918 3271
4 3272
719 3273
160 3274
966 3274
2557 3274
1 3275
2557 3275
719 3276
999 3277
1650 3277
2919 3278
702 3279
1000 3279
244 3280
1562 3280
1237 3281
1997 3281
1658 3282
2376 3282
2919 3283
679 3284
630 3285
453 3286
795 3286
2214 3286
43 3287
90 3287
264 3287
275 3287
1206 3287
2168 3287
2239 3287
2312 3287
2514 3287
660 3289
72 3290
229 3290
241 3290
370 3290
501 3290
525 3290
589 3290
700 3290
765 3290
954 3290
969 3290
1587 3290
2381 3290
2534 3290
2885 3290
2973 3290
3139 3290
1 3291
104 3292
1444 3292
1056 3293
2641 3293
2867 3293
2918 3293
2936 3293
3224 3293
188 3294
530 3294
545 3294
1196 3294
1438 3294
1552 3294
1564 3294
1703 3294
1818 3294
2019 3294
2076 3294
2300 3294
2462 3294
2717 3294
2892 3294
2928 3294
3043 3294
3068 3294
3114 3294
3118 3294
3182 3294
1209 3295
1834 3295
160 3296
499 3296
1873 3296
2131 3296
2761 3296
3254 3296
630 3297
2623 3297
3152 3297
5 3298
1347 3298
1416 3298
2849 3298
9 3299
3016 3299
1474 3300
2442 3300
2776 3300
2925 3300
2748 3301
547 3302
3091 3302
2401 3303
9 3304
1171 3304
1371 3304
2209 3304
3072 3304
1 3305
554 3305
1078 3306
1653 3307
2045 3307
2820 3307
12 3309
2161 3309
372 3310
84 3311
310 3312
9 3313
1028 3314
1336 3314
1053 3315
1641 3316
1897 3316
2059 3316
310 3317
1306 3317
2747 3317
3233 3317
7 3318
126 3318
512 3318
835 3318
954 3318
1154 3318
1346 3318
2135 3318
2238 3318
2306 3318
3183 3318
3208 3318
121 3319
231 3319
455 3319
477 3319
511 3319
669 3319
1151 3319
1323 3319
1542 3319
2178 3319
2445 3319
2754 3319
2776 3319
2800 3319
928 3320
1693 3320
2206 3320
171 3321
554 3321
1078 3321
1085 3321
2875 3321
1 3322
8 3322
111 3322
268 3322
278 3322
330 3322
468 3322
498 3322
510 3322
512 3322
521 3322
525 3322
563 3322
633 3322
714 3322
718 3322
729 3322
834 3322
866 3322
906 3322
960 3322
996 3322
1054 3322
1076 3322
1201 3322
1317 3322
1435 3322
1484 3322
1595 3322
1602 3322
1753 3322
1792 3322
1841 3322
1917 3322
1947 3322
2009 3322
2062 3322
2067 3322
2075 3322
2100 3322
2141 3322
2163 3322
2385 3322
2394 3322
2786 3322
2855 3322
2911 3322
3000 3322
3006 3322
3193 3322
3269 3322
3249 3323
12 3324
389 3325
1663 3326
51 3327
90 3327
687 3327
772 3327
1009 3327
1207 3327
1300 3327
1494 3327
1653 3327
1827 3327
1875 3327
2045 3327
2048 3327
2196 3327
2436 3327
2894 3327
2808 3328
372 3329
9 3330
1596 3331
2639 3331
3319 3331
204 3332
2919 3332
702 3333
2808 3334
97 3335
2875 3336
21 3337
229 3337
512 3337
594 3337
686 3337
738 3337
879 3337
1346 3337
1371 3337
1402 3337
1579 3337
1650 3337
2893 3337
3202 3337
3247 3337
3298 3337
2779 3338
2815 3338
244 3339
3322 3339
680 3340
708 3340
1187 3340
1276 3340
1385 3340
1612 3340
1697 3340
2122 3340
2619 3340
1053 3341
2798 3342
60 3343
372 3344
372 3345
893 3346
1209 3346
241 3347
505 3347
1101 3347
1291 3347
1559 3347
1610 3347
2423 3347
2839 3347
3038 3347
1261 3348
2744 3348
3233 3349
1191 3350
1482 3350
3287 3350
7 3351
171 3351
1808 3352
3064 3352
84 3353
554 3354
314 3355
3249 3355
1108 3356
2343 3356
178 3357
234 3357
2639 3358
2639 3359
2764 3359
244 3360
868 3361
965 3361
1107 3361
244 3362
1295 3362
241 3363
2536 3363
3011 3363
715 3364
2737 3364
693 3365
117 3366
1228 3367
679 3368
1500 3368
3236 3368
618 3369
1947 3370
2109 3371
2045 3372
187 3373
1698 3373
2139 3373
12 3374
1729 3375
706 3376
2273 3376
3282 3376
372 3377
1442 3378
3064 3378
2141 3379
2347 3379
3249 3380
2574 3381
1873 3382
599 3383
1979 3383
2025 3383
2027 3383
2127 3383
3029 3383
2349 3384
2577 3385
1228 3386
356 3387
868 3387
2776 3387
369 3388
618 3388
1880 3388
1919 3388
2281 3388
3369 3388
827 3389
3032 3390
867 3391
1273 3391
2475 3391
1053 3392
3032 3392
877 3393
1704 3393
2739 3393
2958 3393
372 3394
2566 3394
337 3396
1444 3396
1873 3397
1357 3398
706 3399
2248 3400
390 3402
1073 3402
1096 3402
1381 3402
1500 3402
2805 3402
1065 3403
3079 3403
3152 3403
1126 3404
33 3405
53 3406
1718 3407
11 3408
702 3408
1186 3408
1237 3408
1272 3408
2198 3408
3037 3408
938 3409
167 3410
97 3411
562 3411
908 3411
1733 3411
2669 3411
2776 3411
3091 3411
1444 3412
2919 3413
2248 3414
803 3415
2746 3416
89 3417
2748 3417
2805 3417
3085 3417
453 3418
1410 3418
383 3419
1278 3419
2204 3419
2523 3419
2776 3419
868 3420
893 3420
1042 3420
1130 3420
12 3421
1911 3421
690 3422
808 3422
3097 3422
310 3423
3105 3424
3207 3425
1729 3426
1808 3427
2189 3427
3249 3427
2187 3428
1 3429
1444 3430
2814 3430
6 3431
175 3431
221 3431
290 3431
313 3431
468 3431
607 3431
705 3431
910 3431
954 3431
982 3431
1284 3431
1490 3431
2000 3431
2017 3431
2068 3431
2159 3431
3142 3431
3232 3431
3336 3431
3395 3431
679 3432
1237 3433
304 3434
1539 3434
1599 3434
109 3435
2779 3435
47 3436
89 3437
3085 3437
2808 3438
3328 3438
2059 3439
3322 3440
1096 3441
686 3442
1650 3442
12 3443
193 3443
228 3443
1114 3443
1489 3443
1615 3443
1954 3443
3074 3443
262 3444
988 3444
1946 3444
1516 3445
489 3446
4 3447
306 3448
12 3449
1349 3450
571 3451
839 3451
1144 3451
1758 3451
1981 3451
3046 3451
3318 3451
51 3452
214 3452
311 3452
323 3452
358 3452
614 3452
624 3452
1013 3452
1287 3452
1533 3452
1786 3452
1832 3452
1873 3452
1958 3452
1967 3452
2104 3452
2155 3452
2261 3452
2424 3452
2509 3452
2725 3452
3408 3452
3290 3453
178 3454
234 3454
2402 3454
3357 3454
1808 3455
1053 3456
553 3457
1763 3457
3037 3457
1053 3458
500 3459
1361 3459
1887 3459
2313 3459
2357 3459
1234 3460
84 3461
476 3461
462 3462
893 3463
496 3464
104 3465
390 3465
431 3465
772 3465
968 3465
971 3465
1073 3465
1096 3465
1444 3465
1641 3465
1668 3465
1835 3465
2150 3465
2248 3465
2588 3465
2632 3465
3032 3465
3143 3465
3364 3465
3443 3465
835 3466
138 3467
164 3467
2731 3468
702 3469
1000 3469
3452 3469
453 3470
126 3471
300 3472
671 3472
686 3472
1973 3472
2893 3472
3105 3472
3202 3472
3290 3472
1744 3473
553 3474
244 3475
834 3475
2100 3475
3322 3475
2401 3476
2808 3477
745 3478
1767 3478
512 3479
1282 3479
1780 3479
150 3480
10 3481
1 3482
6 3482
79 3482
126 3482
640 3482
999 3482
1004 3482
1028 3482
1144 3482
1171 3482
1382 3482
3105 3482
3318 3482
2808 3483
901 3484
1652 3484
3138 3484
1361 3485
573 3486
987 3486
1833 3486
2258 3486
2562 3486
2964 3486
1 3487
2891 3488
3233 3488
4 3489
198 3489
1377 3489
1685 3489
1699 3489
573 3490
2836 3490
431 3491
84 3492
988 3493
1567 3494
1096 3495
2748 3495
795 3496
1156 3496
565 3497
1013 3497
1539 3497
1599 3497
2049 3497
2131 3497
2599 3497
3249 3498
9 3499
1 3500
693 3501
3064 3501
477 3502
1653 3503
1808 3504
955 3505
2964 3505
1444 3506
1000 3507
3452 3507
2248 3508
719 3509
1073 3510
2805 3510
3085 3510
1096 3511
2748 3511
234 3512
1456 3512
124 3513
403 3513
918 3513
1763 3513
2409 3513
3091 3513
3097 3513
3411 3513
693 3514
1273 3515
1526 3515
57 3516
1539 3516
477 3517
1357 3518
187 3519
390 3519
617 3519
1073 3519
1835 3519
2139 3519
2248 3519
1261 3520
1280 3520
1638 3520
2595 3520
2749 3520
1 3521
1394 3522
2748 3522
3085 3522
693 3523
1 3524
679 3525
1078 3526
1 3527
554 3528
678 3528
905 3528
1730 3528
2831 3528
477 3529
3037 3529
1826 3530
462 3531
657 3531
57 3532
1539 3532
1087 3533
214 3534
311 3534
375 3534
595 3534
614 3534
841 3534
1013 3534
1095 3534
1287 3534
1533 3534
1636 3534
1747 3534
1786 3534
1873 3534
1958 3534
2509 3534
2725 3534
3181 3534
3408 3534
3411 3534
144 3535
438 3536
758 3536
2018 3536
2906 3536
1053 3537
1543 3537
477 3538
702 3538
1000 3538
2172 3539
1009 3540
1 3541
2 3541
12 3541
35 3541
60 3541
129 3541
220 3541
271 3541
312 3541
387 3541
770 3541
892 3541
1114 3541
1171 3541
1188 3541
1309 3541
1328 3541
1337 3541
1459 3541
1476 3541
1531 3541
2222 3541
2333 3541
2533 3541
2573 3541
2808 3541
2825 3541
2840 3541
3173 3541
3218 3541
3229 3541
3406 3541
3541 3542
2808 3543
1361 3544
826 3545
671 3546
835 3547
1327 3547
3103 3547
1820 3548
2222 3549
372 3550
820 3550
1620 3550
1 3551
32 3551
42 3551
70 3551
117 3551
134 3551
140 3551
198 3551
251 3551
268 3551
278 3551
292 3551
293 3551
308 3551
330 3551
373 3551
432 3551
476 3551
498 3551
510 3551
525 3551
633 3551
714 3551
718 3551
729 3551
757 3551
773 3551
1054 3551
1060 3551
1076 3551
1145 3551
1197 3551
1231 3551
1317 3551
1484 3551
1499 3551
1572 3551
1595 3551
1602 3551
1753 3551
1780 3551
1792 3551
1814 3551
1823 3551
1856 3551
1917 3551
1947 3551
2009 3551
2035 3551
2067 3551
2141 3551
2163 3551
2199 3551
2369 3551
2385 3551
2394 3551
2802 3551
2855 3551
2877 3551
2898 3551
2911 3551
3006 3551
3127 3551
3193 3551
3339 3551
3401 3551
3475 3551
3032 3552
6 3553
171 3553
1028 3553
1336 3553
1444 3554
2168 3555
2919 3556
89 3557
3294 3557
60 3558
218 3559
1864 3559
2695 3559
1641 3560
633 3561
719 3562
234 3563
17 3564
97 3564
422 3564
650 3564
860 3564
1414 3564
1461 3564
1520 3564
1682 3564
1855 3564
1911 3564
2034 3564
2193 3564
2296 3564
2312 3564
2358 3564
2495 3564
2587 3564
2698 3564
3081 3564
3281 3564
3555 3564
1 3565
634 3565
2790 3565
1338 3566
1 3567
656 3569
1444 3570
16 3571
239 3571
365 3571
442 3571
585 3571
1070 3571
1673 3571
2819 3571
882 3572
1251 3572
1318 3572
1540 3572
1566 3572
1716 3572
1787 3572
2007 3572
2081 3572
2089 3572
2127 3572
2240 3572
2264 3572
2322 3572
2439 3572
2551 3572
2926 3572
3192 3572
3217 3572
3258 3572
3509 3572
1010 3573
1038 3573
1153 3573
1444 3574
1596 3574
157 3575
376 3575
1237 3575
1827 3575
390 3576
2246 3576
2248 3576
3294 3576
597 3577
927 3578
2748 3578
12 3579
2747 3580
3233 3580
585 3581
604 3581
2010 3581
2352 3581
2705 3581
1171 3582
1347 3582
2209 3582
3298 3582
369 3583
2632 3584
719 3585
816 3585
1732 3585
2829 3585
1042 3586
1329 3586
1714 3586
1763 3586
244 3587
3280 3587
51 3588
1252 3588
51 3589
562 3590
702 3590
310 3591
893 3592
1188 3593
671 3594
1444 3595
1641 3595
835 3596
1736 3596
1000 3597
2198 3597
3037 3597
229 3598
236 3598
267 3598
1110 3598
1436 3598
2068 3598
3243 3598
3269 3598
719 3599
173 3600
431 3600
839 3601
1981 3601
2597 3601
3046 3601
138 3602
164 3602
1924 3602
1096 3603
2431 3604
2914 3604
686 3605
3108 3606
3415 3606
217 3607
1395 3607
2991 3607
334 3608
2135 3608
2238 3608
2516 3608
2679 3608
3451 3608
3601 3608
745 3609
1767 3609
2997 3609
249 3610
2906 3610
2919 3610
1873 3611
692 3612
4 3613
673 3614
706 3615
1 3616
547 3617
3091 3617
1085 3618
988 3619
178 3620
1053 3620
1073 3620
1500 3620
1744 3620
2768 3620
523 3621
883 3621
1355 3621
241 3622
505 3622
796 3622
1610 3622
1704 3622
1881 3622
2025 3622
2522 3622
3097 3623
3422 3623
2574 3624
1166 3625
372 3626
1410 3627
1596 3628
1641 3628
2059 3628
2764 3628
1 3629
3322 3630
936 3631
2371 3631
679 3632
3032 3633
3390 3633
2699 3634
3290 3634
325 3635
2172 3635
372 3636
1 3637
372 3639
12 3640
2349 3640
3384 3640
383 3641
562 3641
2296 3641
2442 3641
9 3642
1202 3642
2675 3643
2682 3643
2990 3643
938 3644
2248 3645
117 3646
887 3646
1170 3646
2546 3646
1567 3647
2474 3647
3528 3647
477 3648
58 3649
897 3649
1398 3649
1481 3649
3007 3649
3545 3649
1085 3650
3085 3651
356 3652
167 3653
1650 3654
3202 3654
7 3655
1761 3656
1799 3656
1913 3656
57 3657
918 3657
1078 3658
1127 3659
1527 3660
2629 3661
2639 3662
218 3663
1 3664
150 3665
1 3666
5 3666
227 3666
1444 3667
372 3668
564 3669
1115 3669
1377 3669
3247 3669
3489 3669
595 3670
1395 3670
2991 3670
1127 3671
1916 3671
9 3672
97 3673
2776 3673
3091 3673
3376 3674
969 3675
1522 3675
1760 3675
1785 3675
2552 3675
2675 3675
2682 3675
3180 3675
3643 3675
553 3676
2893 3677
300 3678
1078 3678
1085 3678
2109 3678
2893 3678
32 3679
181 3679
194 3679
235 3679
359 3679
476 3679
510 3679
557 3679
693 3679
731 3679
815 3679
961 3679
1285 3679
1446 3679
1493 3679
1574 3679
1804 3679
1836 3679
1916 3679
1957 3679
2031 3679
2044 3679
2053 3679
2109 3679
2189 3679
2208 3679
2245 3679
2270 3679
2307 3679
2338 3679
2385 3679
2655 3679
2703 3679
3006 3679
3078 3679
3113 3679
3253 3679
3355 3679
3498 3679
3638 3679
1444 3680
9 3681
2442 3682
2606 3682
261 3683
1383 3683
352 3684
2069 3684
1357 3685
1495 3685
1650 3685
2786 3685
693 3686
2241 3687
12 3688
13 3688
37 3688
51 3688
53 3688
80 3688
128 3688
179 3688
310 3688
763 3688
893 3688
1031 3688
1040 3688
1312 3688
1444 3688
1653 3688
1688 3688
1763 3688
2266 3688
2349 3688
2582 3688
2641 3688
2820 3688
3091 3688
3097 3688
3110 3688
3224 3688
3230 3688
3233 3688
3274 3688
3296 3688
3541 3688
12 3689
2118 3689
1548 3690
2568 3691
3204 3691
3484 3691
2699 3692
3105 3692
3202 3692
893 3693
2796 3694
2947 3694
3347 3694
3622 3694
150 3695
3249 3695
369 3696
372 3697
706 3698
507 3699
3144 3699
3288 3699
1444 3700
1583 3700
89 3701
999 3702
1053 3703
51 3704
1283 3704
2362 3705
2343 3706
2401 3706
2829 3706
3383 3706
868 3707
1130 3707
918 3708
3097 3708
553 3709
1042 3709
2364 3709
3091 3709
1273 3710
1526 3710
1444 3711
1098 3712
310 3713
605 3713
641 3713
802 3713
1026 3713
1153 3713
1191 3713
1277 3713
1444 3713
1461 3713
1508 3713
1512 3713
1641 3713
1645 3713
2894 3713
2956 3713
3607 3713
3670 3713
18 3714
682 3714
1830 3714
1852 3714
1910 3714
2386 3714
2508 3714
2721 3714
2768 3714
3473 3714
3620 3714
1371 3716
893 3717
1530 3717
107 3718
1005 3718
1177 3718
1388 3718
1400 3718
2817 3718
553 3719
1042 3719
1637 3719
2198 3719
3037 3719
3091 3719
300 3720
784 3720
2336 3720
109 3721
303 3721
2366 3721
2779 3721
256 3722
338 3722
1188 3722
3027 3722
14 3723
356 3723
448 3723
1428 3723
1843 3723
2871 3723
3387 3723
3541 3723
10 3724
1897 3725
2092 3725
51 3727
1763 3728
175 3729
216 3729
221 3729
910 3729
982 3729
1003 3729
1422 3729
1779 3729
2000 3729
2068 3729
2933 3729
3070 3729
3105 3729
3125 3729
3202 3729
3290 3729
3321 3729
3395 3729
3425 3729
3541 3729
3724 3729
3726 3729
83 3730
162 3730
743 3730
944 3730
1049 3730
1188 3730
1519 3730
1660 3730
1765 3730
1782 3730
1806 3730
2282 3730
2726 3730
3136 3730
3147 3730
595 3731
4 3732
3037 3733
3091 3733
3719 3733
477 3734
876 3735
1130 3735
1329 3735
2776 3735
171 3736
496 3736
2798 3736
686 3737
3290 3737
2248 3738
54 3739
2427 3739
383 3740
715 3740
870 3740
1191 3740
1615 3740
2024 3740
2204 3740
2776 3740
272 3741
726 3741
1444 3741
2238 3742
144 3743
2808 3743
12 3744
1 3745
244 3746
3551 3746
1237 3747
2323 3747
988 3748
553 3749
179 3750
611 3750
1267 3750
1460 3750
897 3751
1723 3751
2652 3751
2711 3751
2742 3751
3389 3751
2248 3752
2556 3753
2793 3753
2829 3753
2333 3754
1527 3755
633 3756
1280 3757
2749 3757
3251 3757
988 3758
439 3759
1596 3760
1645 3760
1897 3760
2764 3760
3319 3760
719 3761
553 3762
1420 3763
242 3764
2299 3764
2454 3764
2625 3764
2681 3764
2836 3764
3376 3765
1641 3766
1 3767
554 3767
193 3768
1489 3768
1653 3769
1085 3770
686 3771
964 3771
2699 3771
3105 3771
3290 3771
453 3772
2214 3772
12 3773
719 3774
1748 3775
1140 3776
686 3777
1166 3778
2562 3778
534 3779
3143 3779
988 3780
121 3781
302 3781
378 3781
455 3781
457 3781
511 3781
615 3781
669 3781
808 3781
1044 3781
1542 3781
1931 3781
2178 3781
3097 3781
3308 3781
3331 3781
3359 3781
3595 3781
3662 3781
3715 3781
3760 3781
989 3782
1939 3783
1085 3784
184 3785
310 3786
1 3787
189 3788
2128 3788
2492 3788
11 3789
239 3789
376 3789
2705 3789
3564 3789
893 3790
1053 3791
2748 3792
3301 3792
52 3793
72 3793
75 3793
129 3793
349 3793
503 3793
537 3793
589 3793
693 3793
700 3793
765 3793
964 3793
1114 3793
1122 3793
1219 3793
1320 3793
1568 3793
1587 3793
1591 3793
1672 3793
1873 3793
1943 3793
1989 3793
1991 3793
2234 3793
2440 3793
2973 3793
3022 3793
3083 3793
3213 3793
3337 3793
3442 3793
3472 3793
1078 3794
611 3795
112 3796
202 3796
1590 3796
1853 3796
2089 3796
2264 3796
2322 3796
2934 3796
3033 3796
3217 3796
3509 3796
3585 3796
3753 3796
310 3797
477 3797
1272 3797
2311 3797
3233 3797
819 3798
1138 3798
1149 3798
1972 3798
1979 3798
2025 3798
2027 3798
2755 3798
324 3799
645 3799
3688 3799
617 3800
232 3801
1022 3801
1188 3801
2323 3801
2352 3801
2918 3801
3027 3801
3224 3801
3296 3801
3434 3801
3497 3801
3564 3801
112 3802
820 3802
995 3802
1149 3802
1251 3802
1318 3802
1566 3802
1716 3802
2007 3802
2081 3802
2127 3802
2240 3802
2264 3802
2322 3802
2439 3802
2551 3802
2553 3802
3067 3802
3192 3802
3237 3802
3509 3802
3706 3802
76 3803
1973 3803
1207 3804
117 3805
1329 3806
893 3807
2402 3808
3174 3808
3032 3809
3 3810
175 3810
212 3810
221 3810
290 3810
910 3810
954 3810
1422 3810
1490 3810
1578 3810
1779 3810
2000 3810
3053 3810
3070 3810
3395 3810
3425 3810
3724 3810
21 3811
66 3811
234 3811
360 3811
443 3811
631 3811
738 3811
752 3811
884 3811
939 3811
994 3811
1402 3811
1427 3811
1632 3811
1874 3811
1964 3811
2156 3811
2262 3811
2289 3811
2432 3811
2562 3811
3032 3811
3066 3811
3444 3811
3739 3811
630 3812
3079 3812
3152 3812
1 3813
145 3814
3266 3814
47 3815
595 3815
689 3815
2737 3815
51 3816
595 3816
2045 3816
2820 3816
2977 3816
184 3817
1187 3817
2122 3817
3340 3817
300 3818
628 3818
1078 3818
372 3819
820 3819
236 3820
1062 3820
1154 3820
1282 3820
2780 3820
1880 3821
12 3822
267 3823
1282 3823
2780 3823
1444 3824
3679 3825
383 3826
2296 3826
1 3827
1763 3828
11 3829
2352 3829
1738 3830
217 3831
1277 3831
2216 3831
3079 3831
3152 3831
3607 3831
3670 3831
12 3832
1078 3833
629 3834
835 3834
2963 3834
3103 3834
90 3835
116 3835
275 3835
383 3835
604 3835
1182 3835
2160 3835
2705 3835
3287 3835
3564 3835
1096 3836
9 3837
1371 3837
719 3838
679 3839
2539 3839
1650 3840
61 3841
389 3841
585 3841
2819 3841
1729 3842
89 3843
2748 3843
300 3844
2356 3845
2776 3845
2238 3846
304 3847
702 3847
1237 3848
1827 3848
109 3849
670 3850
1096 3850
2748 3850
150 3851
3679 3851
1650 3852
1 3853
4 3854
304 3855
1539 3855
1599 3855
2131 3855
3145 3855
3801 3855
104 3856
160 3856
548 3856
1645 3856
1897 3856
3688 3856
1 3857
303 3857
446 3857
561 3857
674 3857
1014 3857
1520 3857
1746 3857
1750 3857
2036 3857
2041 3857
2763 3857
2815 3857
2993 3857
3338 3857
3435 3857
3721 3857
24 3858
1090 3858
1444 3859
3570 3859
84 3860
476 3860
142 3861
489 3861
796 3861
1101 3861
1372 3861
1675 3861
2151 3861
2190 3861
2263 3861
2522 3861
2846 3861
3694 3861
1119 3863
1767 3863
2236 3863
3152 3863
89 3864
795 3865
2731 3865
3862 3865
1237 3866
2894 3866
3327 3866
783 3867
1763 3867
1967 3867
2008 3867
3333 3867
3847 3867
7 3868
9 3868
107 3868
1538 3868
2135 3868
2597 3868
2 3869
53 3869
954 3869
1282 3870
1780 3870
2401 3871
4 3872
97 3873
595 3874
3572 3875
1096 3876
9 3877
477 3878
893 3878
218 3879
1268 3879
2637 3880
2739 3880
2793 3880
325 3881
2374 3881
2446 3881
3635 3881
1166 3882
126 3883
319 3883
2209 3883
2448 3883
2497 3883
2646 3883
3269 3883
3541 3883
80 3884
1126 3884
893 3885
678 3886
89 3887
679 3888
1126 3889
12 3890
1 3891
2597 3892
2829 3893
3572 3893
3796 3893
2747 3894
679 3895
3294 3895
1444 3896
244 3897
3322 3897
3551 3897
1521 3898
1748 3898
2699 3899
554 3900
567 3900
571 3900
144 3901
2574 3902
2632 3902
3085 3902
232 3903
2402 3904
7 3905
3351 3905
97 3906
715 3906
1119 3906
1191 3906
1835 3906
1918 3906
1953 3906
2174 3906
2204 3906
2351 3906
2612 3906
2670 3906
2723 3906
2797 3906
2937 3906
3124 3906
3327 3906
3465 3906
3568 3906
3740 3906
2154 3907
2786 3907
86 3908
778 3908
915 3908
1050 3908
2099 3908
3290 3908
1293 3909
1252 3910
2702 3910
686 3911
999 3911
3105 3911
3290 3911
300 3912
1078 3912
2893 3912
795 3913
525 3914
2911 3914
3431 3914
1645 3915
1182 3916
1482 3916
1580 3916
1698 3916
2312 3916
835 3917
218 3918
372 3919
47 3920
595 3920
2445 3920
2606 3920
9 3921
431 3921
1371 3921
3072 3921
1 3922
319 3922
588 3922
1176 3922
2448 3922
2366 3923
214 3924
553 3924
562 3924
908 3924
980 3924
1635 3924
2925 3924
3534 3924
1050 3925
2347 3925
3908 3925
1 3926
3039 3926
1 3927
126 3928
398 3928
512 3928
835 3928
954 3928
1144 3928
1579 3928
2469 3928
2973 3928
3183 3928
3208 3928
3608 3928
117 3929
1873 3930
3254 3930
3296 3930
3801 3930
12 3931
96 3932
3730 3932
2574 3933
3771 3934
3793 3934
897 3935
97 3936
918 3936
1444 3937
444 3938
643 3939
3528 3939
3886 3939
104 3940
2639 3940
3781 3940
2296 3941
3050 3941
3287 3941
2919 3942
2748 3943
7 3944
126 3944
835 3944
954 3944
1154 3944
1780 3944
3208 3944
3608 3944
1808 3945
89 3946
2996 3946
2059 3947
178 3948
234 3948
1744 3948
3714 3948
1053 3949
1085 3950
234 3951
1053 3951
3032 3951
3143 3951
157 3953
275 3953
145 3954
206 3954
377 3954
671 3954
776 3954
2082 3954
2412 3954
2477 3954
12 3955
2042 3955
61 3956
585 3956
1673 3956
2010 3956
977 3957
3143 3958
3779 3958
300 3959
2893 3959
218 3960
212 3961
1261 3961
3251 3961
477 3962
1880 3963
150 3964
2189 3964
693 3965
1442 3965
3064 3965
1209 3966
1856 3967
2333 3967
372 3968
2863 3968
3233 3969
150 3970
1663 3971
1808 3972
1078 3973
1596 3974
3781 3974
1456 3975
754 3976
1539 3976
1599 3976
3801 3976
37 3977
310 3978
1641 3979
2764 3979
6 3980
122 3980
223 3980
286 3980
684 3980
724 3980
812 3980
1028 3980
1085 3980
1633 3980
1807 3980
2307 3980
2384 3980
2824 3980
2893 3980
2903 3980
3206 3980
3551 3980
3679 3980
3743 3980
3967 3980
1 3981
258 3981
805 3981
823 3981
901 3981
1578 3981
1616 3981
1632 3981
1690 3981
1758 3981
1780 3981
2444 3981
2501 3981
2740 3981
3484 3981
3736 3981
3952 3981
234 3982
1 3983
1939 3983
2142 3983
218 3984
2894 3985
18 3986
597 3986
682 3986
2386 3986
2508 3986
2721 3986
2768 3986
3473 3986
3948 3986
2739 3987
106 3988
250 3988
539 3988
721 3988
760 3988
819 3988
1370 3988
1380 3988
1390 3988
1608 3988
1646 3988
1972 3988
2027 3988
2082 3988
2240 3988
2280 3988
2398 3988
2439 3988
2828 3988
2916 3988
2926 3988
2939 3988
2979 3988
3192 3988
3550 3988
3871 3988
28 3989
612 3989
715 3989
791 3989
912 3989
1009 3989
1242 3989
1305 3989
1323 3989
1454 3989
1465 3989
1471 3989
1498 3989
1542 3989
1727 3989
1819 3989
1837 3989
1850 3989
1897 3989
2211 3989
2298 3989
2321 3989
2776 3989
2955 3989
3316 3989
3331 3989
3465 3989
3725 3989
3760 3989
3915 3989
3979 3989
3294 3990
1653 3991
1361 3992
2965 3992
1 3993
2831 3993
16 3994
55 3994
179 3994
275 3994
320 3994
389 3994
986 3994
1232 3994
1870 3994
1876 3994
2341 3994
2622 3994
2715 3994
2819 3994
2821 3994
2888 3994
3488 3994
3580 3994
54 3995
3811 3995
21 3996
544 3996
732 3996
879 3996
1171 3996
1371 3996
1402 3996
1579 3996
2893 3996
234 3997
372 3997
1620 3997
2401 3997
2632 3997
3032 3997
3988 3997
1234 3998
2283 3998
372 3999
3394 3999
2796 4000
2805 4000
3796 4000
