2 6
2 7
2 8
2 9
2 10
8 10
14 15
2 21
11 22
6 28
11 31
10 36
16 40
14 41
7 42
7 43
27 52
23 54
6 62
52 62
6 65
16 66
2 88
12 93
14 93
50 93
71 93
86 93
2 94
6 96
6 97
12 98
9 100
6 102
74 102
2 104
93 106
79 108
94 108
2 114
63 114
74 114
82 114
79 116
46 118
9 119
52 121
80 121
6 124
116 124
17 127
3 128
52 128
121 128
7 129
7 133
10 134
116 136
121 138
62 139
14 141
29 141
82 141
106 141
117 141
15 145
66 145
118 149
1 150
3 151
17 151
80 155
6 161
62 161
100 161
141 161
20 164
37 164
76 164
77 164
83 164
89 164
113 164
15 166
98 166
116 167
39 169
92 170
108 173
17 178
114 178
141 178
170 180
102 181
114 181
141 181
7 182
6 183
128 184
134 184
54 188
9 189
6 192
180 194
13 199
115 201
7 205
10 206
35 206
134 207
132 208
14 209
162 209
39 212
7 213
180 215
57 216
131 216
62 218
102 218
7 220
9 221
167 221
173 221
39 223
80 226
6 230
9 232
9 236
49 240
185 240
6 250
151 252
214 253
2 256
14 257
3 258
10 258
12 258
19 258
243 258
132 259
152 261
209 261
41 262
217 263
6 266
1 268
48 269
41 271
9 274
161 274
171 274
127 275
108 282
41 283
108 288
14 292
145 293
8 294
74 295
112 295
115 295
4 296
99 296
102 296
198 296
258 296
16 298
45 298
244 298
41 301
142 304
4 305
62 305
112 305
121 305
193 305
2 306
117 306
102 308
106 309
94 312
108 312
225 313
296 313
52 314
139 316
218 316
296 316
273 319
72 324
77 324
130 324
141 324
272 324
26 327
145 327
41 328
327 329
9 330
12 331
118 332
199 334
275 334
72 335
83 335
101 335
209 335
326 335
324 336
120 337
164 340
11 341
209 341
322 341
339 341
108 343
72 345
161 350
227 350
206 351
327 351
327 352
16 354
2 355
3 355
6 355
62 355
267 355
341 357
128 358
295 359
178 360
337 361
337 362
100 363
258 364
335 365
26 366
162 366
318 366
11 368
15 371
72 371
156 371
6 372
54 373
59 373
161 373
321 373
298 376
305 377
185 380
33 381
186 381
218 381
265 381
268 381
2 382
10 383
209 383
211 383
242 383
261 383
275 383
324 383
345 383
360 383
108 384
12 386
164 387
324 387
2 388
123 390
165 390
178 390
261 390
298 390
371 390
25 394
161 394
88 395
9 396
9 397
11 398
285 398
55 401
108 401
124 401
136 401
355 402
74 404
115 404
150 404
94 405
145 408
107 409
296 409
13 410
298 410
6 411
335 413
404 414
298 417
11 419
261 425
8 426
281 427
341 430
118 434
403 436
355 437
348 438
422 438
11 441
178 441
16 442
23 443
108 444
221 445
41 446
111 446
209 446
7 447
229 448
108 451
154 451
190 451
221 451
401 452
305 453
117 455
341 459
2 461
12 461
85 461
114 461
121 461
153 461
355 461
373 461
389 461
261 466
422 466
18 468
127 468
151 468
255 468
368 468
132 470
121 472
108 473
6 475
41 477
221 478
401 479
141 481
215 482
2 483
191 485
221 485
405 485
160 486
10 489
211 489
242 489
248 489
275 489
324 489
345 489
7 490
7 491
468 492
11 493
235 493
108 494
258 494
6 495
65 495
298 496
433 498
106 499
141 499
373 500
145 502
335 502
209 503
390 503
6 504
127 505
2 506
209 509
100 510
70 511
127 511
480 511
25 513
178 514
258 514
345 514
436 514
499 514
83 515
109 515
172 515
228 515
340 515
349 515
218 516
373 518
461 518
75 519
9 521
298 522
2 524
307 525
8 526
49 527
6 528
194 530
108 531
13 532
106 532
224 532
242 532
255 532
324 532
327 532
319 534
51 536
127 536
178 536
179 536
206 536
224 536
300 536
374 536
379 536
11 539
164 540
16 541
106 541
318 541
360 541
536 541
62 542
100 542
350 542
356 542
501 542
17 544
13 545
73 545
93 547
298 547
519 548
335 549
11 550
164 551
14 553
311 553
14 555
275 560
532 560
178 561
441 561
499 561
536 561
298 564
485 565
439 566
166 567
164 570
11 571
468 571
532 571
114 572
41 575
93 576
525 577
93 578
48 579
14 581
311 581
446 581
532 582
6 584
164 585
127 586
145 586
166 586
178 586
298 586
511 586
558 586
560 586
57 587
131 587
164 588
108 590
100 591
164 592
390 594
341 595
438 596
508 596
164 598
515 598
335 600
89 601
340 602
502 602
62 603
316 603
261 604
180 605
2 607
4 607
394 607
513 607
41 608
485 609
532 610
9 611
180 612
14 614
602 614
199 616
532 616
545 616
335 617
371 617
167 618
48 619
309 620
489 620
302 621
135 624
413 624
401 625
180 626
108 627
502 629
316 630
151 631
157 631
233 631
338 631
385 631
526 631
542 631
2 632
273 633
305 633
93 634
2 635
225 636
335 637
275 639
573 639
355 640
221 641
542 643
121 644
173 646
383 647
398 647
380 648
83 649
4 652
6 652
19 652
238 652
258 652
409 652
484 652
409 653
93 655
135 656
602 656
615 656
350 658
542 658
118 659
12 660
303 660
373 660
48 661
9 662
533 666
15 667
206 667
327 667
502 667
261 668
649 670
297 672
117 673
306 673
443 673
48 676
17 681
88 681
200 681
657 681
9 682
436 683
10 685
218 686
461 686
80 687
307 687
1 689
114 692
443 692
240 693
380 693
527 693
11 694
296 695
542 696
108 697
401 700
15 701
123 701
127 701
165 701
174 701
178 701
298 701
366 701
446 701
503 701
691 701
229 703
509 703
61 704
75 704
93 704
106 704
141 704
160 704
180 704
270 704
298 704
387 704
413 704
548 704
645 704
75 706
366 707
355 708
461 708
108 709
258 709
648 710
165 711
327 713
489 713
536 713
631 713
631 714
502 715
3 717
11 717
114 717
290 717
298 718
194 719
482 719
261 720
94 721
167 721
485 721
93 724
723 724
170 725
94 726
167 726
167 728
6 729
508 731
164 733
704 734
536 735
401 737
565 737
721 737
12 738
47 738
704 738
731 739
41 740
102 741
114 741
295 741
316 741
488 741
194 743
11 744
2 745
485 746
13 747
22 747
224 747
242 747
261 747
378 747
75 748
77 748
93 748
95 748
141 748
642 749
324 750
6 751
8 751
84 751
88 751
193 751
197 751
200 751
203 751
287 751
306 751
457 751
476 751
657 751
665 751
690 751
692 751
722 751
164 753
134 757
261 758
15 761
209 761
12 762
324 763
750 763
6 764
164 765
341 765
436 765
761 765
24 767
9 769
136 769
478 769
641 769
13 770
93 770
355 772
355 773
17 774
134 774
290 774
327 774
404 774
631 774
111 775
172 775
336 775
592 775
355 776
166 777
87 780
126 781
10 782
401 783
229 784
736 784
366 786
701 786
164 788
324 788
341 788
371 788
436 788
780 789
141 792
316 792
461 792
751 793
107 794
167 795
128 796
337 798
404 799
339 801
788 801
485 802
17 803
515 804
509 805
112 806
115 807
226 807
381 807
484 807
525 807
631 808
132 809
208 809
383 810
747 810
180 811
681 812
751 812
80 813
221 813
721 813
751 813
802 813
242 814
616 814
774 814
633 816
688 816
337 818
70 819
468 819
586 819
7 820
366 821
214 822
517 822
532 823
108 824
701 825
4 827
62 827
114 827
217 827
273 827
314 827
320 827
373 827
416 827
474 827
534 827
568 827
771 827
294 828
426 828
512 828
537 828
607 828
702 828
730 828
751 828
768 828
93 829
536 832
814 832
121 833
355 833
240 834
527 834
4 836
238 836
409 836
526 836
779 836
108 837
8 838
88 838
121 838
476 838
599 838
638 838
9 840
763 842
261 843
304 844
331 844
274 845
44 848
209 848
557 848
622 848
749 848
93 850
336 851
340 851
549 851
556 851
601 851
765 851
788 851
355 852
62 853
128 853
469 853
568 853
6 854
180 856
17 857
88 857
193 857
383 857
692 857
751 857
826 857
325 858
536 859
16 860
620 861
525 862
83 863
172 863
276 863
515 863
678 863
750 863
41 864
9 865
158 865
227 865
6 867
108 868
298 869
15 870
66 870
98 870
206 870
586 870
355 872
621 872
12 873
14 873
15 873
16 873
34 873
44 873
174 873
206 873
327 873
335 873
341 873
346 873
594 873
642 873
704 873
815 873
860 873
281 875
870 875
261 877
331 877
108 879
39 880
2 881
2 883
1 884
489 885
102 886
616 887
668 888
166 889
9 890
489 892
704 893
83 896
172 896
336 896
515 896
592 896
670 896
828 897
7 899
11 901
48 902
2 903
8 903
112 903
141 903
350 903
513 903
696 903
461 904
316 906
603 906
842 907
128 908
6 909
751 910
298 911
9 912
6 915
17 915
106 915
836 916
311 920
41 923
355 924
71 925
73 925
141 925
275 925
499 925
541 925
674 925
915 925
6 926
482 927
6 928
145 929
766 929
6 930
52 930
181 930
201 930
245 930
355 930
450 930
461 930
756 930
792 930
853 930
871 930
615 931
335 932
100 933
85 934
102 934
134 934
653 935
33 936
934 936
1 937
404 937
89 938
851 938
335 939
180 940
194 941
692 942
108 943
158 944
14 945
502 945
713 946
131 950
216 950
587 950
335 952
441 953
261 954
766 955
401 956
335 957
10 958
751 958
11 960
550 960
230 961
794 961
194 962
437 964
167 965
873 966
234 967
535 967
173 968
697 968
882 968
527 970
784 970
180 971
160 972
760 973
355 974
261 975
298 976
4 977
6 977
134 977
5 978
150 978
534 978
689 978
884 978
41 979
337 980
751 981
80 982
827 982
128 983
930 983
41 984
166 985
275 985
586 985
15 986
49 986
98 986
327 986
393 986
586 986
766 986
834 986
875 986
41 987
180 988
194 988
118 990
337 991
27 992
267 992
355 992
373 992
17 995
631 996
373 997
124 998
275 999
10 1000
532 1001
545 1001
887 1001
11 1003
493 1004
32 1005
305 1005
841 1005
857 1005
180 1006
751 1008
546 1010
602 1010
650 1010
851 1010
164 1011
337 1012
11 1014
550 1014
681 1017
6 1018
134 1018
218 1018
296 1018
375 1018
934 1018
858 1019
311 1020
532 1021
175 1022
319 1022
633 1022
9 1023
2 1024
366 1026
3 1028
171 1028
363 1028
591 1028
178 1029
532 1029
536 1029
814 1029
639 1030
930 1031
816 1032
401 1033
334 1034
9 1035
180 1036
519 1036
725 1036
1027 1036
751 1037
11 1038
26 1038
162 1038
222 1038
390 1038
436 1038
536 1038
707 1038
715 1038
947 1038
1026 1038
532 1039
887 1039
258 1040
108 1041
868 1041
141 1043
275 1043
334 1043
386 1043
417 1043
2 1044
62 1044
112 1044
513 1044
696 1044
7 1045
6 1046
401 1046
10 1047
48 1047
54 1047
64 1047
65 1047
107 1047
143 1047
183 1047
299 1047
333 1047
353 1047
404 1047
475 1047
490 1047
574 1047
584 1047
673 1047
729 1047
778 1047
827 1047
926 1047
928 1047
934 1047
948 1047
951 1047
1042 1047
8 1048
60 1048
114 1048
197 1048
265 1048
383 1048
692 1048
813 1048
958 1048
258 1049
517 1050
185 1051
419 1052
499 1052
571 1052
698 1052
1003 1052
162 1053
947 1053
842 1054
851 1054
9 1055
397 1055
83 1056
765 1056
1010 1056
654 1057
800 1057
941 1057
988 1057
509 1058
751 1059
458 1060
6 1061
1047 1061
11 1063
514 1064
535 1064
17 1065
93 1066
6 1067
108 1068
816 1069
167 1070
226 1070
381 1070
202 1071
588 1071
986 1071
10 1072
681 1073
731 1074
41 1075
816 1076
383 1077
848 1078
355 1079
437 1079
631 1080
751 1081
838 1081
482 1082
341 1083
225 1084
653 1084
836 1084
1056 1085
482 1086
11 1087
199 1088
342 1088
586 1088
41 1090
9 1091
828 1092
337 1094
838 1095
1047 1096
108 1097
190 1097
221 1097
721 1097
751 1097
769 1097
858 1098
401 1099
1088 1100
141 1101
360 1101
196 1102
500 1102
827 1102
643 1103
944 1103
1028 1103
446 1105
170 1106
11 1107
164 1109
945 1109
48 1110
2 1111
8 1111
112 1111
513 1111
631 1111
641 1112
160 1113
180 1114
14 1115
355 1116
827 1116
172 1118
336 1118
592 1118
678 1118
514 1119
536 1120
694 1120
925 1122
10 1123
93 1124
44 1125
456 1125
866 1125
914 1125
9 1127
890 1127
218 1129
6 1130
180 1131
529 1131
743 1131
988 1131
461 1132
827 1133
748 1134
851 1134
121 1135
191 1136
11 1137
178 1137
561 1137
567 1137
953 1137
1052 1137
860 1138
631 1139
141 1141
180 1142
2 1143
357 1144
459 1144
503 1144
683 1144
839 1144
1038 1144
1083 1144
1047 1145
8 1146
9 1146
88 1146
99 1146
110 1146
118 1146
137 1146
147 1146
151 1146
159 1146
204 1146
256 1146
277 1146
355 1146
388 1146
440 1146
461 1146
524 1146
552 1146
580 1146
589 1146
593 1146
628 1146
632 1146
669 1146
717 1146
751 1146
774 1146
849 1146
883 1146
1016 1146
1024 1146
9 1148
124 1148
173 1148
406 1148
697 1148
83 1149
172 1149
649 1149
670 1149
677 1149
785 1149
1010 1149
164 1150
873 1151
11 1152
275 1152
298 1152
532 1152
819 1152
298 1153
925 1153
701 1154
1144 1155
355 1156
108 1157
354 1158
431 1158
870 1158
334 1159
1034 1159
631 1160
48 1161
1131 1162
199 1163
1043 1163
134 1164
218 1164
542 1164
836 1164
934 1164
569 1165
935 1165
1084 1165
194 1167
114 1170
108 1171
40 1172
174 1172
327 1172
354 1172
704 1172
966 1172
693 1173
57 1174
448 1174
875 1174
355 1175
92 1176
706 1176
725 1176
811 1176
807 1177
195 1178
307 1178
404 1178
216 1179
986 1179
355 1180
437 1182
468 1183
296 1184
464 1185
944 1186
1028 1186
1047 1187
1146 1188
108 1189
398 1190
52 1191
121 1191
369 1191
756 1191
796 1191
1031 1191
615 1193
199 1194
1000 1196
316 1197
906 1197
775 1198
180 1201
17 1202
169 1203
278 1203
1064 1203
1119 1203
1146 1205
515 1207
180 1208
94 1209
452 1209
132 1210
208 1210
88 1211
3 1212
23 1212
113 1213
549 1213
765 1213
788 1213
1054 1213
305 1215
455 1215
107 1216
383 1218
489 1218
173 1219
11 1220
684 1220
1052 1220
41 1222
274 1223
643 1223
944 1223
1028 1223
108 1225
209 1226
489 1226
170 1227
94 1228
167 1228
737 1228
751 1229
100 1230
281 1231
315 1231
6 1232
652 1232
961 1232
2 1233
651 1233
1 1234
52 1234
302 1234
319 1234
827 1234
853 1234
40 1235
642 1235
1071 1235
115 1238
195 1238
381 1238
41 1239
721 1240
298 1241
519 1242
355 1243
969 1243
992 1243
439 1244
2 1245
108 1245
221 1245
721 1245
780 1246
523 1247
515 1248
649 1248
141 1249
12 1250
399 1250
466 1250
75 1251
706 1251
1005 1252
48 1253
13 1254
78 1254
146 1254
206 1254
224 1254
242 1254
360 1254
368 1254
407 1254
571 1254
582 1254
616 1254
823 1254
832 1254
1001 1254
1029 1254
1169 1254
1 1255
978 1255
2 1257
7 1257
161 1257
652 1257
827 1257
1191 1257
55 1258
279 1258
1047 1258
1220 1259
687 1260
1146 1261
401 1262
108 1265
41 1266
59 1268
263 1268
807 1268
1108 1269
121 1270
614 1274
355 1275
468 1276
102 1277
15 1278
366 1278
1038 1278
355 1279
827 1280
969 1280
180 1281
1 1282
833 1282
6 1283
1047 1283
161 1284
461 1284
568 1284
660 1284
807 1284
108 1287
7 1288
335 1289
335 1291
145 1292
1149 1293
485 1294
261 1295
858 1296
1047 1297
206 1298
14 1299
292 1299
116 1300
401 1300
965 1300
970 1301
162 1302
94 1303
191 1303
1146 1304
16 1305
106 1305
318 1305
360 1305
505 1305
747 1305
751 1306
838 1306
275 1307
9 1309
167 1310
816 1311
515 1312
114 1313
1102 1314
780 1315
114 1316
742 1316
461 1317
16 1318
329 1318
341 1318
536 1318
701 1318
713 1318
947 1318
1172 1318
14 1319
15 1319
502 1319
614 1319
623 1319
656 1319
925 1319
931 1319
660 1320
905 1320
216 1321
870 1321
986 1321
173 1322
52 1323
80 1323
128 1323
151 1323
302 1323
853 1323
872 1323
876 1323
930 1323
1258 1323
959 1324
275 1325
15 1326
49 1326
66 1326
327 1326
408 1326
561 1326
929 1326
1292 1326
1102 1327
1047 1328
255 1330
383 1330
489 1330
532 1330
814 1330
108 1331
13 1332
620 1332
1146 1333
519 1334
649 1335
536 1336
1052 1336
175 1337
17 1338
532 1340
515 1341
631 1342
6 1343
44 1344
337 1344
557 1344
1125 1344
93 1346
967 1347
1064 1347
1203 1347
337 1348
16 1349
26 1349
90 1349
145 1349
151 1349
209 1349
335 1349
371 1349
532 1349
536 1349
774 1349
873 1349
1254 1349
11 1350
532 1350
121 1351
305 1351
1337 1351
164 1354
461 1355
1146 1356
346 1357
873 1357
102 1358
230 1358
238 1358
1084 1358
1164 1358
1216 1358
1214 1359
6 1361
1326 1362
805 1363
1301 1363
14 1364
614 1364
656 1364
1010 1364
106 1366
674 1366
915 1366
1039 1366
1323 1368
69 1369
209 1369
390 1369
701 1369
1168 1369
1349 1369
1146 1370
704 1371
2 1372
1146 1372
1216 1373
533 1374
1258 1374
639 1375
427 1376
1179 1376
134 1377
936 1377
62 1378
905 1378
982 1378
1268 1378
1284 1378
6 1379
631 1379
7 1380
100 1381
114 1381
227 1381
274 1381
350 1381
865 1381
807 1382
1154 1383
167 1384
813 1384
145 1385
1326 1385
1323 1386
1044 1387
124 1388
93 1389
39 1390
132 1390
1 1391
978 1391
114 1393
181 1393
542 1393
607 1393
660 1393
930 1393
386 1394
536 1396
970 1397
596 1398
739 1398
1324 1398
92 1400
180 1400
1036 1400
1176 1400
41 1401
37 1402
77 1402
83 1402
89 1402
113 1402
156 1402
340 1402
387 1402
391 1402
587 1402
592 1402
601 1402
733 1402
753 1402
788 1402
1150 1402
1195 1402
1235 1402
1312 1402
100 1403
41 1404
858 1405
164 1406
1126 1406
970 1407
1363 1407
1383 1407
1101 1409
651 1410
14 1411
16 1411
174 1411
327 1411
341 1411
1151 1411
1172 1411
1273 1411
1305 1411
6 1412
17 1412
121 1412
536 1412
1323 1412
848 1413
873 1413
14 1415
108 1416
873 1417
614 1418
446 1419
196 1420
392 1420
727 1420
1314 1420
337 1421
360 1422
838 1422
1029 1422
1 1423
55 1423
114 1423
161 1423
181 1423
296 1423
827 1423
836 1423
1257 1423
1280 1423
230 1424
1379 1424
383 1425
892 1425
164 1427
261 1428
178 1429
561 1429
461 1430
631 1431
1402 1432
145 1433
870 1433
13 1434
18 1434
151 1434
242 1434
248 1434
255 1434
360 1434
368 1434
713 1434
819 1434
1276 1434
1350 1434
532 1435
329 1437
1146 1438
354 1442
870 1442
1326 1442
17 1443
167 1444
1300 1444
226 1445
375 1445
381 1445
12 1446
748 1446
877 1446
80 1448
191 1448
769 1448
965 1448
1070 1448
1209 1448
838 1449
9 1451
275 1452
262 1454
8 1455
460 1455
543 1455
665 1455
692 1455
817 1455
1015 1455
1073 1455
180 1456
615 1457
1236 1457
1319 1457
1364 1457
594 1459
1038 1459
315 1460
1231 1460
216 1461
431 1461
463 1461
587 1461
870 1461
895 1461
1174 1461
334 1462
6 1463
218 1463
934 1463
977 1463
1358 1463
261 1465
787 1465
132 1466
191 1467
451 1467
737 1467
2 1468
242 1470
810 1470
1029 1470
1034 1472
7 1473
433 1474
846 1475
1148 1476
17 1477
114 1478
742 1478
268 1479
621 1480
1185 1480
1323 1480
108 1481
288 1481
11 1483
649 1484
935 1486
691 1487
6 1488
52 1489
846 1491
751 1492
713 1493
968 1494
631 1495
218 1496
934 1496
594 1497
1038 1497
100 1499
1047 1500
16 1501
174 1501
335 1501
341 1501
860 1501
1151 1501
1172 1501
128 1502
681 1503
1455 1503
226 1504
807 1504
1349 1505
218 1506
173 1507
838 1508
944 1510
954 1511
1446 1511
1146 1512
52 1513
128 1515
681 1515
1191 1515
1258 1515
54 1517
88 1517
673 1517
1212 1517
121 1518
515 1520
1207 1520
6 1521
115 1521
207 1521
359 1521
799 1521
937 1521
218 1522
631 1523
857 1524
1048 1524
749 1525
1051 1525
1138 1525
1411 1525
214 1526
310 1526
458 1526
679 1526
1319 1527
6 1528
52 1529
461 1529
518 1529
1284 1529
873 1530
1411 1530
633 1531
441 1532
1137 1532
1429 1532
114 1533
73 1534
417 1534
446 1534
1163 1534
1319 1534
1426 1534
704 1535
738 1536
549 1537
1054 1537
100 1538
227 1538
658 1538
865 1538
371 1539
441 1540
558 1540
586 1540
11 1541
468 1541
485 1542
968 1544
1047 1545
1336 1546
304 1547
331 1547
341 1548
1144 1548
836 1551
1358 1551
258 1552
652 1552
3 1553
6 1553
121 1553
327 1553
1146 1553
341 1554
816 1555
1047 1556
48 1557
853 1558
1146 1559
9 1560
713 1562
9 1563
268 1564
862 1564
1238 1564
1244 1564
275 1565
489 1565
620 1565
1122 1565
54 1566
355 1567
108 1568
221 1569
145 1570
15 1571
156 1571
209 1571
1109 1571
1349 1571
737 1572
15 1573
99 1574
316 1574
375 1574
6 1575
934 1575
1044 1575
1358 1575
52 1576
106 1577
511 1577
514 1578
273 1579
816 1579
1009 1579
1022 1579
1234 1579
1282 1579
1337 1579
187 1580
261 1580
98 1581
586 1581
777 1581
878 1581
1447 1581
1540 1581
319 1582
751 1584
525 1585
525 1586
887 1587
1039 1587
108 1588
1220 1589
92 1590
645 1590
706 1590
409 1592
794 1592
14 1593
602 1593
1319 1593
701 1594
261 1595
1146 1597
1021 1598
145 1599
1362 1599
616 1600
1001 1600
1039 1600
1587 1600
408 1602
4 1603
62 1603
102 1603
381 1603
516 1603
898 1603
934 1603
1018 1603
1129 1603
1164 1603
1496 1603
1506 1603
687 1604
846 1604
1125 1605
164 1608
838 1609
1048 1610
162 1611
801 1611
532 1612
7 1613
1446 1614
1213 1615
1537 1615
258 1617
209 1618
848 1618
873 1618
114 1619
704 1620
1271 1620
48 1621
302 1622
833 1622
218 1623
566 1623
1146 1625
2 1626
10 1626
48 1626
53 1626
54 1626
64 1626
88 1626
102 1626
107 1626
143 1626
148 1626
183 1626
286 1626
289 1626
333 1626
353 1626
355 1626
445 1626
467 1626
495 1626
507 1626
538 1626
584 1626
759 1626
827 1626
854 1626
894 1626
928 1626
948 1626
951 1626
1045 1626
1061 1626
1062 1626
1067 1626
1146 1626
1187 1626
1199 1626
1217 1626
1224 1626
1256 1626
1264 1626
1272 1626
1283 1626
1297 1626
1308 1626
1328 1626
1361 1626
1367 1626
1440 1626
1485 1626
1521 1626
1561 1626
48 1627
9 1628
9 1630
542 1630
1223 1630
509 1631
1010 1631
862 1632
404 1633
807 1633
1378 1633
1395 1634
6 1635
975 1636
108 1637
15 1638
1038 1638
1626 1639
7 1640
195 1641
373 1641
381 1641
813 1641
936 1641
982 1641
1097 1641
1323 1641
1498 1641
1504 1641
1633 1641
180 1642
468 1643
747 1643
100 1644
1146 1645
468 1647
502 1648
1047 1649
1626 1649
114 1650
731 1651
1172 1652
480 1653
511 1653
819 1653
114 1654
439 1655
1564 1655
1220 1657
355 1658
180 1659
106 1660
199 1660
755 1660
1047 1660
1534 1660
631 1662
234 1664
535 1664
1064 1664
1119 1664
1347 1664
749 1665
1235 1665
1357 1666
1323 1668
873 1669
1411 1669
229 1671
418 1671
1247 1671
115 1672
930 1672
1504 1672
339 1673
429 1673
1549 1673
298 1674
869 1674
2 1675
1146 1675
10 1676
526 1676
537 1676
607 1676
681 1676
702 1676
730 1676
751 1676
768 1676
897 1676
8 1677
60 1677
114 1677
193 1677
665 1677
692 1677
814 1677
826 1677
1017 1677
1073 1677
1212 1677
1610 1677
857 1678
1005 1679
721 1680
1602 1681
62 1683
268 1683
273 1683
807 1683
906 1683
993 1683
1022 1683
1164 1683
1365 1683
1445 1683
523 1684
1247 1684
1407 1684
735 1685
681 1686
1455 1686
1677 1686
91 1687
973 1687
128 1688
275 1690
680 1690
1030 1690
1375 1690
1472 1690
448 1691
703 1691
1301 1691
170 1692
1176 1692
355 1693
1047 1694
108 1695
190 1695
550 1696
1003 1696
1014 1696
615 1697
712 1697
918 1697
7 1698
48 1698
64 1698
88 1698
107 1698
122 1698
133 1698
161 1698
192 1698
209 1698
260 1698
280 1698
291 1698
333 1698
347 1698
353 1698
355 1698
367 1698
386 1698
445 1698
461 1698
467 1698
528 1698
537 1698
584 1698
673 1698
675 1698
729 1698
759 1698
778 1698
827 1698
894 1698
922 1698
925 1698
928 1698
930 1698
1121 1698
1145 1698
1146 1698
1166 1698
1187 1698
1199 1698
1206 1698
1264 1698
1283 1698
1286 1698
1297 1698
1360 1698
1367 1698
1392 1698
1545 1698
1649 1698
1660 1698
1694 1698
134 1700
548 1701
704 1701
1334 1701
536 1702
275 1703
1461 1704
77 1705
370 1705
748 1705
945 1705
1134 1705
438 1706
704 1707
298 1708
1674 1708
1408 1709
1685 1709
166 1710
1581 1710
807 1711
1603 1711
1148 1712
108 1715
41 1716
723 1717
1458 1717
935 1718
649 1719
851 1719
863 1719
896 1719
1056 1719
1149 1719
468 1720
1434 1720
334 1721
915 1721
73 1722
532 1722
545 1722
747 1722
341 1723
489 1723
536 1723
701 1723
1144 1723
1172 1723
167 1724
191 1724
229 1725
752 1725
1363 1725
532 1726
39 1727
108 1728
121 1729
118 1730
234 1731
1119 1731
751 1732
75 1733
1251 1733
1590 1733
62 1735
128 1735
279 1735
621 1735
930 1735
1323 1735
1423 1735
1529 1735
1698 1735
401 1736
1209 1736
863 1737
13 1738
1698 1739
57 1740
145 1740
448 1741
1725 1741
258 1742
7 1743
295 1743
316 1743
10 1744
192 1744
209 1744
333 1744
404 1744
574 1744
926 1744
1042 1744
1093 1744
523 1746
1671 1746
1684 1746
355 1747
827 1747
525 1748
687 1748
846 1748
1102 1748
838 1749
1626 1750
261 1751
108 1752
751 1753
485 1754
258 1755
647 1756
885 1756
1190 1756
1425 1756
11 1757
487 1757
258 1758
357 1760
595 1760
788 1760
1038 1760
1318 1760
509 1761
970 1761
436 1762
41 1763
355 1764
417 1765
77 1766
502 1766
614 1766
1705 1766
807 1767
542 1768
1223 1768
39 1769
212 1769
261 1770
758 1770
47 1771
438 1771
1319 1772
15 1773
1038 1773
1323 1774
355 1775
1146 1776
398 1777
892 1777
1190 1777
1756 1777
1316 1778
1478 1778
11 1779
1052 1779
532 1780
9 1781
6 1782
631 1783
181 1784
258 1784
401 1784
827 1784
836 1784
1257 1784
1146 1785
1512 1785
54 1786
88 1786
673 1786
1212 1786
620 1787
819 1787
925 1787
6 1788
121 1789
453 1789
757 1789
906 1789
1215 1789
1323 1789
1351 1789
1423 1789
704 1790
311 1791
72 1793
111 1793
514 1793
536 1793
747 1793
763 1793
1737 1793
838 1794
515 1795
649 1795
1426 1796
380 1797
648 1797
710 1797
461 1798
108 1799
1034 1800
118 1801
6 1802
341 1803
41 1804
9 1805
230 1806
526 1806
636 1806
1379 1806
834 1808
970 1808
1344 1808
702 1809
828 1809
1676 1809
6 1810
125 1810
484 1810
1414 1810
1552 1810
858 1811
1088 1812
307 1813
1238 1813
2 1814
1146 1814
9 1815
863 1816
125 1817
178 1817
238 1817
409 1817
1067 1817
1552 1817
48 1818
17 1819
532 1820
1683 1821
468 1822
1254 1822
1434 1822
108 1823
1209 1823
428 1824
989 1824
1748 1824
1344 1825
53 1826
133 1826
176 1826
192 1826
286 1826
289 1826
386 1826
461 1826
467 1826
673 1826
854 1826
1067 1826
1256 1826
1367 1826
1528 1826
1649 1826
1743 1826
461 1827
181 1828
1280 1828
180 1829
515 1830
108 1831
483 1832
1146 1832
621 1833
448 1834
860 1834
1461 1834
17 1835
517 1836
1050 1836
835 1837
843 1838
11 1840
166 1840
986 1840
1581 1840
15 1841
145 1841
206 1841
219 1841
420 1841
427 1841
586 1841
691 1841
1453 1841
1461 1841
1631 1841
1646 1841
6 1842
1047 1842
1698 1842
379 1843
536 1843
128 1844
930 1844
1191 1844
355 1845
38 1846
102 1846
323 1846
1784 1846
41 1847
118 1848
659 1848
238 1849
409 1849
794 1849
1232 1849
1257 1849
1552 1849
532 1850
1191 1851
1789 1852
511 1853
819 1853
532 1854
930 1855
10 1856
1000 1856
78 1857
106 1857
146 1857
206 1857
242 1857
407 1857
560 1857
571 1857
582 1857
616 1857
823 1857
832 1857
1001 1857
1021 1857
1598 1857
1663 1857
1667 1857
532 1858
1254 1858
1857 1858
9 1859
1125 1860
9 1861
22 1862
127 1862
224 1862
300 1862
327 1862
345 1862
503 1862
698 1862
705 1862
1029 1862
1120 1862
1152 1862
1349 1862
1396 1862
1409 1862
1412 1862
1702 1862
1723 1862
1840 1862
1854 1862
52 1864
827 1864
274 1865
925 1865
1258 1865
1423 1865
1424 1865
1146 1866
631 1867
180 1868
1006 1868
334 1869
751 1870
1048 1870
731 1871
631 1872
1044 1873
194 1874
15 1875
206 1875
327 1875
1349 1875
194 1876
701 1877
1057 1878
75 1879
602 1880
14 1881
532 1882
17 1883
1596 1883
947 1884
1302 1884
631 1885
366 1886
1302 1886
335 1887
1102 1888
1314 1888
366 1889
1038 1889
653 1890
1128 1890
345 1891
383 1891
514 1891
532 1891
536 1891
747 1891
763 1891
1737 1891
1862 1891
631 1892
8 1894
17 1894
657 1894
817 1894
958 1894
1503 1894
1686 1894
145 1895
586 1895
691 1895
1158 1895
1453 1895
131 1896
1461 1896
2 1897
404 1898
1521 1898
703 1899
1725 1899
93 1900
739 1901
1074 1901
1104 1901
1871 1901
11 1902
12 1902
166 1902
558 1902
870 1902
986 1902
1862 1902
959 1903
401 1904
836 1905
108 1906
180 1907
1456 1907
615 1908
1319 1908
468 1909
532 1909
1626 1910
331 1911
466 1911
497 1912
1131 1913
1162 1913
1420 1914
1395 1915
1841 1915
52 1916
58 1916
80 1916
128 1916
175 1916
305 1916
461 1916
472 1916
606 1916
644 1916
833 1916
838 1916
872 1916
930 1916
1135 1916
1191 1916
1270 1916
1482 1916
1518 1916
1553 1916
1583 1916
1833 1916
681 1917
751 1917
108 1918
473 1918
14 1919
341 1920
1144 1920
1458 1921
1601 1921
751 1922
620 1923
861 1923
167 1924
1310 1924
117 1925
306 1925
355 1925
673 1925
771 1925
827 1925
1200 1925
1212 1925
1238 1925
1314 1925
1914 1925
596 1926
739 1926
9 1927
373 1928
381 1928
583 1928
936 1928
982 1928
1097 1928
1504 1928
1683 1928
9 1929
17 1930
335 1931
1377 1932
1603 1932
751 1933
1319 1934
57 1935
1834 1935
1896 1935
695 1936
533 1937
666 1937
1165 1938
1486 1938
1718 1938
364 1939
268 1940
534 1940
757 1940
1377 1940
1391 1940
1714 1940
145 1941
261 1941
553 1941
629 1941
715 1941
738 1941
945 1941
1048 1941
1319 1941
1339 1941
1446 1941
1571 1941
1638 1941
1648 1941
1766 1941
10 1942
690 1942
114 1943
290 1943
631 1943
1146 1943
54 1944
751 1945
105 1946
12 1947
178 1947
432 1947
681 1947
713 1947
717 1947
774 1947
803 1947
830 1947
1117 1947
1152 1947
1202 1947
1616 1947
1699 1947
1819 1947
1835 1947
1894 1947
2 1948
10 1948
48 1948
88 1948
133 1948
176 1948
192 1948
230 1948
241 1948
353 1948
386 1948
404 1948
495 1948
538 1948
613 1948
741 1948
854 1948
930 1948
934 1948
948 1948
1264 1948
1328 1948
1440 1948
1485 1948
1528 1948
1649 1948
237 1949
305 1949
607 1949
652 1949
827 1949
1358 1949
1603 1949
1789 1949
1810 1949
6 1950
1402 1951
816 1952
461 1953
214 1954
517 1954
191 1955
221 1955
795 1955
1209 1955
1303 1955
1444 1955
151 1956
1943 1956
751 1957
337 1960
1402 1962
1537 1962
2 1963
1146 1963
93 1964
1389 1964
196 1965
727 1965
1914 1965
1254 1966
108 1967
631 1968
870 1969
986 1969
1235 1969
1326 1969
489 1970
617 1970
1226 1970
142 1972
206 1972
748 1972
1146 1973
1233 1974
1410 1974
827 1975
1938 1976
1550 1977
1941 1978
9 1979
6 1980
1047 1980
1698 1980
1948 1980
200 1981
2 1982
405 1982
726 1982
1146 1982
649 1983
52 1984
302 1984
833 1984
126 1985
791 1985
807 1985
847 1985
862 1985
1445 1985
373 1986
93 1988
160 1989
972 1989
766 1990
6 1991
1048 1992
1677 1992
1894 1992
631 1993
1867 1993
1698 1994
1826 1994
1948 1994
1104 1995
6 1996
226 1998
439 1998
687 1998
1683 1998
1985 1998
10 1999
1911 2000
172 2001
678 2001
750 2001
1737 2001
1816 2001
341 2002
114 2003
631 2004
164 2005
1359 2006
9 2007
228 2008
549 2008
601 2008
763 2008
842 2008
1010 2008
1085 2008
1671 2009
499 2010
532 2010
1153 2010
1254 2010
1319 2010
1787 2010
1945 2011
261 2012
751 2013
162 2014
1026 2014
1213 2015
1402 2015
1615 2015
1146 2016
1038 2017
41 2018
427 2019
586 2019
594 2019
691 2019
834 2019
1461 2019
1618 2019
1634 2019
25 2020
15 2021
69 2021
206 2021
209 2021
390 2021
617 2021
1349 2021
446 2022
766 2023
738 2024
762 2024
209 2025
329 2025
848 2025
1344 2025
1841 2025
1895 2025
1465 2026
701 2027
9 2028
2001 2029
9 2030
29 2030
9 2031
9 2032
458 2033
261 2035
167 2036
1448 2036
1955 2036
108 2037
221 2037
968 2037
404 2038
488 2038
1521 2038
209 2039
1895 2039
52 2040
121 2040
184 2040
756 2040
796 2040
853 2040
908 2040
983 2040
1140 2040
1258 2040
1502 2040
1624 2040
1629 2040
1688 2040
1735 2040
1855 2040
1916 2040
525 2042
57 2043
1461 2043
1052 2044
24 2045
968 2045
127 2046
594 2046
1152 2046
1305 2046
102 2047
114 2047
303 2047
542 2047
930 2047
969 2047
1784 2047
224 2048
324 2048
838 2048
1029 2048
9 2049
542 2049
1223 2049
14 2050
105 2050
429 2050
541 2050
704 2050
860 2050
1221 2050
1525 2050
1723 2050
1946 2050
738 2051
1641 2052
11 2053
11 2054
1483 2054
335 2055
1010 2056
1834 2056
906 2057
1018 2057
1164 2057
1399 2057
1574 2057
1998 2057
1254 2058
229 2059
523 2059
1010 2059
1363 2059
1383 2059
1631 2059
1684 2059
835 2060
1653 2061
1088 2062
1194 2062
631 2063
180 2064
108 2065
164 2066
1402 2066
681 2067
751 2067
838 2067
1862 2070
1911 2071
275 2072
309 2072
480 2072
586 2072
1577 2072
1853 2072
2061 2072
870 2073
93 2074
62 2075
180 2076
1641 2077
2052 2077
438 2078
508 2078
663 2078
1074 2078
1104 2078
1324 2078
1398 2078
1871 2078
1903 2078
1911 2078
1926 2078
1995 2078
334 2079
261 2080
1770 2080
461 2081
84 2082
88 2082
121 2082
200 2082
383 2082
1017 2082
1073 2082
1470 2082
1515 2082
1916 2082
1981 2082
1992 2082
2067 2082
52 2083
373 2083
461 2083
518 2083
969 2083
14 2084
15 2084
41 2084
106 2084
614 2084
1010 2084
1043 2084
1105 2084
1263 2084
1436 2084
1527 2084
1534 2084
383 2085
1254 2085
199 2086
2062 2086
1357 2087
978 2088
749 2089
873 2089
1235 2089
164 2090
1402 2090
52 2091
132 2092
141 2092
212 2092
284 2092
424 2092
797 2092
891 2092
1285 2092
1347 2092
54 2093
114 2093
316 2093
461 2093
930 2093
112 2094
295 2094
806 2094
1810 2095
1889 2096
1319 2097
6 2098
1165 2098
6 2099
62 2099
102 2099
107 2099
296 2099
653 2099
806 2099
1146 2099
1846 2099
1949 2099
2075 2099
93 2100
98 2100
141 2100
261 2100
331 2100
360 2100
461 2100
660 2100
762 2100
1902 2100
2050 2100
816 2101
1022 2101
1337 2101
1832 2102
164 2103
945 2103
164 2104
515 2104
1698 2105
1251 2106
1018 2108
1998 2108
2075 2108
1047 2109
194 2110
530 2110
2 2111
405 2111
726 2111
1146 2111
1209 2111
469 2112
853 2112
11 2114
2 2115
9 2115
29 2115
278 2115
436 2115
481 2115
994 2115
1146 2115
1891 2115
801 2116
839 2116
1126 2116
1886 2116
631 2117
1349 2118
672 2119
1717 2119
1921 2119
857 2120
1048 2120
1455 2120
1894 2120
6 2121
441 2122
558 2122
1581 2122
2019 2123
102 2124
7 2125
2115 2125
1056 2126
93 2127
298 2127
547 2127
723 2127
337 2128
1125 2128
99 2129
139 2129
218 2129
296 2129
471 2129
630 2129
741 2129
792 2129
906 2129
934 2129
1698 2129
2093 2129
978 2130
751 2131
2092 2132
489 2133
586 2133
620 2133
41 2134
827 2135
660 2136
992 2136
209 2137
1302 2137
341 2138
209 2139
327 2139
366 2139
468 2139
1038 2139
8 2140
631 2140
1651 2141
1871 2141
1995 2141
2116 2143
1369 2144
749 2145
88 2147
1402 2148
1948 2149
108 2150
1146 2151
1785 2152
1867 2153
1698 2154
468 2155
1434 2155
1457 2156
337 2157
542 2158
134 2159
978 2159
239 2160
93 2161
275 2162
489 2162
532 2162
1653 2162
1857 2162
337 2163
2 2164
1047 2165
1948 2165
409 2166
858 2166
961 2166
1232 2166
1323 2168
531 2169
9 2170
553 2171
602 2171
748 2171
851 2171
1213 2171
1319 2171
1537 2171
1705 2171
1793 2171
1891 2171
114 2172
316 2172
461 2172
930 2172
843 2173
335 2174
1537 2175
80 2176
178 2177
206 2177
398 2177
493 2177
541 2177
694 2177
698 2177
1003 2177
1014 2177
1141 2177
1220 2177
1469 2177
1541 2177
1843 2177
1902 2177
2044 2177
1402 2178
1607 2178
1709 2179
775 2180
945 2181
1109 2181
2103 2181
2171 2181
56 2182
1912 2182
532 2183
766 2184
108 2185
1626 2186
6 2187
354 2188
1158 2188
1841 2188
2073 2188
1826 2189
421 2190
455 2190
673 2190
692 2190
807 2190
1238 2190
1925 2190
275 2191
1889 2192
108 2193
704 2194
128 2195
930 2195
1191 2195
54 2196
88 2196
55 2197
275 2197
573 2197
873 2199
1745 2199
930 2200
1698 2201
191 2202
1136 2202
1626 2203
936 2204
311 2205
7 2206
1626 2206
48 2207
148 2207
176 2207
230 2207
241 2207
286 2207
333 2207
353 2207
538 2207
673 2207
854 2207
948 2207
1146 2207
1264 2207
1272 2207
1328 2207
1361 2207
1367 2207
1485 2207
1516 2207
1991 2207
1994 2207
2189 2207
2198 2207
1127 2208
108 2209
17 2210
114 2210
193 2210
383 2210
692 2210
1503 2210
1610 2210
1686 2210
41 2211
221 2212
641 2212
6 2213
766 2214
614 2215
9 2216
1626 2217
1910 2217
532 2218
766 2219
1001 2220
1039 2220
1587 2220
27 2222
1323 2222
2040 2222
1131 2223
736 2224
1363 2224
704 2225
482 2226
274 2227
944 2227
978 2228
1088 2229
225 2230
1424 2230
1806 2230
485 2231
737 2231
2111 2231
1810 2232
509 2233
1623 2234
704 2235
1620 2235
1249 2236
816 2237
105 2238
206 2238
327 2238
541 2238
704 2238
1221 2238
1411 2238
1946 2238
2100 2238
848 2239
873 2239
41 2240
1047 2241
1626 2241
127 2242
300 2242
327 2242
374 2242
379 2242
694 2242
705 2242
774 2242
1349 2242
1350 2242
1685 2242
1840 2242
1891 2242
1902 2242
1626 2243
1910 2243
118 2244
332 2244
1626 2245
1698 2245
1744 2245
1948 2245
1994 2245
1831 2246
7 2247
133 2247
192 2247
241 2247
286 2247
333 2247
538 2247
613 2247
673 2247
741 2247
900 2247
930 2247
1093 2247
1224 2247
1361 2247
1440 2247
1485 2247
1656 2247
1994 2247
2245 2247
509 2248
1461 2248
373 2249
1102 2249
2 2250
631 2251
52 2252
128 2252
606 2252
681 2252
833 2252
1191 2252
1863 2252
2082 2252
12 2253
536 2253
1581 2253
1862 2253
2177 2253
2242 2253
7 2254
738 2255
194 2256
502 2257
594 2257
1038 2257
1318 2257
1286 2258
1698 2258
2207 2258
14 2259
103 2259
106 2259
410 2259
547 2259
576 2259
634 2259
655 2259
701 2259
770 2259
829 2259
855 2259
1176 2259
1352 2259
1389 2259
1411 2259
1964 2259
1988 2259
2107 2259
2127 2259
2142 2259
2161 2259
1146 2260
296 2261
305 2261
827 2261
934 2261
1949 2261
337 2262
1125 2262
180 2263
1142 2263
14 2264
2219 2266
102 2267
80 2268
577 2268
687 2268
807 2268
989 2268
1445 2268
100 2269
274 2269
944 2269
1713 2270
401 2271
532 2272
1857 2272
1349 2273
337 2274
162 2275
2092 2276
2132 2276
1146 2277
164 2278
949 2279
1196 2279
1441 2279
1999 2279
6 2280
1826 2280
2247 2280
335 2281
397 2282
164 2283
30 2284
127 2284
178 2284
559 2284
562 2284
681 2284
713 2284
717 2284
830 2284
915 2284
995 2284
1065 2284
1202 2284
1443 2284
1477 2284
1596 2284
1699 2284
1835 2284
1930 2284
1997 2284
2034 2284
2197 2284
873 2285
511 2286
560 2286
819 2286
1125 2287
6 2288
263 2289
1200 2289
346 2290
1525 2291
93 2292
108 2293
1191 2294
2040 2294
134 2295
375 2295
898 2295
1932 2295
1940 2295
1525 2296
1665 2296
93 2297
298 2297
547 2297
723 2297
11 2299
398 2301
751 2302
1071 2303
11 2304
98 2306
206 2306
502 2306
586 2306
1447 2306
1532 2306
1710 2306
1840 2306
1941 2306
2122 2306
48 2307
64 2307
97 2307
107 2307
209 2307
247 2307
353 2307
490 2307
574 2307
673 2307
675 2307
729 2307
827 2307
925 2307
934 2307
951 2307
1042 2307
1096 2307
1146 2307
1187 2307
1199 2307
1267 2307
1297 2307
1328 2307
1500 2307
1521 2307
1649 2307
1660 2307
1980 2307
2109 2307
167 2308
275 2309
309 2309
480 2309
1152 2309
1434 2309
1577 2309
2286 2309
49 2310
210 2310
199 2311
1534 2311
355 2312
865 2313
1028 2313
355 2314
1764 2314
488 2315
741 2315
1743 2315
2038 2315
649 2316
704 2317
9 2318
10 2319
148 2319
192 2319
209 2319
230 2319
333 2319
386 2319
495 2319
538 2319
827 2319
900 2319
926 2319
930 2319
1042 2319
1093 2319
1264 2319
1286 2319
1440 2319
1485 2319
1980 2319
751 2320
126 2321
577 2321
781 2321
145 2322
870 2322
1010 2322
1895 2322
1985 2323
1411 2324
2309 2325
1626 2326
327 2327
329 2327
498 2327
502 2327
691 2327
732 2327
1318 2327
1631 2327
1634 2327
1961 2327
2019 2327
2025 2327
2113 2327
121 2328
1916 2328
6 2329
2019 2330
2327 2330
2 2331
4 2331
8 2331
181 2331
394 2331
828 2331
1949 2331
1172 2332
1357 2332
2087 2332
92 2333
645 2333
1400 2333
1733 2333
2106 2333
380 2334
226 2335
381 2335
525 2335
973 2336
1119 2337
1347 2337
10 2338
2279 2338
1534 2339
1796 2339
48 2340
274 2341
1028 2341
750 2342
1719 2342
1737 2342
2001 2342
44 2343
361 2343
362 2343
423 2343
848 2343
914 2343
1181 2343
1329 2343
1471 2343
1661 2343
1860 2343
2128 2343
2157 2343
2262 2343
164 2344
835 2345
1670 2346
2045 2346
1609 2347
181 2348
258 2348
836 2348
886 2348
1735 2348
1846 2348
8 2349
197 2349
383 2349
489 2349
685 2349
690 2349
782 2349
828 2349
958 2349
1047 2349
1192 2349
1349 2349
1441 2349
1626 2349
1744 2349
1749 2349
1826 2349
1999 2349
2319 2349
2338 2349
751 2350
132 2351
836 2352
1358 2352
968 2353
52 2354
108 2354
114 2354
639 2354
925 2354
1280 2354
1423 2354
1424 2354
1806 2354
2047 2354
2197 2354
1 2355
150 2355
265 2355
268 2355
307 2355
534 2355
716 2355
1238 2355
1255 2355
1391 2355
1423 2355
2159 2355
2204 2355
164 2356
801 2357
1144 2357
1886 2357
2137 2357
2143 2357
24 2358
767 2358
2037 2358
2045 2358
461 2359
1146 2360
602 2361
1319 2361
1251 2362
1916 2363
177 2364
209 2364
251 2364
383 2364
466 2364
489 2364
554 2364
597 2364
720 2364
754 2364
758 2364
787 2364
843 2364
844 2364
877 2364
1147 2364
1204 2364
1409 2364
1465 2364
1519 2364
1580 2364
1595 2364
1807 2364
1838 2364
1941 2364
2012 2364
2041 2364
2080 2364
2100 2364
2146 2364
2167 2364
2173 2364
2252 2365
2008 2366
6 2367
1698 2367
408 2368
218 2369
461 2369
1603 2369
2259 2370
2300 2371
1947 2372
83 2373
172 2373
276 2373
649 2373
785 2373
1010 2373
2029 2373
26 2374
947 2374
1172 2374
1895 2374
468 2375
261 2376
2364 2376
199 2377
1100 2377
2062 2377
307 2378
965 2378
1209 2378
1384 2378
1444 2378
6 2379
2343 2380
1533 2381
175 2382
273 2382
1916 2382
2343 2383
121 2384
261 2385
2364 2385
1146 2386
23 2387
114 2387
373 2387
1047 2387
1257 2387
1517 2387
1566 2387
1626 2387
1698 2387
1786 2387
2196 2387
1426 2388
1660 2388
2339 2388
1 2389
978 2389
2355 2389
1349 2390
1 2391
381 2391
1244 2391
2355 2391
273 2392
1399 2392
1574 2392
1759 2392
2075 2392
2204 2392
2270 2392
2295 2392
127 2393
300 2393
374 2393
379 2393
694 2393
698 2393
774 2393
1349 2393
1685 2393
1891 2393
2253 2393
9 2394
107 2395
114 2395
139 2395
653 2395
806 2395
1146 2395
1486 2395
1592 2395
1949 2395
108 2396
121 2397
536 2397
1146 2397
1916 2397
417 2398
1243 2399
1280 2399
2047 2399
2083 2399
1144 2400
48 2401
780 2402
180 2403
529 2403
743 2403
941 2403
2223 2403
2 2404
100 2405
1044 2407
1698 2408
858 2409
171 2410
274 2410
716 2411
2355 2411
438 2412
508 2412
596 2412
739 2412
1871 2412
1926 2412
1995 2412
88 2413
1146 2413
2190 2413
390 2414
701 2414
1154 2414
93 2415
6 2416
128 2416
161 2416
274 2416
1028 2416
1212 2416
1423 2416
1849 2416
2136 2416
1005 2417
968 2418
107 2419
139 2419
1146 2419
1486 2419
1592 2419
1514 2420
1748 2420
2182 2421
1411 2422
214 2423
417 2424
446 2424
915 2424
1122 2424
1660 2424
2084 2424
2311 2424
2019 2425
2349 2426
381 2427
1509 2427
448 2428
1247 2428
1725 2428
1746 2428
167 2429
1955 2429
10 2430
133 2430
192 2430
404 2430
827 2430
926 2430
1093 2430
1286 2430
1361 2430
1378 2430
2349 2430
93 2431
11 2432
919 2433
1977 2433
2427 2434
731 2435
9 2436
29 2436
178 2436
278 2436
436 2436
631 2436
1101 2436
1578 2436
1891 2436
2125 2436
108 2437
1068 2437
828 2438
2 2439
1867 2440
329 2441
72 2442
83 2442
209 2442
344 2442
365 2442
387 2442
390 2442
435 2442
489 2442
502 2442
549 2442
600 2442
617 2442
637 2442
671 2442
701 2442
790 2442
932 2442
952 2442
1291 2442
1349 2442
1464 2442
1591 2442
1734 2442
1862 2442
2393 2442
807 2443
1378 2443
1521 2443
1633 2443
1641 2443
549 2444
1054 2444
1962 2444
2171 2444
128 2445
1191 2445
2040 2445
2371 2446
515 2447
253 2448
656 2448
712 2448
822 2448
1193 2448
1526 2448
1697 2448
1954 2448
11 2449
12 2449
536 2449
558 2449
567 2449
986 2449
1581 2449
2100 2449
1938 2450
2098 2450
108 2451
968 2451
1148 2451
9 2452
2001 2453
2029 2453
2373 2453
8 2454
88 2454
114 2454
383 2454
460 2454
826 2454
1017 2454
1524 2454
1543 2454
1610 2454
1686 2454
1941 2454
2120 2454
1060 2455
1526 2455
1839 2455
2033 2455
298 2456
749 2457
1051 2457
1138 2457
1411 2457
1501 2457
2291 2457
748 2458
2072 2459
208 2460
6 2461
1358 2461
383 2462
1254 2462
1470 2462
1402 2463
1448 2464
2378 2464
1369 2465
6 2466
1698 2466
2259 2467
108 2468
1225 2468
851 2469
1690 2470
87 2471
780 2471
324 2472
553 2472
1213 2472
1319 2472
1537 2472
1705 2472
1793 2472
531 2473
2062 2474
497 2475
215 2476
1057 2476
41 2477
359 2478
741 2478
751 2478
7 2479
298 2479
1250 2479
1378 2479
1402 2479
1446 2479
1902 2479
1947 2479
2449 2479
858 2480
209 2481
1895 2481
2327 2481
1005 2482
11 2483
2054 2483
1021 2484
381 2485
1509 2485
2427 2485
2434 2485
2454 2485
114 2486
2 2487
8 2487
121 2487
134 2487
144 2487
258 2487
265 2487
290 2487
400 2487
412 2487
476 2487
489 2487
638 2487
673 2487
921 2487
1037 2487
1081 2487
1095 2487
1422 2487
1439 2487
1609 2487
1676 2487
1749 2487
1916 2487
2048 2487
2067 2487
2347 2487
355 2488
2448 2489
898 2490
1603 2490
151 2491
224 2491
360 2491
368 2491
468 2491
492 2491
571 2491
620 2491
713 2491
1276 2491
1350 2491
1541 2491
1643 2491
1720 2491
2139 2491
2155 2491
2375 2491
49 2492
361 2492
1318 2492
1618 2492
2019 2492
2025 2492
2327 2492
164 2493
945 2493
1537 2493
2181 2493
6 2494
115 2494
207 2494
799 2494
1047 2494
1626 2494
1898 2494
2443 2494
118 2495
1579 2496
1953 2496
2040 2497
105 2498
165 2498
174 2498
594 2498
704 2498
966 2498
1179 2498
1305 2498
1318 2498
1411 2498
1501 2498
1946 2498
2199 2498
164 2499
1402 2499
2259 2500
2065 2501
93 2502
751 2503
2011 2503
2131 2503
23 2504
88 2504
673 2504
692 2504
16 2505
202 2505
860 2505
1174 2505
1411 2505
1501 2505
1834 2505
1896 2505
2238 2505
2303 2505
9 2506
869 2507
1708 2507
1626 2508
67 2509
401 2509
565 2509
737 2509
1467 2509
1572 2509
2221 2509
2231 2509
42 2510
161 2510
350 2510
1499 2510
1538 2510
319 2511
1411 2512
751 2513
11 2514
164 2515
1608 2515
39 2516
843 2517
1144 2518
848 2519
273 2520
1018 2520
1164 2520
1759 2520
1998 2520
2075 2520
2204 2520
2270 2520
1626 2521
701 2522
2414 2522
679 2523
2455 2523
550 2524
300 2525
327 2525
374 2525
379 2525
705 2525
774 2525
1409 2525
1412 2525
1891 2525
2442 2525
214 2526
2448 2526
1698 2527
9 2528
12 2529
47 2529
877 2529
1547 2529
1911 2529
2100 2529
2479 2529
1819 2530
1947 2530
15 2531
93 2531
174 2531
178 2531
371 2531
503 2531
594 2531
711 2531
786 2531
1154 2531
1571 2531
1723 2531
2021 2531
2139 2531
2374 2531
2414 2531
47 2532
142 2532
206 2532
1036 2532
1511 2532
2024 2532
2487 2533
2 2534
6 2534
19 2534
231 2534
258 2534
296 2534
323 2534
415 2534
514 2534
652 2534
709 2534
913 2534
917 2534
919 2534
1049 2534
1146 2534
1290 2534
1450 2534
1550 2534
1552 2534
1626 2534
1784 2534
1849 2534
2487 2534
2 2535
7 2535
8 2535
36 2535
121 2535
144 2535
476 2535
599 2535
1081 2535
1306 2535
1349 2535
1449 2535
1470 2535
1508 2535
1749 2535
1916 2535
2048 2535
2298 2535
2305 2535
1402 2536
2493 2536
775 2537
1793 2537
108 2538
968 2538
1544 2538
163 2539
1173 2539
1474 2539
2349 2540
17 2541
121 2541
536 2541
1323 2541
1862 2541
2393 2541
2525 2541
878 2542
1581 2542
2306 2542
2487 2543
2487 2544
261 2545
285 2546
489 2546
1425 2546
249 2547
275 2547
1472 2547
1721 2547
1869 2547
261 2548
2364 2548
3 2549
6 2549
114 2549
489 2549
503 2549
631 2549
1562 2549
1682 2549
1947 2549
2069 2549
2284 2549
2491 2549
6 2550
41 2551
93 2551
156 2551
168 2551
257 2551
292 2551
298 2551
311 2551
446 2551
555 2551
602 2551
614 2551
873 2551
925 2551
1010 2551
1115 2551
1319 2551
1411 2551
1415 2551
1418 2551
1593 2551
1606 2551
1919 2551
2115 2551
307 2552
807 2552
1445 2552
1564 2552
485 2553
1947 2554
2284 2554
446 2555
1426 2555
2339 2555
2347 2556
337 2557
2259 2558
542 2559
731 2560
1104 2560
2412 2560
1470 2561
2048 2561
163 2562
240 2562
699 2562
206 2563
631 2564
337 2565
2163 2565
2343 2565
275 2566
748 2567
453 2568
906 2568
1215 2568
1323 2568
1789 2568
164 2569
2515 2569
6 2570
12 2571
386 2571
1043 2571
1626 2571
2247 2571
2319 2571
2387 2572
180 2573
215 2573
563 2573
1086 2573
62 2574
631 2574
643 2574
696 2574
1164 2574
1393 2574
1630 2574
2158 2574
2559 2574
1634 2575
2327 2575
2268 2576
151 2577
224 2577
242 2577
713 2577
832 2577
1330 2577
1350 2577
1643 2577
1722 2577
1793 2577
1822 2577
1891 2577
160 2578
1345 2578
532 2579
6 2580
121 2580
536 2580
631 2580
1916 2580
224 2581
242 2581
810 2581
1029 2581
2082 2581
2535 2581
158 2582
227 2582
317 2582
542 2582
591 2582
1025 2582
1146 2582
1230 2582
2574 2582
11 2583
44 2584
209 2584
337 2584
557 2584
1010 2584
2025 2584
2519 2584
371 2585
553 2585
1402 2585
2092 2586
2387 2587
16 2588
873 2588
341 2589
2 2590
9 2590
14 2590
29 2590
39 2590
82 2590
106 2590
324 2590
553 2590
602 2590
631 2590
704 2590
748 2590
925 2590
1043 2590
1141 2590
1144 2590
1146 2590
1249 2590
1390 2590
1409 2590
1766 2590
2010 2590
2084 2590
2100 2590
2190 2590
2236 2590
2551 2590
341 2591
493 2591
1003 2591
1014 2591
1220 2591
1336 2591
1779 2591
1902 2591
2044 2591
2236 2591
751 2592
857 2592
1048 2592
1894 2592
2210 2592
2454 2592
9 2593
2282 2593
53 2594
133 2594
143 2594
176 2594
183 2594
192 2594
209 2594
230 2594
286 2594
386 2594
673 2594
854 2594
948 2594
1067 2594
1224 2594
1256 2594
1328 2594
1367 2594
1516 2594
1528 2594
1826 2594
1980 2594
1994 2594
2534 2594
2571 2594
17 2595
1947 2595
2284 2595
439 2596
525 2596
687 2596
1813 2596
2268 2596
2355 2596
2534 2597
1165 2598
128 2599
1461 2600
75 2601
92 2601
1106 2601
1227 2601
2364 2602
337 2603
1921 2604
158 2605
944 2605
1103 2605
1186 2605
1223 2605
1353 2605
2269 2605
631 2606
838 2607
816 2608
838 2609
835 2610
788 2611
1406 2611
2357 2611
224 2612
242 2612
378 2612
713 2612
747 2612
810 2612
1305 2612
1330 2612
1643 2612
1722 2612
1793 2612
1891 2612
1402 2613
2178 2613
3 2615
10 2615
12 2615
43 2615
129 2615
140 2615
182 2615
205 2615
213 2615
467 2615
490 2615
491 2615
520 2615
603 2615
820 2615
1013 2615
1045 2615
1146 2615
1380 2615
1473 2615
1613 2615
1792 2615
1826 2615
1948 2615
2206 2615
2207 2615
2254 2615
2416 2615
2535 2615
2594 2615
281 2616
986 2616
1174 2616
992 2617
2399 2617
1047 2618
74 2619
81 2619
82 2619
114 2619
178 2619
572 2619
692 2619
713 2619
717 2619
741 2619
1146 2619
1170 2619
1316 2619
1423 2619
1689 2619
1743 2619
1778 2619
1971 2619
2003 2619
2093 2619
2210 2619
2265 2619
2354 2619
2381 2619
2387 2619
2406 2619
2454 2619
2486 2619
2549 2619
108 2620
85 2621
461 2621
531 2622
553 2623
748 2623
851 2623
1537 2623
1705 2623
2549 2624
373 2625
2284 2626
229 2627
509 2627
970 2627
1363 2627
2343 2628
533 2629
853 2629
355 2630
14 2631
602 2631
1319 2631
1588 2632
687 2633
846 2633
2268 2633
2321 2633
2574 2634
128 2635
2040 2635
194 2636
1876 2636
947 2637
1026 2637
2014 2637
79 2638
167 2638
1300 2638
1448 2638
2378 2638
11 2639
35 2639
145 2639
246 2639
371 2639
532 2639
536 2639
681 2639
838 2639
870 2639
873 2639
1007 2639
1326 2639
1369 2639
1581 2639
1841 2639
1857 2639
2238 2639
2306 2639
2563 2639
2300 2640
1402 2641
1537 2641
12 2642
142 2642
170 2642
206 2642
438 2642
502 2642
748 2642
1511 2642
1911 2642
1941 2642
2024 2642
2479 2642
136 2643
167 2643
1300 2643
311 2644
2364 2645
2092 2646
1146 2647
92 2648
811 2648
1251 2648
1733 2648
2106 2648
2362 2648
542 2649
2574 2649
1947 2650
550 2651
1003 2651
1014 2651
669 2652
1146 2652
419 2653
454 2653
1052 2653
401 2655
1191 2656
2455 2657
9 2658
2216 2658
215 2659
1047 2660
1698 2660
679 2661
2455 2661
195 2662
525 2662
1564 2662
1857 2663
1455 2664
194 2665
1057 2665
10 2666
2535 2666
1 2667
2355 2667
1172 2668
2238 2668
691 2669
1895 2669
2019 2669
737 2670
2509 2670
261 2671
2364 2671
72 2672
209 2672
532 2673
355 2674
1845 2674
511 2675
62 2676
100 2676
356 2676
501 2676
806 2676
2049 2676
2158 2676
2582 2676
2634 2676
2649 2676
1034 2677
1690 2677
1869 2677
2619 2678
335 2679
41 2680
1867 2681
408 2682
672 2683
1717 2683
1921 2683
2119 2683
1149 2684
1158 2685
1740 2685
1841 2685
9 2686
1 2687
134 2687
978 2687
2355 2687
2619 2688
2 2689
6 2689
7 2689
114 2689
161 2689
355 2689
1146 2689
1191 2689
1784 2689
2348 2689
2387 2689
2619 2689
733 2690
1402 2690
1779 2691
2525 2691
9 2693
1309 2693
2364 2694
2520 2695
1136 2696
1626 2697
2615 2697
401 2698
1258 2698
1424 2698
519 2699
548 2699
748 2699
1251 2699
1590 2699
1733 2699
1879 2699
2648 2699
853 2700
2222 2700
329 2701
2669 2701
2460 2702
493 2703
536 2703
1336 2703
944 2704
93 2705
701 2706
162 2707
1402 2708
27 2709
62 2709
128 2709
279 2709
930 2709
1234 2709
1323 2709
2040 2709
2112 2709
1146 2710
9 2711
2282 2711
1127 2712
468 2713
2491 2713
1826 2714
2247 2714
2280 2714
348 2715
422 2715
466 2715
2078 2715
2642 2715
485 2716
261 2717
181 2718
828 2718
1676 2718
1411 2719
2224 2720
296 2721
695 2721
102 2722
613 2723
1948 2723
2247 2723
701 2724
100 2725
944 2725
2605 2725
1149 2726
355 2727
2 2728
28 2728
54 2728
62 2728
88 2728
97 2728
99 2728
124 2728
161 2728
183 2728
192 2728
230 2728
239 2728
247 2728
254 2728
260 2728
264 2728
266 2728
280 2728
289 2728
296 2728
353 2728
411 2728
449 2728
461 2728
465 2728
495 2728
497 2728
538 2728
574 2728
579 2728
664 2728
673 2728
713 2728
831 2728
854 2728
867 2728
874 2728
894 2728
900 2728
915 2728
926 2728
930 2728
963 2728
977 2728
1067 2728
1088 2728
1089 2728
1256 2728
1264 2728
1288 2728
1343 2728
1360 2728
1378 2728
1379 2728
1412 2728
1488 2728
1490 2728
1521 2728
1528 2728
1575 2728
1635 2728
1649 2728
1694 2728
1782 2728
1810 2728
1842 2728
1893 2728
1980 2728
1987 2728
1991 2728
2068 2728
2099 2728
2121 2728
2129 2728
2154 2728
2160 2728
2187 2728
2280 2728
2288 2728
2326 2728
2329 2728
2367 2728
2397 2728
2461 2728
2475 2728
2534 2728
2549 2728
2550 2728
2580 2728
2614 2728
2654 2728
2689 2728
6 2729
107 2730
1216 2730
386 2731
2571 2731
142 2732
748 2732
844 2732
1547 2732
1614 2732
1941 2732
2639 2732
2364 2733
180 2734
16 2735
202 2735
873 2735
1138 2735
1501 2735
1834 2735
1896 2735
2050 2735
2291 2735
1001 2736
1587 2736
278 2737
2115 2737
1985 2738
701 2739
752 2739
1128 2740
1890 2740
1938 2740
1947 2741
2284 2741
6 2742
737 2743
1572 2743
511 2744
819 2744
1172 2745
1666 2745
517 2746
1836 2746
274 2747
925 2747
1258 2747
2072 2748
862 2749
1178 2749
1641 2749
1690 2750
145 2751
216 2751
354 2751
870 2751
1326 2751
1895 2751
2188 2751
2343 2752
118 2753
6 2754
1626 2754
1948 2754
2207 2754
2430 2754
2728 2754
275 2755
309 2755
480 2755
1577 2755
2072 2755
2286 2755
52 2756
807 2756
1191 2756
1185 2757
2756 2757
1895 2758
62 2759
99 2759
2057 2759
2108 2759
2129 2759
2419 2759
1146 2760
1973 2760
132 2761
108 2762
1125 2763
1903 2764
853 2765
691 2766
9 2767
93 2768
1698 2769
621 2770
1185 2770
1323 2770
639 2771
2197 2771
2677 2771
41 2772
262 2772
1708 2773
311 2774
461 2775
268 2776
807 2776
934 2776
1479 2776
1928 2776
532 2777
1254 2777
1598 2777
1857 2777
2484 2777
2177 2778
1148 2779
1712 2779
41 2780
514 2781
2436 2781
33 2782
218 2782
934 2782
1522 2782
2159 2782
870 2783
2188 2783
2685 2783
11 2784
1537 2785
117 2786
455 2786
2190 2786
1047 2787
2307 2787
2717 2788
23 2789
88 2789
673 2789
692 2789
1673 2790
298 2791
9 2792
320 2793
827 2793
298 2794
482 2795
2573 2795
324 2796
810 2796
1029 2796
2082 2796
2487 2796
1043 2797
1796 2797
2388 2797
2555 2797
41 2798
80 2799
965 2799
1070 2799
1209 2799
1384 2799
2036 2799
2464 2799
2638 2799
1690 2800
873 2801
1709 2802
41 2803
347 2804
409 2804
526 2804
1084 2804
1423 2804
2230 2804
631 2805
2072 2806
180 2807
1868 2807
118 2808
1814 2808
2487 2809
337 2810
2040 2811
131 2812
1461 2812
1935 2812
2735 2812
108 2813
180 2814
519 2814
725 2814
811 2814
1027 2814
1972 2814
2532 2814
2732 2814
2 2815
1233 2815
1237 2815
1651 2816
1871 2816
1995 2816
2435 2816
2560 2816
2692 2816
383 2817
9 2818
930 2819
11 2820
261 2821
108 2822
1831 2822
17 2823
1596 2823
1883 2823
1947 2823
2284 2823
6 2824
1698 2824
2728 2824
180 2825
341 2826
436 2826
145 2827
216 2827
354 2827
431 2827
462 2827
870 2827
1895 2827
2 2828
29 2829
631 2830
1958 2830
2681 2830
2 2831
161 2831
461 2831
1028 2831
1146 2831
1423 2831
1817 2831
2040 2831
2348 2831
2387 2831
401 2832
1148 2833
9 2834
1929 2834
53 2835
133 2835
241 2835
286 2835
404 2835
538 2835
613 2835
673 2835
741 2835
926 2835
1328 2835
1485 2835
1994 2835
2245 2835
2280 2835
2571 2835
2714 2835
1191 2836
2656 2836
125 2837
409 2837
1067 2837
1232 2837
1552 2837
2232 2837
164 2838
724 2839
1601 2839
1717 2839
1005 2840
15 2841
68 2841
98 2841
567 2841
777 2841
889 2841
953 2841
985 2841
1002 2841
1447 2841
1532 2841
1710 2841
1840 2841
482 2842
2573 2842
39 2843
527 2844
1959 2844
341 2845
482 2846
2182 2847
502 2848
1941 2848
835 2849
17 2850
2284 2850
2823 2850
1344 2851
1825 2851
1588 2852
1432 2853
275 2854
489 2854
586 2854
1122 2854
27 2855
128 2855
279 2855
469 2855
930 2855
1323 2855
2040 2855
2112 2855
2349 2855
2629 2855
2700 2855
1137 2856
2449 2856
366 2857
631 2858
649 2859
1947 2860
2284 2860
17 2861
530 2862
612 2862
654 2862
941 2862
988 2862
274 2863
41 2864
2018 2864
93 2865
2177 2866
1769 2867
2092 2867
27 2868
905 2868
982 2868
1268 2868
1826 2868
2247 2868
2430 2868
2443 2868
2479 2868
2617 2868
2728 2868
2835 2868
108 2869
1231 2870
1895 2870
7 2871
164 2871
261 2871
298 2871
331 2871
360 2871
762 2871
873 2871
1250 2871
1902 2871
2642 2871
2868 2871
1709 2872
93 2873
2092 2874
2 2875
1047 2876
1948 2876
2207 2876
2247 2876
2728 2876
2835 2876
335 2877
337 2878
2274 2878
268 2879
534 2879
689 2879
757 2879
884 2879
1391 2879
1714 2879
2295 2879
2 2880
108 2881
2762 2881
126 2882
2321 2882
7 2883
54 2883
151 2883
161 2883
258 2883
355 2883
461 2883
652 2883
713 2883
717 2883
827 2883
1423 2883
1784 2883
1810 2883
2387 2883
2397 2883
2615 2883
2 2884
6 2884
128 2884
161 2884
274 2884
303 2884
1028 2884
1423 2884
1817 2884
2040 2884
2831 2884
2837 2884
1231 2885
1895 2885
2870 2885
216 2886
1172 2886
2238 2886
2291 2886
2296 2886
16 2887
811 2888
1036 2888
1176 2888
1400 2888
2648 2888
2814 2888
108 2889
968 2890
337 2891
401 2892
2271 2892
273 2893
1018 2893
1574 2893
1759 2893
1998 2893
2270 2893
2295 2893
2695 2893
2728 2894
461 2895
337 2896
41 2897
108 2898
1457 2899
370 2900
1537 2900
2444 2900
261 2901
2364 2901
324 2902
408 2903
509 2903
355 2904
1837 2904
2060 2904
2345 2904
2610 2904
2849 2904
816 2905
327 2906
1572 2907
10 2908
1000 2908
687 2909
93 2910
279 2911
930 2911
1323 2911
1374 2911
1423 2911
1865 2911
2040 2911
2252 2911
2307 2911
2698 2911
2747 2911
52 2912
327 2913
557 2914
1344 2914
1413 2914
2584 2914
206 2915
2653 2916
1592 2917
1831 2918
816 2919
160 2920
463 2921
1461 2921
100 2922
1547 2923
108 2924
93 2925
1292 2926
468 2927
536 2927
747 2927
1254 2927
1422 2927
1470 2927
1862 2927
2577 2927
2612 2927
355 2928
1845 2928
2078 2929
419 2930
2916 2930
49 2931
210 2931
970 2931
1691 2931
1959 2931
631 2932
371 2933
1539 2933
167 2934
728 2934
6 2935
961 2935
1358 2935
1744 2935
2166 2935
2430 2935
2594 2935
441 2936
1137 2936
2841 2936
114 2937
858 2938
1592 2938
48 2939
261 2940
145 2941
766 2941
221 2942
751 2942
1641 2942
614 2943
704 2944
186 2945
381 2945
231 2946
296 2946
364 2946
494 2946
514 2946
652 2946
1040 2946
1290 2946
1626 2946
2416 2946
108 2947
1588 2947
649 2948
532 2949
1598 2949
2484 2949
108 2950
838 2951
311 2952
631 2953
9 2954
748 2955
2458 2955
2509 2956
1626 2957
2189 2957
846 2958
1824 2958
2268 2958
631 2959
91 2960
1687 2960
386 2961
214 2962
517 2962
2448 2962
337 2963
381 2964
1632 2964
75 2965
2699 2965
873 2966
2519 2966
2914 2966
386 2967
73 2968
141 2968
417 2968
499 2968
532 2968
674 2968
1698 2968
1787 2968
2590 2968
230 2969
526 2969
636 2969
1047 2970
2728 2970
848 2971
72 2972
1434 2972
72 2973
514 2973
1737 2973
2115 2973
401 2974
836 2974
1258 2974
1280 2974
1424 2974
2259 2975
41 2976
93 2977
2259 2977
1108 2978
2334 2978
337 2979
6 2980
1698 2980
482 2981
2573 2981
2355 2982
2411 2982
298 2983
620 2983
869 2984
167 2985
1448 2985
2364 2986
1146 2987
180 2988
532 2989
536 2989
1254 2989
2577 2989
9 2990
941 2991
988 2991
1344 2992
2851 2992
1146 2993
481 2994
2615 2994
180 2995
261 2996
975 2996
2364 2996
331 2997
422 2997
1446 2997
1706 2997
2000 2997
2078 2997
2642 2997
827 2998
982 2998
1378 2998
1928 2998
209 2999
527 2999
848 2999
873 2999
2019 2999
2492 2999
12 3000
231 3000
296 3000
364 3000
415 3000
514 3000
1049 3000
1290 3000
1626 3000
1758 3000
2348 3000
2416 3000
2946 3000
