2 6
2 7
3 7
2 8
2 9
2 10
7 10
8 10
7 12
2 21
11 22
11 31
7 42
7 43
27 52
6 53
3 54
6 62
16 66
2 88
6 88
12 93
14 93
50 93
86 93
2 94
6 96
6 97
11 98
9 100
74 102
2 104
94 108
2 114
54 114
63 114
74 114
81 114
82 114
99 114
46 118
9 119
52 121
80 121
116 124
17 127
3 128
121 128
7 129
7 133
116 136
121 138
62 139
7 140
2 141
9 141
12 141
29 141
39 141
106 141
15 145
1 150
3 151
80 155
100 158
3 161
62 161
100 161
141 161
12 164
20 164
37 164
76 164
77 164
83 164
89 164
113 164
16 165
15 166
68 166
116 167
39 169
75 170
92 170
16 174
170 180
102 181
114 181
141 181
7 182
134 184
9 189
180 194
13 199
7 205
10 206
134 207
162 209
7 213
180 215
131 216
62 218
7 220
9 221
167 221
173 221
39 223
80 226
100 227
6 230
9 232
9 236
6 239
185 240
6 241
206 246
6 247
209 248
6 250
151 252
214 253
6 254
2 256
2 258
3 258
10 258
12 258
19 258
231 258
243 258
6 260
12 261
152 261
177 261
187 261
209 261
251 261
41 262
1 265
48 269
6 280
108 282
41 283
39 284
108 288
6 289
145 293
8 294
74 295
112 295
115 295
4 296
99 296
102 296
198 296
258 296
12 298
16 298
45 298
244 298
41 301
47 304
142 304
62 305
112 305
121 305
193 305
2 306
88 306
117 306
1 307
102 308
94 312
108 312
52 314
6 316
139 316
218 316
296 316
100 317
273 319
258 323
72 324
77 324
130 324
141 324
272 324
145 327
41 328
9 330
47 331
118 332
101 335
326 335
120 337
164 340
209 341
322 341
339 341
108 343
335 344
72 345
6 347
161 350
327 351
327 352
6 353
16 354
3 355
62 355
267 355
341 357
128 358
295 359
12 360
329 361
337 361
337 362
100 363
258 364
335 365
26 366
162 366
11 368
15 371
72 371
156 371
6 372
298 376
305 377
185 380
33 381
186 381
2 382
209 383
211 383
242 383
345 383
12 386
164 387
324 387
335 387
2 388
15 390
123 390
298 390
371 390
25 394
161 394
88 395
9 396
9 397
11 398
124 401
136 401
355 402
74 404
115 404
150 404
94 405
145 408
296 409
93 410
298 410
6 411
258 415
298 417
11 419
117 421
39 424
261 425
281 427
329 427
163 433
118 434
335 435
403 436
348 438
11 441
178 441
16 442
23 443
88 443
221 445
41 446
111 446
141 446
7 447
6 449
108 451
419 454
117 455
355 461
389 461
6 465
261 466
422 466
438 466
7 467
18 468
127 468
151 468
224 468
255 468
360 468
132 470
316 471
121 472
41 477
221 478
401 479
141 481
180 482
215 482
2 483
191 485
221 485
405 485
160 486
11 487
359 488
414 488
248 489
261 489
275 489
7 490
7 491
468 492
11 493
108 494
258 494
6 495
298 496
56 497
433 498
141 499
9 501
29 501
145 502
246 502
209 503
127 505
2 506
100 510
70 511
127 511
309 511
480 511
25 513
14 514
436 514
83 515
109 515
340 515
75 519
7 520
9 521
2 524
307 525
49 527
194 530
108 531
106 532
224 532
242 532
324 532
327 532
1 534
319 534
51 536
98 536
127 536
179 536
206 536
224 536
300 536
374 536
379 536
11 539
164 540
16 541
106 541
318 541
360 541
62 542
100 542
350 542
356 542
501 542
17 544
75 548
519 548
370 549
164 551
141 553
261 554
98 558
532 560
178 561
441 561
536 561
482 563
298 564
485 565
439 566
98 567
166 567
164 570
11 571
468 571
532 571
114 572
6 574
41 575
93 576
525 577
93 578
6 579
48 579
311 581
532 582
164 585
145 586
178 586
298 586
329 586
511 586
558 586
131 587
164 588
108 590
100 591
164 592
16 594
390 594
505 594
341 595
261 597
164 598
515 598
14 602
141 602
340 602
502 602
7 603
62 603
316 603
261 604
180 605
2 607
4 607
181 607
394 607
513 607
41 608
485 609
532 610
9 611
180 612
14 614
602 614
199 616
335 617
371 617
167 618
48 619
45 620
302 621
135 624
413 624
401 625
180 626
108 627
316 630
157 631
338 631
385 631
542 631
2 632
273 633
305 633
93 634
2 635
335 637
275 639
573 639
221 641
9 643
542 643
121 644
173 646
398 647
380 648
83 649
329 650
3 652
4 652
6 652
19 652
238 652
258 652
409 652
484 652
409 653
93 655
214 656
602 656
615 656
350 658
542 658
12 660
303 660
48 661
9 662
596 663
6 664
533 666
15 667
327 667
502 667
261 668
649 670
335 671
297 672
117 673
306 673
458 679
383 681
599 681
657 681
9 682
436 683
10 685
218 686
80 687
307 687
577 687
1 689
114 692
443 692
240 693
380 693
527 693
11 694
296 695
542 696
401 700
123 701
174 701
298 701
691 701
229 703
408 703
16 704
61 704
75 704
93 704
106 704
141 704
180 704
270 704
387 704
413 704
548 704
645 704
75 706
366 707
355 708
108 709
258 709
648 710
165 711
214 712
3 713
6 713
114 713
327 713
468 713
489 713
536 713
631 713
631 714
502 715
1 716
3 717
11 717
114 717
290 717
298 718
194 719
482 719
261 720
94 721
485 721
93 724
723 724
170 725
167 728
508 731
164 733
704 734
536 735
67 737
401 737
565 737
721 737
704 738
41 740
102 741
114 741
295 741
316 741
488 741
194 743
11 744
2 745
485 746
22 747
151 747
224 747
261 747
378 747
713 747
75 748
77 748
93 748
95 748
141 748
40 749
324 750
6 751
84 751
88 751
193 751
197 751
203 751
287 751
476 751
665 751
690 751
722 751
448 752
164 753
261 754
128 756
134 757
261 758
15 761
69 761
209 761
12 762
436 765
24 767
9 769
136 769
478 769
641 769
13 770
93 770
355 772
355 773
134 774
327 774
631 774
111 775
172 775
592 775
355 776
166 777
87 780
577 781
10 782
401 783
366 786
390 786
701 786
261 787
164 788
324 788
371 788
436 788
780 789
335 790
114 792
141 792
316 792
461 792
751 793
167 795
128 796
39 797
337 798
404 799
194 800
339 801
788 801
485 802
17 803
515 804
99 806
112 806
295 806
542 806
115 807
117 807
226 807
484 807
687 807
631 808
747 810
92 811
751 812
721 813
751 813
802 813
774 814
633 816
688 816
337 818
70 819
468 819
586 819
7 820
366 821
214 822
532 823
108 824
701 825
3 827
4 827
62 827
114 827
217 827
273 827
314 827
320 827
373 827
416 827
474 827
534 827
568 827
294 828
426 828
512 828
537 828
607 828
702 828
730 828
751 828
93 829
532 832
536 832
747 832
814 832
355 833
240 834
527 834
355 835
55 836
108 837
2 838
7 838
8 838
36 838
88 838
121 838
134 838
144 838
258 838
265 838
290 838
400 838
412 838
476 838
489 838
599 838
638 838
673 838
9 840
228 842
549 842
601 842
261 843
261 844
100 845
577 846
44 848
209 848
340 851
549 851
601 851
765 851
788 851
355 852
10 853
62 853
128 853
279 853
469 853
568 853
666 853
93 855
180 856
17 857
88 857
114 857
193 857
383 857
460 857
692 857
826 857
325 858
536 859
16 860
202 860
620 861
195 862
381 862
525 862
515 863
678 863
750 863
41 864
9 865
227 865
108 868
355 872
621 872
12 873
14 873
34 873
44 873
174 873
327 873
642 873
704 873
860 873
6 874
281 875
870 875
261 877
108 879
39 880
2 881
24 882
221 882
2 883
1 884
489 885
668 888
166 889
9 890
704 893
6 894
83 896
172 896
336 896
515 896
592 896
670 896
828 897
7 899
11 901
48 902
350 903
316 906
603 906
851 907
128 908
6 909
298 911
9 912
258 913
17 915
258 917
258 919
917 919
311 920
838 921
41 923
355 924
71 925
73 925
141 925
275 925
417 925
499 925
532 925
541 925
674 925
915 925
482 927
6 928
145 929
6 930
52 930
245 930
355 930
450 930
792 930
615 931
100 933
4 934
85 934
102 934
134 934
316 934
653 935
33 936
934 936
1 937
404 937
851 938
335 939
180 940
194 941
692 942
108 943
14 945
77 945
502 945
713 946
131 950
216 950
587 950
441 953
766 955
401 956
335 957
751 958
550 960
409 961
794 961
858 961
194 962
6 963
437 964
167 965
16 966
873 966
234 967
882 968
267 969
527 970
180 971
261 975
134 977
534 978
884 978
41 979
337 980
751 981
80 982
827 982
128 983
930 983
41 984
166 985
275 985
586 985
49 986
834 986
875 986
41 987
180 988
194 988
687 989
118 990
337 991
267 992
303 992
514 994
124 998
275 999
949 1000
532 1001
887 1001
166 1002
11 1003
493 1004
536 1004
32 1005
305 1005
841 1005
857 1005
180 1006
751 1008
448 1010
546 1010
602 1010
650 1010
851 1010
164 1011
337 1012
7 1013
550 1014
681 1017
134 1018
218 1018
296 1018
375 1018
934 1018
858 1019
532 1021
9 1023
2 1024
100 1025
366 1026
3 1028
171 1028
363 1028
591 1028
532 1029
536 1029
814 1029
128 1031
816 1032
9 1035
92 1036
180 1036
519 1036
725 1036
1027 1036
751 1037
838 1037
11 1038
162 1038
222 1038
390 1038
436 1038
536 1038
707 1038
715 1038
1026 1038
532 1039
887 1039
258 1040
108 1041
868 1041
141 1043
275 1043
334 1043
386 1043
417 1043
446 1043
915 1043
62 1044
112 1044
513 1044
696 1044
7 1045
6 1046
401 1046
10 1047
48 1047
54 1047
64 1047
65 1047
97 1047
107 1047
143 1047
209 1047
247 1047
260 1047
299 1047
333 1047
353 1047
404 1047
475 1047
490 1047
574 1047
675 1047
729 1047
778 1047
827 1047
922 1047
925 1047
926 1047
934 1047
948 1047
1042 1047
60 1048
88 1048
114 1048
197 1048
265 1048
383 1048
460 1048
692 1048
826 1048
958 1048
258 1049
185 1051
206 1052
300 1052
341 1052
398 1052
419 1052
571 1052
694 1052
698 1052
1003 1052
1014 1052
162 1053
1026 1053
370 1054
842 1054
851 1054
9 1055
83 1056
556 1056
1010 1056
215 1057
530 1057
612 1057
654 1057
941 1057
988 1057
458 1060
1047 1061
11 1063
17 1065
816 1069
167 1070
226 1070
525 1070
202 1071
588 1071
986 1071
816 1076
383 1077
848 1078
355 1079
838 1081
482 1082
341 1083
225 1084
653 1084
836 1084
842 1085
1056 1085
482 1086
11 1087
199 1088
342 1088
6 1089
41 1090
9 1091
828 1092
337 1094
838 1095
1047 1096
721 1097
858 1098
401 1099
1088 1100
360 1101
196 1102
827 1102
944 1103
1028 1103
596 1104
11 1107
380 1108
164 1109
945 1109
48 1110
8 1111
513 1111
221 1112
160 1113
180 1114
355 1116
827 1116
172 1118
592 1118
967 1119
536 1120
694 1120
925 1122
1043 1122
93 1124
44 1125
361 1125
423 1125
456 1125
848 1125
866 1125
914 1125
788 1126
839 1126
9 1127
180 1131
529 1131
941 1131
988 1131
461 1132
827 1133
324 1134
370 1134
553 1134
602 1134
748 1134
851 1134
945 1134
121 1135
191 1136
11 1137
561 1137
567 1137
1052 1137
860 1138
631 1139
128 1140
930 1140
141 1141
180 1142
2 1143
141 1144
357 1144
503 1144
1083 1144
1047 1145
7 1146
8 1146
9 1146
88 1146
100 1146
110 1146
114 1146
118 1146
141 1146
147 1146
159 1146
204 1146
256 1146
258 1146
277 1146
306 1146
355 1146
388 1146
440 1146
514 1146
524 1146
552 1146
580 1146
589 1146
593 1146
628 1146
632 1146
669 1146
717 1146
751 1146
774 1146
849 1146
883 1146
1016 1146
1047 1146
261 1147
9 1148
124 1148
173 1148
406 1148
697 1148
83 1149
172 1149
276 1149
649 1149
670 1149
677 1149
785 1149
1010 1149
164 1150
11 1152
275 1152
298 1152
505 1152
511 1152
532 1152
819 1152
925 1153
341 1155
436 1155
355 1156
145 1158
216 1158
354 1158
431 1158
870 1158
48 1161
199 1163
342 1163
134 1164
542 1164
934 1164
569 1165
1084 1165
194 1167
114 1170
108 1171
12 1172
14 1172
40 1172
105 1172
174 1172
206 1172
327 1172
354 1172
541 1172
704 1172
860 1172
966 1172
433 1173
693 1173
355 1175
93 1176
811 1176
807 1177
195 1178
307 1178
404 1178
16 1179
216 1179
355 1180
337 1181
1125 1181
437 1182
468 1183
296 1184
464 1185
606 1185
807 1185
1028 1186
1047 1187
1146 1188
108 1189
398 1190
369 1191
756 1191
796 1191
10 1192
214 1193
615 1193
199 1194
342 1194
1100 1194
1000 1196
316 1197
775 1198
1047 1199
217 1200
180 1201
17 1202
169 1203
278 1203
1119 1203
261 1204
1146 1205
180 1208
94 1209
452 1209
88 1211
3 1212
23 1212
549 1213
788 1213
1054 1213
1134 1213
305 1215
107 1216
383 1218
173 1219
684 1220
1052 1220
1172 1221
41 1222
274 1223
643 1223
944 1223
1028 1223
170 1227
94 1228
100 1230
652 1232
2 1233
1 1234
302 1234
827 1234
853 1234
40 1235
1071 1235
195 1238
721 1240
93 1241
547 1241
723 1241
519 1242
355 1243
969 1243
265 1244
439 1244
2 1245
108 1245
721 1245
523 1247
752 1247
649 1248
141 1249
1052 1249
12 1250
466 1250
75 1251
92 1251
706 1251
811 1251
1106 1251
1005 1252
206 1254
616 1254
832 1254
925 1254
1001 1254
1 1255
134 1255
2 1257
7 1257
54 1257
114 1257
128 1257
161 1257
258 1257
274 1257
303 1257
355 1257
652 1257
827 1257
1028 1257
1146 1257
1191 1257
1212 1257
55 1258
128 1258
930 1258
1220 1259
687 1260
1146 1261
401 1262
108 1265
59 1268
263 1268
807 1268
1108 1269
704 1271
614 1274
355 1275
468 1276
102 1277
366 1278
1038 1278
355 1279
55 1280
102 1280
114 1280
303 1280
542 1280
827 1280
969 1280
180 1281
1142 1281
6 1283
161 1284
568 1284
660 1284
807 1284
108 1287
7 1288
335 1289
258 1290
335 1291
766 1292
1149 1293
485 1294
737 1294
187 1295
261 1295
858 1296
6 1297
1047 1297
292 1299
116 1300
401 1300
965 1300
970 1301
94 1303
191 1303
1146 1304
16 1305
106 1305
318 1305
360 1305
505 1305
747 1305
838 1306
9 1309
167 1310
816 1311
114 1313
1102 1314
780 1315
114 1316
16 1318
329 1318
390 1318
536 1318
713 1318
1172 1318
14 1319
656 1319
925 1319
660 1320
905 1320
216 1321
870 1321
986 1321
173 1322
52 1323
80 1323
128 1323
151 1323
853 1323
876 1323
930 1323
959 1324
15 1326
66 1326
327 1326
408 1326
929 1326
1292 1326
1102 1327
1047 1328
337 1329
1125 1329
255 1330
383 1330
489 1330
532 1330
747 1330
814 1330
13 1332
620 1332
1146 1333
519 1334
649 1335
536 1336
1004 1336
1052 1336
175 1337
633 1337
17 1338
532 1340
631 1342
6 1343
44 1344
209 1344
337 1344
557 1344
1125 1344
1113 1345
93 1346
967 1347
1203 1347
337 1348
16 1349
26 1349
90 1349
145 1349
209 1349
371 1349
532 1349
536 1349
774 1349
838 1349
873 1349
11 1350
468 1350
532 1350
747 1350
121 1351
1337 1351
93 1352
164 1354
461 1355
1146 1356
346 1357
873 1357
238 1358
1164 1358
1216 1358
163 1359
240 1359
699 1359
1214 1359
6 1360
784 1363
1301 1363
656 1364
674 1366
1323 1368
69 1369
701 1369
1168 1369
1146 1370
704 1371
2 1372
1146 1372
533 1374
1258 1374
639 1375
427 1376
1179 1376
134 1377
936 1377
12 1378
62 1378
267 1378
982 1378
1268 1378
1284 1378
6 1379
631 1379
7 1380
100 1381
114 1381
227 1381
274 1381
350 1381
807 1382
1154 1383
167 1384
145 1385
1323 1386
1044 1387
124 1388
93 1389
39 1390
141 1390
1 1391
978 1391
114 1393
181 1393
660 1393
386 1394
970 1397
739 1398
1324 1398
92 1400
180 1400
1036 1400
1176 1400
41 1401
20 1402
89 1402
156 1402
570 1402
592 1402
733 1402
100 1403
41 1404
858 1405
164 1406
1126 1406
229 1407
970 1407
1010 1407
141 1409
261 1409
1101 1409
651 1410
16 1411
93 1411
174 1411
327 1411
341 1411
860 1411
1151 1411
1172 1411
1273 1411
1305 1411
3 1412
6 1412
121 1412
536 1412
1146 1412
848 1413
873 1413
108 1416
346 1417
873 1417
1411 1417
196 1420
392 1420
727 1420
337 1421
211 1422
224 1422
324 1422
360 1422
838 1422
1 1423
3 1423
55 1423
114 1423
161 1423
181 1423
296 1423
827 1423
836 1423
1257 1423
1258 1423
1280 1423
55 1424
230 1424
636 1424
1379 1424
383 1425
1043 1426
164 1427
261 1428
631 1431
145 1433
870 1433
1010 1433
13 1434
18 1434
151 1434
242 1434
248 1434
255 1434
360 1434
511 1434
713 1434
819 1434
1276 1434
532 1435
446 1436
1146 1438
838 1439
1300 1444
687 1445
142 1446
170 1446
206 1446
438 1446
748 1446
166 1447
80 1448
191 1448
618 1448
769 1448
795 1448
965 1448
1209 1448
1384 1448
838 1449
258 1450
9 1451
275 1452
41 1454
460 1455
1015 1455
1073 1455
180 1456
615 1457
1236 1457
1364 1457
594 1459
1038 1459
315 1460
1231 1460
216 1461
431 1461
587 1461
6 1463
218 1463
934 1463
977 1463
1358 1463
335 1464
261 1465
132 1466
191 1467
451 1467
2 1468
1052 1469
224 1470
242 1470
324 1470
681 1470
810 1470
838 1470
1029 1470
1125 1471
1034 1472
7 1473
433 1474
846 1475
1148 1476
17 1477
114 1478
742 1478
807 1479
934 1479
621 1480
1185 1480
108 1481
288 1481
11 1483
649 1484
99 1486
935 1486
6 1488
52 1489
846 1491
751 1492
713 1493
631 1495
218 1496
934 1496
594 1497
1038 1497
100 1499
658 1499
1047 1500
174 1501
860 1501
128 1502
857 1503
1455 1503
226 1504
807 1504
1349 1505
173 1507
838 1508
265 1509
944 1510
954 1511
1446 1511
1146 1512
687 1514
846 1514
52 1515
128 1515
1212 1517
121 1518
261 1519
975 1519
1207 1520
6 1521
207 1521
359 1521
414 1521
799 1521
937 1521
1255 1522
631 1523
857 1524
1048 1524
1172 1525
214 1526
310 1526
458 1526
679 1526
1319 1527
6 1528
518 1529
969 1529
1284 1529
749 1530
1235 1530
1411 1530
633 1531
166 1532
441 1532
1137 1532
1429 1532
114 1533
73 1534
446 1534
1319 1534
704 1535
77 1537
100 1538
865 1538
371 1539
553 1539
441 1540
558 1540
586 1540
11 1541
468 1541
1052 1541
485 1542
1048 1543
108 1544
1047 1545
1336 1546
304 1547
331 1547
341 1548
1144 1548
258 1550
1358 1551
258 1552
652 1552
121 1553
327 1553
631 1553
1146 1553
816 1555
1047 1556
853 1558
1146 1559
9 1560
713 1562
9 1563
268 1564
307 1564
807 1564
862 1564
1238 1564
1244 1564
1445 1564
275 1565
620 1565
1122 1565
54 1566
355 1567
221 1569
145 1570
15 1571
390 1571
1109 1571
737 1572
15 1573
316 1574
6 1575
934 1575
1044 1575
1358 1575
52 1576
511 1577
273 1579
1337 1579
187 1580
261 1580
98 1581
502 1581
586 1581
777 1581
878 1581
1447 1581
1532 1581
319 1582
525 1585
525 1586
887 1587
1039 1587
1220 1589
75 1590
92 1590
645 1590
706 1590
1400 1590
335 1591
409 1592
794 1592
1296 1592
14 1593
701 1594
261 1595
1146 1597
532 1598
145 1599
1587 1600
723 1601
408 1602
4 1603
62 1603
102 1603
516 1603
686 1603
898 1603
934 1603
1018 1603
1129 1603
1164 1603
1496 1603
846 1604
1125 1605
164 1608
838 1609
857 1610
1048 1610
162 1611
801 1611
532 1612
7 1613
1446 1614
258 1617
209 1618
848 1618
873 1618
114 1619
704 1620
1271 1620
48 1621
833 1622
566 1623
128 1624
1146 1625
2 1626
10 1626
64 1626
88 1626
183 1626
258 1626
286 1626
289 1626
333 1626
386 1626
449 1626
495 1626
507 1626
584 1626
827 1626
854 1626
894 1626
948 1626
1045 1626
1062 1626
1146 1626
1166 1626
1187 1626
1199 1626
1217 1626
1224 1626
1256 1626
1272 1626
1283 1626
1297 1626
1308 1626
1328 1626
1367 1626
1440 1626
1473 1626
1485 1626
1521 1626
48 1627
9 1628
128 1629
9 1630
542 1630
1010 1631
862 1632
807 1633
1378 1633
1521 1633
329 1634
732 1634
1395 1634
975 1636
7 1640
195 1641
381 1641
813 1641
936 1641
982 1641
1097 1641
1323 1641
1498 1641
1504 1641
1633 1641
180 1642
468 1643
747 1643
1146 1645
1158 1646
1442 1646
468 1647
502 1648
1626 1649
114 1650
596 1651
1104 1651
1172 1652
480 1653
511 1653
819 1653
114 1654
439 1655
1564 1655
355 1658
180 1659
755 1660
1047 1660
1534 1660
1125 1661
631 1662
234 1664
1064 1664
1347 1664
216 1665
1172 1665
1235 1665
1172 1666
1357 1666
873 1669
24 1670
229 1671
418 1671
1247 1671
930 1672
1549 1673
2 1675
1146 1675
607 1676
751 1676
838 1676
114 1677
193 1677
665 1677
826 1677
1212 1677
857 1678
1005 1679
721 1680
713 1682
62 1683
273 1683
807 1683
906 1683
993 1683
1164 1683
1365 1683
523 1684
1247 1684
735 1685
751 1686
857 1686
1048 1686
1455 1686
1677 1686
91 1687
973 1687
128 1688
114 1689
275 1690
1030 1690
448 1691
703 1691
1301 1691
1176 1692
6 1694
214 1697
615 1697
712 1697
918 1697
7 1698
48 1698
54 1698
64 1698
88 1698
122 1698
133 1698
161 1698
260 1698
291 1698
316 1698
333 1698
347 1698
353 1698
355 1698
367 1698
386 1698
445 1698
537 1698
584 1698
673 1698
675 1698
759 1698
778 1698
827 1698
894 1698
922 1698
925 1698
928 1698
930 1698
1046 1698
1121 1698
1145 1698
1146 1698
1166 1698
1187 1698
1199 1698
1206 1698
1264 1698
1283 1698
1297 1698
1360 1698
1367 1698
1392 1698
1545 1698
1649 1698
1660 1698
1694 1698
134 1700
548 1701
704 1701
1334 1701
536 1702
77 1705
748 1705
945 1705
1134 1705
438 1706
704 1707
1674 1708
166 1710
1581 1710
1603 1711
1148 1712
906 1713
1018 1713
1164 1713
1399 1713
108 1715
723 1717
1458 1717
935 1718
649 1719
851 1719
863 1719
896 1719
468 1720
1434 1720
915 1721
73 1722
532 1722
747 1722
489 1723
536 1723
1144 1723
1172 1723
191 1724
752 1725
532 1726
39 1727
121 1729
118 1730
234 1731
1119 1731
75 1733
1251 1733
1590 1733
335 1734
62 1735
128 1735
279 1735
621 1735
930 1735
1323 1735
1423 1735
1698 1735
1209 1736
345 1737
1698 1739
145 1740
1646 1740
448 1741
7 1743
114 1743
316 1743
488 1743
7 1744
10 1744
53 1744
133 1744
148 1744
192 1744
209 1744
230 1744
241 1744
286 1744
333 1744
386 1744
404 1744
495 1744
538 1744
574 1744
613 1744
741 1744
827 1744
930 1744
1042 1744
1093 1744
1264 1744
1328 1744
1378 1744
1440 1744
1485 1744
1656 1744
16 1745
873 1745
752 1746
1671 1746
355 1747
827 1747
525 1748
687 1748
846 1748
1102 1748
10 1749
838 1749
1626 1750
261 1751
108 1752
531 1752
751 1753
485 1754
258 1755
885 1756
1190 1756
487 1757
258 1758
1713 1759
357 1760
788 1760
1038 1760
1318 1760
970 1761
436 1762
41 1763
355 1764
417 1765
77 1766
141 1766
807 1767
542 1768
1223 1768
261 1770
47 1771
1319 1772
15 1773
1038 1773
461 1774
1323 1774
355 1775
1146 1776
892 1777
1190 1777
114 1778
1316 1778
1478 1778
11 1779
374 1779
1052 1779
532 1780
9 1781
6 1782
1358 1782
631 1783
3 1784
258 1784
401 1784
827 1784
836 1784
886 1784
1257 1784
1280 1784
1735 1784
1146 1785
54 1786
88 1786
673 1786
1212 1786
819 1787
925 1787
1165 1788
121 1789
453 1789
757 1789
906 1789
1323 1789
1423 1789
704 1790
311 1791
7 1792
72 1793
514 1793
536 1793
838 1794
649 1795
446 1796
1426 1796
380 1797
648 1797
108 1799
1034 1800
118 1801
41 1804
9 1805
1379 1806
261 1807
970 1808
1344 1808
702 1809
828 1809
3 1810
6 1810
125 1810
484 1810
1414 1810
1552 1810
858 1811
307 1813
1238 1813
2 1814
118 1814
1146 1814
9 1815
863 1816
238 1817
409 1817
1067 1817
1257 1817
1552 1817
48 1818
17 1819
532 1820
1683 1821
468 1822
747 1822
1254 1822
1434 1822
1209 1823
428 1824
989 1824
1748 1824
1344 1825
7 1826
10 1826
48 1826
53 1826
176 1826
258 1826
333 1826
353 1826
386 1826
461 1826
538 1826
948 1826
1067 1826
1146 1826
1264 1826
1297 1826
1328 1826
1367 1826
1378 1826
1485 1826
1649 1826
461 1827
1280 1828
180 1829
515 1830
621 1833
131 1834
448 1834
17 1835
1050 1836
835 1837
261 1838
458 1839
11 1840
12 1840
536 1840
1052 1840
1581 1840
15 1841
145 1841
219 1841
420 1841
427 1841
586 1841
691 1841
1461 1841
1618 1841
1646 1841
6 1842
1698 1842
536 1843
1052 1843
355 1845
38 1846
102 1846
323 1846
1784 1846
41 1847
118 1848
238 1849
258 1849
409 1849
794 1849
1232 1849
1257 1849
1552 1849
532 1850
1789 1852
511 1853
819 1853
532 1854
128 1855
10 1856
1000 1856
78 1857
146 1857
206 1857
242 1857
560 1857
571 1857
1001 1857
1663 1857
532 1858
1857 1858
9 1859
1125 1860
9 1861
327 1862
335 1862
374 1862
503 1862
1702 1862
1854 1862
52 1864
827 1864
52 1865
108 1865
114 1865
639 1865
925 1865
1280 1865
1423 1865
1424 1865
1146 1866
1006 1868
1034 1869
1048 1870
596 1871
631 1872
1044 1873
194 1874
15 1875
327 1875
194 1876
701 1877
1057 1878
75 1879
602 1880
14 1881
532 1882
17 1883
631 1885
366 1886
839 1886
1302 1886
1102 1888
366 1889
1038 1889
653 1890
383 1891
514 1891
532 1891
536 1891
763 1891
1134 1891
631 1892
8 1894
17 1894
460 1894
657 1894
958 1894
1503 1894
1686 1894
145 1895
586 1895
691 1895
1158 1895
1318 1895
1433 1895
1453 1895
1460 1895
1618 1895
860 1896
2 1897
1521 1898
703 1899
93 1900
739 1901
1074 1901
1104 1901
1871 1901
11 1902
166 1902
1052 1902
596 1903
959 1903
836 1905
1358 1905
108 1906
180 1907
615 1908
1319 1908
468 1909
422 1911
466 1911
1446 1911
1706 1911
1131 1913
1162 1913
1420 1914
1395 1915
1841 1915
52 1916
58 1916
80 1916
128 1916
305 1916
472 1916
833 1916
838 1916
872 1916
930 1916
1270 1916
1412 1916
1482 1916
1583 1916
1729 1916
681 1917
473 1918
14 1919
1144 1920
1458 1921
1601 1921
751 1922
620 1923
861 1923
167 1924
1310 1924
117 1925
355 1925
673 1925
771 1925
827 1925
1200 1925
1212 1925
1238 1925
1314 1925
1914 1925
739 1926
9 1927
381 1928
583 1928
936 1928
982 1928
1097 1928
1479 1928
1504 1928
1683 1928
9 1929
17 1930
335 1931
1377 1932
1603 1932
57 1935
1834 1935
296 1936
533 1937
666 1937
1486 1938
1718 1938
268 1940
534 1940
689 1940
757 1940
1391 1940
246 1941
261 1941
553 1941
715 1941
945 1941
1339 1941
1446 1941
690 1942
114 1943
631 1943
1146 1943
54 1944
751 1945
16 1946
105 1946
1172 1946
30 1947
432 1947
559 1947
562 1947
639 1947
774 1947
830 1947
995 1947
1117 1947
1202 1947
1477 1947
1596 1947
1616 1947
1835 1947
1883 1947
1930 1947
10 1948
48 1948
88 1948
133 1948
176 1948
404 1948
495 1948
613 1948
741 1948
1264 1948
4 1949
237 1949
305 1949
607 1949
652 1949
827 1949
1789 1949
1810 1949
816 1952
1282 1953
214 1954
307 1955
795 1955
965 1955
1209 1955
151 1956
1943 1956
1808 1959
337 1960
329 1961
370 1962
2 1963
1146 1963
93 1964
196 1965
727 1965
1914 1965
1254 1966
1235 1969
1326 1969
617 1970
1226 1970
114 1971
142 1972
748 1972
844 1972
1036 1972
1547 1972
1941 1972
1146 1973
1233 1974
1410 1974
827 1975
1938 1976
917 1977
1550 1977
1941 1978
9 1979
6 1980
1698 1980
1744 1980
2 1982
405 1982
565 1982
726 1982
1146 1982
1209 1982
649 1983
833 1984
126 1985
791 1985
807 1985
847 1985
862 1985
1445 1985
6 1987
972 1989
766 1990
6 1991
1048 1992
1677 1992
1894 1992
631 1993
1626 1994
1698 1994
1744 1994
1826 1994
596 1995
1104 1995
6 1996
1947 1997
226 1998
375 1998
439 1998
687 1998
1683 1998
1713 1998
1985 1998
10 1999
1000 1999
1911 2000
329 2001
870 2001
895 2001
1704 2001
93 2002
1000 2003
258 2004
2 2005
1832 2005
438 2006
1125 2008
651 2009
121 2010
355 2010
134 2011
141 2012
7 2014
383 2015
398 2015
41 2017
1826 2018
2 2019
167 2020
737 2020
500 2021
1327 2021
1748 2021
1888 2021
261 2022
14 2023
166 2023
371 2023
873 2023
1278 2023
1319 2023
1573 2023
1638 2023
102 2024
1784 2024
1146 2025
258 2026
311 2028
117 2029
355 2030
327 2032
1038 2032
1318 2032
1349 2032
59 2033
373 2033
500 2033
518 2033
827 2033
1986 2033
24 2034
1146 2035
128 2036
161 2038
1257 2038
1865 2038
853 2040
1558 2040
52 2041
41 2042
631 2043
127 2044
489 2044
511 2044
639 2044
985 2044
999 2044
1152 2044
1307 2044
1325 2044
1690 2044
1703 2044
355 2045
398 2047
164 2048
1947 2049
52 2050
128 2050
1191 2050
1258 2050
1863 2050
721 2051
1028 2052
261 2053
736 2054
970 2054
1363 2054
1146 2055
1512 2055
1916 2056
285 2057
1425 2057
1777 2057
2047 2057
108 2060
858 2061
1405 2061
1146 2062
1776 2062
1916 2063
2050 2063
1125 2064
848 2065
1213 2066
298 2067
285 2068
489 2068
1425 2068
1777 2068
329 2069
691 2069
11 2071
17 2072
134 2072
631 2072
814 2072
1862 2072
1947 2072
1363 2073
755 2074
1043 2074
1047 2074
1698 2074
1796 2074
672 2076
366 2077
16 2078
41 2079
713 2080
715 2080
2032 2080
261 2081
132 2082
141 2082
169 2082
212 2082
891 2082
1285 2082
1727 2082
1769 2082
1000 2083
489 2084
1088 2085
970 2086
1363 2086
1172 2087
1357 2087
461 2088
827 2089
1284 2089
2 2092
1233 2092
1410 2092
3 2093
252 2093
468 2093
1777 2094
2047 2094
9 2095
201 2096
295 2096
404 2096
807 2096
1521 2096
360 2097
536 2097
925 2097
1411 2099
1947 2100
1209 2102
160 2103
311 2104
114 2105
316 2105
930 2105
9 2106
1125 2108
1052 2109
1581 2109
1862 2109
1626 2110
1121 2111
526 2112
537 2112
607 2112
681 2112
702 2112
768 2112
897 2112
180 2114
1036 2114
1598 2115
1857 2115
631 2116
345 2117
1793 2117
258 2118
536 2119
542 2120
164 2121
1402 2121
52 2122
121 2122
756 2122
1257 2122
1515 2122
1916 2122
39 2123
223 2123
9 2124
653 2125
1165 2125
1358 2125
751 2126
532 2127
747 2127
248 2128
602 2129
7 2130
1916 2132
6 2133
28 2133
53 2133
56 2133
99 2133
102 2133
161 2133
192 2133
250 2133
258 2133
264 2133
280 2133
296 2133
316 2133
449 2133
465 2133
475 2133
504 2133
528 2133
574 2133
579 2133
673 2133
729 2133
751 2133
831 2133
854 2133
894 2133
926 2133
1046 2133
1061 2133
1130 2133
1256 2133
1257 2133
1283 2133
1288 2133
1343 2133
1378 2133
1412 2133
1463 2133
1635 2133
1788 2133
1802 2133
1842 2133
1950 2133
1980 2133
2059 2133
48 2134
7 2135
1709 2136
2 2137
48 2137
53 2137
54 2137
88 2137
102 2137
143 2137
148 2137
183 2137
289 2137
333 2137
353 2137
355 2137
445 2137
495 2137
827 2137
894 2137
948 2137
951 2137
1146 2137
1166 2137
1187 2137
1256 2137
1264 2137
1272 2137
1297 2137
1367 2137
1440 2137
1473 2137
1485 2137
1561 2137
1639 2137
1649 2137
1656 2137
1750 2137
1910 2137
2110 2137
355 2138
461 2139
1038 2140
1053 2140
1884 2140
2080 2140
735 2142
1685 2142
1709 2142
1862 2142
54 2144
6 2145
1490 2145
121 2146
472 2146
1916 2146
2 2147
1131 2148
11 2149
751 2150
848 2151
2133 2152
532 2153
751 2154
536 2155
665 2156
817 2156
1015 2156
1503 2156
1686 2156
809 2157
10 2158
614 2159
1010 2159
12 2160
47 2160
704 2160
1536 2160
704 2161
972 2161
2103 2161
869 2162
324 2164
366 2165
335 2166
930 2167
6 2168
1047 2168
1626 2168
2137 2168
437 2169
1547 2170
9 2171
161 2171
845 2171
1223 2171
1257 2171
1626 2172
261 2173
838 2174
704 2175
6 2176
704 2177
355 2178
136 2179
167 2179
1300 2179
731 2180
1883 2181
1947 2181
468 2182
1398 2184
1901 2184
1926 2184
2 2185
62 2185
112 2185
513 2185
1575 2185
87 2186
789 2186
1246 2186
1315 2186
180 2187
261 2188
304 2188
1972 2188
2170 2188
355 2189
747 2190
2133 2191
355 2192
1571 2193
275 2195
489 2195
586 2195
1653 2195
1853 2195
1857 2195
305 2196
751 2196
857 2196
391 2197
1254 2198
1598 2198
194 2199
1057 2199
6 2200
2133 2200
1146 2201
6 2202
1146 2204
114 2206
751 2207
1018 2208
1377 2208
1574 2208
1998 2208
49 2209
327 2209
393 2209
834 2209
875 2209
1179 2209
1840 2209
1326 2210
1947 2211
2 2212
1336 2213
47 2214
704 2214
141 2215
11 2216
827 2217
1641 2217
55 2218
573 2218
1030 2218
1375 2218
1869 2218
1947 2218
6 2219
180 2220
17 2221
1947 2221
1349 2222
221 2223
9 2224
1257 2224
2007 2224
1626 2225
1320 2227
1378 2227
713 2228
946 2228
48 2229
514 2230
1203 2230
1578 2230
355 2231
22 2232
127 2232
224 2232
300 2232
327 2232
345 2232
374 2232
694 2232
705 2232
735 2232
1029 2232
1120 2232
1152 2232
1349 2232
1350 2232
1412 2232
1702 2232
1854 2232
1902 2232
2142 2232
261 2235
11 2236
13 2237
334 2237
1194 2237
2074 2237
2127 2237
93 2239
499 2240
536 2240
1429 2240
1789 2241
1852 2241
975 2242
128 2243
469 2244
335 2245
681 2247
751 2247
1981 2247
111 2248
1527 2248
1534 2248
118 2249
1954 2250
1237 2251
970 2252
1618 2253
2029 2254
7 2255
141 2255
100 2256
865 2256
631 2258
1867 2258
851 2259
165 2260
174 2260
261 2260
298 2260
371 2260
594 2260
1038 2260
1369 2260
1571 2260
2023 2260
1146 2261
6 2262
1626 2262
6 2263
1626 2263
1698 2263
2168 2263
1154 2264
1407 2264
180 2265
618 2266
1955 2266
93 2267
829 2267
532 2268
1726 2268
751 2269
735 2270
2142 2270
9 2271
1681 2272
316 2273
653 2273
806 2273
1574 2273
1592 2273
1846 2273
680 2274
1472 2274
1721 2274
2044 2274
261 2275
1146 2277
1698 2278
536 2279
2232 2279
1458 2280
2076 2280
167 2281
381 2281
525 2281
1448 2281
1455 2282
335 2283
191 2284
221 2284
307 2284
795 2284
1303 2284
1384 2284
1444 2284
2266 2284
615 2286
1132 2287
209 2288
650 2288
703 2288
805 2288
1058 2288
1631 2288
514 2289
535 2289
1203 2289
1347 2289
48 2290
93 2291
7 2292
751 2294
1626 2296
2 2297
230 2297
241 2297
260 2297
353 2297
386 2297
495 2297
741 2297
930 2297
934 2297
948 2297
1264 2297
1528 2297
1649 2297
1980 2297
1994 2297
181 2298
1280 2298
536 2299
751 2300
1916 2301
1411 2302
366 2304
1889 2304
305 2305
607 2305
652 2305
827 2305
1603 2305
1789 2305
2273 2305
932 2306
1990 2307
48 2308
10 2309
108 2310
1336 2312
2 2313
513 2313
828 2313
1393 2313
970 2314
687 2315
1514 2317
1748 2317
6 2318
327 2319
427 2319
498 2319
502 2319
586 2319
650 2319
691 2319
1318 2319
1437 2319
1487 2319
1618 2319
1634 2319
1961 2319
2001 2319
2069 2319
1146 2320
93 2322
704 2323
7 2325
6 2326
1326 2328
6 2329
1323 2330
47 2331
704 2331
2321 2331
221 2332
641 2332
261 2333
41 2334
305 2335
1146 2336
1038 2337
1053 2337
1884 2337
2080 2337
1744 2338
266 2339
2133 2339
639 2340
108 2341
461 2342
1735 2342
2033 2342
1402 2343
180 2344
11 2345
1657 2345
751 2346
274 2347
1223 2347
1865 2347
164 2348
128 2350
134 2350
1146 2351
1671 2352
1684 2352
1223 2353
1865 2353
2007 2353
2347 2353
77 2354
370 2354
748 2354
945 2354
1134 2354
1766 2354
1234 2355
194 2356
102 2357
41 2358
24 2359
100 2360
842 2362
596 2363
959 2363
111 2364
141 2364
1010 2364
1105 2364
1419 2364
1436 2364
1534 2364
2 2365
1146 2365
100 2366
865 2366
944 2366
1028 2366
1626 2367
1455 2368
1894 2368
2156 2368
631 2369
337 2370
73 2371
417 2371
1163 2371
1426 2371
1660 2371
2074 2371
2364 2371
828 2372
2112 2372
9 2373
1861 2373
1422 2374
1470 2374
93 2375
108 2376
751 2378
118 2379
305 2380
6 2381
1358 2381
1424 2381
1826 2381
355 2382
1537 2383
1684 2385
2352 2385
485 2386
199 2387
275 2387
1159 2387
1462 2387
1869 2387
2044 2387
12 2388
20 2388
37 2388
77 2388
156 2388
340 2388
387 2388
391 2388
587 2388
601 2388
788 2388
1195 2388
1354 2388
1432 2388
1539 2388
1607 2388
1962 2388
2121 2388
2348 2388
2383 2388
73 2390
532 2390
1005 2391
1868 2392
94 2393
167 2393
1982 2393
1048 2394
108 2395
258 2395
709 2395
1323 2396
1213 2397
1537 2397
64 2398
143 2398
183 2398
209 2398
247 2398
260 2398
299 2398
490 2398
574 2398
584 2398
673 2398
729 2398
827 2398
922 2398
925 2398
926 2398
951 2398
1042 2398
1061 2398
1096 2398
1146 2398
1187 2398
1199 2398
1258 2398
1267 2398
1297 2398
1500 2398
1521 2398
1545 2398
1649 2398
1660 2398
1842 2398
1980 2398
2172 2398
2225 2398
2311 2398
262 2400
1698 2401
833 2402
1131 2404
1862 2405
59 2406
161 2406
461 2406
1641 2406
2205 2406
1005 2407
515 2408
2388 2408
1034 2409
1159 2409
53 2411
133 2411
143 2411
148 2411
176 2411
183 2411
289 2411
353 2411
467 2411
538 2411
673 2411
1067 2411
1166 2411
1224 2411
1256 2411
1286 2411
1297 2411
1328 2411
1991 2411
2018 2411
828 2412
1676 2412
1626 2413
12 2414
166 2414
558 2414
1052 2414
1862 2414
2232 2414
1698 2415
1677 2416
121 2418
756 2418
1031 2418
1140 2418
1185 2418
1257 2418
1515 2418
1844 2418
1851 2418
180 2419
1057 2419
1149 2420
1816 2420
2033 2421
2406 2421
7 2423
140 2423
1144 2424
209 2425
617 2425
2023 2425
2080 2426
15 2427
34 2427
327 2427
346 2427
594 2427
642 2427
966 2427
1151 2427
1417 2427
1530 2427
1669 2427
2023 2427
1916 2428
1985 2429
102 2430
5 2431
150 2431
534 2431
689 2431
1255 2431
1391 2431
39 2432
88 2433
281 2434
315 2434
258 2435
1047 2436
2133 2436
2411 2436
1 2437
2232 2438
355 2439
11 2440
1014 2440
1696 2440
1125 2441
1605 2441
853 2442
1558 2442
151 2443
2093 2443
108 2444
221 2444
339 2445
649 2446
851 2446
896 2446
1149 2446
1719 2446
141 2447
673 2447
692 2447
807 2447
1238 2447
2029 2447
965 2448
2179 2448
305 2449
455 2449
1789 2449
502 2450
930 2451
16 2453
26 2453
536 2453
947 2453
1318 2453
1760 2453
360 2454
571 2454
616 2454
925 2454
2198 2454
2005 2455
360 2456
536 2456
1052 2456
6 2458
1744 2458
298 2459
1146 2460
72 2461
788 2461
2023 2461
2128 2461
154 2462
190 2462
221 2462
875 2463
1461 2463
2001 2463
2 2464
1744 2465
1698 2466
515 2467
108 2468
515 2469
2082 2470
1514 2471
1748 2471
1121 2472
2111 2472
355 2473
750 2474
842 2474
1793 2474
128 2475
704 2476
303 2477
355 2477
1243 2477
2033 2477
6 2478
2137 2481
7 2482
36 2482
197 2482
258 2482
782 2482
958 2482
1000 2482
1047 2482
1123 2482
1349 2482
1744 2482
1749 2482
1942 2482
2039 2482
2058 2482
2112 2482
1698 2483
166 2484
525 2485
235 2486
1052 2486
532 2487
118 2488
1000 2489
1698 2490
62 2491
102 2491
516 2491
1018 2491
1129 2491
1164 2491
1506 2491
1623 2491
816 2492
2203 2492
118 2493
434 2493
1410 2495
2075 2495
261 2496
9 2499
459 2500
503 2500
683 2500
1038 2500
1155 2500
807 2501
41 2502
417 2504
93 2506
41 2507
2400 2507
2306 2509
1921 2510
2280 2510
816 2511
2232 2512
796 2513
1515 2513
2050 2513
329 2514
1841 2514
2319 2514
1698 2515
116 2516
721 2516
726 2516
795 2516
1384 2516
1444 2516
1724 2516
2179 2516
2266 2516
2281 2516
2393 2516
649 2517
687 2518
55 2519
136 2519
452 2519
1033 2519
1099 2519
1300 2519
118 2520
149 2520
258 2521
973 2522
2 2523
3 2523
6 2523
12 2523
85 2523
114 2523
121 2523
138 2523
153 2523
518 2523
686 2523
930 2523
1146 2523
1284 2523
1698 2523
1798 2523
1827 2523
2107 2523
2287 2523
48 2524
2133 2525
721 2526
2322 2527
1601 2528
52 2529
2166 2530
100 2531
1230 2531
827 2532
1048 2533
461 2534
80 2535
221 2535
1384 2535
2 2536
8 2536
112 2536
350 2536
513 2536
696 2536
69 2537
1369 2537
54 2538
1044 2539
6 2540
52 2540
181 2540
201 2540
245 2540
355 2540
450 2540
756 2540
792 2540
853 2540
871 2540
983 2540
1031 2540
1140 2540
1280 2540
1393 2540
1672 2540
1735 2540
1844 2540
2105 2540
2133 2540
2451 2540
569 2541
935 2541
1084 2541
1788 2541
1938 2541
2326 2541
1146 2542
468 2543
532 2543
747 2543
1434 2543
1172 2544
345 2545
747 2545
1134 2545
2117 2545
2474 2545
517 2547
1050 2547
2250 2547
2133 2548
502 2549
2133 2550
15 2551
41 2551
93 2551
141 2551
156 2551
168 2551
209 2551
257 2551
311 2551
446 2551
553 2551
555 2551
581 2551
873 2551
925 2551
1010 2551
1115 2551
1172 2551
1299 2551
1319 2551
1411 2551
1415 2551
1418 2551
1606 2551
1919 2551
2131 2551
2159 2551
2193 2551
2364 2551
1698 2552
1744 2552
969 2553
992 2553
1536 2554
2160 2554
93 2555
141 2555
309 2555
499 2555
704 2555
915 2555
1577 2555
1660 2555
2074 2555
2456 2555
194 2556
337 2557
1254 2559
11 2560
468 2560
209 2561
327 2561
468 2561
1038 2561
1 2562
2082 2563
240 2564
329 2564
527 2564
1326 2564
1808 2564
633 2565
1808 2566
4 2567
238 2567
526 2567
779 2567
916 2567
1164 2567
1784 2567
1905 2567
2457 2567
114 2568
337 2569
1960 2569
1626 2570
2411 2570
69 2571
761 2571
296 2572
1838 2573
1916 2574
305 2575
1337 2575
1789 2575
816 2576
704 2577
11 2579
1052 2579
1696 2579
1125 2580
16 2581
442 2581
366 2583
541 2583
2456 2583
1676 2584
1857 2585
515 2586
335 2587
44 2588
209 2588
622 2588
749 2588
1125 2588
1413 2588
1618 2588
180 2589
1456 2589
1134 2590
1962 2590
2383 2590
2397 2590
383 2591
1077 2591
1125 2592
261 2593
1465 2593
848 2594
1413 2594
1146 2595
7 2596
816 2597
7 2598
2519 2599
118 2600
1038 2601
355 2602
1408 2603
1038 2604
1941 2604
2023 2604
1808 2606
7 2607
1698 2607
2137 2607
210 2608
834 2608
1959 2608
2564 2608
2566 2608
2606 2608
401 2609
998 2609
1148 2609
2133 2609
2179 2609
2519 2609
355 2610
12 2611
47 2611
399 2611
704 2611
890 2612
1097 2613
1695 2613
2462 2613
1268 2614
1131 2615
1521 2616
2133 2618
2339 2618
1698 2619
1913 2620
794 2621
1047 2621
1626 2621
2137 2621
2273 2621
433 2622
1359 2622
816 2623
696 2625
298 2626
1146 2628
16 2629
1151 2629
1172 2629
1525 2629
1698 2630
167 2631
1125 2632
114 2633
33 2634
186 2634
265 2634
268 2634
807 2634
1603 2634
2281 2634
2491 2634
633 2635
226 2636
381 2636
1683 2636
145 2637
1251 2638
1590 2638
1965 2640
2399 2640
1901 2641
83 2642
344 2642
365 2642
413 2642
435 2642
502 2642
600 2642
617 2642
671 2642
873 2642
939 2642
952 2642
1289 2642
1291 2642
1349 2642
1464 2642
1591 2642
1931 2642
2283 2642
2306 2642
2361 2642
2422 2642
2427 2642
2509 2642
2587 2642
2629 2642
355 2644
329 2645
536 2645
1172 2645
1318 2645
2032 2645
2080 2645
2426 2645
2453 2645
751 2646
970 2647
704 2648
1626 2649
1522 2650
1941 2651
1698 2652
1982 2653
2516 2653
404 2654
1521 2654
2 2655
9 2655
14 2655
29 2655
258 2655
278 2655
345 2655
436 2655
481 2655
499 2655
631 2655
1101 2655
1146 2655
2230 2655
2234 2655
2289 2655
930 2656
649 2657
2617 2657
1220 2658
1048 2659
1384 2659
2535 2659
218 2660
934 2660
1255 2660
2558 2660
390 2661
701 2661
1154 2661
2264 2661
2642 2662
851 2663
2418 2664
485 2665
448 2666
860 2666
2495 2667
687 2668
13 2669
73 2669
1001 2669
1722 2669
209 2670
366 2670
1302 2670
1611 2670
488 2671
1841 2672
6 2673
961 2673
2297 2673
1005 2674
9 2675
330 2675
92 2676
1048 2677
2133 2678
1047 2679
1626 2679
827 2680
482 2681
14 2682
248 2682
261 2682
335 2682
341 2682
761 2682
1047 2682
1226 2682
1369 2682
1698 2682
2248 2682
2288 2682
2364 2682
2398 2682
2588 2682
2642 2682
2569 2683
1316 2684
1478 2684
577 2685
807 2685
1070 2685
1585 2685
1586 2685
1748 2685
816 2686
2297 2688
886 2689
1784 2689
1717 2690
1921 2690
1047 2691
1826 2691
2137 2691
1626 2692
1948 2692
2133 2692
2411 2692
2054 2693
1005 2694
3 2695
6 2695
904 2695
930 2695
1132 2695
1257 2695
1284 2695
1430 2695
1774 2695
1798 2695
1827 2695
1916 2695
1953 2695
2105 2695
2107 2695
2113 2695
2287 2695
337 2696
93 2697
725 2697
1400 2697
1692 2697
2114 2697
1571 2698
2260 2698
2604 2698
1220 2699
2345 2699
659 2700
311 2702
446 2702
581 2702
2248 2702
2364 2702
379 2703
1052 2703
1057 2704
703 2705
1301 2705
1691 2705
2608 2705
1 2706
1479 2706
1564 2706
1683 2706
2634 2706
93 2707
41 2708
315 2709
128 2710
1855 2710
2540 2710
17 2711
1947 2711
15 2712
701 2712
1043 2712
1263 2712
1527 2712
1796 2712
2682 2712
2702 2712
286 2713
1626 2713
1826 2713
1731 2714
1047 2715
1216 2715
1698 2715
2273 2715
305 2716
636 2717
1424 2717
1806 2717
166 2718
1137 2718
2581 2719
1851 2720
2418 2720
1744 2722
145 2723
1389 2724
713 2725
1862 2725
2260 2725
209 2726
463 2726
703 2726
2682 2726
7 2727
1420 2728
1888 2728
1925 2728
173 2729
1369 2730
145 2731
246 2731
261 2731
553 2731
629 2731
715 2731
738 2731
1048 2731
1319 2731
1648 2731
1766 2731
1941 2731
2349 2731
2604 2731
2651 2731
8 2732
200 2732
203 2732
476 2732
488 2732
599 2732
657 2732
828 2732
857 2732
910 2732
958 2732
1008 2732
1097 2732
1229 2732
1306 2732
1584 2732
1676 2732
1686 2732
1870 2732
1917 2732
1933 2732
1945 2732
2126 2732
2247 2732
2269 2732
2377 2732
2378 2732
2452 2732
536 2733
261 2734
1446 2734
2170 2734
436 2735
1048 2736
1677 2736
1253 2737
1028 2738
102 2739
47 2740
438 2740
258 2741
1257 2742
1515 2742
2050 2742
100 2743
1028 2743
2171 2743
13 2745
73 2745
616 2745
1001 2745
2390 2745
1793 2746
269 2747
579 2747
619 2747
676 2747
902 2747
1110 2747
1253 2747
1557 2747
1698 2747
2134 2747
2137 2747
2290 2747
2293 2747
2308 2747
2497 2747
2732 2748
114 2749
687 2750
12 2751
77 2751
89 2751
156 2751
601 2751
788 2751
1354 2751
1432 2751
1951 2751
2066 2751
2121 2751
2508 2751
6 2752
1424 2752
1744 2752
2297 2752
2522 2753
1671 2754
130 2755
324 2755
211 2758
838 2758
1029 2758
2374 2758
1916 2759
1047 2760
532 2762
1470 2762
2232 2762
1698 2763
2133 2763
2642 2764
1389 2765
427 2767
875 2767
1826 2768
2406 2769
258 2770
1742 2770
752 2771
1725 2771
1899 2771
2 2772
536 2773
2703 2773
2695 2774
485 2775
2732 2776
2319 2777
108 2778
108 2779
1185 2780
391 2781
258 2782
2026 2782
523 2783
970 2783
1684 2783
2514 2783
324 2784
775 2784
851 2784
1118 2784
968 2785
851 2786
2499 2787
2 2788
437 2789
839 2790
99 2791
1216 2791
1373 2791
1698 2791
2273 2791
1102 2792
1420 2792
1925 2792
100 2793
944 2793
2166 2794
917 2795
687 2796
128 2798
807 2799
355 2800
114 2801
108 2802
221 2802
721 2802
769 2802
1641 2802
2613 2802
441 2803
131 2804
860 2804
1461 2804
2001 2804
370 2805
2590 2805
2642 2805
1036 2806
1511 2806
1547 2806
2188 2806
615 2808
191 2809
1 2810
381 2810
1564 2810
1813 2810
2096 2810
1144 2811
6 2812
88 2812
197 2812
200 2812
306 2812
457 2812
476 2812
692 2812
812 2812
828 2812
857 2812
958 2812
1008 2812
1037 2812
1059 2812
1229 2812
1584 2812
1676 2812
1686 2812
1732 2812
1917 2812
1945 2812
1957 2812
2233 2812
2247 2812
2377 2812
2378 2812
2452 2812
2776 2812
2477 2813
515 2814
261 2815
1172 2816
1946 2816
166 2818
732 2819
1634 2819
461 2820
381 2821
687 2821
1985 2821
553 2822
581 2822
1020 2822
1791 2822
2028 2822
2104 2822
2551 2822
2702 2822
1034 2823
2274 2823
2387 2823
355 2824
335 2825
503 2825
698 2825
735 2825
1350 2825
1396 2825
1412 2825
1702 2825
1723 2825
1854 2825
1902 2825
2072 2825
2109 2825
2270 2825
2414 2825
1787 2826
532 2827
1598 2827
1868 2828
17 2829
141 2829
360 2829
390 2829
441 2829
514 2829
536 2829
561 2829
1029 2829
1052 2829
807 2830
1928 2830
656 2831
2747 2832
2232 2833
2703 2833
3 2834
792 2834
1047 2834
1566 2834
1786 2834
2105 2834
2144 2834
2316 2834
2033 2835
1894 2836
1282 2837
401 2838
2062 2839
2341 2840
807 2841
41 2842
298 2843
261 2844
1580 2844
6 2846
870 2847
1326 2847
1646 2847
2519 2848
1253 2849
2747 2849
108 2850
221 2850
721 2850
10 2851
338 2851
426 2851
607 2851
903 2851
1048 2851
1111 2851
1146 2851
1677 2851
1894 2851
2156 2851
2732 2851
2812 2851
495 2852
1047 2852
2133 2852
717 2853
774 2853
838 2853
1943 2853
1131 2854
1146 2855
1698 2856
339 2857
1611 2857
2445 2857
1605 2858
268 2860
757 2860
884 2860
1714 2860
1826 2861
2133 2861
261 2862
324 2862
345 2862
489 2862
620 2862
713 2862
838 2862
885 2862
1226 2862
1330 2862
1970 2862
2044 2862
2057 2862
2084 2862
2195 2862
297 2864
1010 2865
525 2866
721 2868
751 2868
1641 2868
1928 2868
2613 2868
17 2869
252 2869
468 2869
631 2869
1146 2869
1349 2869
1956 2869
2093 2869
100 2870
102 2871
111 2872
581 2872
1534 2872
2555 2872
2702 2872
436 2874
550 2875
2765 2876
409 2877
794 2877
1296 2877
2273 2877
11 2878
468 2878
532 2878
1434 2878
1579 2879
2486 2880
1947 2881
1744 2882
258 2883
311 2884
581 2884
2364 2884
2551 2884
2702 2884
2712 2884
2822 2884
2872 2884
1044 2885
567 2886
870 2886
2398 2887
1172 2888
248 2889
335 2889
446 2889
1047 2889
1226 2889
1349 2889
1571 2889
1886 2889
2248 2889
2364 2889
2398 2889
2425 2889
2551 2889
2642 2889
2670 2889
2712 2889
261 2890
2 2891
88 2891
117 2891
673 2891
1146 2891
1925 2891
2812 2891
17 2892
298 2893
468 2894
93 2895
925 2895
17 2896
84 2896
88 2896
121 2896
1470 2896
1686 2896
1992 2896
2050 2896
2183 2896
112 2897
305 2897
806 2897
1044 2897
1111 2897
2185 2897
249 2898
275 2898
1472 2898
1690 2898
2137 2899
1916 2900
536 2901
107 2902
114 2902
139 2902
316 2902
653 2902
806 2902
1146 2902
1846 2902
2133 2902
2791 2902
631 2903
12 2904
15 2904
16 2904
34 2904
44 2904
174 2904
335 2904
346 2904
815 2904
860 2904
1151 2904
1357 2904
1530 2904
1669 2904
2099 2904
2642 2904
141 2905
157 2905
233 2905
514 2905
542 2905
631 2905
714 2905
774 2905
808 2905
996 2905
1080 2905
1111 2905
1160 2905
1379 2905
1431 2905
1495 2905
1523 2905
1553 2905
1783 2905
1885 2905
1892 2905
1968 2905
2043 2905
2046 2905
2116 2905
2258 2905
2369 2905
2498 2905
2655 2905
2869 2905
2903 2905
1626 2906
2398 2906
2232 2907
2905 2908
838 2909
1521 2910
845 2911
2007 2911
2347 2911
7 2912
649 2913
48 2914
108 2915
191 2916
258 2917
885 2918
1190 2918
1425 2918
1777 2918
2015 2918
2047 2918
1326 2919
7 2920
816 2922
482 2923
11 2924
209 2924
339 2924
357 2924
430 2924
595 2924
788 2924
873 2924
1083 2924
1548 2924
1554 2924
1920 2924
2427 2924
2453 2924
2682 2924
121 2925
1916 2925
737 2926
807 2927
842 2928
2259 2928
1047 2929
2398 2929
1172 2930
108 2931
943 2931
2142 2932
437 2933
296 2934
631 2935
3 2936
252 2936
468 2936
631 2936
1146 2936
1956 2936
2905 2936
83 2937
156 2937
601 2937
788 2937
1432 2937
1607 2937
1951 2937
2066 2937
2121 2937
2348 2937
11 2939
550 2939
751 2940
845 2941
1103 2941
1510 2941
2793 2941
114 2942
360 2942
441 2942
561 2942
586 2942
1137 2942
1817 2942
2260 2943
15 2944
206 2944
788 2944
2023 2944
2128 2944
2193 2944
2260 2944
261 2945
1838 2945
258 2946
2388 2947
763 2948
2805 2948
335 2949
1526 2951
2593 2952
2232 2953
2825 2953
214 2954
2250 2954
853 2955
1000 2956
206 2957
327 2957
1349 2957
322 2958
273 2959
1022 2959
1337 2959
1916 2959
108 2960
1146 2961
315 2962
2767 2962
261 2963
2642 2964
191 2965
515 2966
121 2967
1337 2967
1789 2967
342 2968
1043 2968
1534 2968
2371 2968
1522 2969
514 2970
967 2970
1664 2970
17 2971
468 2971
505 2971
701 2971
1947 2971
2044 2971
525 2972
1006 2973
1868 2973
1253 2974
2747 2974
1138 2975
1411 2975
532 2976
1744 2977
1948 2977
2398 2977
341 2978
2811 2978
970 2979
2086 2979
975 2980
1051 2981
366 2982
448 2982
503 2982
691 2982
1154 2982
1318 2982
1369 2982
2023 2982
2453 2982
2642 2982
2725 2982
2829 2982
1274 2983
1418 2983
2027 2983
2712 2983
2865 2983
263 2985
827 2985
1200 2985
807 2986
216 2987
870 2987
1326 2987
1895 2987
7 2988
1326 2989
115 2990
930 2990
1504 2990
2096 2990
2540 2990
238 2991
1067 2991
1232 2991
1552 2991
2829 2991
118 2992
41 2993
48 2994
2737 2994
1867 2995
4 2996
305 2996
652 2996
1603 2996
145 2997
462 2997
870 2997
1895 2997
194 2998
1131 2998
345 2999
1793 2999
451 3001
737 3001
178 3002
561 3002
1532 3002
2240 3002
1862 3003
2405 3003
2523 3004
281 3005
2767 3005
13 3006
616 3006
1001 3006
1722 3006
2390 3006
2 3007
513 3007
2897 3007
930 3008
438 3009
508 3009
1074 3009
1104 3009
1871 3009
1903 3009
1995 3009
2276 3009
1947 3010
838 3011
114 3014
1923 3015
9 3016
890 3016
108 3017
2133 3018
1146 3019
1238 3020
1925 3020
2447 3020
2634 3020
639 3021
173 3022
853 3024
409 3025
216 3026
431 3026
463 3026
1834 3026
2804 3026
1234 3027
1323 3027
1622 3027
1984 3027
651 3028
258 3029
41 3030
39 3031
836 3032
2567 3032
12 3033
2188 3033
2734 3033
468 3034
1247 3035
2385 3035
1185 3036
760 3037
1687 3037
2522 3037
2845 3037
118 3038
543 3039
665 3039
817 3039
1015 3039
1503 3039
2282 3039
2368 3039
2747 3040
731 3041
3009 3041
6 3042
2133 3042
6 3043
2133 3043
414 3044
1633 3044
2072 3044
2297 3044
125 3045
238 3045
1067 3045
1257 3045
1552 3045
2829 3045
2942 3045
132 3046
1257 3047
1381 3047
2007 3047
337 3049
1125 3049
536 3050
1052 3050
1698 3051
2567 3052
968 3053
1148 3053
80 3055
448 3056
1671 3056
1725 3056
2054 3056
2086 3056
41 3057
1916 3058
273 3059
534 3059
1582 3059
324 3060
969 3061
93 3062
141 3062
156 3062
292 3062
602 3062
2023 3062
2 3063
181 3063
100 3064
296 3065
1024 3066
1146 3066
687 3067
846 3067
2306 3068
16 3069
749 3069
1172 3069
2905 3070
3 3071
327 3071
1916 3071
1216 3072
1852 3073
199 3074
1034 3074
1159 3074
1462 3074
1721 3074
1869 3074
827 3075
631 3076
1993 3076
2258 3076
602 3077
1744 3078
285 3079
1777 3079
2862 3079
75 3080
645 3080
706 3080
79 3081
173 3081
282 3081
384 3081
444 3081
494 3081
590 3081
627 3081
824 3081
837 3081
868 3081
882 3081
1068 3081
1157 3081
1225 3081
1287 3081
1331 3081
1544 3081
1568 3081
1588 3081
1637 3081
1695 3081
1728 3081
1906 3081
1918 3081
1967 3081
2060 3081
2226 3081
2246 3081
2310 3081
2395 3081
2444 3081
2519 3081
2605 3081
2624 3081
2757 3081
2779 3081
2802 3081
2850 3081
2867 3081
2868 3081
3017 3081
3048 3081
620 3082
819 3082
925 3082
386 3084
1394 3084
1203 3085
166 3086
536 3086
558 3086
986 3086
180 3087
164 3088
164 3089
1402 3089
2751 3089
2937 3089
324 3090
2474 3090
1302 3091
2140 3091
3 3092
121 3092
536 3092
1146 3092
1916 3092
180 3093
1907 3093
2589 3093
221 3094
769 3094
2898 3095
54 3096
673 3096
1212 3096
15 3097
98 3097
586 3097
875 3097
1321 3097
1433 3097
1969 3097
2001 3097
2414 3097
2987 3097
3026 3097
3086 3097
2825 3098
1824 3099
2317 3099
2471 3099
2905 3100
41 3101
1901 3102
9 3103
128 3104
132 3105
1441 3106
2482 3106
828 3107
1809 3107
194 3108
141 3109
502 3109
2983 3109
1683 3110
944 3111
1223 3111
1353 3111
1510 3111
2366 3111
2793 3111
2398 3112
298 3113
1241 3113
1047 3114
2137 3114
2411 3114
2436 3114
509 3115
2726 3115
1673 3116
93 3117
2527 3117
2486 3118
532 3119
814 3119
2454 3119
108 3120
221 3120
747 3121
814 3121
141 3122
350 3122
2851 3122
180 3123
60 3124
1048 3124
1698 3125
335 3126
671 3126
2642 3126
1047 3127
199 3128
532 3128
887 3128
1857 3128
3 3129
1323 3129
1412 3129
2825 3129
2005 3130
828 3131
128 3132
2122 3132
2540 3132
870 3133
3097 3133
102 3134
166 3135
855 3136
39 3137
259 3137
470 3137
809 3137
1210 3137
1466 3137
2157 3137
2432 3137
2797 3137
3046 3137
214 3138
515 3139
842 3139
102 3140
747 3141
128 3142
279 3142
1423 3142
1865 3142
2398 3142
1113 3143
6 3144
844 3145
877 3145
1547 3145
1911 3145
2170 3145
102 3146
438 3147
1074 3147
1324 3147
1398 3147
1903 3147
1911 3147
1926 3147
2363 3147
3041 3147
118 3148
2423 3149
1010 3150
2551 3150
2983 3150
839 3151
355 3152
199 3153
887 3153
2454 3153
100 3154
1614 3155
1972 3155
3 3156
23 3156
188 3156
792 3156
1047 3156
1566 3156
2070 3156
3096 3156
11 3157
134 3158
9 3159
1223 3159
164 3160
2388 3160
2937 3160
173 3161
697 3161
1494 3161
1544 3161
2442 3162
41 3164
191 3165
615 3166
1364 3166
848 3167
1078 3167
9 3168
1349 3169
2260 3169
2389 3169
2537 3169
2687 3169
2730 3169
2889 3169
397 3170
1055 3170
1521 3171
3044 3171
631 3172
2498 3172
2905 3172
427 3173
2499 3174
355 3175
221 3176
1467 3176
12 3177
20 3177
89 3177
570 3177
592 3177
1615 3177
1951 3177
2121 3177
3089 3177
1179 3178
1969 3178
3086 3178
1131 3179
2854 3179
2642 3180
17 3181
649 3182
830 3183
88 3184
448 3185
701 3185
1010 3185
1174 3185
1691 3185
1834 3185
2091 3185
2705 3185
2982 3185
92 3186
1036 3186
2697 3186
258 3187
1977 3187
59 3188
161 3188
827 3188
997 3188
1641 3188
1928 3188
2421 3188
2639 3188
2769 3188
109 3189
172 3189
349 3189
515 3189
804 3189
863 3189
896 3189
1207 3189
1312 3189
1341 3189
1520 3189
1795 3189
1830 3189
2408 3189
2469 3189
2505 3189
2617 3189
2814 3189
2873 3189
3139 3189
17 3190
505 3190
536 3190
701 3190
2044 3190
1044 3191
441 3192
514 3192
536 3192
1947 3192
2942 3192
3002 3192
228 3193
1010 3193
1054 3193
2546 3193
180 3194
2344 3194
2082 3195
52 3196
1031 3196
1185 3196
1257 3196
1515 3196
1916 3196
1602 3197
1947 3198
696 3199
2536 3199
100 3200
1644 3200
2588 3201
6 3202
1125 3203
1461 3204
2001 3204
408 3205
1362 3205
1385 3205
1442 3205
1740 3205
1969 3205
2031 3205
2210 3205
2240 3205
2328 3205
2847 3205
2919 3205
2987 3205
2989 3205
401 3206
842 3207
3189 3207
3193 3207
2726 3208
80 3209
221 3209
2659 3209
586 3210
834 3210
2109 3210
2307 3210
838 3211
6 3212
62 3212
102 3212
1146 3212
2133 3212
2621 3212
161 3213
660 3213
827 3213
1641 3213
45 3214
244 3214
417 3214
522 3214
547 3214
704 3214
718 3214
869 3214
976 3214
1152 3214
1708 3214
2067 3214
2260 3214
2626 3214
2893 3214
3113 3214
1125 3215
1913 3216
934 3217
209 3218
1862 3218
2500 3218
2725 3218
873 3219
1573 3219
2209 3219
2260 3219
2604 3219
2944 3219
3210 3219
681 3220
102 3221
1216 3221
1463 3221
1575 3221
1782 3221
1949 3221
2673 3221
3018 3221
296 3222
1257 3223
2224 3223
3047 3223
846 3224
7 3225
141 3226
1125 3227
2403 3228
355 3229
2807 3229
146 3231
407 3231
560 3231
582 3231
823 3231
832 3231
1598 3231
1667 3231
1858 3231
2195 3231
2198 3231
2756 3231
3128 3231
275 3232
489 3232
532 3232
1853 3232
1146 3233
2005 3233
827 3234
1975 3234
114 3235
2133 3236
1000 3237
2567 3238
2398 3239
324 3240
1698 3241
341 3242
42 3243
161 3243
542 3243
658 3243
1538 3243
226 3244
381 3244
730 3245
751 3245
2412 3245
2490 3245
2584 3245
2812 3245
834 3246
1618 3246
1959 3246
2564 3246
1146 3247
695 3248
1936 3248
238 3249
1164 3249
1423 3249
1784 3249
3032 3249
3081 3250
261 3251
114 3252
1455 3252
2744 3252
934 3253
807 3254
12 3255
2554 3255
261 3256
48 3257
2290 3257
858 3258
273 3259
906 3259
1377 3259
1399 3259
1574 3259
1759 3259
1998 3259
2387 3260
1797 3261
1470 3262
6 3263
652 3263
1817 3263
1849 3263
2479 3263
2991 3263
118 3264
3189 3265
2812 3266
631 3267
1676 3267
2567 3267
2905 3267
3245 3267
298 3268
376 3268
229 3269
1010 3269
1363 3269
1407 3269
1631 3269
2264 3269
2514 3269
121 3270
3189 3271
511 3272
648 3273
1797 3273
3261 3273
1253 3274
2747 3274
2 3275
211 3276
1470 3276
2862 3276
7 3277
1721 3278
2274 3278
860 3279
3185 3279
704 3280
1048 3281
1894 3281
2156 3281
691 3282
88 3283
121 3283
383 3283
812 3283
1017 3283
1515 3283
1916 3283
1917 3283
1992 3283
2050 3283
2346 3283
316 3284
603 3284
1197 3284
1789 3284
1336 3285
751 3286
7 3287
241 3287
386 3287
404 3287
495 3287
741 3287
1264 3287
1328 3287
1440 3287
1485 3287
1528 3287
1994 3287
2540 3287
2752 3287
2861 3287
2977 3287
2495 3288
9 3289
1146 3290
2137 3291
1687 3292
2522 3292
319 3293
633 3293
1683 3293
2959 3293
1760 3294
1603 3295
2491 3295
248 3296
620 3296
885 3296
1723 3296
1970 3296
2044 3296
2068 3296
2084 3296
2195 3296
3276 3296
335 3297
1626 3298
649 3299
751 3301
550 3302
52 3303
194 3304
1692 3305
1102 3306
1314 3306
2021 3306
2792 3306
1838 3307
1316 3308
401 3309
998 3309
2950 3309
1237 3310
1410 3310
2009 3310
2251 3310
3137 3311
1841 3312
128 3314
7 3315
114 3315
295 3315
488 3315
1824 3316
417 3317
452 3318
737 3318
1033 3318
1099 3318
1736 3318
1784 3318
1904 3318
2599 3318
2609 3318
118 3319
337 3320
1348 3320
925 3321
2826 3321
1146 3322
100 3323
827 3324
1769 3325
2082 3325
401 3326
1868 3327
1146 3328
218 3329
461 3329
2491 3329
2523 3329
2695 3329
261 3330
166 3331
1052 3331
751 3332
1 3333
134 3333
898 3333
936 3333
1932 3333
2860 3333
3259 3333
52 3334
765 3335
1010 3335
1085 3335
1719 3335
1692 3336
261 3337
554 3337
199 3338
1869 3338
3278 3338
145 3339
166 3339
178 3339
329 3339
586 3339
870 3339
1088 3339
1540 3339
1581 3339
2195 3339
2209 3339
2319 3339
3097 3339
3210 3339
3214 3339
1224 3340
1744 3340
2137 3340
48 3341
553 3342
748 3342
945 3342
1705 3342
2590 3342
118 3343
2519 3344
2848 3344
258 3345
108 3346
1831 3346
1947 3347
1125 3348
126 3349
577 3349
1312 3350
3189 3350
4 3351
238 3351
409 3351
526 3351
779 3351
836 3351
916 3351
1084 3351
1784 3351
2457 3351
3267 3351
968 3352
3161 3352
261 3353
617 3354
1349 3354
2682 3354
2982 3354
596 3355
1398 3355
1901 3355
1926 3355
6 3357
1698 3357
1826 3357
2133 3357
2297 3357
2133 3358
118 3359
1048 3360
1000 3361
285 3362
647 3362
2232 3363
339 3364
839 3364
2445 3364
114 3365
10 3366
11 3366
35 3366
145 3366
246 3366
304 3366
351 3366
371 3366
536 3366
667 3366
838 3366
1007 3366
1172 3366
1254 3366
1298 3366
1326 3366
1369 3366
1841 3366
2384 3366
2427 3366
2461 3366
2482 3366
2896 3366
2944 3366
3097 3366
3231 3366
717 3367
838 3367
737 3368
42 3369
542 3369
1538 3369
180 3370
166 3371
2812 3372
89 3373
570 3373
601 3373
753 3373
1539 3373
3089 3373
72 3374
788 3374
3219 3374
6 3375
2398 3375
749 3376
1138 3376
839 3377
6 3378
2145 3378
335 3379
2787 3380
2817 3380
164 3381
108 3382
3081 3382
118 3383
1939 3384
532 3385
814 3385
2745 3385
3006 3385
100 3386
1220 3387
1947 3388
944 3389
1028 3389
3111 3389
631 3390
906 3391
3284 3391
1001 3392
3128 3392
3153 3392
355 3393
2766 3393
2388 3394
2751 3394
2937 3394
221 3395
98 3396
1902 3396
1969 3396
2847 3396
2987 3396
3133 3396
514 3397
536 3397
561 3397
2942 3397
3002 3397
3192 3397
156 3398
1349 3398
2193 3398
2698 3398
2731 3398
2889 3398
3219 3398
1744 3399
1744 3400
1841 3401
1895 3401
410 3402
496 3402
522 3402
718 3402
869 3402
911 3402
976 3402
1241 3402
1708 3402
2067 3402
2761 3402
2893 3402
3054 3402
3113 3402
3339 3402
1000 3403
1383 3405
2264 3405
838 3406
2984 3408
124 3409
2609 3409
3309 3409
1146 3410
1947 3411
653 3412
1128 3412
1938 3412
2721 3412
14 3413
178 3413
1146 3413
1578 3413
1793 3413
2289 3413
2829 3413
3192 3413
3397 3413
1363 3414
2073 3414
335 3415
261 3416
258 3417
2732 3418
194 3419
807 3420
1146 3421
304 3422
842 3423
93 3424
706 3424
811 3424
1176 3424
1692 3424
2697 3424
751 3425
366 3426
1611 3426
121 3427
1363 3428
1899 3428
2091 3428
335 3429
355 3430
1698 3431
1344 3432
12 3433
47 3433
7 3434
114 3435
295 3435
488 3435
1826 3435
20 3436
89 3436
570 3436
592 3436
601 3436
753 3436
1354 3436
2343 3436
3089 3436
1422 3437
1369 3439
763 3440
1010 3440
1054 3440
2259 3440
2467 3440
2805 3440
9 3441
925 3442
191 3443
414 3444
1633 3444
1744 3444
47 3445
877 3445
1547 3445
1911 3445
146 3446
206 3446
407 3446
582 3446
616 3446
823 3446
1001 3446
1169 3446
2559 3446
3119 3446
3121 3446
2319 3447
100 3448
704 3449
1810 3450
132 3451
169 3451
212 3451
424 3451
797 3451
880 3451
891 3451
1285 3451
1347 3451
2563 3451
3031 3451
3195 3451
3325 3451
2258 3452
24 3453
72 3454
326 3454
344 3454
365 3454
387 3454
390 3454
435 3454
489 3454
549 3454
637 3454
671 3454
873 3454
939 3454
952 3454
957 3454
1289 3454
1291 3454
1464 3454
1734 3454
1862 3454
1887 3454
1931 3454
2090 3454
2141 3454
2166 3454
2283 3454
2889 3454
2949 3454
2982 3454
3126 3454
3296 3454
3297 3454
3407 3454
3415 3454
3429 3454
1213 3455
1402 3455
2388 3455
2590 3455
3177 3455
3373 3455
3436 3455
828 3456
94 3457
3081 3458
3366 3459
410 3460
532 3460
545 3460
1434 3460
1738 3460
2237 3460
687 3461
633 3462
2959 3462
3293 3462
1191 3463
2418 3463
170 3464
2676 3464
3305 3464
3424 3464
755 3465
1660 3465
602 3466
873 3467
2904 3467
2051 3468
316 3469
307 3470
1244 3470
1998 3470
20 3471
156 3471
601 3471
1951 3471
2121 3471
3455 3471
846 3472
701 3474
1383 3474
274 3475
1257 3475
3047 3475
7 3476
2544 3477
2984 3477
3116 3477
2232 3478
355 3479
355 3480
6 3481
56 3481
1912 3481
2133 3481
3000 3481
3438 3481
648 3482
1602 3483
1681 3483
2288 3484
7 3485
134 3485
197 3485
258 3485
690 3485
782 3485
828 3485
958 3485
1072 3485
1123 3485
1441 3485
1626 3485
1676 3485
1749 3485
1856 3485
1999 3485
2039 3485
2058 3485
2083 3485
2862 3485
3245 3485
3313 3485
3366 3485
1411 3486
1894 3487
468 3488
3034 3488
335 3489
846 3490
642 3491
1071 3491
1402 3491
1530 3491
1665 3491
2388 3491
3376 3491
261 3492
930 3493
164 3494
1213 3494
2425 3494
2924 3494
2 3495
6 3495
28 3495
54 3495
62 3495
88 3495
99 3495
102 3495
161 3495
258 3495
260 3495
296 3495
316 3495
355 3495
411 3495
449 3495
465 3495
497 3495
504 3495
579 3495
713 3495
729 3495
764 3495
854 3495
867 3495
900 3495
909 3495
915 3495
977 3495
1018 3495
1046 3495
1067 3495
1232 3495
1256 3495
1264 3495
1283 3495
1297 3495
1308 3495
1343 3495
1378 3495
1521 3495
1649 3495
1802 3495
1842 3495
1893 3495
2059 3495
2098 3495
2101 3495
2202 3495
2225 3495
2262 3495
2273 3495
2303 3495
2318 3495
2339 3495
2436 3495
2483 3495
2494 3495
2609 3495
2678 3495
2763 3495
2812 3495
2852 3495
2902 3495
3042 3495
3043 3495
3092 3495
3114 3495
1965 3496
174 3497
691 3497
1723 3497
1877 3497
2453 3497
2661 3497
2971 3497
3190 3497
3474 3497
1841 3498
16 3499
1172 3499
1442 3499
1646 3499
2987 3499
180 3500
62 3501
316 3501
3212 3501
3259 3501
173 3502
3053 3502
3161 3502
3352 3502
1336 3503
437 3504
1044 3505
114 3506
141 3507
40 3508
1071 3508
1235 3508
1402 3508
1530 3508
1969 3508
2388 3508
88 3509
599 3509
657 3509
812 3509
1017 3509
1916 3509
1917 3509
1981 3509
1992 3509
2282 3509
2346 3509
2736 3509
2836 3509
2133 3510
121 3511
599 3511
812 3511
1017 3511
1470 3511
1515 3511
1917 3511
2050 3511
2346 3511
2736 3511
1626 3512
1698 3512
2137 3512
2398 3512
15 3513
174 3513
261 3513
298 3513
594 3513
711 3513
1038 3513
1369 3513
1571 3513
2023 3513
2698 3513
2942 3513
2943 3513
3169 3513
3214 3513
3397 3513
102 3514
2812 3515
3318 3516
621 3517
1916 3517
335 3518
532 3519
747 3519
2862 3519
3231 3519
970 3520
3 3521
23 3521
792 3521
1047 3521
2316 3521
645 3522
706 3522
2638 3522
114 3523
665 3523
692 3523
1992 3523
2736 3523
505 3524
536 3524
586 3524
3339 3524
1149 3525
1293 3525
98 3526
1321 3526
1433 3526
2847 3526
2886 3526
2987 3526
3396 3526
302 3527
1984 3527
3027 3527
1125 3528
1626 3529
527 3530
986 3530
2209 3530
3210 3530
3246 3530
489 3531
701 3531
1144 3531
1172 3531
1862 3531
2232 3531
2924 3531
2982 3531
3296 3531
3497 3531
3513 3531
3446 3532
3081 3533
663 3534
739 3534
1104 3534
2363 3534
3355 3534
41 3535
1947 3536
13 3537
73 3537
1001 3537
2127 3537
310 3538
458 3538
458 3539
1060 3539
261 3540
1770 3540
704 3541
536 3542
1838 3543
890 3544
6 3545
2326 3545
2541 3545
1146 3546
1146 3547
532 3548
2695 3549
10 3550
209 3550
242 3550
261 3550
275 3550
324 3550
360 3550
810 3550
857 3550
1077 3550
1425 3550
1891 3550
2194 3550
2482 3550
2591 3550
3276 3550
3283 3550
3404 3550
3509 3550
3511 3550
141 3551
1052 3551
121 3552
1868 3553
3327 3553
639 3554
1690 3554
2218 3554
2898 3554
7 3555
10 3555
48 3555
133 3555
176 3555
353 3555
404 3555
495 3555
613 3555
934 3555
1264 3555
1528 3555
1994 3555
2688 3555
2692 3555
355 3556
701 3557
2982 3557
3513 3557
3062 3558
437 3559
970 3560
1684 3560
2514 3560
3035 3560
2905 3561
807 3562
7 3563
704 3564
1939 3565
2643 3566
200 3567
3509 3567
6 3568
1626 3568
1948 3568
296 3569
1936 3569
3248 3569
2232 3570
194 3571
1146 3572
111 3573
514 3573
747 3573
1134 3573
2474 3573
1841 3574
15 3575
2698 3575
1320 3576
9 3577
227 3577
865 3577
1381 3577
1538 3577
2256 3577
2366 3577
13 3578
78 3578
360 3578
368 3578
571 3578
582 3578
616 3578
823 3578
832 3578
925 3578
1349 3578
1667 3578
1822 3578
2198 3578
2559 3578
3153 3578
6 3579
161 3580
1641 3580
2033 3580
2480 3580
2540 3581
114 3582
542 3582
607 3582
2540 3582
3063 3582
687 3583
508 3584
1074 3584
1651 3584
1871 3584
1995 3584
2184 3584
3041 3584
1763 3585
816 3586
517 3587
615 3588
3081 3589
1422 3590
1470 3590
209 3591
617 3591
2023 3591
2682 3591
838 3592
532 3593
438 3594
839 3595
6 3596
2133 3596
3495 3596
108 3597
3081 3598
1047 3599
1328 3599
2137 3599
2398 3599
706 3600
83 3601
556 3601
765 3601
1085 3601
3494 3601
49 3602
586 3602
834 3602
1902 3602
3339 3602
838 3603
1626 3604
1744 3604
1826 3604
2133 3604
2297 3604
2411 3604
137 3605
1146 3605
54 3606
88 3606
816 3607
836 3608
1806 3608
2567 3608
2851 3608
2905 3608
3245 3608
3351 3608
1047 3609
2133 3609
3495 3609
355 3610
1837 3610
335 3611
3454 3611
114 3612
1325 3613
2044 3613
27 3614
62 3614
121 3614
128 3614
314 3614
1185 3614
1234 3614
1323 3614
1489 3614
1513 3614
1515 3614
1529 3614
1864 3614
1865 3614
1916 3614
2037 3614
2041 3614
2122 3614
2418 3614
2529 3614
2540 3614
3196 3614
3303 3614
3334 3614
3527 3614
1916 3615
355 3616
8 3617
193 3617
665 3617
692 3617
814 3617
826 3617
1212 3617
1677 3617
1686 3617
1992 3617
2282 3617
2416 3617
2736 3617
2851 3617
2033 3618
9 3619
1127 3619
1947 3620
460 3621
665 3621
1686 3621
2851 3621
2863 3621
3281 3621
41 3622
2540 3623
100 3624
350 3624
1381 3624
1538 3624
3137 3625
1 3626
833 3626
2837 3626
3230 3626
1958 3627
468 3628
108 3629
3081 3629
41 3630
2398 3631
93 3632
1052 3633
2240 3633
2655 3633
258 3634
1363 3635
1741 3635
1899 3635
3578 3636
1060 3637
1985 3638
173 3639
108 3640
316 3641
180 3642
869 3643
1708 3643
102 3644
2516 3645
2631 3645
39 3646
2082 3646
414 3647
937 3647
1633 3647
1744 3647
2072 3647
2297 3647
2654 3647
3171 3647
3287 3647
2364 3648
751 3649
9 3650
747 3651
925 3652
3 3653
17 3653
1412 3653
1862 3653
687 3654
1052 3655
838 3656
1047 3657
2133 3657
2398 3657
3495 3657
194 3658
1958 3659
532 3660
45 3661
309 3661
468 3661
620 3661
861 3661
1332 3661
1787 3661
1923 3661
3015 3661
1587 3662
258 3663
2160 3664
124 3665
2516 3665
100 3666
226 3667
375 3667
1985 3667
704 3668
1620 3668
355 3669
401 3670
1148 3670
2179 3670
3356 3670
827 3672
2453 3673
93 3674
180 3675
2187 3675
3081 3676
846 3677
355 3678
1024 3679
1359 3680
100 3681
658 3681
3243 3681
1579 3682
2959 3682
729 3683
1698 3683
807 3684
1947 3685
108 3686
2944 3687
3398 3687
166 3688
1985 3689
2429 3689
875 3690
2860 3691
1146 3692
3605 3692
969 3693
3061 3693
967 3694
1664 3694
2289 3694
459 3695
503 3695
683 3695
839 3695
1038 3695
1548 3695
2410 3695
2725 3695
3218 3695
194 3696
114 3697
173 3698
335 3700
1244 3701
751 3702
273 3703
816 3703
1009 3703
1022 3703
1234 3703
1337 3703
1579 3703
2879 3703
3626 3703
114 3704
742 3704
1778 3704
2684 3704
2482 3705
3485 3705
7 3706
2137 3706
1207 3707
1520 3707
345 3708
383 3708
514 3708
532 3708
763 3708
1134 3708
2232 3708
2655 3708
3550 3708
1005 3709
12 3710
178 3710
432 3710
562 3710
639 3710
681 3710
713 3710
717 3710
803 3710
915 3710
995 3710
1065 3710
1117 3710
1152 3710
1443 3710
1477 3710
1596 3710
1616 3710
1699 3710
1819 3710
1835 3710
1883 3710
1894 3710
1997 3710
2211 3710
2218 3710
2711 3710
2881 3710
2896 3710
2971 3710
3012 3710
3183 3710
3198 3710
3283 3710
3536 3710
3685 3710
1010 3711
2551 3711
2983 3711
355 3712
78 3713
224 3713
407 3713
616 3713
925 3713
1858 3713
2198 3713
2559 3713
3119 3713
3128 3713
3404 3713
128 3714
6 3715
961 3715
1424 3715
1806 3715
3221 3715
461 3716
468 3717
532 3717
417 3718
1765 3718
1131 3719
751 3720
2905 3721
838 3722
93 3723
170 3724
1251 3724
3080 3724
3522 3724
6 3725
2541 3725
3545 3725
2133 3726
1118 3727
542 3728
1103 3728
11 3729
1434 3729
355 3730
1048 3731
1677 3731
9 3732
1223 3732
7 3733
1939 3734
2133 3735
3495 3735
69 3737
206 3737
209 3737
617 3737
2260 3737
2571 3737
2889 3737
12 3738
47 3738
206 3738
502 3738
877 3738
1511 3738
1911 3738
1941 3738
3155 3738
3366 3738
214 3739
930 3740
355 3741
1470 3742
1455 3743
970 3744
1344 3744
2564 3744
2606 3744
752 3745
2771 3745
131 3746
2257 3746
3026 3746
11 3747
487 3747
816 3748
827 3749
2040 3750
1113 3751
3143 3751
681 3752
1048 3752
3283 3752
3509 3752
3511 3752
3523 3752
9 3753
1467 3754
329 3755
505 3755
594 3755
715 3755
2260 3755
27 3756
1378 3756
6 3757
134 3757
1463 3757
3495 3757
873 3758
2904 3758
502 3759
623 3759
656 3759
925 3759
931 3759
1134 3759
1319 3759
1457 3759
1527 3759
1593 3759
1772 3759
2023 3759
2129 3759
2163 3759
2286 3759
2503 3759
2551 3759
2698 3759
2731 3759
2983 3759
3219 3759
2645 3760
115 3761
381 3761
166 3762
2140 3763
532 3764
586 3765
620 3765
2862 3765
2462 3766
141 3767
1941 3767
656 3768
2044 3769
41 3770
1698 3771
16 3772
3081 3773
2258 3774
180 3775
856 3775
2812 3776
461 3777
48 3778
53 3778
133 3778
148 3778
176 3778
209 3778
258 3778
286 3778
333 3778
353 3778
538 3778
948 3778
1067 3778
1146 3778
1166 3778
1264 3778
1297 3778
1328 3778
1367 3778
1378 3778
1516 3778
1991 3778
2018 3778
2523 3778
2688 3778
2691 3778
2695 3778
2713 3778
2747 3778
2752 3778
2861 3778
2977 3778
3357 3778
3604 3778
3699 3778
225 3779
230 3779
313 3779
347 3779
409 3779
636 3779
1084 3779
1423 3779
2717 3779
2934 3779
3608 3779
208 3780
1698 3781
1744 3782
3778 3782
816 3783
102 3784
141 3784
1393 3784
3063 3784
322 3785
339 3785
357 3785
459 3785
765 3785
1083 3785
1155 3785
1501 3785
1548 3785
1554 3785
1723 3785
1803 3785
2410 3785
2427 3785
2811 3785
2958 3785
2978 3785
3294 3785
468 3786
532 3786
1330 3786
1434 3786
1744 3787
1209 3788
3318 3788
1581 3789
618 3790
965 3790
1209 3790
1303 3790
1358 3791
1424 3791
1806 3791
1826 3791
2381 3791
2752 3791
3380 3792
556 3793
851 3793
3335 3793
1125 3794
145 3795
1925 3796
368 3797
571 3797
1858 3797
3128 3797
3153 3797
48 3798
88 3799
93 3800
141 3800
309 3800
532 3800
541 3800
1366 3800
1660 3800
1857 3800
2456 3800
3231 3800
838 3801
2732 3801
631 3802
1993 3802
3076 3802
3736 3802
11 3803
1589 3803
1657 3803
873 3804
2904 3804
72 3805
111 3805
536 3805
2474 3805
2746 3805
114 3806
607 3806
1784 3806
2540 3806
3063 3806
3784 3806
2540 3807
275 3808
586 3808
620 3808
2862 3808
3451 3809
1125 3810
145 3811
216 3811
1646 3811
6 3812
199 3812
1812 3812
2085 3812
3339 3812
399 3813
2321 3813
108 3814
3629 3814
1326 3815
3205 3815
513 3816
1393 3816
3806 3816
17 3817
134 3817
327 3817
814 3817
1947 3817
3044 3817
3647 3817
2643 3818
3566 3818
121 3819
1337 3819
48 3820
53 3820
133 3820
176 3820
183 3820
289 3820
333 3820
353 3820
467 3820
948 3820
1146 3820
1166 3820
1297 3820
1328 3820
1361 3820
1378 3820
1743 3820
1980 3820
1991 3820
2436 3820
2523 3820
2552 3820
2695 3820
2747 3820
3399 3820
3568 3820
3604 3820
2137 3821
3495 3821
704 3822
649 3823
819 3824
925 3824
214 3825
108 3826
3081 3826
145 3827
766 3827
1326 3827
2307 3827
164 3828
1698 3829
3245 3829
17 3830
2 3831
1865 3832
3267 3832
3608 3832
3791 3832
11 3833
2423 3834
145 3835
2307 3835
3205 3835
180 3836
3775 3836
1172 3837
1048 3838
1677 3838
3617 3838
3752 3838
14 3839
502 3839
656 3839
925 3839
1134 3839
1457 3839
1527 3839
1534 3839
1772 3839
1934 3839
2129 3839
3219 3839
337 3840
49 3841
327 3841
1840 3841
1902 3841
3530 3841
1558 3842
2442 3842
3162 3842
3473 3842
687 3843
751 3844
838 3845
838 3846
216 3847
1704 3847
1935 3847
2257 3847
2987 3847
3690 3847
1626 3848
108 3849
3318 3850
16 3851
145 3851
1326 3851
3526 3851
145 3852
2403 3852
100 3853
3200 3853
751 3854
341 3855
3785 3855
3252 3856
2133 3857
337 3858
557 3858
1010 3858
1618 3858
2594 3858
3432 3858
3744 3858
855 3859
214 3860
2250 3860
827 3861
6 3862
2133 3863
54 3864
59 3864
321 3864
373 3864
518 3864
827 3864
1529 3864
1928 3864
1986 3864
2835 3864
3004 3864
3580 3864
16 3865
226 3866
1564 3866
117 3867
443 3867
838 3867
1744 3867
2133 3867
2398 3867
2411 3867
2447 3867
2891 3867
3495 3867
3820 3867
2005 3868
2306 3869
1003 3870
2440 3870
2579 3870
118 3871
434 3871
502 3872
1532 3872
2109 3872
2731 3872
3023 3872
3133 3872
3789 3872
2137 3873
42 3874
542 3874
674 3875
915 3875
1039 3875
3652 3875
3800 3875
41 3876
1698 3877
1057 3878
721 3879
1580 3880
2844 3880
114 3881
1212 3881
1610 3881
1992 3881
2282 3881
2416 3881
1551 3882
3249 3882
225 3883
296 3883
2934 3883
3779 3883
161 3884
171 3884
2911 3884
2306 3885
355 3886
1359 3887
737 3888
41 3889
271 3889
283 3889
301 3889
328 3889
477 3889
575 3889
864 3889
979 3889
1075 3889
1222 3889
1239 3889
1266 3889
1404 3889
1454 3889
1716 3889
1763 3889
1804 3889
1847 3889
2079 3889
2238 3889
2334 3889
2358 3889
2400 3889
2502 3889
2551 3889
2578 3889
2627 3889
2701 3889
2921 3889
2993 3889
3013 3889
3062 3889
3101 3889
3164 3889
3535 3889
3876 3889
2655 3890
2420 3891
1039 3892
1587 3892
3128 3892
3153 3892
1458 3893
2076 3893
2510 3893
2864 3893
296 3894
305 3894
652 3894
934 3894
2567 3894
3351 3894
3757 3894
749 3895
1172 3895
2975 3895
3 3896
85 3896
138 3896
389 3896
686 3896
792 3896
904 3896
1132 3896
1284 3896
1317 3896
1355 3896
1430 3896
2088 3896
2113 3896
2139 3896
2287 3896
2342 3896
2406 3896
2820 3896
3188 3896
3329 3896
3716 3896
2183 3897
2896 3897
2 3898
1673 3899
1057 3900
986 3901
2209 3901
3246 3901
83 3902
172 3902
276 3902
678 3902
750 3902
1816 3902
2117 3902
2446 3902
2 3903
92 3904
180 3904
1036 3904
1270 3905
1916 3905
1676 3906
2112 3906
2567 3906
2851 3906
3245 3906
3351 3906
1185 3907
3678 3908
532 3909
1853 3909
1857 3909
3232 3909
3296 3909
704 3910
10 3911
246 3911
351 3911
532 3911
838 3911
1052 3911
1172 3911
1857 3911
1875 3911
1972 3911
2384 3911
3738 3911
3872 3911
355 3912
2409 3913
616 3914
925 3914
1966 3914
2198 3914
3119 3914
3128 3914
3153 3914
107 3915
652 3915
653 3915
1592 3915
1817 3915
1849 3915
2143 3915
2621 3915
2715 3915
2877 3915
3351 3915
261 3916
1698 3917
2483 3917
3495 3917
2403 3918
3852 3918
448 3919
3428 3919
3635 3919
7 3920
2133 3921
3495 3921
3081 3922
3382 3922
1125 3923
811 3924
2697 3924
3464 3924
164 3925
436 3925
851 3925
1213 3925
2924 3925
1234 3926
2355 3926
827 3927
156 3928
292 3928
553 3928
873 3928
1115 3928
1172 3928
1411 3928
1881 3928
1919 3928
2023 3928
2324 3928
2655 3928
2682 3928
2872 3928
2904 3928
3413 3928
3558 3928
3759 3928
3839 3928
2642 3929
128 3930
2010 3930
2122 3930
2513 3930
2742 3930
3283 3930
3509 3930
3511 3930
3614 3930
631 3931
642 3932
1530 3932
3069 3932
3895 3932
11 3933
3889 3934
2747 3935
3040 3935
3402 3936
2133 3937
937 3938
3287 3938
3817 3938
1698 3939
1626 3940
3778 3940
1126 3941
1886 3941
2295 3941
2500 3941
2857 3941
3364 3941
3595 3941
3695 3941
6 3942
2112 3943
446 3944
1263 3944
502 3945
878 3945
1532 3945
1540 3945
2484 3945
2886 3945
3023 3945
3366 3945
3911 3945
298 3946
93 3947
3039 3948
2551 3949
444 3950
3081 3950
226 3951
3710 3952
704 3953
972 3953
1989 3953
2103 3953
339 3954
429 3954
1549 3954
1673 3954
2285 3954
2544 3954
2984 3954
3899 3954
2050 3955
12 3956
558 3956
870 3956
3097 3956
9 3957
2 3958
3 3958
402 3958
437 3958
461 3958
640 3958
708 3958
773 3958
833 3958
835 3958
852 3958
872 3958
924 3958
974 3958
1079 3958
1116 3958
1146 3958
1156 3958
1175 3958
1180 3958
1243 3958
1257 3958
1275 3958
1279 3958
1658 3958
1693 3958
1698 3958
1747 3958
1775 3958
1925 3958
2030 3958
2045 3958
2138 3958
2178 3958
2189 3958
2192 3958
2231 3958
2327 3958
2439 3958
2473 3958
2477 3958
2582 3958
2610 3958
2644 3958
2766 3958
2789 3958
2807 3958
2859 3958
3152 3958
3163 3958
3229 3958
3300 3958
3324 3958
3393 3958
3430 3958
3480 3958
3556 3958
3610 3958
3616 3958
3669 3958
3678 3958
3730 3958
3741 3958
3861 3958
3886 3958
3908 3958
3927 3958
1810 3959
1359 3960
80 3961
151 3961
872 3961
876 3961
930 3961
1368 3961
1480 3961
1668 3961
1735 3961
1774 3961
1789 3961
2330 3961
2396 3961
2540 3961
3027 3961
3142 3961
3653 3961
171 3962
1257 3962
3047 3962
3896 3963
2133 3964
9 3965
221 3966
2137 3967
1731 3968
2714 3968
1125 3969
1359 3970
1777 3971
2322 3972
755 3973
12 3974
14 3974
86 3974
103 3974
106 3974
576 3974
655 3974
701 3974
704 3974
724 3974
748 3974
829 3974
850 3974
855 3974
1066 3974
1241 3974
1346 3974
1389 3974
1964 3974
1988 3974
2016 3974
2239 3974
2260 3974
2267 3974
2322 3974
2375 3974
2417 3974
2506 3974
2551 3974
2697 3974
2707 3974
2895 3974
2938 3974
3083 3974
3113 3974
3424 3974
3513 3974
3671 3974
3723 3974
3800 3974
3859 3974
3947 3974
225 3975
2112 3975
3351 3975
3779 3975
517 3976
2250 3976
525 3977
164 3978
601 3978
938 3978
2388 3978
2751 3978
3177 3978
3373 3978
3436 3978
587 3979
1704 3979
1740 3979
1935 3979
141 3980
156 3980
614 3980
873 3980
925 3980
2023 3980
2324 3980
2364 3980
2983 3980
3062 3980
3214 3980
3402 3980
3413 3980
108 3981
1918 3981
7 3982
3481 3983
2005 3984
587 3985
3690 3985
171 3986
1257 3986
1924 3987
180 3988
2905 3989
329 3990
427 3990
732 3990
834 3990
1318 3990
1437 3990
1618 3990
1634 3990
2001 3990
2069 3990
2080 3990
2514 3990
2564 3990
2645 3990
3026 3990
3282 3990
3339 3990
3530 3990
3755 3990
2905 3991
334 3992
1800 3992
2013 3992
2409 3992
2643 3992
2823 3992
3566 3992
3913 3992
1146 3993
9 3994
108 3995
968 3995
1148 3995
3161 3995
3502 3995
2467 3996
3207 3996
214 3997
2250 3997
127 3998
174 3998
335 3998
366 3998
691 3998
1154 3998
1318 3998
1594 3998
1723 3998
1877 3998
2453 3998
2712 3998
2829 3998
2943 3998
3185 3998
3218 3998
3354 3998
3591 3998
3737 3998
615 3999
1148 4000
