28 14580
78 5017
78 12455
123 1051
123 1092
123 7741
126 1012
126 1082
132 1128
166 8183
231 14191
292 292
303 3300
304 1612
304 2182
304 2232
334 1631
343 609
343 638
343 1036
343 1054
343 10544
343 10680
354 1255
388 609
388 2347
388 3300
388 3872
388 18233
388 18269
407 2344
478 7654
508 15591
592 9086
603 14580
613 1631
617 2162
617 11354
643 244
643 5394
657 1159
661 140
733 872
733 2790
733 4755
733 5518
733 15408
733 17504
733 18508
733 19833
754 13964
765 4668
831 2709
835 960
835 1405
835 2664
835 5363
835 5570
847 7701
847 7761
890 831
926 7761
960 835
960 1405
960 2664
960 5363
960 5570
988 988
1050 3630
1050 3679
1050 6556
1050 8456
1051 123
1051 7741
1092 7741
1105 2398
1125 244
1128 7761
1128 9177
1148 835
1148 960
1225 1226
1226 1225
1254 5613
1255 354
1255 5678
1255 5726
1255 5831
1285 3178
1295 6851
1305 3460
1305 5610
1309 10249
1347 1953
1377 3866
1377 5486
1377 6497
1377 6562
1377 17223
1435 3679
1452 8079
1472 6109
1584 3547
1612 304
1612 3379
1631 613
1631 2554
1672 4668
1720 8771
1720 8863
1771 2956
1771 16559
1793 5439
1793 7258
1793 7674
1793 19073
1807 4108
1837 4294
1855 18670
1877 5657
1993 7761
2013 3055
2013 4668
2013 10222
2013 12681
2048 3572
2048 6369
2056 4668
2056 4686
2056 8804
2070 2332
2070 6967
2076 6123
2076 7302
2076 7313
2076 7403
2078 12463
2093 2398
2123 3356
2153 3356
2245 478
2245 7761
2263 3367
2287 14580
2317 46
2344 831
2344 7088
2388 22533
2426 14599
2479 3557
2481 2481
2484 112
2484 5613
2541 2541
2545 5657
2554 1596
2554 1631
2562 3970
2576 10709
2596 4668
2596 11741
2606 2307
2664 835
2664 960
2664 1405
2664 5363
2664 5570
2702 4668
2709 5657
2790 4755
2790 7726
2803 1598
2818 22533
2827 3944
2827 16559
2868 115
2871 806
2880 5623
2952 12528
2956 6668
3022 2348
3022 3940
3055 3055
3056 10920
3186 817
3195 10505
3195 12087
3244 3186
3290 5925
3290 6285
3300 388
3300 5368
3314 7812
3362 14408
3362 16088
3369 3369
3377 4991
3377 14346
3398 4668
3398 7391
3398 8804
3406 412
3453 12833
3453 16923
3460 15749
3543 4668
3547 1584
3547 2300
3547 2413
3547 6825
3594 115
3594 5613
3630 1050
3630 3679
3630 5380
3630 6556
3630 7576
3630 8390
3630 8456
3657 3657
3657 6411
3679 1050
3679 3630
3679 6556
3680 3735
3698 5726
3703 7761
3703 10249
3703 19418
3703 19711
3732 7614
3732 10249
3732 15216
3734 123
3735 4649
3741 3741
3778 4668
3778 11055
3778 21409
3821 9695
3866 851
3866 1056
3866 2344
3872 388
3872 609
3872 638
3872 1036
3872 1054
3872 2150
3944 4668
3944 16559
3994 8961
4046 4046
4064 14580
4099 21484
4108 1807
4177 8449
4177 10353
4177 14582
4224 4224
4318 8295
4373 11895
4503 21484
4668 2702
4668 4713
4668 4919
4668 5505
4668 7614
4668 9112
4668 10249
4668 21648
4686 2827
4686 4668
4686 8531
4686 9133
4686 14492
4686 17712
4709 6267
4740 2398
4751 354
4755 733
4755 872
4755 15408
4755 18508
4755 19833
4756 21484
4759 3055
4759 4911
4782 16191
4890 9536
4895 6465
4911 3055
4911 4759
4922 3243
4922 12552
4938 5505
4991 3377
5005 8589
5091 835
5091 960
5091 1405
5091 2664
5091 5363
5091 5570
5092 5092
5138 17712
5287 2301
5361 2956
5361 3944
5361 9058
5361 16559
5363 835
5363 960
5363 1405
5363 2664
5363 5570
5368 8008
5453 10766
5505 4668
5505 4938
5505 6565
5505 10505
5505 19711
5570 835
5570 960
5570 1405
5570 2664
5570 5363
5610 1305
5610 2999
5610 3405
5613 4755
5613 19603
5613 22533
5623 2880
5688 7123
5695 8295
5726 3305
5726 6534
5807 1162
5895 8177
5895 8257
5919 3944
5925 3290
5925 6285
5955 377
5973 1437
6030 18220
6056 6056
6109 1472
6116 6116
6119 2398
6126 2999
6156 3071
6309 1993
6309 7761
6352 3866
6384 6560
6403 6199
6403 6469
6411 3657
6419 6199
6435 21207
6456 17438
6519 19080
6549 806
6556 1050
6556 3630
6556 3679
6556 8456
6564 8798
6584 6584
6603 2895
6608 8242
6668 2056
6668 2956
6668 3944
6668 4668
6668 9086
6668 18550
6783 4224
6783 10218
6851 1295
6922 14972
6922 15569
6971 230
6971 478
6971 508
6971 1519
6971 7158
6971 7701
6971 7761
6978 508
6995 13964
7122 504
7133 2895
7158 230
7171 32
7171 45
7368 8177
7391 8804
7428 5183
7578 7578
7614 10249
7614 15216
7674 1793
7726 733
7726 872
7726 926
7726 2790
7726 4755
7726 6751
7726 15408
7726 17504
7726 18508
7726 19833
7726 20774
7741 123
7761 1542
7761 1993
7761 2245
7761 3970
7761 6309
7761 12833
7847 7617
7887 388
8008 5368
8059 13964
8104 8104
8177 5895
8183 166
8257 3849
8257 5895
8295 8295
8324 661
8449 4177
8449 5582
8460 2537
8460 3140
8531 3944
8533 2537
8533 3140
8589 5005
8658 1437
8658 7761
8658 17114
8699 8699
8699 20021
8699 20200
8758 4668
8772 231
8772 7617
8780 3405
8804 3398
8804 7391
8818 2245
8818 9646
8967 1557
8975 271
8975 809
8975 9113
8975 10672
8975 11184
9070 3299
9070 12511
9070 12712
9086 592
9086 6668
9105 19364
9105 21909
9122 14346
9187 7617
9211 7617
9240 9407
9309 115
9407 9070
9536 21903
9550 6668
9695 9447
9695 9695
9696 6512
9869 6419
9869 6560
9915 2454
9915 4668
10047 1150
10051 20845
10222 2013
10249 4668
10249 7614
10249 7761
10478 8699
10478 12087
10505 508
10505 10384
10505 10478
10505 11741
10505 12087
10649 13964
10706 10706
10842 17071
10920 3056
10921 19080
11007 2827
11243 5397
11252 15591
11253 10268
11253 14522
11253 14599
11476 11476
11480 23222
11715 9057
11741 4668
11741 11940
11761 9669
11777 2952
11895 4373
12034 9057
12034 11715
12087 508
12087 2596
12087 9959
12087 10384
12087 10505
12087 11940
12087 13841
12087 14912
12087 15188
12087 16235
12217 665
12237 11749
12268 19306
12315 926
12315 7761
12511 9070
12658 1305
12658 1953
12712 9070
12793 16092
12833 2663
12833 3594
12833 7761
13059 5034
13853 13841
13964 2424
13964 13964
14022 2702
14038 7088
14061 7826
14175 16432
14316 6668
14346 3377
14346 4991
14346 9122
14408 17882
14492 2827
14495 5042
14580 28
14580 603
14580 2287
14580 4064
14580 16728
14586 14657
14749 12087
14811 6374
14811 16140
14912 10505
14912 12087
14981 5726
15061 4686
15061 17712
15178 8252
15178 8771
15216 2916
15216 7614
15408 7726
15458 2454
15461 15713
15562 1005
15562 2702
15562 12079
15570 1865
15570 14262
15570 15765
15570 17085
15570 22411
15570 22575
15589 4668
15725 13667
15725 15725
15749 3460
15821 9171
15950 10787
16068 14657
16092 3460
16140 3460
16191 2225
16191 3460
16191 4782
16432 1472
16432 11055
16432 13784
16458 5314
16494 4686
16494 8531
16498 18093
16559 1771
16559 2956
16559 3944
16773 1437
16876 2263
16900 2592
16941 14816
16983 8981
17071 4463
17157 20220
17221 4463
17223 755
17223 2344
17223 3866
17223 6350
17223 8798
17259 501
17306 18514
17306 19027
17438 6456
17475 231
17500 231
17581 8753
17603 1814
17644 17644
17876 11396
17882 14408
17882 16088
17934 2263
17971 17971
18024 354
18026 8660
18093 4668
18270 18270
18393 18723
18508 18508
18508 20774
18544 18544
18649 20001
18670 1855
18723 20220
18741 4668
19007 19007
19027 17306
19079 15461
19455 2576
19559 4668
19559 11666
19559 14063
19570 19570
19603 12426
19628 3300
19711 10249
19833 4755
19833 7726
19833 20774
20487 8597
20754 20754
20845 10051
20870 5422
20999 20999
21117 8139
21207 6435
21364 21364
21484 4099
21484 5693
21484 12833
21484 19463
21648 4668
21810 12494
22533 10649
22540 7893
23111 3300
