1 2
1 3
2 3
1 4
2 4
3 4
1 5
2 5
3 5
4 5
1 6
2 6
3 6
4 6
5 6
1 7
2 7
3 7
4 7
5 7
6 7
1 8
2 8
3 8
4 8
5 8
6 8
7 8
1 9
2 9
3 9
4 9
5 9
6 9
7 9
8 9
1 10
2 10
3 10
4 10
5 10
6 10
7 10
8 10
9 10
2 11
10 11
11 12
1 13
11 13
12 13
7 14
8 14
11 14
12 14
13 14
11 15
12 15
13 15
14 15
11 16
12 16
13 16
14 16
15 16
8 17
9 17
10 17
11 17
12 17
13 17
14 17
15 17
16 17
14 18
16 19
3 20
8 21
6 22
13 23
2 24
7 25
5 26
2 27
2 28
2 29
11 30
8 31
17 32
17 33
13 34
4 35
9 36
16 37
14 38
11 39
4 40
6 41
8 42
4 43
3 44
6 45
8 46
12 47
14 48
10 49
3 50
11 51
17 51
19 52
28 53
7 54
12 55
34 55
12 56
13 56
17 56
19 56
2 57
7 57
20 57
44 58
2 59
10 59
14 59
15 59
30 59
51 59
56 60
39 61
14 62
56 63
8 64
13 65
39 66
5 67
17 68
19 69
16 70
10 71
15 71
51 71
7 72
66 73
2 74
4 74
6 74
9 74
67 74
6 75
8 76
74 77
57 78
10 79
3 80
7 81
1 82
2 82
6 82
9 82
26 82
2 83
17 84
19 84
63 84
1 85
8 85
41 85
75 85
26 86
2 87
17 88
9 89
15 90
17 90
37 90
13 91
16 91
17 91
76 91
14 92
16 93
13 94
2 95
4 95
7 95
8 95
10 95
1 96
4 96
7 96
8 96
9 96
10 96
11 96
27 96
28 96
74 96
3 97
7 98
8 99
56 99
2 100
4 100
8 100
71 100
16 101
84 102
3 103
6 103
7 103
10 103
17 103
76 103
85 103
95 103
96 103
99 103
100 103
5 104
74 104
57 105
4 106
42 106
71 106
17 107
41 108
46 108
75 108
103 108
27 109
85 110
108 110
4 111
8 112
11 112
12 112
13 112
14 112
32 112
33 112
56 112
68 112
84 112
91 112
103 112
4 113
31 114
39 115
1 116
5 116
6 116
40 116
43 116
74 116
106 116
113 116
4 117
5 117
8 117
10 117
17 117
74 117
82 117
3 118
16 119
13 120
46 121
85 121
99 121
100 121
108 121
104 122
16 123
76 123
57 124
5 125
43 125
74 125
2 126
112 127
112 128
2 129
6 129
3 130
5 131
70 132
14 133
12 134
9 135
96 135
11 136
12 136
14 136
15 136
56 136
120 136
74 137
12 138
9 139
4 140
85 141
131 142
74 143
106 143
12 144
14 145
8 146
5 147
53 147
74 147
122 147
39 148
142 149
4 150
14 151
4 152
71 152
17 153
17 154
6 155
57 156
114 157
56 158
70 159
56 160
7 161
71 162
116 162
4 163
17 163
12 164
34 164
17 165
112 165
16 166
2 167
17 168
141 169
3 170
4 170
9 170
11 170
17 170
28 170
49 170
59 170
71 170
79 170
117 170
14 171
6 172
108 172
85 173
76 174
112 174
3 175
13 176
17 176
76 176
112 176
2 177
5 177
6 177
10 177
54 177
57 177
95 177
98 177
2 178
96 178
19 179
39 179
11 180
13 180
14 180
15 180
19 180
37 180
93 180
101 180
123 180
166 180
7 181
11 182
4 183
66 184
70 185
14 186
165 186
17 187
33 187
70 187
132 188
2 189
114 190
3 191
141 191
74 192
122 192
74 193
122 193
2 194
12 195
60 195
63 195
99 195
158 195
143 196
74 197
16 198
180 198
2 199
52 200
11 201
14 202
72 202
116 203
9 204
141 205
11 206
14 207
1 208
6 208
8 208
9 208
10 208
104 208
116 208
117 208
131 208
147 208
173 208
16 209
196 210
82 211
66 212
115 212
179 212
9 213
121 213
108 214
76 215
4 216
7 216
8 216
10 216
103 216
12 217
2 218
96 218
116 218
19 219
66 220
121 221
130 222
2 223
114 224
2 225
7 226
184 227
16 228
67 229
125 229
137 229
143 229
16 230
57 231
8 232
11 233
17 233
172 233
4 234
149 235
56 236
8 237
14 238
8 239
8 240
176 241
112 242
84 243
2 244
3 244
5 244
7 244
9 244
10 244
116 244
5 245
7 245
8 245
11 245
24 245
29 245
57 245
59 245
82 245
100 245
177 245
189 245
199 245
223 245
244 245
10 246
74 246
208 246
103 247
121 247
141 247
82 248
132 249
12 250
60 250
63 250
1 251
5 251
6 251
7 251
14 251
17 251
64 251
96 251
100 251
146 251
232 251
240 251
7 252
116 253
112 254
6 255
14 256
13 257
74 258
5 259
53 259
74 259
122 259
208 259
155 260
103 261
141 261
162 262
63 263
183 263
56 264
16 265
180 265
7 266
121 267
2 268
10 268
11 269
14 269
19 269
93 269
166 269
170 269
265 269
245 270
7 271
7 272
88 273
8 274
112 275
15 276
51 276
136 276
170 276
84 277
245 277
9 278
73 279
8 280
75 280
110 280
141 280
173 280
7 281
273 282
4 283
138 283
106 284
7 285
4 286
82 287
278 287
162 288
5 289
9 289
20 289
50 289
80 289
175 289
191 289
6 290
7 290
14 290
17 290
146 290
232 290
240 290
88 291
115 292
179 292
63 293
122 294
4 295
57 296
56 297
11 298
14 298
15 298
112 298
144 298
292 298
245 299
56 300
7 301
14 302
165 302
56 303
11 304
17 304
91 304
93 304
198 304
230 304
114 305
6 306
86 306
17 307
106 308
5 309
9 310
12 311
34 311
131 312
7 313
19 314
162 315
17 316
57 317
136 318
170 318
16 319
5 320
82 320
7 321
177 321
16 322
57 323
1 324
5 324
74 324
106 324
170 325
121 326
13 327
289 327
8 328
4 329
9 329
10 329
21 329
31 329
42 329
76 329
85 329
112 329
117 329
146 329
208 329
232 329
239 329
240 329
245 329
17 330
114 331
106 332
289 333
245 334
74 335
5 336
82 336
86 336
5 337
329 338
86 339
72 340
57 341
5 342
7 343
11 344
11 345
17 346
304 346
7 347
10 348
1 349
6 349
40 349
203 349
208 349
244 349
74 350
208 350
14 351
106 351
350 351
57 352
11 353
350 354
304 355
141 356
141 357
58 358
5 359
180 360
131 361
52 362
179 362
314 362
70 363
57 364
11 365
44 366
358 366
56 367
17 368
112 368
5 369
71 370
308 370
324 370
332 370
114 371
165 372
60 373
63 373
73 374
261 374
33 375
2 376
26 376
117 376
265 377
184 378
4 379
11 380
14 380
15 380
56 380
276 380
318 380
349 381
39 382
138 382
273 383
85 384
208 384
196 385
68 386
15 387
15 388
6 389
9 389
65 389
77 389
96 389
117 389
147 389
192 389
246 389
258 389
350 389
8 390
382 390
88 391
311 392
250 393
349 394
184 395
70 396
265 397
85 398
169 398
191 398
205 398
247 398
357 398
364 399
273 400
11 401
12 402
114 403
191 404
205 404
247 404
357 404
56 405
86 406
74 407
389 407
218 408
304 408
132 409
149 410
349 411
39 412
158 412
250 413
121 414
112 415
138 416
410 417
11 418
5 419
8 419
10 419
20 419
25 419
50 419
97 419
103 419
118 419
170 419
244 419
10 420
208 420
389 420
121 421
404 421
4 422
17 422
28 422
49 422
59 422
71 422
79 422
117 422
76 423
121 424
12 425
19 425
64 425
405 425
121 426
86 427
66 428
5 429
2 430
15 430
422 430
39 431
6 432
258 432
56 433
17 434
11 435
156 436
341 436
352 436
245 437
273 438
5 439
74 439
122 439
221 440
222 440
304 441
39 442
158 442
73 443
74 444
102 444
329 444
138 445
9 446
132 447
198 447
262 448
177 449
5 450
54 450
245 450
449 450
331 451
371 451
403 451
82 452
278 452
3 453
17 454
7 455
116 456
8 457
11 457
12 457
13 457
68 457
154 457
304 457
307 457
368 457
434 457
131 458
56 459
329 460
63 461
381 461
57 462
121 463
71 464
245 464
308 464
376 465
450 465
3 466
25 466
57 466
72 466
81 466
103 466
161 466
181 466
226 466
245 466
251 466
252 466
272 466
321 466
343 466
76 467
8 468
95 468
226 468
244 468
266 468
271 468
272 468
290 468
313 468
321 468
455 468
222 469
225 469
11 470
4 471
8 471
117 472
260 472
13 473
289 473
314 474
121 475
329 476
335 476
131 477
4 478
8 478
121 478
136 478
156 479
341 479
5 480
6 481
14 482
33 483
11 484
414 484
13 485
141 486
2 487
109 487
56 488
17 489
2 490
10 490
10 491
97 491
57 492
302 492
25 493
118 493
170 493
244 493
11 494
74 495
389 495
8 496
57 497
227 498
465 499
227 500
162 501
74 502
183 503
149 504
74 505
136 506
358 506
57 507
44 508
250 509
57 510
14 511
7 512
44 513
131 514
4 515
111 515
373 516
2 517
13 518
309 518
114 519
68 520
7 521
83 522
515 523
108 524
350 525
131 526
466 526
114 527
122 528
177 529
14 530
39 531
180 532
16 533
7 534
105 534
177 534
231 534
296 534
323 534
352 534
364 534
492 534
497 534
510 534
9 535
73 536
212 536
532 537
76 538
59 539
74 540
57 541
106 542
26 543
273 544
330 544
14 545
232 545
468 545
103 546
63 547
468 548
191 549
421 549
62 550
106 550
245 551
2 552
381 553
44 554
417 555
7 556
2 557
389 558
57 559
237 560
17 561
457 561
86 562
67 563
302 564
372 564
158 565
522 566
13 567
8 568
74 568
82 568
208 568
213 568
289 568
310 568
389 568
170 569
10 570
329 571
154 572
114 573
141 574
461 575
7 576
177 576
466 576
468 576
570 576
6 577
74 578
17 579
2 580
436 581
112 582
184 583
536 584
11 585
320 585
16 586
537 587
57 588
2 589
7 590
468 590
154 591
14 592
468 592
121 593
57 594
57 595
76 596
39 597
220 597
428 597
106 598
177 599
3 600
5 600
8 600
11 600
71 600
95 600
103 600
117 600
177 600
208 600
244 600
246 600
419 600
570 600
82 601
278 601
5 602
11 603
15 603
123 603
166 603
198 603
265 603
532 603
141 604
17 605
93 606
408 606
457 606
13 607
116 608
85 609
280 609
307 610
389 611
534 612
56 613
131 614
6 615
88 616
157 617
190 617
403 617
6 618
59 618
460 618
457 619
131 620
10 621
57 622
6 623
57 624
4 625
7 625
8 625
103 625
62 626
138 627
258 627
67 628
373 628
7 629
4 630
66 631
179 631
430 631
154 632
17 633
523 633
13 634
16 634
17 634
170 635
422 635
57 636
10 637
20 637
25 637
50 637
103 637
11 638
135 638
14 639
85 640
27 641
487 641
7 642
245 642
468 642
350 643
141 644
57 645
273 646
82 647
278 647
10 648
1 649
5 649
74 649
370 649
170 650
329 651
419 652
44 653
121 654
549 654
11 655
47 656
106 656
478 656
154 657
613 657
57 658
8 659
251 659
232 660
586 660
320 661
180 662
426 663
15 664
123 665
174 665
423 665
73 666
15 667
123 667
166 667
198 667
2 668
336 669
339 669
427 669
14 670
19 670
93 670
360 670
662 670
57 671
534 671
57 672
657 672
83 673
389 673
278 674
236 675
457 675
468 676
76 677
57 678
436 678
479 678
324 679
5 680
384 680
672 681
311 682
77 683
147 683
192 683
246 683
558 683
568 683
12 684
5 685
40 686
113 686
208 686
218 686
244 686
253 686
4 687
536 688
619 689
2 690
10 690
419 690
468 690
686 690
56 691
488 692
273 693
2 694
8 694
71 694
121 694
245 694
121 695
5 696
166 697
436 697
9 698
88 698
245 698
267 698
647 698
382 699
2 700
397 700
273 701
358 702
453 702
670 703
58 704
508 704
57 705
534 705
68 706
57 707
66 708
115 708
382 708
412 708
6 709
9 709
77 709
117 709
192 709
495 709
558 709
568 709
611 709
139 710
472 710
10 711
93 712
87 713
1 714
7 714
24 714
27 714
57 714
59 714
87 714
126 714
189 714
223 714
268 714
376 714
487 714
490 714
552 714
580 714
589 714
141 715
12 716
15 716
656 716
263 717
13 718
136 718
56 719
176 719
245 720
524 720
12 721
10 722
21 722
42 722
112 722
208 722
232 722
245 722
476 722
11 723
71 723
103 723
117 723
208 723
246 723
2 724
71 725
51 726
672 726
1 727
679 727
106 728
57 729
165 730
603 731
499 732
121 733
278 734
1 735
2 735
4 735
6 735
7 735
9 735
26 735
67 735
131 735
147 735
244 735
359 735
369 735
429 735
439 735
480 735
602 735
114 736
617 736
6 737
77 737
117 737
192 737
568 737
121 738
714 739
11 740
74 741
3 742
4 742
138 743
258 743
17 744
130 745
10 746
448 747
57 748
88 749
112 750
732 750
8 751
106 751
722 751
63 752
2 753
183 754
4 755
17 756
196 757
13 758
228 759
358 759
704 759
31 760
305 760
331 760
371 760
403 760
519 760
527 760
7 761
103 761
413 761
265 762
700 762
349 763
17 764
146 764
232 764
240 764
714 765
93 766
19 767
662 767
703 767
154 768
4 769
499 770
750 770
7 771
57 772
184 773
761 774
13 775
14 775
15 775
91 775
119 775
123 775
209 775
265 775
322 775
586 775
634 775
39 776
4 777
15 778
5 779
8 779
25 779
50 779
118 779
170 779
244 779
63 780
717 780
17 781
146 781
232 781
196 782
28 783
59 783
71 783
635 783
74 784
170 785
71 786
331 787
451 787
490 787
39 788
220 788
619 789
166 790
747 791
158 792
708 792
468 793
713 794
468 795
63 796
170 797
4 798
11 798
17 798
71 798
117 798
269 798
318 798
34 799
4 800
320 801
5 802
17 803
146 803
240 803
221 804
222 804
574 804
633 805
63 806
320 807
5 808
117 808
59 809
775 810
141 811
2 812
141 813
227 814
399 815
183 816
717 816
112 817
13 818
522 819
11 820
14 820
144 820
176 821
669 822
438 823
761 824
245 825
70 826
76 827
7 828
273 829
20 830
25 830
50 830
103 830
251 831
240 832
536 832
15 833
388 833
7 834
17 834
99 834
100 834
112 834
419 834
830 834
4 835
17 835
278 836
16 837
329 838
488 839
806 839
115 840
16 841
401 841
571 841
660 841
775 841
85 842
717 843
743 844
590 845
613 845
11 846
93 846
198 846
355 846
331 847
709 848
823 849
722 850
13 851
180 852
10 853
261 853
141 854
70 855
57 856
221 857
222 857
11 858
19 858
93 858
166 858
132 859
672 860
392 861
568 862
51 863
672 863
1 864
7 864
9 864
26 864
131 864
147 864
369 864
602 864
370 865
141 866
350 867
11 868
12 869
656 869
229 870
131 871
864 872
33 873
381 874
184 875
468 876
713 877
468 878
457 879
877 880
336 881
15 882
136 882
380 882
7 883
797 884
857 885
121 886
188 886
212 887
419 887
493 887
117 888
17 889
393 890
432 891
17 892
121 893
277 893
314 894
180 895
767 895
9 896
26 896
131 896
369 896
184 897
195 898
250 898
57 899
265 900
245 901
256 901
350 902
227 903
823 904
39 905
12 906
624 906
169 907
357 907
553 908
874 908
131 909
406 909
908 910
870 911
121 912
549 912
3 913
491 913
180 914
4 915
688 916
14 917
16 917
30 917
96 917
201 917
206 917
269 917
298 917
365 917
470 917
494 917
600 917
638 917
655 917
798 917
820 917
846 917
349 918
113 919
359 919
690 919
74 920
196 920
349 921
220 922
714 922
14 923
82 924
86 924
669 924
881 924
7 925
106 926
121 927
404 927
154 928
237 929
73 930
261 930
74 931
122 931
93 932
66 933
371 933
519 933
527 933
229 934
177 935
8 936
10 937
725 937
725 938
313 939
7 940
12 941
19 941
64 941
7 942
200 943
362 943
56 944
33 945
68 946
251 947
63 948
479 949
116 950
131 950
349 950
350 950
686 950
11 951
4 952
4 953
170 954
743 955
675 956
4 957
8 957
103 957
943 958
177 959
13 960
336 961
791 962
303 963
775 963
14 964
649 964
62 965
755 965
500 966
814 966
245 967
74 968
180 969
149 970
917 971
314 972
6 973
258 973
891 973
177 974
302 975
321 975
534 975
774 976
478 977
704 978
4 979
11 979
117 979
269 979
318 979
6 980
86 980
82 981
86 981
735 981
864 981
896 981
4 982
7 983
468 983
405 984
300 985
739 985
11 986
13 986
16 986
56 986
136 986
138 986
217 986
250 986
311 986
425 986
684 986
721 986
15 987
17 987
969 987
273 988
112 989
619 990
245 991
263 992
754 992
15 993
272 994
131 995
939 995
15 996
166 996
198 996
532 996
731 996
10 997
261 997
404 998
1 999
2 999
7 999
22 999
75 999
116 999
208 999
389 999
432 999
615 999
618 999
623 999
735 999
737 999
973 999
754 1000
357 1001
4 1002
686 1002
919 1002
257 1003
589 1003
767 1004
722 1005
3 1006
9 1006
11 1006
17 1006
49 1006
71 1006
117 1006
325 1006
635 1006
398 1007
549 1007
11 1008
414 1008
93 1009
15 1010
10 1011
370 1012
775 1013
8 1014
12 1014
68 1014
154 1014
304 1014
434 1014
561 1014
619 1014
675 1014
124 1015
323 1015
341 1015
466 1015
492 1015
588 1015
594 1015
595 1015
624 1015
658 1015
856 1015
899 1015
278 1016
9 1017
857 1018
33 1019
63 1020
717 1020
774 1021
824 1021
68 1022
70 1023
188 1023
409 1023
447 1023
52 1024
943 1024
82 1025
88 1026
250 1026
761 1026
522 1027
560 1027
7 1028
245 1029
349 1029
419 1029
468 1029
493 1029
184 1030
63 1031
7 1032
349 1033
121 1034
4 1035
56 1036
10 1037
61 1038
84 1038
39 1039
846 1039
82 1040
280 1040
33 1041
714 1042
12 1043
103 1044
229 1045
911 1045
461 1046
553 1046
874 1046
7 1047
14 1048
329 1049
335 1049
722 1049
82 1050
184 1051
468 1052
43 1053
350 1053
184 1054
66 1055
279 1055
666 1055
720 1056
85 1057
191 1057
604 1057
811 1057
854 1057
866 1057
851 1058
10 1059
261 1059
411 1059
307 1060
329 1061
9 1062
462 1063
670 1064
698 1064
703 1065
184 1066
5 1067
20 1067
50 1067
118 1067
690 1067
13 1068
289 1068
349 1069
461 1069
15 1070
10 1071
714 1071
986 1072
4 1073
227 1074
16 1075
759 1075
11 1076
56 1077
96 1078
107 1078
13 1079
389 1079
855 1079
122 1080
11 1081
5 1082
43 1082
229 1082
617 1083
696 1083
318 1084
74 1085
468 1086
131 1087
10 1088
170 1088
103 1089
123 1089
176 1089
215 1089
467 1089
677 1089
827 1089
929 1090
131 1091
981 1091
398 1092
491 1092
17 1093
278 1094
488 1095
106 1096
3 1097
16 1098
304 1098
789 1099
188 1100
46 1101
870 1102
2 1103
613 1104
442 1105
565 1105
792 1105
245 1106
791 1107
108 1108
720 1109
468 1110
39 1111
158 1111
708 1111
590 1112
613 1112
492 1113
975 1113
177 1114
11 1115
796 1116
221 1117
222 1117
13 1118
12 1119
8 1120
108 1120
142 1121
870 1121
57 1122
196 1123
416 1124
568 1125
13 1126
44 1127
76 1127
704 1127
1 1128
7 1128
197 1129
82 1130
240 1131
10 1132
725 1132
391 1133
492 1133
595 1133
856 1133
899 1133
12 1134
93 1135
289 1136
13 1137
14 1137
56 1137
68 1137
84 1137
127 1137
254 1137
275 1137
298 1137
817 1137
834 1137
989 1137
10 1138
170 1138
154 1139
33 1140
9 1141
25 1141
81 1141
95 1141
181 1141
216 1141
244 1141
245 1141
266 1141
321 1141
347 1141
534 1141
556 1141
625 1141
629 1141
828 1141
940 1141
942 1141
1028 1141
1032 1141
1128 1141
9 1142
791 1143
14 1144
11 1145
167 1145
17 1146
50 1147
388 1147
604 1147
698 1148
735 1149
12 1150
656 1150
669 1151
56 1152
17 1153
493 1154
5 1155
43 1155
2 1156
57 1157
11 1158
5 1159
499 1160
17 1161
232 1161
85 1162
154 1163
774 1163
74 1164
72 1165
112 1166
13 1167
15 1167
16 1167
134 1167
164 1167
217 1167
250 1167
425 1167
684 1167
716 1167
906 1167
1043 1167
1150 1167
154 1168
112 1169
1077 1170
722 1171
954 1171
436 1172
166 1173
177 1174
466 1174
468 1174
8 1175
75 1175
173 1175
564 1176
251 1177
229 1178
289 1179
12 1180
656 1180
796 1181
965 1182
85 1183
247 1183
1007 1183
906 1184
14 1185
9 1186
93 1187
672 1188
26 1189
10 1190
339 1190
74 1191
103 1192
141 1192
191 1193
205 1193
421 1193
927 1193
998 1193
5 1194
357 1194
15 1195
57 1196
675 1197
56 1198
85 1199
90 1200
479 1200
917 1201
450 1202
325 1203
947 1203
478 1204
197 1205
617 1206
112 1207
1137 1207
1125 1208
108 1209
280 1209
121 1210
663 1210
381 1211
908 1211
1046 1211
478 1212
487 1213
1 1214
23 1214
91 1214
94 1214
120 1214
327 1214
634 1214
851 1214
112 1215
1137 1215
2 1216
11 1217
56 1217
318 1217
478 1217
506 1217
718 1217
613 1218
17 1219
1 1220
2 1220
8 1220
10 1220
35 1220
40 1220
113 1220
163 1220
234 1220
283 1220
295 1220
422 1220
755 1220
769 1220
798 1220
835 1220
915 1220
953 1220
1002 1220
1035 1220
1073 1220
14 1221
714 1222
33 1223
349 1224
461 1224
1211 1224
421 1225
90 1226
1077 1226
1089 1227
170 1228
241 1228
170 1229
13 1230
17 1230
19 1230
60 1230
63 1230
160 1230
264 1230
303 1230
380 1230
405 1230
459 1230
613 1230
719 1230
944 1230
1036 1230
1152 1230
704 1231
1075 1231
278 1232
191 1233
205 1233
7 1234
26 1235
117 1235
714 1235
86 1236
87 1237
877 1237
39 1238
158 1238
708 1238
425 1239
941 1239
28 1240
59 1240
227 1241
604 1242
56 1243
478 1243
686 1244
884 1244
888 1245
269 1246
863 1247
1188 1247
245 1248
11 1249
726 1250
863 1250
107 1251
7 1252
468 1252
6 1253
909 1254
85 1255
103 1256
468 1257
114 1258
1181 1258
613 1259
430 1260
270 1261
478 1261
1167 1262
6 1263
8 1263
10 1263
35 1263
40 1263
74 1263
95 1263
117 1263
170 1263
216 1263
286 1263
379 1263
422 1263
687 1263
777 1263
798 1263
800 1263
952 1263
957 1263
997 1263
1035 1263
841 1264
338 1265
57 1266
376 1266
7 1267
994 1267
57 1268
7 1269
675 1270
12 1271
986 1271
1167 1271
1015 1272
84 1273
250 1273
752 1273
796 1273
806 1273
948 1273
1230 1273
1263 1274
14 1275
14 1276
4 1277
919 1277
1220 1277
447 1278
587 1278
636 1278
273 1279
330 1279
7 1280
85 1281
450 1282
8 1283
227 1283
839 1284
710 1285
17 1286
273 1286
291 1286
391 1286
616 1286
698 1286
1026 1286
7 1287
141 1288
12 1289
30 1290
911 1291
1121 1291
106 1292
245 1293
273 1294
6 1295
594 1296
1 1297
4 1297
8 1297
74 1297
251 1297
389 1297
917 1297
66 1298
597 1298
16 1299
278 1300
568 1301
1 1302
3 1302
4 1302
7 1302
8 1302
74 1302
82 1302
129 1302
172 1302
208 1302
255 1302
306 1302
432 1302
623 1302
973 1302
980 1302
1253 1302
232 1303
841 1303
7 1304
6 1305
9 1305
67 1305
77 1305
96 1305
116 1305
117 1305
192 1305
197 1305
246 1305
258 1305
259 1305
350 1305
407 1305
444 1305
502 1305
649 1305
784 1305
920 1305
1263 1305
1297 1305
999 1306
796 1307
972 1307
114 1308
106 1309
350 1309
273 1310
743 1311
14 1312
7 1313
196 1314
16 1315
17 1315
114 1316
891 1317
999 1317
1167 1318
11 1319
320 1319
138 1320
879 1320
63 1321
68 1322
1317 1322
278 1323
1292 1323
421 1324
74 1325
354 1325
389 1325
643 1325
902 1325
1305 1325
884 1326
39 1327
874 1328
7 1329
478 1330
10 1331
21 1331
42 1331
154 1331
208 1331
232 1331
245 1331
1049 1331
617 1332
46 1333
26 1334
1273 1335
57 1336
586 1337
14 1338
1145 1339
468 1340
11 1341
17 1341
90 1341
180 1341
276 1341
387 1341
388 1341
430 1341
603 1341
667 1341
775 1341
778 1341
882 1341
450 1342
8 1343
106 1344
2 1345
96 1345
109 1345
641 1345
318 1346
534 1347
6 1348
57 1348
449 1348
576 1348
959 1348
1174 1348
287 1349
452 1349
647 1349
1016 1349
1300 1349
947 1350
622 1351
39 1352
1298 1352
452 1353
1016 1353
4 1354
8 1354
103 1354
468 1354
1141 1354
1263 1354
2 1355
871 1356
364 1357
19 1358
180 1359
6 1360
8 1360
14 1360
95 1360
103 1360
244 1360
252 1360
271 1360
272 1360
285 1360
301 1360
343 1360
512 1360
521 1360
714 1360
771 1360
828 1360
834 1360
864 1360
983 1360
999 1360
1028 1360
1047 1360
1267 1360
1280 1360
17 1361
221 1362
222 1362
5 1363
310 1363
121 1364
10 1365
21 1365
850 1365
108 1366
419 1367
870 1368
96 1369
56 1370
114 1371
162 1372
15 1373
39 1374
5 1375
714 1376
63 1377
1104 1378
1112 1378
184 1379
33 1380
5 1381
74 1381
229 1381
949 1381
50 1382
604 1382
957 1382
236 1383
457 1383
1270 1383
3 1384
9 1384
71 1384
325 1384
12 1385
624 1385
150 1386
4 1387
686 1387
487 1388
1091 1389
884 1390
106 1391
2 1392
647 1392
981 1392
1025 1392
1050 1392
1130 1392
404 1393
1093 1393
349 1394
10 1395
149 1396
14 1397
39 1398
245 1399
1216 1399
767 1400
656 1401
427 1402
245 1403
708 1404
2 1405
469 1405
4 1406
1263 1406
14 1407
362 1408
1024 1408
1286 1409
93 1410
39 1411
675 1411
63 1412
1314 1413
43 1414
708 1415
1141 1415
350 1416
1325 1416
851 1417
14 1418
19 1418
662 1418
106 1419
370 1419
457 1420
1270 1420
1383 1421
617 1422
13 1423
16 1423
775 1423
1214 1423
131 1424
466 1424
141 1425
43 1426
17 1427
457 1427
572 1427
632 1427
768 1427
809 1427
928 1427
1139 1427
1163 1427
6 1428
849 1429
56 1430
823 1431
1237 1431
488 1432
1302 1433
263 1434
71 1435
846 1435
307 1436
39 1437
121 1438
1220 1439
349 1440
11 1441
8 1442
154 1443
11 1444
15 1445
1147 1445
1341 1445
11 1446
198 1446
355 1446
917 1446
1435 1446
1129 1447
1205 1447
149 1448
2 1449
117 1449
143 1450
210 1450
385 1450
1123 1450
51 1451
1247 1451
57 1452
8 1453
110 1453
173 1453
350 1454
388 1455
8 1456
10 1456
178 1456
917 1456
563 1457
628 1457
76 1458
6 1459
745 1459
23 1460
94 1460
851 1460
73 1461
613 1462
57 1463
576 1463
180 1464
603 1464
667 1464
15 1465
388 1465
5 1466
461 1466
670 1467
767 1467
7 1468
1141 1468
251 1469
1350 1469
114 1470
68 1471
522 1472
2 1473
10 1473
539 1473
783 1473
809 1473
34 1474
251 1475
96 1476
15 1477
304 1478
1214 1478
197 1479
17 1480
74 1481
354 1481
389 1481
1305 1481
1230 1482
1472 1483
2 1484
109 1484
106 1485
17 1486
49 1486
71 1486
419 1486
635 1486
785 1486
954 1486
1088 1486
1229 1486
1141 1487
1391 1488
266 1489
180 1490
269 1490
304 1490
858 1490
1187 1490
670 1491
381 1492
908 1492
1046 1492
370 1493
320 1494
74 1495
860 1496
6 1497
14 1497
17 1497
100 1497
240 1497
659 1497
831 1497
1177 1497
1297 1497
1475 1497
450 1498
7 1499
1141 1499
251 1500
1497 1500
9 1501
17 1501
71 1501
318 1501
325 1501
419 1501
493 1501
635 1501
785 1501
1138 1501
1229 1501
1263 1501
726 1502
863 1502
884 1503
874 1504
166 1505
88 1506
91 1506
107 1506
163 1506
165 1506
170 1506
176 1506
290 1506
330 1506
346 1506
422 1506
434 1506
634 1506
744 1506
756 1506
781 1506
803 1506
834 1506
987 1506
1219 1506
1286 1506
1361 1506
1497 1506
221 1507
222 1507
57 1508
1278 1508
19 1509
73 1510
15 1511
5 1512
43 1512
74 1512
533 1513
1427 1514
6 1515
3 1516
536 1517
17 1518
761 1519
1021 1519
1420 1520
16 1521
414 1522
7 1523
70 1524
249 1524
409 1524
39 1525
1298 1525
404 1526
1093 1526
635 1527
14 1528
626 1528
318 1529
277 1530
327 1531
1478 1531
137 1532
259 1532
324 1532
335 1532
407 1532
439 1532
444 1532
502 1532
505 1532
568 1532
741 1532
1085 1532
1297 1532
1302 1532
1325 1532
1381 1532
1481 1532
253 1533
608 1533
950 1533
999 1533
1305 1533
250 1534
7 1535
468 1535
3 1536
6 1537
24 1538
67 1538
350 1539
999 1540
1009 1541
115 1542
884 1543
1073 1543
768 1544
17 1545
112 1546
8 1547
17 1548
91 1548
93 1548
230 1548
346 1548
408 1548
441 1548
457 1548
1014 1548
1478 1548
1490 1548
329 1549
9 1550
116 1550
468 1550
493 1550
735 1550
1141 1550
245 1551
287 1552
452 1552
647 1552
1016 1552
227 1553
11 1554
114 1555
74 1556
389 1556
278 1557
1349 1557
478 1558
990 1558
314 1559
1307 1559
452 1560
1016 1560
613 1561
74 1562
72 1563
7 1564
774 1564
824 1564
1519 1564
17 1565
14 1566
4 1567
1263 1567
40 1568
244 1568
106 1569
1323 1569
4 1570
176 1571
73 1572
57 1573
63 1574
57 1575
56 1576
467 1577
596 1577
1109 1578
1360 1578
227 1579
138 1580
425 1580
721 1580
1566 1580
306 1581
112 1582
14 1583
232 1583
468 1583
11 1584
1118 1584
1497 1585
10 1586
411 1586
121 1587
1243 1587
1330 1587
1442 1587
50 1588
690 1588
1449 1588
9 1589
241 1590
121 1591
841 1592
177 1593
788 1594
922 1594
708 1595
771 1595
1211 1596
17 1597
841 1598
5 1599
4 1600
2 1601
85 1602
39 1603
550 1604
670 1604
14 1605
358 1606
452 1607
1016 1607
85 1608
493 1609
419 1610
1067 1610
1384 1611
82 1612
2 1613
6 1613
1302 1613
1220 1614
5 1615
147 1616
294 1616
1080 1616
438 1617
904 1617
8 1618
112 1619
218 1620
304 1620
1283 1620
245 1621
449 1621
1202 1621
1342 1621
1498 1621
1090 1622
3 1623
310 1623
760 1624
1584 1625
11 1626
103 1626
117 1626
246 1626
1452 1627
16 1628
796 1629
1559 1629
16 1630
660 1630
103 1631
767 1632
16 1633
17 1633
703 1634
1400 1634
1467 1634
404 1635
870 1635
57 1636
13 1637
113 1638
218 1638
244 1638
253 1638
950 1638
1002 1638
1206 1638
1387 1638
370 1639
703 1640
14 1641
289 1641
121 1642
191 1642
1081 1642
56 1643
1170 1643
14 1644
170 1645
222 1645
168 1646
1638 1646
57 1647
534 1647
840 1648
924 1648
17 1649
388 1650
667 1650
775 1650
778 1650
1445 1650
6 1651
1302 1651
191 1652
421 1652
722 1653
2 1654
686 1654
1090 1655
2 1656
1003 1656
4 1657
7 1657
10 1657
1141 1657
138 1658
280 1659
442 1659
999 1659
114 1660
4 1661
200 1662
59 1663
917 1663
1528 1663
170 1664
244 1664
887 1664
1154 1664
1501 1664
1550 1664
1609 1664
1417 1665
137 1666
934 1666
318 1667
33 1668
103 1669
252 1669
285 1669
343 1669
864 1669
983 1669
1047 1669
1267 1669
1578 1669
708 1670
1552 1671
1607 1671
580 1672
184 1673
498 1673
1241 1673
1579 1673
56 1674
1230 1674
16 1675
1075 1676
74 1677
74 1678
1341 1679
121 1680
64 1681
320 1682
1406 1683
358 1684
1083 1685
7 1686
1360 1686
17 1687
170 1688
422 1688
1527 1688
121 1689
273 1690
527 1691
3 1692
830 1692
469 1693
9 1694
503 1694
568 1694
1623 1694
71 1695
114 1696
760 1696
787 1696
847 1696
1125 1697
106 1698
738 1699
6 1700
1663 1701
511 1702
7 1703
1360 1703
1545 1704
1165 1705
4 1706
1220 1706
180 1707
150 1708
1623 1709
1467 1710
484 1711
56 1712
1112 1712
1230 1712
1561 1712
12 1713
1167 1713
717 1714
1578 1715
218 1716
950 1716
1387 1716
1426 1716
553 1717
138 1718
1220 1718
1643 1718
103 1719
874 1720
404 1721
250 1722
767 1723
121 1724
473 1724
1141 1725
1630 1726
1286 1727
63 1728
1273 1728
2 1729
142 1730
17 1731
1506 1731
289 1732
1311 1732
142 1733
487 1734
725 1735
604 1736
141 1737
1506 1738
53 1739
74 1739
122 1739
208 1739
735 1739
864 1739
468 1740
1254 1740
170 1741
222 1741
536 1742
544 1742
1055 1743
1627 1744
498 1745
1241 1745
1579 1745
19 1746
604 1747
1170 1748
85 1749
114 1749
44 1750
71 1751
938 1751
487 1752
74 1753
600 1753
683 1753
1305 1753
1626 1753
245 1754
114 1755
1040 1756
1209 1756
404 1757
306 1758
62 1759
61 1760
704 1761
1607 1761
162 1762
17 1763
15 1764
46 1765
278 1765
342 1765
829 1765
499 1766
718 1766
277 1767
752 1767
11 1768
42 1769
71 1769
116 1769
308 1769
324 1769
656 1769
1419 1769
1485 1769
1193 1770
613 1771
1378 1771
16 1772
63 1773
381 1773
1046 1773
1069 1773
338 1774
884 1775
168 1776
1638 1776
314 1777
57 1778
376 1778
841 1779
534 1780
427 1781
338 1782
14 1783
444 1784
16 1785
1501 1786
1594 1786
191 1787
421 1787
250 1788
1421 1789
9 1790
88 1790
267 1790
647 1790
1064 1790
1148 1790
82 1791
1392 1791
17 1792
232 1792
1410 1793
90 1794
1077 1794
1230 1795
303 1796
1420 1797
391 1798
1237 1799
56 1800
108 1801
16 1802
663 1803
1315 1803
107 1804
40 1805
17 1806
191 1807
421 1807
14 1808
514 1809
1492 1810
1345 1811
7 1812
44 1813
978 1814
1090 1815
416 1816
419 1817
11 1818
3 1819
71 1819
1611 1819
9 1820
267 1820
1148 1820
466 1821
1348 1821
39 1822
82 1823
1392 1823
227 1824
474 1825
894 1825
972 1825
735 1826
864 1826
313 1827
1144 1827
782 1828
1659 1828
929 1829
1622 1829
14 1830
1828 1830
550 1831
875 1831
1413 1832
39 1833
56 1834
506 1834
1138 1834
238 1835
1313 1835
131 1836
774 1837
824 1837
1519 1837
10 1838
798 1839
743 1840
1381 1841
1481 1841
420 1842
986 1842
39 1843
1383 1844
85 1845
169 1845
486 1845
811 1845
866 1845
923 1846
1214 1846
1016 1847
4 1848
845 1849
703 1850
484 1851
1008 1851
1522 1851
499 1852
425 1853
8 1854
468 1855
263 1856
534 1857
871 1858
39 1859
847 1860
66 1861
115 1861
536 1861
12 1862
656 1862
304 1863
447 1863
846 1863
1446 1863
63 1864
525 1865
191 1866
1093 1866
39 1867
12 1868
63 1868
393 1868
509 1868
898 1868
986 1868
1026 1868
1167 1868
1273 1868
1534 1868
1722 1868
195 1869
1230 1869
11 1870
19 1870
37 1870
123 1870
166 1870
360 1870
895 1870
1359 1870
1506 1871
5 1872
5 1873
1765 1873
986 1874
1247 1875
372 1876
1176 1876
667 1877
737 1877
790 1877
996 1877
1870 1877
57 1878
14 1879
1447 1880
714 1881
180 1882
667 1882
421 1883
654 1883
912 1883
425 1884
1141 1885
1360 1885
81 1886
103 1886
161 1886
181 1886
226 1886
245 1886
251 1886
272 1886
321 1886
576 1886
1174 1886
1821 1886
39 1887
419 1888
66 1889
788 1889
922 1889
57 1890
1663 1891
496 1892
514 1892
318 1893
57 1894
1231 1894
1278 1894
672 1895
270 1896
1302 1897
768 1898
37 1899
93 1899
166 1899
198 1899
360 1899
852 1899
969 1899
1359 1899
1464 1899
1672 1899
1112 1900
227 1901
5 1902
669 1902
670 1903
767 1903
1065 1903
1634 1903
1640 1903
1850 1903
416 1904
536 1905
1506 1905
102 1906
180 1906
606 1906
1187 1906
1410 1906
1899 1906
14 1907
1263 1908
44 1909
704 1909
7 1910
436 1911
1089 1912
560 1913
552 1914
487 1915
106 1916
1716 1917
788 1918
1786 1918
563 1919
349 1920
709 1921
737 1921
5 1922
461 1922
1007 1923
11 1924
3 1925
830 1925
1 1926
2 1926
3 1926
7 1926
8 1926
9 1926
116 1926
131 1926
244 1926
320 1926
336 1926
337 1926
359 1926
439 1926
450 1926
600 1926
685 1926
1194 1926
1363 1926
1381 1926
1615 1926
1922 1926
1230 1927
916 1928
14 1929
492 1930
112 1931
70 1932
188 1932
409 1932
447 1932
491 1932
1061 1932
57 1933
17 1934
57 1935
534 1935
938 1935
1167 1935
527 1936
929 1936
863 1937
457 1938
775 1939
484 1940
1008 1940
1930 1941
906 1942
405 1943
841 1944
2 1945
6 1945
1302 1945
95 1946
1603 1946
522 1947
4 1948
1220 1948
444 1949
878 1950
304 1951
1427 1952
912 1953
1007 1953
17 1954
965 1955
136 1956
1766 1956
16 1957
69 1957
179 1957
219 1957
261 1957
314 1957
1418 1957
1870 1957
588 1958
613 1958
245 1959
904 1960
85 1961
169 1961
247 1961
841 1962
57 1963
40 1964
708 1965
1584 1966
1263 1967
1488 1968
1596 1968
6 1969
1302 1969
1581 1969
1758 1969
683 1970
17 1971
17 1972
99 1972
100 1972
419 1972
329 1973
450 1974
350 1975
2 1976
309 1977
919 1978
70 1979
93 1980
1793 1980
788 1981
683 1982
536 1983
1332 1983
17 1984
401 1984
112 1985
1137 1985
74 1986
389 1986
1305 1986
4 1987
138 1987
1220 1987
19 1988
9 1989
56 1990
846 1991
14 1992
201 1992
206 1992
494 1992
655 1992
820 1992
1297 1992
1446 1992
112 1993
7 1994
774 1994
1519 1994
122 1995
709 1995
737 1995
478 1996
82 1997
846 1997
273 1998
330 1998
162 1999
229 2000
911 2000
1738 2001
17 2002
710 2003
1581 2003
672 2004
63 2005
13 2006
1214 2006
1263 2007
1447 2008
1815 2009
13 2010
39 2011
189 2012
468 2013
626 2013
273 2014
61 2015
84 2015
86 2016
56 2017
1230 2017
436 2018
672 2019
818 2020
1552 2020
129 2021
841 2022
1860 2022
1825 2023
8 2024
389 2024
917 2024
1497 2024
1532 2024
12 2025
15 2025
1167 2025
39 2026
14 2027
1803 2028
245 2029
1506 2030
4 2031
376 2031
389 2031
472 2031
723 2031
737 2031
1626 2031
122 2032
709 2032
737 2032
227 2033
7 2034
1141 2034
51 2035
170 2035
380 2035
791 2036
922 2037
1786 2037
534 2038
1405 2039
1693 2039
534 2040
17 2041
91 2041
408 2041
457 2041
11 2042
1413 2043
1885 2044
809 2045
59 2046
11 2047
15 2047
112 2047
917 2047
44 2048
73 2049
894 2050
14 2051
389 2052
709 2052
8 2053
57 2054
57 2055
1121 2056
1445 2056
1814 2057
500 2058
1074 2058
1579 2058
1824 2058
971 2059
7 2060
2 2061
398 2062
917 2062
302 2063
1113 2063
15 2064
380 2064
979 2064
491 2065
114 2066
847 2066
166 2067
1877 2067
1679 2068
57 2069
74 2070
82 2070
683 2070
737 2070
862 2070
1125 2070
8 2071
468 2072
14 2073
1789 2074
10 2075
339 2075
56 2076
526 2076
450 2077
665 2077
1195 2077
1621 2077
56 2078
1138 2078
157 2079
403 2079
1206 2079
1422 2079
6 2080
745 2080
27 2081
273 2082
56 2083
683 2084
534 2085
57 2086
479 2086
245 2087
232 2088
468 2088
499 2089
789 2090
251 2091
884 2092
227 2093
1745 2093
373 2094
82 2095
278 2095
1349 2095
1353 2095
1560 2095
1607 2095
84 2096
419 2097
71 2098
263 2099
112 2100
1413 2101
783 2102
1273 2103
845 2104
11 2105
1536 2106
157 2107
403 2107
442 2108
792 2108
131 2109
1851 2110
191 2111
672 2112
468 2113
1115 2114
17 2115
1080 2116
1586 2116
232 2117
468 2118
1886 2118
14 2119
978 2119
6 2120
88 2121
1501 2122
28 2123
147 2123
259 2123
180 2124
304 2124
316 2124
670 2124
766 2124
1009 2124
1187 2124
1548 2124
1899 2124
1996 2125
221 2126
626 2127
106 2128
107 2129
537 2130
1300 2130
1263 2131
15 2132
14 2133
15 2134
33 2135
287 2136
17 2137
90 2137
882 2137
1679 2137
1230 2138
16 2139
667 2139
1899 2139
57 2140
170 2141
422 2141
1501 2141
1527 2141
1273 2142
17 2143
2074 2144
28 2145
986 2146
21 2147
42 2147
76 2147
85 2147
146 2147
232 2147
240 2147
460 2147
651 2147
1061 2147
1973 2147
112 2148
1225 2148
4 2149
8 2149
713 2150
191 2151
421 2151
227 2152
1739 2152
12 2153
7 2154
774 2154
96 2155
1478 2156
57 2157
534 2157
851 2158
300 2159
278 2160
1560 2160
122 2161
737 2161
1497 2162
2020 2163
314 2164
660 2164
1446 2165
1804 2166
398 2167
1845 2167
12 2168
1165 2169
14 2170
23 2171
273 2171
273 2172
586 2173
841 2173
9 2174
84 2175
870 2176
34 2177
468 2178
1122 2179
1055 2180
14 2181
834 2181
33 2182
959 2183
86 2184
1302 2184
5 2185
465 2185
1202 2185
1282 2185
1926 2185
686 2186
1220 2186
1616 2187
1926 2188
915 2189
1506 2190
142 2191
28 2192
11 2193
112 2193
6 2194
1302 2194
1758 2194
1745 2195
1015 2196
1349 2197
14 2198
112 2199
179 2199
536 2200
672 2201
1250 2201
1502 2201
1977 2202
1830 2203
1932 2203
895 2204
1004 2204
1400 2204
1467 2204
1632 2204
1065 2205
1462 2205
1716 2205
1183 2206
1607 2207
63 2208
1486 2209
1083 2210
39 2211
357 2212
72 2213
686 2214
884 2214
196 2215
1674 2215
106 2216
468 2217
480 2217
1016 2218
173 2219
114 2220
787 2220
847 2220
66 2221
788 2221
74 2222
1049 2222
2 2223
96 2223
1456 2223
624 2224
1392 2225
39 2226
998 2227
1393 2227
576 2228
371 2229
1451 2230
1875 2230
874 2231
57 2232
318 2233
17 2234
33 2234
86 2235
881 2235
1648 2235
4 2236
10 2237
197 2238
3 2239
366 2239
554 2239
653 2239
1127 2239
1750 2239
1813 2239
1486 2240
2098 2241
1738 2242
1360 2243
241 2244
743 2245
1220 2246
488 2247
786 2247
1491 2247
114 2248
5 2249
2 2250
1016 2251
2095 2251
122 2252
389 2252
737 2252
33 2253
4 2254
1263 2254
683 2255
1637 2256
2176 2256
841 2257
114 2258
760 2258
1691 2258
96 2259
1265 2260
7 2261
177 2261
227 2262
12 2263
909 2264
1740 2264
986 2265
96 2266
922 2267
7 2268
6 2269
1767 2269
11 2270
12 2271
1167 2271
643 2272
10 2273
1078 2273
1345 2273
1369 2273
2155 2273
106 2274
162 2275
448 2275
373 2276
1230 2276
349 2277
138 2278
1271 2278
1868 2278
1872 2279
93 2280
106 2281
1323 2281
564 2282
358 2283
1569 2284
9 2285
116 2285
117 2285
147 2285
192 2285
197 2285
407 2285
444 2285
578 2285
649 2285
784 2285
968 2285
1191 2285
1512 2285
1677 2285
1753 2285
9 2286
117 2286
192 2286
197 2286
407 2286
578 2286
1512 2286
1753 2286
1673 2287
2204 2288
265 2289
2011 2290
683 2291
107 2292
2273 2292
1417 2293
41 2294
2253 2295
841 2296
96 2297
117 2297
258 2297
558 2297
999 2297
1066 2297
1079 2297
1297 2297
1556 2297
1986 2297
2024 2297
2031 2297
2052 2297
1065 2298
1716 2298
2 2299
7 2300
93 2301
1631 2302
14 2303
15 2303
23 2303
34 2303
112 2303
120 2303
327 2303
473 2303
634 2303
718 2303
758 2303
960 2303
1068 2303
1118 2303
1126 2303
1167 2303
1423 2303
1637 2303
2006 2303
2010 2303
613 2304
17 2305
969 2305
1506 2305
398 2306
491 2306
791 2307
349 2308
6 2309
2 2310
71 2310
121 2310
745 2311
2304 2311
917 2312
9 2313
106 2314
7 2315
2 2316
96 2316
714 2316
273 2317
15 2318
1141 2319
6 2320
8 2320
14 2320
244 2320
252 2320
864 2320
999 2320
1028 2320
1047 2320
1267 2320
1686 2320
1286 2321
21 2322
42 2322
76 2322
651 2322
2206 2323
1 2324
2 2324
4 2324
7 2324
8 2324
9 2324
104 2324
117 2324
125 2324
251 2324
259 2324
320 2324
324 2324
336 2324
359 2324
369 2324
419 2324
802 2324
808 2324
1155 2324
1159 2324
1375 2324
1512 2324
1873 2324
1902 2324
2249 2324
4 2325
8 2325
468 2325
1141 2325
468 2326
57 2327
704 2328
14 2329
947 2330
1263 2331
12 2332
392 2332
986 2332
686 2333
1638 2333
14 2334
43 2335
2285 2336
2124 2337
11 2338
172 2338
57 2339
534 2339
938 2339
1090 2340
429 2341
999 2341
108 2342
63 2343
1072 2343
16 2344
1290 2345
702 2346
759 2346
1684 2346
2283 2346
366 2347
1759 2347
2283 2347
74 2348
2285 2348
57 2349
604 2350
149 2351
57 2352
536 2353
1055 2354
612 2355
2058 2355
4 2356
13 2357
289 2357
1214 2357
39 2358
158 2358
708 2358
66 2359
788 2359
1460 2359
1532 2360
2028 2360
1594 2361
2037 2361
703 2362
878 2362
3 2363
6 2363
13 2363
82 2363
85 2363
208 2363
251 2363
324 2363
714 2363
1220 2363
1297 2363
1926 2363
2324 2363
1784 2364
12 2365
697 2365
1015 2366
39 2367
212 2367
292 2367
631 2367
1957 2367
2199 2367
499 2368
247 2369
1860 2370
1648 2371
1307 2372
364 2373
7 2374
1360 2374
17 2375
774 2376
824 2376
661 2377
686 2377
1319 2377
1682 2377
1926 2377
2324 2377
403 2378
737 2378
1712 2379
1770 2380
2039 2380
10 2381
349 2382
1420 2383
358 2384
796 2385
972 2385
2372 2385
1073 2386
511 2387
1263 2388
686 2389
1220 2389
376 2390
1587 2391
1 2392
27 2392
57 2392
59 2392
189 2392
223 2392
490 2392
552 2392
589 2392
739 2392
765 2392
1360 2392
1376 2392
1640 2392
2316 2392
85 2393
324 2393
1220 2393
2324 2393
178 2394
2223 2394
17 2395
444 2396
166 2397
198 2397
2139 2397
1237 2398
34 2399
1421 2400
487 2401
200 2402
1024 2402
421 2403
4 2404
1220 2404
43 2405
1654 2406
53 2407
96 2407
422 2407
1240 2407
39 2408
978 2409
1247 2410
2230 2410
2 2411
168 2411
245 2411
73 2412
142 2413
759 2414
1696 2415
33 2416
1413 2417
7 2418
824 2418
1519 2418
714 2419
114 2420
760 2420
979 2421
7 2422
1123 2423
83 2424
1947 2424
405 2425
15 2426
245 2427
197 2428
73 2429
7 2430
1360 2430
1608 2431
141 2432
398 2432
404 2432
7 2433
82 2434
1648 2434
85 2435
280 2435
131 2436
760 2437
1286 2438
154 2439
1673 2440
17 2441
273 2441
749 2441
1026 2441
14 2442
199 2442
683 2443
229 2444
26 2445
117 2445
542 2446
1506 2447
1513 2447
99 2448
2062 2449
1405 2450
1693 2450
2380 2450
251 2451
1478 2452
1594 2452
1889 2452
1981 2452
20 2453
683 2454
1170 2455
107 2456
791 2457
943 2457
14 2458
44 2459
1823 2459
34 2460
56 2461
1230 2461
745 2462
6 2463
986 2464
85 2465
1528 2466
947 2467
1469 2467
143 2468
757 2468
782 2468
2215 2468
39 2469
25 2470
244 2470
887 2470
1029 2470
1154 2470
1501 2470
11 2471
1992 2471
7 2472
105 2472
352 2472
466 2472
541 2472
559 2472
588 2472
672 2472
899 2472
1122 2472
1266 2472
1348 2472
1463 2472
1508 2472
1573 2472
1636 2472
1647 2472
1878 2472
1933 2472
1963 2472
2054 2472
2086 2472
2157 2472
2339 2472
57 2473
593 2474
9 2475
908 2476
958 2477
708 2478
1015 2479
2472 2479
5 2480
208 2480
57 2481
419 2481
637 2481
74 2482
229 2482
2324 2482
1447 2483
39 2484
1302 2485
1302 2486
338 2487
82 2488
1648 2488
2204 2489
1141 2490
6 2491
8 2492
329 2492
1462 2492
448 2493
4 2494
700 2494
196 2495
425 2496
4 2497
122 2498
2116 2498
887 2499
2 2500
5 2500
97 2500
170 2500
175 2500
191 2500
466 2500
1006 2500
1097 2500
1623 2500
1692 2500
1925 2500
1926 2500
2239 2500
8 2501
121 2501
195 2501
2376 2501
2448 2501
1427 2502
17 2503
71 2503
117 2503
269 2503
318 2503
511 2503
917 2503
1220 2503
1607 2504
389 2505
1976 2505
2297 2505
576 2506
1885 2507
240 2508
198 2509
8 2510
106 2510
1331 2510
586 2511
1137 2511
34 2512
17 2513
1827 2513
2035 2513
2124 2514
342 2515
16 2516
1528 2516
56 2517
191 2518
1721 2518
138 2519
390 2519
708 2519
17 2520
56 2521
544 2521
251 2522
93 2523
2516 2524
56 2525
373 2526
14 2527
775 2528
66 2529
788 2529
208 2530
232 2530
245 2530
603 2531
996 2531
1533 2532
1528 2533
1532 2534
1825 2535
998 2536
1393 2536
1290 2537
116 2538
1638 2538
114 2539
847 2539
788 2540
4 2541
466 2542
14 2543
17 2544
142 2545
138 2546
130 2547
440 2547
469 2547
10 2548
576 2548
1000 2549
436 2550
403 2551
2255 2551
986 2552
1913 2552
66 2553
179 2553
536 2553
2367 2553
82 2554
999 2555
1638 2556
468 2557
227 2558
1848 2559
1533 2560
329 2561
760 2561
70 2562
906 2563
1015 2563
884 2564
3 2565
9 2565
549 2566
1807 2566
1883 2566
2403 2566
1740 2567
350 2568
13 2569
68 2569
154 2569
304 2569
368 2569
434 2569
606 2569
675 2569
1104 2569
1427 2569
1938 2569
466 2570
2076 2570
236 2571
457 2571
1270 2571
1421 2571
17 2572
1526 2572
1866 2572
329 2573
439 2573
841 2573
103 2574
1825 2575
1957 2576
436 2577
534 2577
17 2578
1251 2578
1506 2578
1804 2578
2129 2578
2292 2578
314 2579
106 2580
10 2581
261 2581
411 2581
222 2582
466 2583
1170 2584
68 2585
11 2586
1112 2587
1771 2587
7 2588
539 2589
783 2589
809 2589
1360 2590
1669 2590
114 2591
760 2591
419 2592
493 2592
1664 2592
56 2593
28 2594
71 2594
1473 2594
1781 2595
289 2596
947 2597
1469 2597
1886 2598
1427 2599
2589 2599
273 2600
517 2601
617 2602
1983 2602
121 2603
7 2604
71 2605
325 2605
1611 2605
17 2606
422 2607
1794 2608
99 2609
7 2610
11 2611
112 2612
2367 2612
464 2613
1769 2613
14 2614
318 2614
1187 2615
1548 2615
883 2616
1009 2617
487 2618
2578 2619
1230 2620
142 2621
603 2622
996 2622
1588 2623
1762 2624
2524 2624
70 2625
82 2626
278 2626
2136 2626
1302 2627
263 2628
752 2628
796 2628
948 2628
1020 2628
1230 2628
1321 2628
1377 2628
1412 2628
1574 2628
1728 2628
1864 2628
2208 2628
421 2629
57 2630
2472 2630
93 2631
1906 2631
19 2632
474 2632
972 2632
1957 2632
2112 2632
1579 2633
647 2634
1585 2635
438 2636
849 2636
904 2636
1431 2636
52 2637
121 2638
656 2638
1204 2638
1243 2638
2238 2638
263 2639
9 2640
336 2641
2235 2641
93 2642
2396 2642
258 2643
1227 2644
1016 2645
2160 2645
2269 2646
2039 2647
2450 2647
2521 2648
184 2649
986 2650
419 2651
1946 2651
1029 2652
1587 2652
1072 2653
170 2654
380 2654
372 2655
1176 2655
2282 2655
154 2656
39 2657
17 2658
2195 2658
2234 2659
17 2660
4 2661
71 2661
841 2662
720 2663
1578 2663
103 2664
1654 2665
121 2666
834 2666
1497 2666
550 2667
626 2667
196 2668
1828 2668
320 2669
39 2670
759 2671
717 2672
232 2673
1580 2674
245 2675
268 2676
809 2677
909 2678
1740 2678
457 2679
1320 2679
999 2680
1104 2680
1112 2680
349 2681
2417 2682
2527 2683
261 2684
530 2684
12 2685
1552 2686
2446 2686
56 2687
4 2688
1220 2688
2566 2689
13 2690
162 2691
448 2691
1885 2692
934 2693
965 2694
1638 2695
1854 2695
1712 2696
643 2697
1138 2698
2386 2698
232 2699
245 2700
745 2701
2304 2701
57 2702
2472 2702
121 2703
17 2704
1251 2704
2129 2704
4 2705
1263 2705
74 2706
1532 2706
4 2707
56 2708
304 2709
846 2709
1446 2709
6 2710
117 2710
558 2710
568 2710
611 2710
848 2710
1921 2710
1995 2710
2098 2711
698 2712
1820 2712
4 2713
845 2713
536 2714
188 2715
404 2716
791 2717
4 2718
143 2719
39 2720
2235 2721
154 2722
4 2723
8 2723
17 2723
74 2723
139 2723
204 2723
208 2723
310 2723
383 2723
698 2723
709 2723
1141 2723
1142 2723
1305 2723
1384 2723
1501 2723
1589 2723
1790 2723
1926 2723
1989 2723
2285 2723
2286 2723
2475 2723
2565 2723
2640 2723
6 2724
39 2725
576 2726
57 2727
1741 2727
103 2728
1932 2729
1285 2730
1259 2731
1332 2731
2602 2731
241 2732
841 2733
904 2734
165 2735
1876 2735
1137 2736
1336 2737
154 2738
121 2739
2324 2740
191 2741
2000 2742
2499 2742
289 2743
1712 2744
249 2745
409 2745
859 2745
63 2746
1273 2746
2628 2746
2012 2747
1786 2748
2 2749
714 2749
924 2750
2488 2750
2076 2751
2113 2751
2450 2752
93 2753
166 2753
852 2753
969 2753
1359 2753
1464 2753
2099 2753
2124 2753
183 2754
992 2754
1434 2754
1856 2754
2099 2754
392 2755
2067 2756
814 2757
236 2758
457 2758
1270 2758
880 2759
14 2760
1177 2760
1297 2760
1475 2760
1585 2760
2024 2760
6 2761
791 2762
1885 2763
371 2764
1447 2765
2193 2766
16 2767
759 2767
2013 2768
1296 2769
17 2770
2700 2771
1360 2772
44 2773
86 2774
188 2775
310 2776
549 2777
1492 2778
2361 2779
222 2780
14 2781
672 2782
942 2782
200 2783
16 2784
400 2784
791 2785
170 2786
141 2787
6 2788
492 2789
511 2790
917 2790
1885 2791
57 2792
949 2793
1532 2793
473 2794
14 2795
553 2796
2256 2797
2303 2797
39 2798
708 2798
1654 2799
2198 2799
1460 2800
245 2801
14 2802
2235 2803
1417 2804
1233 2805
306 2806
2752 2806
289 2807
6 2808
1302 2808
103 2809
819 2809
162 2810
8 2811
10 2811
74 2811
95 2811
170 2811
379 2811
687 2811
798 2811
800 2811
957 2811
1501 2811
2705 2811
1031 2812
1286 2813
1756 2814
221 2815
1265 2816
2269 2817
4 2818
936 2818
327 2819
1135 2819
1471 2819
16 2820
1803 2820
971 2821
1668 2822
43 2823
760 2824
7 2825
413 2825
1802 2825
1141 2826
5 2827
2278 2827
2198 2828
444 2829
1231 2830
1278 2830
1279 2831
1506 2831
1998 2831
7 2832
789 2833
493 2834
1664 2834
2797 2835
5 2836
86 2836
1926 2836
2641 2836
1 2837
2 2837
3 2837
4 2837
6 2837
21 2837
46 2837
85 2837
112 2837
146 2837
208 2837
237 2837
240 2837
390 2837
419 2837
478 2837
496 2837
600 2837
659 2837
936 2837
957 2837
1120 2837
1297 2837
1547 2837
1618 2837
1854 2837
2024 2837
2149 2837
2320 2837
2324 2837
2723 2837
2374 2838
146 2839
240 2839
115 2840
382 2840
412 2840
1965 2840
2519 2840
884 2841
189 2842
2747 2842
19 2843
367 2843
380 2843
405 2843
459 2843
488 2843
613 2843
986 2843
1077 2843
1137 2843
1152 2843
1217 2843
1243 2843
1370 2843
1504 2843
1800 2843
1990 2843
2017 2843
2593 2843
2687 2843
1745 2844
197 2845
245 2846
17 2847
102 2847
1313 2848
14 2849
1794 2849
12 2850
17 2851
289 2852
637 2852
2453 2852
2282 2853
841 2854
1273 2855
2819 2856
713 2857
1237 2857
57 2858
28 2859
1716 2859
1872 2860
349 2861
568 2862
2070 2862
986 2863
2527 2863
66 2864
371 2864
527 2864
245 2865
256 2865
71 2866
938 2866
2374 2867
14 2868
558 2868
901 2868
737 2869
934 2870
10 2871
31 2871
76 2871
85 2871
117 2871
240 2871
245 2871
571 2871
838 2871
2798 2872
2830 2872
1668 2873
11 2874
101 2874
123 2874
166 2874
198 2874
532 2874
852 2874
895 2874
1021 2874
1341 2874
1490 2874
1707 2874
1882 2874
14 2875
14 2876
304 2877
478 2878
158 2879
617 2880
1406 2880
1638 2880
2079 2880
1 2881
6 2881
26 2881
117 2881
245 2881
248 2881
568 2881
601 2881
924 2881
981 2881
1997 2881
2070 2881
830 2882
184 2883
1766 2884
2261 2885
12 2886
1203 2887
2330 2887
2467 2887
2597 2887
2748 2887
2814 2888
358 2889
2888 2890
17 2891
277 2892
1273 2893
700 2894
1712 2895
1900 2895
2680 2895
2448 2896
3 2897
2500 2897
14 2898
1597 2899
14 2900
422 2901
229 2902
911 2902
2742 2902
1015 2903
3 2904
289 2904
2204 2904
39 2905
68 2906
170 2907
380 2907
1084 2907
2614 2907
20 2908
744 2909
883 2910
1167 2911
1333 2912
656 2913
2 2914
6 2915
1302 2915
64 2916
2713 2917
683 2918
2578 2919
1506 2920
421 2921
1697 2922
273 2923
661 2923
14 2924
4 2925
8 2925
9 2925
117 2925
320 2925
369 2925
642 2925
1159 2925
1873 2925
2377 2925
2740 2925
2837 2925
1121 2926
4 2927
414 2928
1980 2928
112 2929
714 2930
499 2931
2470 2932
2624 2932
767 2933
1870 2933
2204 2933
2874 2933
1089 2934
34 2935
39 2936
788 2937
1350 2938
6 2939
14 2940
421 2941
722 2941
227 2942
966 2942
1369 2942
2058 2942
273 2943
9 2944
2723 2944
1900 2945
11 2946
1646 2946
2472 2947
759 2948
617 2949
245 2950
1323 2951
1003 2952
57 2953
350 2954
1325 2954
1481 2954
24 2955
1478 2956
613 2957
2492 2957
1716 2958
5 2959
54 2959
245 2959
449 2959
465 2959
1342 2959
1498 2959
2116 2959
1015 2960
413 2961
1802 2961
713 2962
2 2963
737 2964
1918 2964
350 2965
2346 2966
1220 2967
269 2968
318 2968
1839 2968
656 2969
73 2970
10 2971
261 2971
603 2972
697 2972
1173 2972
1870 2972
1899 2972
2397 2972
2874 2972
245 2973
256 2973
15 2974
2056 2974
1147 2975
2751 2976
122 2977
56 2978
313 2979
995 2979
17 2980
158 2981
245 2982
10 2983
357 2984
2867 2985
197 2986
70 2987
1109 2988
1669 2988
1715 2988
12 2989
2599 2989
227 2990
966 2990
24 2991
71 2992
382 2993
412 2993
1238 2993
1595 2993
2519 2993
604 2994
73 2995
245 2996
2123 2997
70 2998
2058 2999
12 3000
283 3000
382 3000
627 3000
1718 3000
1987 3000
2519 3000
