1 2
1 3
2 3
1 4
2 4
3 4
1 5
2 5
3 5
4 5
1 6
2 6
3 6
4 6
5 6
1 7
2 7
3 7
4 7
5 7
6 7
1 8
2 8
3 8
4 8
5 8
6 8
7 8
1 9
2 9
3 9
4 9
5 9
6 9
7 9
8 9
1 10
2 10
3 10
4 10
5 10
6 10
7 10
8 10
9 10
2 11
10 11
11 12
1 13
11 13
12 13
7 14
8 14
11 14
12 14
13 14
11 15
12 15
13 15
14 15
11 16
12 16
13 16
14 16
15 16
8 17
9 17
10 17
11 17
12 17
13 17
14 17
15 17
16 17
14 18
16 19
3 20
8 21
6 22
13 23
2 24
7 25
5 26
2 27
2 28
2 29
11 30
8 31
17 32
17 33
13 34
4 35
9 36
16 37
14 38
11 39
4 40
6 41
8 42
4 43
3 44
6 45
8 46
12 47
14 48
10 49
3 50
11 51
17 51
19 52
28 53
7 54
12 55
34 55
12 56
13 56
17 56
19 56
2 57
7 57
20 57
44 58
2 59
10 59
14 59
15 59
30 59
51 59
56 60
39 61
14 62
56 63
8 64
13 65
39 66
5 67
17 68
19 69
16 70
10 71
15 71
51 71
7 72
66 73
2 74
4 74
6 74
9 74
67 74
6 75
8 76
74 77
57 78
10 79
3 80
7 81
1 82
2 82
6 82
9 82
26 82
2 83
17 84
19 84
63 84
1 85
8 85
41 85
75 85
26 86
2 87
17 88
9 89
15 90
17 90
37 90
13 91
16 91
17 91
76 91
14 92
16 93
13 94
2 95
4 95
7 95
8 95
10 95
1 96
4 96
7 96
8 96
9 96
10 96
11 96
27 96
28 96
74 96
3 97
7 98
8 99
56 99
2 100
4 100
8 100
71 100
16 101
84 102
3 103
6 103
7 103
10 103
17 103
76 103
85 103
95 103
96 103
99 103
100 103
5 104
74 104
57 105
4 106
42 106
71 106
17 107
41 108
46 108
75 108
103 108
27 109
85 110
108 110
4 111
8 112
11 112
12 112
13 112
14 112
32 112
33 112
56 112
68 112
84 112
91 112
103 112
4 113
31 114
39 115
1 116
5 116
6 116
40 116
43 116
74 116
106 116
113 116
4 117
5 117
8 117
10 117
17 117
74 117
82 117
3 118
16 119
13 120
46 121
85 121
99 121
100 121
108 121
104 122
16 123
76 123
57 124
5 125
43 125
74 125
2 126
112 127
112 128
2 129
6 129
3 130
5 131
70 132
14 133
12 134
9 135
96 135
11 136
12 136
14 136
15 136
56 136
120 136
74 137
12 138
9 139
4 140
85 141
131 142
74 143
106 143
12 144
14 145
8 146
5 147
53 147
74 147
122 147
39 148
142 149
4 150
14 151
4 152
71 152
17 153
17 154
6 155
57 156
114 157
56 158
70 159
56 160
7 161
71 162
116 162
4 163
17 163
12 164
34 164
17 165
112 165
16 166
2 167
17 168
141 169
3 170
4 170
9 170
11 170
17 170
28 170
49 170
59 170
71 170
79 170
117 170
14 171
6 172
108 172
85 173
76 174
112 174
3 175
13 176
17 176
76 176
112 176
2 177
5 177
6 177
10 177
54 177
57 177
95 177
98 177
2 178
96 178
19 179
39 179
11 180
13 180
14 180
15 180
19 180
37 180
93 180
101 180
123 180
166 180
7 181
11 182
4 183
66 184
70 185
14 186
165 186
17 187
33 187
70 187
132 188
2 189
114 190
3 191
141 191
74 192
122 192
74 193
122 193
2 194
12 195
60 195
63 195
99 195
158 195
143 196
74 197
16 198
180 198
2 199
52 200
11 201
14 202
72 202
116 203
9 204
141 205
11 206
14 207
1 208
6 208
8 208
9 208
10 208
104 208
116 208
117 208
131 208
147 208
173 208
16 209
196 210
82 211
66 212
115 212
179 212
9 213
121 213
108 214
76 215
4 216
7 216
8 216
10 216
103 216
12 217
2 218
96 218
116 218
19 219
66 220
121 221
130 222
2 223
114 224
2 225
7 226
184 227
16 228
67 229
125 229
137 229
143 229
16 230
57 231
8 232
11 233
17 233
172 233
4 234
149 235
56 236
8 237
14 238
8 239
8 240
176 241
112 242
84 243
2 244
3 244
5 244
7 244
9 244
10 244
116 244
5 245
7 245
8 245
11 245
24 245
29 245
57 245
59 245
82 245
100 245
177 245
189 245
199 245
223 245
244 245
10 246
74 246
208 246
103 247
121 247
141 247
82 248
132 249
12 250
60 250
63 250
1 251
5 251
6 251
7 251
14 251
17 251
64 251
96 251
100 251
146 251
232 251
240 251
7 252
116 253
112 254
6 255
14 256
13 257
74 258
5 259
53 259
74 259
122 259
208 259
155 260
103 261
141 261
162 262
63 263
183 263
56 264
16 265
180 265
7 266
121 267
2 268
10 268
11 269
14 269
19 269
93 269
166 269
170 269
265 269
245 270
7 271
7 272
88 273
8 274
112 275
15 276
51 276
136 276
170 276
84 277
245 277
9 278
73 279
8 280
75 280
110 280
141 280
173 280
7 281
273 282
4 283
138 283
106 284
7 285
4 286
82 287
278 287
162 288
5 289
9 289
20 289
50 289
80 289
175 289
191 289
6 290
7 290
14 290
17 290
146 290
232 290
240 290
88 291
115 292
179 292
63 293
122 294
4 295
57 296
56 297
11 298
14 298
15 298
112 298
144 298
292 298
245 299
56 300
7 301
14 302
165 302
56 303
11 304
17 304
91 304
93 304
198 304
230 304
114 305
6 306
86 306
17 307
106 308
5 309
9 310
12 311
34 311
131 312
7 313
19 314
162 315
17 316
57 317
136 318
170 318
16 319
5 320
82 320
7 321
177 321
16 322
57 323
1 324
5 324
74 324
106 324
170 325
121 326
13 327
289 327
8 328
4 329
9 329
10 329
21 329
31 329
42 329
76 329
85 329
112 329
117 329
146 329
208 329
232 329
239 329
240 329
245 329
17 330
114 331
106 332
289 333
245 334
74 335
5 336
82 336
86 336
5 337
329 338
86 339
72 340
57 341
5 342
7 343
11 344
11 345
17 346
304 346
7 347
10 348
1 349
6 349
40 349
203 349
208 349
244 349
74 350
208 350
14 351
106 351
350 351
57 352
11 353
350 354
304 355
141 356
141 357
58 358
5 359
180 360
131 361
52 362
179 362
314 362
70 363
57 364
11 365
44 366
358 366
56 367
17 368
112 368
5 369
71 370
308 370
324 370
332 370
114 371
165 372
60 373
63 373
73 374
261 374
33 375
2 376
26 376
117 376
265 377
184 378
4 379
11 380
14 380
15 380
56 380
276 380
318 380
349 381
39 382
138 382
273 383
85 384
208 384
196 385
68 386
15 387
15 388
6 389
9 389
65 389
77 389
96 389
117 389
147 389
192 389
246 389
258 389
350 389
8 390
382 390
88 391
311 392
250 393
349 394
184 395
70 396
265 397
85 398
169 398
191 398
205 398
247 398
357 398
364 399
273 400
11 401
12 402
114 403
191 404
205 404
247 404
357 404
56 405
86 406
74 407
389 407
218 408
304 408
132 409
149 410
349 411
39 412
158 412
250 413
121 414
112 415
138 416
410 417
11 418
5 419
8 419
10 419
20 419
25 419
50 419
97 419
103 419
118 419
170 419
244 419
10 420
208 420
389 420
121 421
404 421
4 422
17 422
28 422
49 422
59 422
71 422
79 422
117 422
76 423
121 424
12 425
19 425
64 425
405 425
121 426
86 427
66 428
5 429
2 430
15 430
422 430
39 431
6 432
258 432
56 433
17 434
11 435
156 436
341 436
352 436
245 437
273 438
5 439
74 439
122 439
221 440
222 440
304 441
39 442
158 442
73 443
74 444
102 444
329 444
138 445
9 446
132 447
198 447
262 448
177 449
5 450
54 450
245 450
449 450
331 451
371 451
403 451
82 452
278 452
3 453
17 454
7 455
116 456
8 457
11 457
12 457
13 457
68 457
154 457
304 457
307 457
368 457
434 457
131 458
56 459
329 460
63 461
381 461
57 462
121 463
71 464
245 464
308 464
376 465
450 465
3 466
25 466
57 466
72 466
81 466
103 466
161 466
181 466
226 466
245 466
251 466
252 466
272 466
321 466
343 466
76 467
8 468
95 468
226 468
244 468
266 468
271 468
272 468
290 468
313 468
321 468
455 468
222 469
225 469
11 470
4 471
8 471
117 472
260 472
13 473
289 473
314 474
121 475
329 476
335 476
131 477
4 478
8 478
121 478
136 478
156 479
341 479
5 480
6 481
14 482
33 483
11 484
414 484
13 485
141 486
2 487
109 487
56 488
17 489
2 490
10 490
10 491
97 491
57 492
302 492
25 493
118 493
170 493
244 493
11 494
74 495
389 495
8 496
57 497
227 498
465 499
227 500
162 501
74 502
183 503
149 504
74 505
136 506
358 506
57 507
44 508
250 509
57 510
14 511
7 512
44 513
131 514
4 515
111 515
373 516
2 517
13 518
309 518
114 519
68 520
7 521
83 522
515 523
108 524
350 525
131 526
466 526
114 527
122 528
177 529
14 530
39 531
180 532
16 533
7 534
105 534
177 534
231 534
296 534
323 534
352 534
364 534
492 534
497 534
510 534
9 535
73 536
212 536
532 537
76 538
59 539
74 540
57 541
106 542
26 543
273 544
330 544
14 545
232 545
468 545
103 546
63 547
468 548
191 549
421 549
62 550
106 550
245 551
2 552
381 553
44 554
417 555
7 556
2 557
389 558
57 559
237 560
17 561
457 561
86 562
67 563
302 564
372 564
158 565
522 566
13 567
8 568
74 568
82 568
208 568
213 568
289 568
310 568
389 568
170 569
10 570
329 571
154 572
114 573
141 574
461 575
7 576
177 576
466 576
468 576
570 576
6 577
74 578
17 579
2 580
436 581
112 582
184 583
536 584
11 585
320 585
16 586
537 587
57 588
2 589
7 590
468 590
154 591
14 592
468 592
121 593
57 594
57 595
76 596
39 597
220 597
428 597
106 598
177 599
3 600
5 600
8 600
11 600
71 600
95 600
103 600
117 600
177 600
208 600
244 600
246 600
419 600
570 600
82 601
278 601
5 602
11 603
15 603
123 603
166 603
198 603
265 603
532 603
141 604
17 605
93 606
408 606
457 606
13 607
116 608
85 609
280 609
307 610
389 611
534 612
56 613
131 614
6 615
88 616
157 617
190 617
403 617
6 618
59 618
460 618
457 619
131 620
10 621
57 622
6 623
57 624
4 625
7 625
8 625
103 625
62 626
138 627
258 627
67 628
373 628
7 629
4 630
66 631
179 631
430 631
154 632
17 633
523 633
13 634
16 634
17 634
170 635
422 635
57 636
10 637
20 637
25 637
50 637
103 637
11 638
135 638
14 639
85 640
27 641
487 641
7 642
245 642
468 642
350 643
141 644
57 645
273 646
82 647
278 647
10 648
1 649
5 649
74 649
370 649
170 650
329 651
419 652
44 653
121 654
549 654
11 655
47 656
106 656
478 656
154 657
613 657
57 658
8 659
251 659
232 660
586 660
320 661
180 662
426 663
15 664
123 665
174 665
423 665
73 666
15 667
123 667
166 667
198 667
2 668
336 669
339 669
427 669
14 670
19 670
93 670
360 670
662 670
57 671
534 671
57 672
657 672
83 673
389 673
278 674
236 675
457 675
468 676
76 677
57 678
436 678
479 678
324 679
5 680
384 680
672 681
311 682
77 683
147 683
192 683
246 683
558 683
568 683
12 684
5 685
40 686
113 686
208 686
218 686
244 686
253 686
4 687
536 688
619 689
2 690
10 690
419 690
468 690
686 690
56 691
488 692
273 693
2 694
8 694
71 694
121 694
245 694
121 695
5 696
166 697
436 697
9 698
88 698
245 698
267 698
647 698
382 699
2 700
397 700
273 701
358 702
453 702
670 703
58 704
508 704
57 705
534 705
68 706
57 707
66 708
115 708
382 708
412 708
6 709
9 709
77 709
117 709
192 709
495 709
558 709
568 709
611 709
139 710
472 710
10 711
93 712
87 713
1 714
7 714
24 714
27 714
57 714
59 714
87 714
126 714
189 714
223 714
268 714
376 714
487 714
490 714
552 714
580 714
589 714
141 715
12 716
15 716
656 716
263 717
13 718
136 718
56 719
176 719
245 720
524 720
12 721
10 722
21 722
42 722
112 722
208 722
232 722
245 722
476 722
11 723
71 723
103 723
117 723
208 723
246 723
2 724
71 725
51 726
672 726
1 727
679 727
106 728
57 729
165 730
603 731
499 732
121 733
278 734
1 735
2 735
4 735
6 735
7 735
9 735
26 735
67 735
131 735
147 735
244 735
359 735
369 735
429 735
439 735
480 735
602 735
114 736
617 736
6 737
77 737
117 737
192 737
568 737
121 738
714 739
11 740
74 741
3 742
4 742
138 743
258 743
17 744
130 745
10 746
448 747
57 748
88 749
112 750
732 750
8 751
106 751
722 751
63 752
2 753
183 754
4 755
17 756
196 757
13 758
228 759
358 759
704 759
31 760
305 760
331 760
371 760
403 760
519 760
527 760
7 761
103 761
413 761
265 762
700 762
349 763
17 764
146 764
232 764
240 764
714 765
93 766
19 767
662 767
703 767
154 768
4 769
499 770
750 770
7 771
57 772
184 773
761 774
13 775
14 775
15 775
91 775
119 775
123 775
209 775
265 775
322 775
586 775
634 775
39 776
4 777
15 778
5 779
8 779
25 779
50 779
118 779
170 779
244 779
63 780
717 780
17 781
146 781
232 781
196 782
28 783
59 783
71 783
635 783
74 784
170 785
71 786
331 787
451 787
490 787
39 788
220 788
619 789
166 790
747 791
158 792
708 792
468 793
713 794
468 795
63 796
170 797
4 798
11 798
17 798
71 798
117 798
269 798
318 798
34 799
4 800
320 801
5 802
17 803
146 803
240 803
221 804
222 804
574 804
633 805
63 806
320 807
5 808
117 808
59 809
775 810
141 811
2 812
141 813
227 814
399 815
183 816
717 816
112 817
13 818
522 819
11 820
14 820
144 820
176 821
669 822
438 823
761 824
245 825
70 826
76 827
7 828
273 829
20 830
25 830
50 830
103 830
251 831
240 832
536 832
15 833
388 833
7 834
17 834
99 834
100 834
112 834
419 834
830 834
4 835
17 835
278 836
16 837
329 838
488 839
806 839
115 840
16 841
401 841
571 841
660 841
775 841
85 842
717 843
743 844
590 845
613 845
11 846
93 846
198 846
355 846
331 847
709 848
823 849
722 850
13 851
180 852
10 853
261 853
141 854
70 855
57 856
221 857
222 857
11 858
19 858
93 858
166 858
132 859
672 860
392 861
568 862
51 863
672 863
1 864
7 864
9 864
26 864
131 864
147 864
369 864
602 864
370 865
141 866
350 867
11 868
12 869
656 869
229 870
131 871
864 872
33 873
381 874
184 875
468 876
713 877
468 878
457 879
877 880
336 881
15 882
136 882
380 882
7 883
797 884
857 885
121 886
188 886
212 887
419 887
493 887
117 888
17 889
393 890
432 891
17 892
121 893
277 893
314 894
180 895
767 895
9 896
26 896
131 896
369 896
184 897
195 898
250 898
57 899
265 900
245 901
256 901
350 902
227 903
823 904
39 905
12 906
624 906
169 907
357 907
553 908
874 908
131 909
406 909
908 910
870 911
121 912
549 912
3 913
491 913
180 914
4 915
688 916
14 917
16 917
30 917
96 917
201 917
206 917
269 917
298 917
365 917
470 917
494 917
600 917
638 917
655 917
798 917
820 917
846 917
349 918
113 919
359 919
690 919
74 920
196 920
349 921
220 922
714 922
14 923
82 924
86 924
669 924
881 924
7 925
106 926
121 927
404 927
154 928
237 929
73 930
261 930
74 931
122 931
93 932
66 933
371 933
519 933
527 933
229 934
177 935
8 936
10 937
725 937
725 938
313 939
7 940
12 941
19 941
64 941
7 942
200 943
362 943
56 944
33 945
68 946
251 947
63 948
479 949
116 950
131 950
349 950
350 950
686 950
11 951
4 952
4 953
170 954
743 955
675 956
4 957
8 957
103 957
943 958
177 959
13 960
336 961
791 962
303 963
775 963
14 964
649 964
62 965
755 965
500 966
814 966
245 967
74 968
180 969
149 970
917 971
314 972
6 973
258 973
891 973
177 974
302 975
321 975
534 975
774 976
478 977
704 978
4 979
11 979
117 979
269 979
318 979
6 980
86 980
82 981
86 981
735 981
864 981
896 981
4 982
7 983
468 983
405 984
300 985
739 985
11 986
13 986
16 986
56 986
136 986
138 986
217 986
250 986
311 986
425 986
684 986
721 986
15 987
17 987
969 987
273 988
112 989
619 990
245 991
263 992
754 992
15 993
272 994
131 995
939 995
15 996
166 996
198 996
532 996
731 996
10 997
261 997
404 998
1 999
2 999
7 999
22 999
75 999
116 999
208 999
389 999
432 999
615 999
618 999
623 999
735 999
737 999
973 999
754 1000
357 1001
4 1002
686 1002
919 1002
257 1003
589 1003
767 1004
722 1005
3 1006
9 1006
11 1006
17 1006
49 1006
71 1006
117 1006
325 1006
635 1006
398 1007
549 1007
11 1008
414 1008
93 1009
15 1010
10 1011
370 1012
775 1013
8 1014
12 1014
68 1014
154 1014
304 1014
434 1014
561 1014
619 1014
675 1014
124 1015
323 1015
341 1015
466 1015
492 1015
588 1015
594 1015
595 1015
624 1015
658 1015
856 1015
899 1015
278 1016
9 1017
857 1018
33 1019
63 1020
717 1020
774 1021
824 1021
68 1022
70 1023
188 1023
409 1023
447 1023
52 1024
943 1024
82 1025
88 1026
250 1026
761 1026
522 1027
560 1027
7 1028
245 1029
349 1029
419 1029
468 1029
493 1029
184 1030
63 1031
7 1032
349 1033
121 1034
4 1035
56 1036
10 1037
61 1038
84 1038
39 1039
846 1039
82 1040
280 1040
33 1041
714 1042
12 1043
103 1044
229 1045
911 1045
461 1046
553 1046
874 1046
7 1047
14 1048
329 1049
335 1049
722 1049
82 1050
184 1051
468 1052
43 1053
350 1053
184 1054
66 1055
279 1055
666 1055
720 1056
85 1057
191 1057
604 1057
811 1057
854 1057
866 1057
851 1058
10 1059
261 1059
411 1059
307 1060
329 1061
9 1062
462 1063
670 1064
698 1064
703 1065
184 1066
5 1067
20 1067
50 1067
118 1067
690 1067
13 1068
289 1068
349 1069
461 1069
15 1070
10 1071
714 1071
986 1072
4 1073
227 1074
16 1075
759 1075
11 1076
56 1077
96 1078
107 1078
13 1079
389 1079
855 1079
122 1080
11 1081
5 1082
43 1082
229 1082
617 1083
696 1083
318 1084
74 1085
468 1086
131 1087
10 1088
170 1088
103 1089
123 1089
176 1089
215 1089
467 1089
677 1089
827 1089
929 1090
131 1091
981 1091
398 1092
491 1092
17 1093
278 1094
488 1095
106 1096
3 1097
16 1098
304 1098
789 1099
188 1100
46 1101
870 1102
2 1103
613 1104
442 1105
565 1105
792 1105
245 1106
791 1107
108 1108
720 1109
468 1110
39 1111
158 1111
708 1111
590 1112
613 1112
492 1113
975 1113
177 1114
11 1115
796 1116
221 1117
222 1117
13 1118
12 1119
8 1120
108 1120
142 1121
870 1121
57 1122
196 1123
416 1124
568 1125
13 1126
44 1127
76 1127
704 1127
1 1128
7 1128
197 1129
82 1130
240 1131
10 1132
725 1132
391 1133
492 1133
595 1133
856 1133
899 1133
12 1134
93 1135
289 1136
13 1137
14 1137
56 1137
68 1137
84 1137
127 1137
254 1137
275 1137
298 1137
817 1137
834 1137
989 1137
10 1138
170 1138
154 1139
33 1140
9 1141
25 1141
81 1141
95 1141
181 1141
216 1141
244 1141
245 1141
266 1141
321 1141
347 1141
534 1141
556 1141
625 1141
629 1141
828 1141
940 1141
942 1141
1028 1141
1032 1141
1128 1141
9 1142
791 1143
14 1144
11 1145
167 1145
17 1146
50 1147
388 1147
604 1147
698 1148
735 1149
12 1150
656 1150
669 1151
56 1152
17 1153
493 1154
5 1155
43 1155
2 1156
57 1157
11 1158
5 1159
499 1160
17 1161
232 1161
85 1162
154 1163
774 1163
74 1164
72 1165
112 1166
13 1167
15 1167
16 1167
134 1167
164 1167
217 1167
250 1167
425 1167
684 1167
716 1167
906 1167
1043 1167
1150 1167
154 1168
112 1169
1077 1170
722 1171
954 1171
436 1172
166 1173
177 1174
466 1174
468 1174
8 1175
75 1175
173 1175
564 1176
251 1177
229 1178
289 1179
12 1180
656 1180
796 1181
965 1182
85 1183
247 1183
1007 1183
906 1184
14 1185
9 1186
93 1187
672 1188
26 1189
10 1190
339 1190
74 1191
103 1192
141 1192
191 1193
205 1193
421 1193
927 1193
998 1193
5 1194
357 1194
15 1195
57 1196
675 1197
56 1198
85 1199
90 1200
479 1200
917 1201
450 1202
325 1203
947 1203
478 1204
197 1205
617 1206
112 1207
1137 1207
1125 1208
108 1209
280 1209
121 1210
663 1210
381 1211
908 1211
1046 1211
478 1212
487 1213
1 1214
23 1214
91 1214
94 1214
120 1214
327 1214
634 1214
851 1214
112 1215
1137 1215
2 1216
11 1217
56 1217
318 1217
478 1217
506 1217
718 1217
613 1218
17 1219
1 1220
2 1220
8 1220
10 1220
35 1220
40 1220
113 1220
163 1220
234 1220
283 1220
295 1220
422 1220
755 1220
769 1220
798 1220
835 1220
915 1220
953 1220
1002 1220
1035 1220
1073 1220
14 1221
714 1222
33 1223
349 1224
461 1224
1211 1224
421 1225
90 1226
1077 1226
1089 1227
170 1228
241 1228
170 1229
13 1230
17 1230
19 1230
60 1230
63 1230
160 1230
264 1230
303 1230
380 1230
405 1230
459 1230
613 1230
719 1230
944 1230
1036 1230
1152 1230
704 1231
1075 1231
278 1232
191 1233
205 1233
7 1234
26 1235
117 1235
714 1235
86 1236
87 1237
877 1237
39 1238
158 1238
708 1238
425 1239
941 1239
28 1240
59 1240
227 1241
604 1242
56 1243
478 1243
686 1244
884 1244
888 1245
269 1246
863 1247
1188 1247
245 1248
11 1249
726 1250
863 1250
107 1251
7 1252
468 1252
6 1253
909 1254
85 1255
103 1256
468 1257
114 1258
1181 1258
613 1259
430 1260
270 1261
478 1261
1167 1262
6 1263
8 1263
10 1263
35 1263
40 1263
74 1263
95 1263
117 1263
170 1263
216 1263
286 1263
379 1263
422 1263
687 1263
777 1263
798 1263
800 1263
952 1263
957 1263
997 1263
1035 1263
841 1264
338 1265
57 1266
376 1266
7 1267
994 1267
57 1268
7 1269
675 1270
12 1271
986 1271
1167 1271
1015 1272
84 1273
250 1273
752 1273
796 1273
806 1273
948 1273
1230 1273
1263 1274
14 1275
14 1276
4 1277
919 1277
1220 1277
447 1278
587 1278
636 1278
273 1279
330 1279
7 1280
85 1281
450 1282
8 1283
227 1283
839 1284
710 1285
17 1286
273 1286
291 1286
391 1286
616 1286
698 1286
1026 1286
7 1287
141 1288
12 1289
30 1290
911 1291
1121 1291
106 1292
245 1293
273 1294
6 1295
594 1296
1 1297
4 1297
8 1297
74 1297
251 1297
389 1297
917 1297
66 1298
597 1298
16 1299
278 1300
568 1301
1 1302
3 1302
4 1302
7 1302
8 1302
74 1302
82 1302
129 1302
172 1302
208 1302
255 1302
306 1302
432 1302
623 1302
973 1302
980 1302
1253 1302
232 1303
841 1303
7 1304
6 1305
9 1305
67 1305
77 1305
96 1305
116 1305
117 1305
192 1305
197 1305
246 1305
258 1305
259 1305
350 1305
407 1305
444 1305
502 1305
649 1305
784 1305
920 1305
1263 1305
1297 1305
999 1306
796 1307
972 1307
114 1308
106 1309
350 1309
273 1310
743 1311
14 1312
7 1313
196 1314
16 1315
17 1315
114 1316
891 1317
999 1317
1167 1318
11 1319
320 1319
138 1320
879 1320
63 1321
68 1322
1317 1322
278 1323
1292 1323
421 1324
74 1325
354 1325
389 1325
643 1325
902 1325
1305 1325
884 1326
39 1327
874 1328
7 1329
478 1330
10 1331
21 1331
42 1331
154 1331
208 1331
232 1331
245 1331
1049 1331
617 1332
46 1333
26 1334
1273 1335
57 1336
586 1337
14 1338
1145 1339
468 1340
11 1341
17 1341
90 1341
180 1341
276 1341
387 1341
388 1341
430 1341
603 1341
667 1341
775 1341
778 1341
882 1341
450 1342
8 1343
106 1344
2 1345
96 1345
109 1345
641 1345
318 1346
534 1347
6 1348
57 1348
449 1348
576 1348
959 1348
1174 1348
287 1349
452 1349
647 1349
1016 1349
1300 1349
947 1350
622 1351
39 1352
1298 1352
452 1353
1016 1353
4 1354
8 1354
103 1354
468 1354
1141 1354
1263 1354
2 1355
871 1356
364 1357
19 1358
180 1359
6 1360
8 1360
14 1360
95 1360
103 1360
244 1360
252 1360
271 1360
272 1360
285 1360
301 1360
343 1360
512 1360
521 1360
714 1360
771 1360
828 1360
834 1360
864 1360
983 1360
999 1360
1028 1360
1047 1360
1267 1360
1280 1360
17 1361
221 1362
222 1362
5 1363
310 1363
121 1364
10 1365
21 1365
850 1365
108 1366
419 1367
870 1368
96 1369
56 1370
114 1371
162 1372
15 1373
39 1374
5 1375
714 1376
63 1377
1104 1378
1112 1378
184 1379
33 1380
5 1381
74 1381
229 1381
949 1381
50 1382
604 1382
957 1382
236 1383
457 1383
1270 1383
3 1384
9 1384
71 1384
325 1384
12 1385
624 1385
150 1386
4 1387
686 1387
487 1388
1091 1389
884 1390
106 1391
2 1392
647 1392
981 1392
1025 1392
1050 1392
1130 1392
404 1393
1093 1393
349 1394
10 1395
149 1396
14 1397
39 1398
245 1399
1216 1399
767 1400
656 1401
427 1402
245 1403
708 1404
2 1405
469 1405
4 1406
1263 1406
14 1407
362 1408
1024 1408
1286 1409
93 1410
39 1411
675 1411
63 1412
1314 1413
43 1414
708 1415
1141 1415
350 1416
1325 1416
851 1417
14 1418
19 1418
662 1418
106 1419
370 1419
457 1420
1270 1420
1383 1421
617 1422
13 1423
16 1423
775 1423
1214 1423
131 1424
466 1424
141 1425
43 1426
17 1427
457 1427
572 1427
632 1427
768 1427
809 1427
928 1427
1139 1427
1163 1427
6 1428
849 1429
56 1430
823 1431
1237 1431
488 1432
1302 1433
263 1434
71 1435
846 1435
307 1436
39 1437
121 1438
1220 1439
349 1440
11 1441
8 1442
154 1443
11 1444
15 1445
1147 1445
1341 1445
11 1446
198 1446
355 1446
917 1446
1435 1446
1129 1447
1205 1447
149 1448
2 1449
117 1449
143 1450
210 1450
385 1450
1123 1450
51 1451
1247 1451
57 1452
8 1453
110 1453
173 1453
350 1454
388 1455
8 1456
10 1456
178 1456
917 1456
563 1457
628 1457
76 1458
6 1459
745 1459
23 1460
94 1460
851 1460
73 1461
613 1462
57 1463
576 1463
180 1464
603 1464
667 1464
15 1465
388 1465
5 1466
461 1466
670 1467
767 1467
7 1468
1141 1468
251 1469
1350 1469
114 1470
68 1471
522 1472
2 1473
10 1473
539 1473
783 1473
809 1473
34 1474
251 1475
96 1476
15 1477
304 1478
1214 1478
197 1479
17 1480
74 1481
354 1481
389 1481
1305 1481
1230 1482
1472 1483
2 1484
109 1484
106 1485
17 1486
49 1486
71 1486
419 1486
635 1486
785 1486
954 1486
1088 1486
1229 1486
1141 1487
1391 1488
266 1489
180 1490
269 1490
304 1490
858 1490
1187 1490
670 1491
381 1492
908 1492
1046 1492
370 1493
320 1494
74 1495
860 1496
6 1497
14 1497
17 1497
100 1497
240 1497
659 1497
831 1497
1177 1497
1297 1497
1475 1497
450 1498
7 1499
1141 1499
251 1500
1497 1500
9 1501
17 1501
71 1501
318 1501
325 1501
419 1501
493 1501
635 1501
785 1501
1138 1501
1229 1501
1263 1501
726 1502
863 1502
884 1503
874 1504
166 1505
88 1506
91 1506
107 1506
163 1506
165 1506
170 1506
176 1506
290 1506
330 1506
346 1506
422 1506
434 1506
634 1506
744 1506
756 1506
781 1506
803 1506
834 1506
987 1506
1219 1506
1286 1506
1361 1506
1497 1506
221 1507
222 1507
57 1508
1278 1508
19 1509
73 1510
15 1511
5 1512
43 1512
74 1512
533 1513
1427 1514
6 1515
3 1516
536 1517
17 1518
761 1519
1021 1519
1420 1520
16 1521
414 1522
7 1523
70 1524
249 1524
409 1524
39 1525
1298 1525
404 1526
1093 1526
635 1527
14 1528
626 1528
318 1529
277 1530
327 1531
1478 1531
137 1532
259 1532
324 1532
335 1532
407 1532
439 1532
444 1532
502 1532
505 1532
568 1532
741 1532
1085 1532
1297 1532
1302 1532
1325 1532
1381 1532
1481 1532
253 1533
608 1533
950 1533
999 1533
1305 1533
250 1534
7 1535
468 1535
3 1536
6 1537
24 1538
67 1538
350 1539
999 1540
1009 1541
115 1542
884 1543
1073 1543
768 1544
17 1545
112 1546
8 1547
17 1548
91 1548
93 1548
230 1548
346 1548
408 1548
441 1548
457 1548
1014 1548
1478 1548
1490 1548
329 1549
9 1550
116 1550
468 1550
493 1550
735 1550
1141 1550
245 1551
287 1552
452 1552
647 1552
1016 1552
227 1553
11 1554
114 1555
74 1556
389 1556
278 1557
1349 1557
478 1558
990 1558
314 1559
1307 1559
452 1560
1016 1560
613 1561
74 1562
72 1563
7 1564
774 1564
824 1564
1519 1564
17 1565
14 1566
4 1567
1263 1567
40 1568
244 1568
106 1569
1323 1569
4 1570
176 1571
73 1572
57 1573
63 1574
57 1575
56 1576
467 1577
596 1577
1109 1578
1360 1578
227 1579
138 1580
425 1580
721 1580
1566 1580
306 1581
112 1582
14 1583
232 1583
468 1583
11 1584
1118 1584
1497 1585
10 1586
411 1586
121 1587
1243 1587
1330 1587
1442 1587
50 1588
690 1588
1449 1588
9 1589
241 1590
121 1591
841 1592
177 1593
788 1594
922 1594
708 1595
771 1595
1211 1596
17 1597
841 1598
5 1599
4 1600
2 1601
85 1602
39 1603
550 1604
670 1604
14 1605
358 1606
452 1607
1016 1607
85 1608
493 1609
419 1610
1067 1610
1384 1611
82 1612
2 1613
6 1613
1302 1613
1220 1614
5 1615
147 1616
294 1616
1080 1616
438 1617
904 1617
8 1618
112 1619
218 1620
304 1620
1283 1620
245 1621
449 1621
1202 1621
1342 1621
1498 1621
1090 1622
3 1623
310 1623
760 1624
1584 1625
11 1626
103 1626
117 1626
246 1626
1452 1627
16 1628
796 1629
1559 1629
16 1630
660 1630
103 1631
767 1632
16 1633
17 1633
703 1634
1400 1634
1467 1634
404 1635
870 1635
57 1636
13 1637
113 1638
218 1638
244 1638
253 1638
950 1638
1002 1638
1206 1638
1387 1638
370 1639
703 1640
14 1641
289 1641
121 1642
191 1642
1081 1642
56 1643
1170 1643
14 1644
170 1645
222 1645
168 1646
1638 1646
57 1647
534 1647
840 1648
924 1648
17 1649
388 1650
667 1650
775 1650
778 1650
1445 1650
6 1651
1302 1651
191 1652
421 1652
722 1653
2 1654
686 1654
1090 1655
2 1656
1003 1656
4 1657
7 1657
10 1657
1141 1657
138 1658
280 1659
442 1659
999 1659
114 1660
4 1661
200 1662
59 1663
917 1663
1528 1663
170 1664
244 1664
887 1664
1154 1664
1501 1664
1550 1664
1609 1664
1417 1665
137 1666
934 1666
318 1667
33 1668
103 1669
252 1669
285 1669
343 1669
864 1669
983 1669
1047 1669
1267 1669
1578 1669
708 1670
1552 1671
1607 1671
580 1672
184 1673
498 1673
1241 1673
1579 1673
56 1674
1230 1674
16 1675
1075 1676
74 1677
74 1678
1341 1679
121 1680
64 1681
320 1682
1406 1683
358 1684
1083 1685
7 1686
1360 1686
17 1687
170 1688
422 1688
1527 1688
121 1689
273 1690
527 1691
3 1692
830 1692
469 1693
9 1694
503 1694
568 1694
1623 1694
71 1695
114 1696
760 1696
787 1696
847 1696
1125 1697
106 1698
738 1699
6 1700
1663 1701
511 1702
7 1703
1360 1703
1545 1704
1165 1705
4 1706
1220 1706
180 1707
150 1708
1623 1709
1467 1710
484 1711
56 1712
1112 1712
1230 1712
1561 1712
12 1713
1167 1713
717 1714
1578 1715
218 1716
950 1716
1387 1716
1426 1716
553 1717
138 1718
1220 1718
1643 1718
103 1719
874 1720
404 1721
250 1722
767 1723
121 1724
473 1724
1141 1725
1630 1726
1286 1727
63 1728
1273 1728
2 1729
142 1730
17 1731
1506 1731
289 1732
1311 1732
142 1733
487 1734
725 1735
604 1736
141 1737
1506 1738
53 1739
74 1739
122 1739
208 1739
735 1739
864 1739
468 1740
1254 1740
170 1741
222 1741
536 1742
544 1742
1055 1743
1627 1744
498 1745
1241 1745
1579 1745
19 1746
604 1747
1170 1748
85 1749
114 1749
44 1750
71 1751
938 1751
487 1752
74 1753
600 1753
683 1753
1305 1753
1626 1753
245 1754
114 1755
1040 1756
1209 1756
404 1757
306 1758
62 1759
61 1760
704 1761
1607 1761
162 1762
17 1763
15 1764
46 1765
278 1765
342 1765
829 1765
499 1766
718 1766
277 1767
752 1767
11 1768
42 1769
71 1769
116 1769
308 1769
324 1769
656 1769
1419 1769
1485 1769
1193 1770
613 1771
1378 1771
16 1772
63 1773
381 1773
1046 1773
1069 1773
338 1774
884 1775
168 1776
1638 1776
314 1777
57 1778
376 1778
841 1779
534 1780
427 1781
338 1782
14 1783
444 1784
16 1785
1501 1786
1594 1786
191 1787
421 1787
250 1788
1421 1789
9 1790
88 1790
267 1790
647 1790
1064 1790
1148 1790
82 1791
1392 1791
17 1792
232 1792
1410 1793
90 1794
1077 1794
1230 1795
303 1796
1420 1797
391 1798
1237 1799
56 1800
108 1801
16 1802
663 1803
1315 1803
107 1804
40 1805
17 1806
191 1807
421 1807
14 1808
514 1809
1492 1810
1345 1811
7 1812
44 1813
978 1814
1090 1815
416 1816
419 1817
11 1818
3 1819
71 1819
1611 1819
9 1820
267 1820
1148 1820
466 1821
1348 1821
39 1822
82 1823
1392 1823
227 1824
474 1825
894 1825
972 1825
735 1826
864 1826
313 1827
1144 1827
782 1828
1659 1828
929 1829
1622 1829
14 1830
1828 1830
550 1831
875 1831
1413 1832
39 1833
56 1834
506 1834
1138 1834
238 1835
1313 1835
131 1836
774 1837
824 1837
1519 1837
10 1838
798 1839
743 1840
1381 1841
1481 1841
420 1842
986 1842
39 1843
1383 1844
85 1845
169 1845
486 1845
811 1845
866 1845
923 1846
1214 1846
1016 1847
4 1848
845 1849
703 1850
484 1851
1008 1851
1522 1851
499 1852
425 1853
8 1854
468 1855
263 1856
534 1857
871 1858
39 1859
847 1860
66 1861
115 1861
536 1861
12 1862
656 1862
304 1863
447 1863
846 1863
1446 1863
63 1864
525 1865
191 1866
1093 1866
39 1867
12 1868
63 1868
393 1868
509 1868
898 1868
986 1868
1026 1868
1167 1868
1273 1868
1534 1868
1722 1868
195 1869
1230 1869
11 1870
19 1870
37 1870
123 1870
166 1870
360 1870
895 1870
1359 1870
1506 1871
5 1872
5 1873
1765 1873
986 1874
1247 1875
372 1876
1176 1876
667 1877
737 1877
790 1877
996 1877
1870 1877
57 1878
14 1879
1447 1880
714 1881
180 1882
667 1882
421 1883
654 1883
912 1883
425 1884
1141 1885
1360 1885
81 1886
103 1886
161 1886
181 1886
226 1886
245 1886
251 1886
272 1886
321 1886
576 1886
1174 1886
1821 1886
39 1887
419 1888
66 1889
788 1889
922 1889
57 1890
1663 1891
496 1892
514 1892
318 1893
57 1894
1231 1894
1278 1894
672 1895
270 1896
1302 1897
768 1898
37 1899
93 1899
166 1899
198 1899
360 1899
852 1899
969 1899
1359 1899
1464 1899
1672 1899
1112 1900
227 1901
5 1902
669 1902
670 1903
767 1903
1065 1903
1634 1903
1640 1903
1850 1903
416 1904
536 1905
1506 1905
102 1906
180 1906
606 1906
1187 1906
1410 1906
1899 1906
14 1907
1263 1908
44 1909
704 1909
7 1910
436 1911
1089 1912
560 1913
552 1914
487 1915
106 1916
1716 1917
788 1918
1786 1918
563 1919
349 1920
709 1921
737 1921
5 1922
461 1922
1007 1923
11 1924
3 1925
830 1925
1 1926
2 1926
3 1926
7 1926
8 1926
9 1926
116 1926
131 1926
244 1926
320 1926
336 1926
337 1926
359 1926
439 1926
450 1926
600 1926
685 1926
1194 1926
1363 1926
1381 1926
1615 1926
1922 1926
1230 1927
916 1928
14 1929
492 1930
112 1931
70 1932
188 1932
409 1932
447 1932
491 1932
1061 1932
57 1933
17 1934
57 1935
534 1935
938 1935
1167 1935
527 1936
929 1936
863 1937
457 1938
775 1939
484 1940
1008 1940
1930 1941
906 1942
405 1943
841 1944
2 1945
6 1945
1302 1945
95 1946
1603 1946
522 1947
4 1948
1220 1948
444 1949
878 1950
304 1951
1427 1952
912 1953
1007 1953
17 1954
965 1955
136 1956
1766 1956
16 1957
69 1957
179 1957
219 1957
261 1957
314 1957
1418 1957
1870 1957
588 1958
613 1958
245 1959
904 1960
85 1961
169 1961
247 1961
841 1962
57 1963
40 1964
708 1965
1584 1966
1263 1967
1488 1968
1596 1968
6 1969
1302 1969
1581 1969
1758 1969
683 1970
17 1971
17 1972
99 1972
100 1972
419 1972
329 1973
450 1974
350 1975
2 1976
309 1977
919 1978
70 1979
93 1980
1793 1980
788 1981
683 1982
536 1983
1332 1983
17 1984
401 1984
112 1985
1137 1985
74 1986
389 1986
1305 1986
4 1987
138 1987
1220 1987
19 1988
9 1989
56 1990
846 1991
14 1992
201 1992
206 1992
494 1992
655 1992
820 1992
1297 1992
1446 1992
112 1993
7 1994
774 1994
1519 1994
122 1995
709 1995
737 1995
478 1996
82 1997
846 1997
273 1998
330 1998
162 1999
229 2000
911 2000
140 2001
1413 2001
416 2002
1556 2002
766 2003
1075 2004
513 2005
643 2005
1416 2005
1532 2005
23 2006
120 2006
851 2006
1423 2006
775 2007
1170 2007
76 2008
1089 2008
1247 2009
1558 2010
8 2011
95 2011
103 2011
285 2011
714 2011
771 2011
828 2011
1028 2011
1047 2011
1267 2011
1280 2011
1686 2011
1703 2011
15 2012
389 2013
4 2014
103 2014
245 2014
251 2014
1497 2014
1972 2014
362 2015
106 2016
1769 2016
215 2017
1227 2017
279 2018
666 2018
1743 2018
115 2019
284 2020
487 2020
82 2021
7 2022
929 2023
1007 2024
106 2025
722 2025
251 2026
1203 2026
857 2027
39 2028
256 2029
106 2030
1811 2030
6 2031
1831 2031
777 2032
14 2033
56 2034
245 2035
251 2036
545 2036
660 2036
1161 2036
1331 2036
1792 2036
183 2037
1000 2037
115 2038
149 2039
1220 2040
30 2041
182 2041
269 2041
344 2041
353 2041
380 2041
470 2041
585 2041
600 2041
655 2041
798 2041
868 2041
986 2041
1008 2041
1217 2041
1444 2041
1870 2041
457 2042
572 2042
632 2042
1952 2042
19 2043
292 2043
362 2043
408 2044
441 2044
457 2044
1067 2045
74 2046
725 2047
350 2048
1627 2049
96 2050
331 2051
1744 2052
1673 2053
762 2054
775 2054
939 2054
791 2055
714 2056
131 2057
17 2058
172 2058
216 2059
1165 2060
1544 2061
522 2062
57 2063
9 2064
647 2064
1148 2064
841 2065
761 2066
131 2067
939 2067
93 2068
1220 2069
309 2070
103 2071
110 2071
121 2071
1108 2071
273 2072
198 2073
532 2073
752 2074
329 2075
722 2075
1365 2075
5 2076
50 2076
118 2076
44 2077
278 2078
1349 2078
1353 2078
1560 2078
53 2079
122 2079
208 2079
735 2079
1650 2080
17 2081
1220 2081
11 2082
532 2082
1464 2082
263 2083
17 2084
493 2085
917 2086
1992 2086
1627 2087
1220 2088
714 2089
4 2090
7 2091
2011 2091
7 2092
10 2092
17 2092
76 2092
96 2092
100 2092
216 2092
247 2092
261 2092
419 2092
625 2092
723 2092
830 2092
1044 2092
1354 2092
1631 2092
1669 2092
12 2093
986 2093
1167 2093
1955 2094
11 2095
479 2096
1015 2096
1086 2096
457 2097
39 2098
499 2099
1969 2100
1420 2101
1220 2102
85 2103
184 2104
180 2105
846 2105
1899 2105
88 2106
250 2106
1868 2106
108 2107
723 2108
1305 2108
1626 2108
12 2109
179 2110
314 2110
943 2110
1408 2110
384 2111
2 2112
11 2113
84 2114
245 2114
893 2114
1530 2114
1767 2114
320 2115
1629 2116
11 2117
1399 2117
1955 2118
7 2119
468 2119
1008 2120
108 2121
1530 2122
1767 2122
373 2123
1492 2124
39 2125
1298 2125
1995 2126
871 2127
1828 2127
131 2128
350 2129
777 2130
1043 2131
1075 2131
13 2132
1460 2132
8 2133
208 2133
422 2133
472 2133
600 2133
798 2133
808 2133
979 2133
886 2134
115 2135
179 2135
536 2135
2058 2135
57 2136
1484 2137
1105 2138
396 2139
1057 2139
114 2140
353 2141
585 2141
986 2141
1008 2141
1217 2141
1444 2141
351 2142
1416 2142
1454 2142
1975 2142
2048 2142
263 2143
1175 2144
7 2145
444 2146
1075 2147
1677 2147
5 2148
70 2149
907 2150
131 2151
85 2152
280 2152
1760 2153
39 2154
4 2155
11 2156
8 2157
14 2158
138 2159
844 2159
251 2160
290 2160
764 2160
781 2160
803 2160
11 2161
131 2162
329 2163
82 2164
112 2165
5 2166
314 2167
1307 2167
1682 2167
1812 2167
74 2168
1050 2168
1130 2168
1791 2168
273 2169
941 2170
1220 2171
240 2172
1870 2173
162 2174
320 2175
708 2176
1141 2176
461 2177
1926 2177
63 2178
393 2178
509 2178
986 2178
1026 2178
2106 2178
516 2179
2041 2179
2141 2179
525 2180
589 2181
1311 2181
6 2182
7 2182
9 2182
131 2182
359 2182
981 2182
1826 2182
318 2183
184 2184
227 2185
1620 2185
764 2186
781 2186
245 2187
783 2187
179 2188
943 2188
106 2189
1243 2190
1330 2190
1442 2190
1992 2191
82 2192
1027 2193
17 2194
116 2195
1046 2196
229 2197
9 2198
1263 2199
1067 2200
1454 2201
669 2202
635 2203
1688 2203
17 2204
291 2204
1790 2204
2106 2204
62 2205
755 2205
1955 2205
545 2206
1331 2206
1425 2207
170 2208
466 2209
17 2210
1260 2211
916 2212
12 2213
2004 2213
156 2214
341 2214
678 2214
1172 2214
1371 2215
1727 2215
96 2216
99 2216
247 2216
723 2216
1089 2216
1192 2216
1256 2216
1354 2216
1360 2216
1631 2216
2011 2216
2071 2216
350 2217
1325 2217
1481 2217
5 2218
56 2219
1492 2220
478 2221
184 2222
14 2223
1702 2223
385 2224
1991 2225
166 2226
1391 2227
39 2228
1607 2229
669 2230
79 2231
775 2231
1019 2232
1259 2233
1656 2233
1057 2234
1845 2234
11 2235
618 2236
14 2237
8 2238
88 2239
1868 2239
2204 2239
830 2240
1756 2240
74 2241
354 2241
389 2241
1841 2241
2217 2241
1016 2242
131 2243
766 2244
10 2245
20 2245
1283 2245
1322 2246
1230 2247
2 2248
289 2249
848 2250
357 2251
1926 2251
16 2252
320 2253
683 2253
1524 2254
43 2255
57 2256
166 2257
1296 2258
13 2259
154 2259
561 2259
1383 2259
6 2260
245 2261
75 2262
609 2262
1659 2262
2152 2262
404 2263
362 2264
1205 2264
1427 2265
1607 2265
57 2266
3 2267
131 2268
2258 2269
382 2270
256 2271
273 2272
278 2273
698 2273
1392 2273
1790 2273
1886 2274
195 2275
1868 2275
16 2276
1524 2276
1932 2276
1979 2276
2149 2276
208 2277
218 2277
1002 2277
1244 2277
1506 2278
704 2279
1894 2279
11 2280
360 2280
895 2280
1877 2280
2173 2280
305 2281
527 2281
1624 2281
229 2282
911 2282
1426 2282
39 2283
968 2284
2049 2284
8 2285
5 2286
1926 2286
1133 2287
917 2288
1992 2288
1483 2289
870 2290
1955 2291
839 2292
6 2293
290 2294
803 2294
4 2295
315 2295
796 2296
71 2297
324 2297
649 2297
680 2297
1012 2297
1493 2297
1639 2297
8 2298
51 2299
1250 2299
121 2300
121 2301
124 2302
444 2303
8 2304
63 2305
1273 2305
2074 2305
2244 2306
112 2307
103 2308
7 2309
1141 2309
132 2310
185 2310
396 2310
826 2310
855 2310
1524 2310
1979 2310
290 2311
293 2311
56 2312
916 2313
488 2314
1558 2315
236 2316
1503 2316
1844 2316
2259 2316
154 2317
2187 2317
2 2318
4 2318
5 2318
9 2318
17 2318
59 2318
79 2318
95 2318
117 2318
268 2318
329 2318
490 2318
491 2318
570 2318
722 2318
997 2318
1037 2318
1088 2318
1190 2318
1220 2318
1263 2318
1365 2318
1838 2318
2092 2318
2181 2319
488 2320
176 2321
1230 2321
532 2322
587 2322
5 2323
42 2324
71 2324
116 2324
308 2324
1419 2324
1485 2324
195 2325
15 2326
1341 2326
780 2327
1020 2327
290 2328
1926 2329
534 2330
103 2331
2216 2331
62 2332
273 2333
13 2334
373 2335
604 2336
1077 2337
180 2338
304 2338
1446 2338
2073 2338
177 2339
1629 2340
1083 2341
17 2342
17 2343
149 2344
1594 2345
7 2346
42 2347
71 2347
324 2347
656 2347
788 2348
669 2349
6 2350
3 2351
329 2352
436 2353
56 2354
349 2355
461 2355
265 2356
700 2356
63 2357
7 2358
774 2358
824 2358
1519 2358
44 2359
17 2360
389 2361
1305 2362
1532 2362
11 2363
184 2364
57 2365
1580 2366
1594 2366
1889 2366
57 2367
1167 2367
1093 2368
132 2369
2337 2370
12 2371
2131 2371
6 2372
752 2372
2 2373
469 2373
9 2374
530 2374
710 2374
488 2375
15 2376
439 2376
1341 2376
116 2377
125 2377
1082 2377
1155 2377
1426 2377
516 2378
2141 2378
57 2379
534 2379
1594 2379
17 2380
2 2381
227 2382
1673 2382
362 2383
493 2384
532 2384
587 2384
2212 2385
391 2386
468 2387
17 2388
1089 2389
1227 2390
984 2391
103 2392
1383 2393
2316 2393
2317 2394
1899 2395
438 2396
646 2396
701 2396
829 2396
988 2396
2072 2396
527 2397
710 2398
1785 2399
2178 2399
125 2400
137 2400
1045 2400
2282 2400
15 2401
12 2402
986 2402
1167 2402
426 2403
1263 2404
245 2405
1380 2405
168 2406
1638 2406
12 2407
1053 2407
12 2408
71 2409
2144 2410
56 2411
4 2412
1155 2412
1215 2412
1414 2412
1426 2412
1512 2412
2255 2412
103 2413
2216 2413
350 2414
154 2415
1427 2415
13 2416
19 2417
68 2418
108 2419
610 2420
1060 2420
851 2421
44 2422
358 2422
177 2423
103 2424
1442 2425
689 2426
990 2426
891 2427
2205 2427
10 2428
15 2429
170 2429
2174 2430
74 2431
525 2431
1416 2431
1454 2431
2041 2432
2141 2432
1502 2433
2 2434
714 2434
1057 2435
93 2436
10 2437
170 2437
228 2438
63 2439
121 2440
798 2441
267 2442
9 2443
1029 2444
468 2445
1239 2446
2170 2446
1579 2447
17 2448
1220 2448
2144 2449
19 2450
39 2450
292 2450
1957 2450
2135 2450
389 2451
273 2452
1236 2452
2396 2452
76 2453
1425 2454
183 2455
754 2456
450 2457
2041 2458
28 2459
1112 2460
986 2461
1372 2461
17 2462
1083 2463
82 2464
1349 2464
110 2465
245 2466
465 2466
1282 2466
1342 2466
1974 2466
273 2467
665 2468
468 2469
283 2470
534 2470
55 2471
1751 2472
13 2473
1791 2474
1141 2475
318 2476
5 2477
43 2477
74 2477
1132 2478
19 2479
1057 2480
4 2481
63 2482
717 2482
2327 2482
132 2483
396 2483
3 2484
117 2484
316 2485
146 2486
1506 2486
17 2487
457 2487
1014 2487
1506 2487
12 2488
986 2488
1167 2488
1231 2488
195 2489
1868 2489
12 2490
63 2490
393 2490
509 2490
1534 2490
2106 2490
6 2491
39 2492
708 2493
508 2494
6 2495
1596 2495
16 2496
289 2497
779 2497
830 2497
1067 2497
1382 2497
1907 2497
2076 2497
1630 2498
1694 2499
1040 2500
655 2501
17 2502
1093 2503
136 2504
476 2504
977 2504
1204 2504
1212 2504
1217 2504
132 2505
7 2506
1046 2507
2460 2508
4 2509
210 2510
555 2511
227 2512
2217 2512
2006 2513
52 2514
179 2514
314 2514
767 2514
941 2514
1230 2514
1358 2514
1509 2514
1746 2514
155 2515
472 2515
1548 2515
2 2516
245 2516
8 2517
1741 2517
432 2518
1305 2518
478 2519
1141 2520
1055 2521
1744 2521
17 2522
1014 2522
1506 2522
450 2523
1259 2524
1331 2525
227 2526
457 2527
1991 2528
154 2529
2036 2529
108 2530
84 2531
806 2531
1335 2531
1868 2531
2305 2531
2 2532
801 2532
70 2533
2310 2533
2 2534
211 2534
248 2534
287 2534
568 2534
924 2534
1025 2534
1050 2534
2021 2534
2464 2534
1015 2535
2 2536
5 2536
8 2536
118 2536
244 2536
742 2536
913 2536
1006 2536
1302 2536
1384 2536
1692 2536
1819 2536
2351 2536
2484 2536
1577 2537
473 2538
208 2539
361 2539
458 2539
514 2539
585 2539
614 2539
620 2539
864 2539
995 2539
1091 2539
1424 2539
2182 2539
405 2540
525 2541
57 2542
13 2543
1153 2543
1460 2543
11 2544
13 2544
15 2544
19 2544
91 2544
198 2544
319 2544
533 2544
586 2544
634 2544
1075 2544
1167 2544
1315 2544
1521 2544
1633 2544
1675 2544
2276 2544
2496 2544
62 2545
131 2546
841 2547
954 2548
349 2549
539 2550
783 2550
809 2550
2420 2551
2231 2552
1155 2553
1429 2554
1193 2555
916 2556
6 2557
24 2557
27 2557
83 2557
177 2557
218 2557
244 2557
268 2557
376 2557
430 2557
487 2557
517 2557
552 2557
694 2557
735 2557
1216 2557
1392 2557
1405 2557
1447 2557
1473 2557
1484 2557
1576 2557
1601 2557
1613 2557
1656 2557
1729 2557
2112 2557
2248 2557
2434 2557
2536 2557
350 2558
9 2559
2 2560
14 2561
1926 2562
1466 2563
152 2564
147 2565
21 2566
42 2566
208 2566
245 2566
1049 2566
218 2567
1548 2567
2044 2567
319 2568
670 2568
1850 2568
1744 2569
1239 2570
2170 2570
14 2571
116 2572
125 2572
1053 2572
1155 2572
278 2573
791 2574
655 2575
441 2576
457 2576
106 2577
170 2578
303 2578
34 2579
177 2580
314 2581
5 2582
154 2583
1141 2584
6 2585
999 2585
2518 2585
564 2586
10 2587
600 2587
1492 2588
4 2589
11 2590
917 2590
2575 2590
478 2591
718 2591
2504 2591
66 2592
527 2592
1839 2593
2205 2593
56 2594
2214 2595
15 2596
1426 2597
17 2598
263 2599
36 2600
245 2600
3 2601
325 2601
1611 2601
63 2602
263 2603
838 2603
3 2604
74 2605
476 2605
1572 2605
698 2606
11 2607
93 2607
198 2607
230 2607
408 2607
1478 2607
1620 2607
1951 2607
2338 2607
349 2608
1654 2608
1673 2609
11 2610
1966 2610
3 2611
9 2612
2394 2613
51 2614
1694 2615
278 2616
330 2617
1694 2618
2539 2619
329 2620
1263 2621
720 2622
775 2623
2616 2623
1828 2624
180 2625
1899 2625
1586 2626
76 2627
2184 2627
4 2628
2010 2629
1989 2630
669 2631
1402 2631
17 2632
131 2633
1121 2633
1730 2633
176 2634
2253 2634
1765 2635
63 2636
1141 2637
17 2638
2469 2638
1776 2639
1926 2639
2006 2640
12 2641
382 2641
416 2641
627 2641
743 2641
986 2641
1580 2641
1718 2641
7 2642
17 2642
76 2642
85 2642
96 2642
99 2642
108 2642
216 2642
247 2642
419 2642
466 2642
637 2642
723 2642
761 2642
830 2642
1044 2642
1089 2642
1256 2642
1354 2642
1669 2642
2011 2642
2331 2642
11 2643
434 2643
561 2643
1420 2643
2097 2643
2487 2643
2527 2643
2576 2643
2460 2644
2002 2645
2078 2646
23 2647
637 2647
5 2648
226 2648
2572 2648
138 2649
1643 2649
2641 2649
144 2650
823 2651
1429 2651
88 2652
1286 2652
13 2653
56 2653
84 2653
4 2654
627 2655
743 2655
1580 2655
1144 2656
2230 2656
1505 2657
886 2658
121 2659
526 2660
473 2661
57 2662
1260 2663
450 2664
278 2665
33 2666
2557 2667
1605 2668
2396 2669
250 2670
890 2670
1868 2670
2178 2670
155 2671
43 2672
350 2672
2407 2672
103 2673
245 2673
251 2673
613 2674
768 2675
1331 2676
1473 2677
76 2678
665 2678
70 2679
2276 2679
7 2680
96 2681
99 2681
723 2681
1089 2681
1192 2681
1256 2681
1360 2681
2011 2681
2331 2681
2593 2682
96 2683
88 2684
16 2685
1524 2685
1932 2685
2149 2685
2544 2685
57 2686
436 2686
117 2687
57 2688
6 2689
33 2690
273 2691
890 2692
845 2693
2204 2694
227 2695
1012 2696
2181 2696
349 2697
1141 2697
774 2698
15 2699
141 2700
1577 2701
2691 2701
457 2702
155 2703
4 2704
2346 2705
6 2706
108 2706
233 2706
407 2706
544 2707
1998 2707
11 2708
14 2708
15 2708
318 2708
882 2708
917 2709
66 2710
412 2710
792 2710
1238 2710
1670 2710
1965 2710
2176 2710
2 2711
916 2712
2 2713
95 2713
321 2713
529 2713
599 2713
1114 2713
2339 2713
2557 2713
2410 2714
2449 2714
12 2715
6 2716
108 2716
941 2717
2446 2717
2 2718
14 2718
30 2718
170 2718
422 2718
539 2718
809 2718
1240 2718
1663 2718
665 2719
157 2720
1083 2720
1206 2720
12 2721
250 2722
752 2722
806 2722
1230 2722
1728 2722
15 2723
10 2724
2231 2724
2 2725
9 2725
67 2725
104 2725
125 2725
197 2725
259 2725
350 2725
407 2725
439 2725
444 2725
505 2725
578 2725
920 2725
968 2725
1164 2725
1381 2725
1556 2725
1562 2725
2046 2725
2605 2725
16 2726
2049 2727
874 2728
1492 2728
348 2729
363 2729
2125 2729
4 2730
8 2730
51 2731
1502 2731
1694 2732
986 2733
303 2734
986 2735
708 2736
62 2737
436 2738
184 2739
1833 2739
12 2740
761 2741
976 2741
2698 2741
39 2742
775 2743
6 2744
12 2745
192 2746
558 2746
568 2746
1753 2746
1970 2746
14 2747
2565 2747
550 2748
5 2749
1349 2750
1328 2751
1187 2752
1410 2752
1899 2752
389 2753
349 2754
17 2755
56 2756
984 2756
2540 2756
16 2757
6 2758
44 2759
39 2760
1141 2761
2634 2762
158 2763
103 2764
6 2765
791 2766
1413 2767
2145 2767
17 2768
300 2768
346 2768
408 2768
457 2768
1478 2768
138 2769
714 2770
221 2771
419 2772
493 2772
16 2773
660 2773
2544 2773
17 2774
1454 2775
251 2776
2 2777
714 2777
17 2778
2 2779
170 2780
1486 2780
1501 2780
57 2781
1765 2782
121 2783
2301 2784
39 2785
16 2786
775 2786
212 2787
2534 2787
457 2788
1952 2788
7 2789
1141 2789
1266 2790
389 2791
999 2792
924 2793
7 2794
76 2794
96 2794
100 2794
261 2794
419 2794
625 2794
723 2794
1669 2794
2318 2794
173 2795
71 2796
2336 2797
139 2798
752 2799
806 2799
948 2799
1230 2799
1335 2799
2305 2799
57 2800
2 2801
1672 2801
184 2802
211 2803
287 2803
1025 2803
2021 2803
324 2804
649 2804
680 2804
2747 2805
1562 2806
2041 2806
1663 2807
2181 2808
341 2809
169 2810
247 2810
3 2811
121 2812
2218 2813
410 2814
555 2814
1203 2815
1260 2816
1803 2816
1037 2817
720 2818
17 2819
986 2820
1534 2821
144 2822
1992 2822
307 2823
1517 2824
13 2825
775 2825
1214 2825
1506 2825
13 2826
457 2827
1320 2827
221 2828
278 2829
2623 2829
2466 2830
525 2831
851 2832
1665 2832
4 2833
1141 2833
1263 2833
2642 2833
14 2834
1302 2835
6 2836
39 2837
539 2838
809 2838
1140 2838
389 2839
6 2840
196 2841
1828 2841
2550 2842
2718 2842
2838 2842
154 2843
907 2843
16 2844
1009 2845
42 2846
227 2846
1745 2846
1669 2847
613 2848
75 2849
1659 2849
1751 2850
878 2851
704 2852
1894 2852
13 2853
17 2853
76 2853
241 2853
719 2853
17 2854
2851 2855
131 2856
208 2857
354 2857
643 2857
867 2857
1053 2857
1305 2857
1309 2857
2129 2857
1315 2858
1877 2859
987 2860
100 2861
419 2861
2014 2861
2393 2862
587 2863
1534 2864
1331 2865
114 2866
17 2867
5 2868
20 2868
473 2868
568 2868
1068 2868
1179 2868
1762 2868
2249 2868
59 2869
1451 2869
698 2870
6 2871
384 2872
3 2873
325 2873
7 2874
74 2875
735 2875
1532 2875
1926 2875
17 2876
1227 2877
2282 2878
307 2879
2570 2880
6 2881
999 2881
2 2882
13 2882
17 2882
136 2882
170 2882
298 2882
380 2882
401 2882
418 2882
655 2882
723 2882
820 2882
858 2882
1081 2882
1249 2882
1441 2882
1446 2882
1584 2882
1626 2882
1768 2882
2082 2882
2161 2882
2235 2882
2280 2882
2643 2882
15 2883
164 2883
217 2883
451 2883
1318 2883
1713 2883
2205 2884
1020 2885
1483 2886
791 2887
942 2887
17 2888
205 2889
927 2889
1393 2889
1635 2889
882 2890
117 2891
526 2892
1587 2893
2420 2894
176 2895
59 2896
917 2896
2041 2896
2718 2896
12 2897
2822 2897
388 2898
1445 2898
1744 2899
1466 2900
70 2901
2276 2901
245 2902
830 2903
2245 2903
1868 2904
2260 2904
1421 2905
2539 2906
633 2907
698 2908
1121 2909
4 2910
122 2911
7 2912
1167 2913
2410 2913
499 2914
2181 2915
487 2916
421 2917
13 2918
2006 2918
419 2919
1205 2920
2725 2920
861 2921
514 2922
1969 2923
2921 2923
245 2924
1214 2924
1302 2925
43 2926
2377 2926
2400 2926
2572 2926
57 2927
5 2928
384 2928
2804 2928
1089 2929
1391 2930
4 2931
1599 2932
1349 2933
1112 2934
2760 2934
74 2935
737 2935
1305 2935
112 2936
131 2937
775 2938
46 2939
2090 2939
1419 2940
76 2941
70 2942
188 2942
447 2942
491 2942
2276 2942
2 2943
1604 2943
1926 2944
273 2945
2396 2945
534 2946
11 2947
389 2948
8 2949
399 2950
9 2951
81 2952
181 2952
1174 2952
1304 2952
1821 2952
1601 2953
12 2954
1115 2954
1288 2955
301 2956
149 2957
768 2958
1 2959
9 2959
67 2959
359 2959
602 2959
981 2959
999 2959
2668 2960
310 2961
1772 2961
14 2962
149 2963
71 2964
117 2964
2642 2964
2681 2964
2794 2964
6 2965
788 2966
112 2967
597 2968
1926 2969
7 2970
177 2970
4 2971
103 2971
245 2971
1972 2971
526 2972
349 2973
114 2974
88 2975
647 2975
1064 2975
1148 2975
2273 2975
2870 2975
17 2976
12 2977
120 2977
276 2977
318 2977
718 2977
1956 2977
341 2978
466 2978
595 2978
624 2978
658 2978
856 2978
899 2978
2096 2978
2535 2978
39 2979
462 2979
2 2980
714 2980
2595 2980
278 2981
710 2982
2133 2982
1395 2983
247 2984
1092 2984
195 2985
385 2986
17 2987
14 2988
468 2988
202 2989
1436 2989
427 2990
1902 2990
2202 2990
2230 2990
509 2991
1534 2991
2106 2991
2692 2992
1089 2993
170 2994
1006 2994
1384 2994
1501 2994
2345 2994
2601 2994
2873 2994
245 2995
149 2996
1230 2997
962 2998
2574 2998
2887 2998
1322 2999
57 3000
6 3001
2216 3002
2642 3002
2681 3002
2595 3003
808 3004
2558 3005
76 3006
112 3006
1414 3007
177 3008
82 3009
2316 3009
7 3010
389 3010
615 3010
618 3010
623 3010
737 3010
973 3010
1533 3010
1659 3010
1287 3011
419 3012
493 3012
1253 3012
2557 3013
2953 3013
709 3014
273 3015
121 3016
714 3017
2532 3017
7 3018
975 3018
2713 3018
8 3019
12 3020
656 3020
158 3021
117 3022
796 3023
2340 3023
57 3024
1627 3024
8 3025
75 3025
141 3026
13 3027
488 3028
884 3029
106 3030
716 3030
1150 3030
1180 3030
1769 3030
1862 3030
2347 3030
183 3031
384 3032
788 3033
2214 3034
3003 3034
722 3035
12 3036
656 3036
1167 3036
3030 3036
106 3037
198 3038
2142 3039
12 3040
2018 3040
205 3041
927 3041
1393 3041
51 3042
103 3043
1047 3043
2092 3043
727 3044
587 3045
121 3046
2607 3047
9 3048
121 3049
2218 3050
250 3051
2178 3051
1365 3052
341 3053
121 3054
106 3055
760 3056
1341 3057
427 3058
17 3059
6 3060
56 3061
1540 3062
2778 3063
216 3064
5 3065
2423 3065
10 3066
1349 3067
1607 3067
1360 3068
8 3069
208 3069
289 3069
389 3069
683 3069
709 3069
737 3069
1125 3069
1532 3069
2534 3069
2746 3069
1057 3070
2114 3071
2122 3071
1601 3072
57 3073
783 3074
2317 3074
1877 3075
704 3076
212 3077
419 3077
15 3078
8 3079
75 3079
141 3079
609 3079
1040 3079
1209 3079
138 3080
1904 3080
1673 3081
19 3082
405 3082
192 3083
558 3083
74 3084
2725 3084
166 3085
1341 3085
1464 3085
1650 3085
1877 3085
1882 3085
2921 3086
149 3087
113 3088
93 3089
466 3090
2607 3091
12 3092
56 3092
120 3092
986 3092
2504 3092
851 3093
316 3094
349 3095
7 3096
10 3096
2100 3096
1672 3097
2552 3097
2150 3098
2801 3099
3097 3099
13 3100
1378 3101
1237 3102
103 3103
57 3104
1179 3104
12 3105
73 3106
8 3107
468 3108
278 3109
7 3110
13 3111
1214 3111
1460 3111
103 3112
1214 3113
10 3114
4 3115
263 3115
816 3115
3031 3115
2094 3116
2118 3116
2205 3116
1850 3117
14 3118
177 3119
4 3120
11 3121
434 3121
2097 3121
2527 3121
3 3122
1067 3122
2536 3122
503 3123
754 3123
816 3123
2455 3123
3031 3123
1237 3124
2159 3125
138 3126
1643 3126
2641 3126
329 3127
1934 3128
416 3129
88 3130
2554 3131
279 3132
666 3132
2765 3133
609 3134
1659 3134
17 3135
999 3136
63 3137
717 3137
1627 3138
2284 3138
2041 3139
154 3140
320 3141
921 3142
9 3143
273 3144
73 3145
184 3146
197 3147
329 3148
17 3149
146 3149
2160 3149
2186 3149
5 3150
580 3151
2801 3151
3097 3151
141 3152
329 3153
874 3153
587 3154
2756 3155
1851 3156
1940 3156
289 3157
245 3158
1548 3159
708 3160
57 3161
975 3162
1886 3162
2713 3162
1378 3163
1484 3164
1439 3165
1492 3166
503 3167
754 3167
816 3167
2455 3167
886 3168
44 3169
1892 3170
2227 3171
177 3172
1472 3173
273 3174
1803 3175
329 3176
198 3177
2159 3178
349 3179
331 3180
1877 3180
3010 3181
1663 3182
550 3183
687 3184
9 3185
1284 3185
1273 3186
2074 3186
70 3187
2310 3187
13 3188
309 3188
8 3189
245 3190
5 3191
735 3191
20 3192
1283 3192
93 3193
2 3194
170 3195
2214 3196
1947 3197
131 3198
2464 3199
136 3200
1217 3200
2469 3201
627 3202
1828 3202
6 3203
57 3204
8 3205
545 3205
660 3205
781 3205
1583 3205
13 3206
1217 3206
533 3207
222 3208
692 3208
2980 3209
108 3210
39 3211
1150 3212
359 3213
1978 3213
96 3214
2297 3215
2804 3215
488 3216
2616 3217
12 3218
987 3218
422 3219
93 3220
1832 3221
560 3222
818 3223
1137 3224
14 3225
1341 3226
8 3227
1067 3228
670 3229
1634 3229
154 3230
1669 3231
4 3232
897 3233
51 3234
2433 3235
2525 3236
2865 3236
841 3237
320 3238
240 3239
271 3240
1992 3241
522 3242
51 3243
1247 3243
2125 3244
57 3245
1278 3245
70 3246
419 3247
954 3248
4 3249
1220 3249
1263 3249
2624 3249
13 3250
136 3250
1217 3250
1766 3250
2591 3250
6 3251
232 3252
722 3253
954 3253
6 3254
683 3255
3189 3255
303 3256
1532 3257
2882 3258
2 3259
1009 3260
166 3261
74 3262
2041 3263
884 3264
849 3265
1829 3265
552 3266
1141 3267
56 3268
1975 3269
2746 3270
5 3271
6 3271
8 3271
9 3271
11 3271
27 3271
29 3271
57 3271
59 3271
87 3271
95 3271
126 3271
223 3271
244 3271
268 3271
552 3271
589 3271
700 3271
724 3271
735 3271
1345 3271
1392 3271
1449 3271
1601 3271
1656 3271
2112 3271
2318 3271
2373 3271
2381 3271
2434 3271
2532 3271
2534 3271
2536 3271
2711 3271
2713 3271
2801 3271
3194 3271
808 3272
1015 3273
1385 3273
2978 3273
1009 3274
1167 3275
5 3276
19 3277
39 3277
212 3277
292 3277
1957 3277
2110 3277
2135 3277
270 3278
478 3278
436 3279
232 3280
586 3280
13 3281
719 3281
96 3282
1456 3282
278 3283
1091 3284
10 3285
273 3286
2396 3286
534 3287
891 3287
3026 3287
16 3288
2544 3288
118 3289
245 3289
37 3290
509 3290
2106 3290
580 3291
2801 3291
3097 3291
114 3292
7 3293
2641 3294
149 3295
279 3296
374 3296
1427 3297
1055 3298
1322 3299
15 3300
534 3301
1133 3301
1930 3301
419 3302
1285 3302
2339 3303
11 3304
138 3305
599 3305
389 3306
1421 3307
414 3308
1851 3308
362 3309
675 3310
1383 3310
2316 3310
1484 3311
270 3312
1230 3313
169 3314
486 3314
811 3314
866 3314
2234 3314
704 3315
669 3316
1304 3317
1457 3317
2125 3318
172 3319
2135 3319
1969 3320
1333 3321
2557 3321
6 3322
2661 3323
722 3324
385 3325
3052 3326
11 3327
59 3327
1290 3327
2393 3327
2718 3327
3306 3327
1845 3328
2203 3329
2916 3330
72 3331
114 3332
585 3333
986 3333
1008 3333
1444 3333
208 3334
354 3334
643 3334
867 3334
1305 3334
1092 3335
329 3336
803 3336
3149 3336
1141 3337
42 3338
71 3338
308 3338
15 3339
146 3340
669 3341
2990 3341
210 3342
8 3343
251 3343
545 3343
722 3343
781 3343
1161 3343
1583 3343
1584 3343
285 3344
864 3344
983 3344
1578 3344
2847 3344
1053 3345
74 3346
57 3347
146 3348
1506 3348
633 3349
531 3350
886 3351
1305 3352
1949 3352
2725 3352
14 3353
124 3354
709 3355
1662 3355
2126 3355
550 3356
279 3357
670 3358
1634 3358
1710 3358
17 3359
1506 3359
2838 3360
96 3361
2459 3361
2282 3362
2804 3363
1664 3364
318 3365
350 3366
641 3367
1734 3367
2020 3367
1067 3368
665 3369
6 3370
248 3371
273 3371
9 3372
168 3372
419 3373
354 3374
2934 3375
17 3376
2953 3377
3072 3377
3271 3377
1627 3378
2669 3378
15 3379
7 3380
525 3381
6 3382
665 3383
1271 3384
714 3385
3151 3385
3 3386
14 3387
738 3388
44 3389
358 3389
2036 3390
665 3391
1687 3391
1328 3392
1363 3393
56 3394
692 3394
839 3394
2314 3394
2320 3394
2375 3394
205 3395
2555 3395
196 3396
1413 3396
1167 3397
1273 3398
2219 3399
1765 3400
1540 3401
916 3402
747 3403
74 3404
17 3405
1230 3406
17 3407
111 3407
277 3407
1452 3408
3138 3408
3378 3408
114 3409
3364 3409
692 3410
1898 3410
280 3411
121 3412
57 3413
534 3413
1899 3414
108 3415
804 3416
857 3416
2771 3416
2828 3416
5 3417
709 3418
737 3418
1548 3419
672 3420
1250 3420
2532 3421
2299 3422
2384 3423
113 3424
508 3425
1127 3425
1909 3425
2359 3425
3169 3425
1772 3426
1842 3427
188 3428
1630 3429
2008 3429
1 3430
4 3430
74 3430
389 3430
1305 3430
1497 3430
1532 3430
1992 3430
436 3431
67 3432
1457 3432
1919 3432
8 3433
476 3434
13 3435
350 3436
1325 3436
150 3437
622 3438
17 3439
2543 3439
10 3440
74 3440
600 3440
723 3440
1305 3440
2199 3440
57 3441
545 3442
3438 3443
2128 3444
9 3445
2169 3445
1532 3446
2232 3447
57 3448
534 3448
2635 3448
68 3449
788 3450
168 3451
2639 3451
74 3452
525 3452
1454 3452
16 3453
69 3453
219 3453
261 3453
2450 3453
847 3454
1305 3455
39 3456
1109 3457
131 3458
1481 3459
2241 3459
115 3460
412 3460
531 3460
788 3460
1039 3460
1327 3460
1352 3460
1411 3460
1525 3460
1603 3460
1822 3460
1843 3460
1867 3460
2028 3460
2125 3460
2283 3460
2760 3460
3277 3460
1029 3461
427 3462
106 3463
704 3464
2 3465
117 3465
465 3465
1778 3465
2020 3466
279 3467
666 3467
3040 3467
85 3468
2928 3468
56 3469
1230 3469
7 3470
245 3470
1494 3470
1131 3471
57 3472
410 3473
32 3474
3 3475
419 3475
675 3476
324 3477
680 3477
4 3478
263 3478
250 3479
1868 3479
176 3480
1228 3480
2 3481
96 3481
2557 3481
479 3482
452 3483
1016 3483
2781 3484
8 3485
3255 3485
2557 3486
9 3487
4 3488
3 3489
56 3490
2445 3490
9 3491
1148 3491
141 3492
56 3493
14 3494
2916 3495
4 3496
1263 3496
93 3497
2797 3498
560 3499
68 3500
1881 3500
215 3501
1261 3501
76 3502
349 3503
2522 3504
478 3505
263 3506
17 3507
1014 3507
1506 3507
904 3508
114 3509
1501 3510
8 3511
1805 3511
103 3512
1304 3513
7 3514
1955 3515
106 3516
13 3517
373 3518
93 3519
1876 3520
88 3521
169 3522
205 3522
357 3522
227 3523
421 3524
4 3525
17 3526
1776 3526
2406 3526
1003 3527
2 3528
4 3529
654 3530
2701 3530
1517 3531
1920 3531
2536 3532
16 3533
412 3534
792 3534
3235 3535
184 3536
1160 3537
1766 3537
775 3538
939 3538
1288 3539
4 3540
2282 3541
703 3542
1240 3542
2568 3542
273 3543
823 3543
1617 3543
2396 3543
2186 3544
841 3545
451 3546
2135 3546
4 3547
1090 3548
1829 3548
2173 3548
1179 3549
1666 3549
93 3550
775 3551
166 3552
1003 3553
1089 3554
2017 3554
2877 3554
359 3555
1002 3555
1277 3555
1978 3555
3394 3556
116 3557
1155 3557
329 3558
2118 3559
2205 3559
4 3560
17 3561
994 3562
1301 3562
2011 3562
704 3563
388 3564
67 3565
246 3565
258 3565
259 3565
502 3565
1263 3565
1481 3565
2108 3565
2518 3565
3440 3565
4 3566
669 3567
15 3568
730 3569
1506 3569
515 3570
138 3571
879 3571
2801 3572
803 3573
155 3574
15 3575
833 3575
1650 3575
2995 3575
106 3576
1150 3576
1769 3576
1862 3576
7 3577
278 3577
64 3578
3 3579
25 3579
161 3579
252 3579
321 3579
343 3579
576 3579
1015 3579
2209 3579
2642 3579
3090 3579
1969 3580
37 3581
123 3581
895 3581
1359 3581
1877 3581
1957 3581
2041 3581
2634 3582
70 3583
409 3583
2254 3583
2276 3583
2471 3584
290 3585
329 3585
722 3585
764 3585
1161 3585
1303 3585
1331 3585
534 3586
42 3587
308 3587
37 3588
852 3588
969 3588
1464 3588
1672 3588
2625 3588
3414 3588
656 3589
3030 3589
3212 3589
603 3590
10 3591
4 3592
117 3592
208 3593
1018 3593
318 3594
922 3595
349 3596
149 3597
273 3598
17 3599
469 3600
2557 3600
2697 3600
752 3601
806 3601
112 3602
1137 3602
419 3603
468 3603
2444 3603
385 3604
2170 3605
1 3606
74 3606
389 3606
1038 3607
1274 3607
1760 3607
3430 3608
1484 3609
240 3610
1506 3610
3336 3610
2310 3611
131 3612
457 3613
572 3613
273 3614
2522 3615
17 3616
85 3617
280 3617
590 3618
3543 3618
689 3619
3458 3619
564 3620
553 3621
1796 3622
2734 3622
709 3623
251 3624
2595 3625
2811 3625
3034 3625
1548 3626
358 3627
1834 3627
2 3628
245 3628
714 3628
1538 3628
2557 3628
251 3629
1877 3630
2544 3631
3064 3631
210 3632
166 3633
1187 3633
103 3634
11 3635
1270 3636
2259 3636
39 3637
1828 3638
1413 3639
722 3640
947 3641
1469 3641
227 3642
2281 3643
1116 3644
1273 3644
1629 3644
2296 3644
1659 3645
1989 3646
1378 3647
421 3648
870 3649
2889 3649
273 3650
823 3650
236 3651
1014 3651
1270 3651
3310 3651
1772 3652
2141 3653
39 3654
376 3655
57 3656
824 3657
1519 3657
12 3658
405 3658
986 3658
1167 3658
1239 3658
1853 3658
1884 3658
665 3659
3 3660
1427 3661
473 3662
3323 3662
1559 3663
2116 3663
2340 3663
3644 3663
416 3664
1556 3664
3460 3665
166 3666
1168 3666
1341 3666
1464 3666
2797 3667
675 3668
46 3669
172 3669
1209 3669
1801 3669
2107 3669
2121 3669
2706 3669
146 3670
232 3670
348 3670
1506 3670
2684 3670
6 3671
1664 3672
2 3673
714 3673
12 3674
318 3674
184 3675
1387 3676
1917 3676
1341 3677
180 3678
720 3679
362 3680
1024 3680
2110 3680
2756 3680
1669 3681
56 3682
692 3682
1095 3682
1432 3682
2314 3682
2320 3682
3216 3682
3464 3682
2565 3683
2145 3684
478 3685
244 3686
1302 3686
1692 3686
2484 3686
2557 3686
2692 3687
1285 3688
6 3689
469 3690
1528 3690
13 3691
227 3692
8 3693
173 3693
1395 3694
1548 3695
2607 3695
2768 3695
3550 3696
3326 3697
447 3698
2607 3698
3038 3698
414 3699
1851 3699
1673 3700
2626 3701
14 3702
1091 3703
488 3704
636 3704
1137 3705
93 3706
3460 3707
2042 3708
1205 3709
2557 3709
7 3710
1506 3711
10 3712
1524 3713
1125 3714
198 3715
230 3715
408 3715
1397 3715
1620 3715
1565 3716
37 3717
166 3717
1877 3717
1957 3717
138 3718
73 3719
212 3719
832 3719
1517 3719
1905 3719
121 3720
1141 3721
1360 3721
39 3722
5 3723
645 3724
771 3724
846 3724
330 3725
450 3726
329 3727
587 3728
1766 3729
2099 3729
2914 3729
146 3730
2004 3731
232 3732
2684 3732
1008 3733
57 3734
1015 3734
7 3735
4 3736
1067 3737
16 3738
304 3738
3591 3738
3715 3738
172 3739
2706 3739
2224 3740
215 3741
245 3742
2335 3743
1093 3744
3041 3744
2892 3745
389 3746
902 3746
1416 3746
1532 3746
2217 3746
1077 3747
12 3748
318 3748
917 3749
2 3750
714 3750
2420 3751
154 3752
2262 3752
2642 3753
10 3754
14 3755
1832 3756
3639 3756
112 3757
17 3758
7 3759
103 3759
1141 3759
1263 3759
2092 3759
170 3760
484 3761
1879 3762
669 3763
114 3764
12 3765
3030 3765
3212 3765
1016 3766
11 3767
7 3768
685 3768
2451 3768
3579 3768
760 3769
2281 3769
329 3770
722 3770
1913 3770
210 3771
414 3772
3745 3772
4 3773
516 3774
1203 3775
1384 3775
2601 3775
74 3776
1305 3776
2199 3776
908 3777
1046 3777
1224 3777
1596 3777
468 3778
42 3779
308 3779
4 3780
8 3780
103 3780
10 3781
714 3781
478 3782
2411 3782
1 3783
74 3783
1532 3783
93 3784
230 3784
346 3784
408 3784
441 3784
457 3784
1014 3784
1478 3784
2567 3784
3159 3784
3626 3784
1350 3785
3641 3785
823 3786
1429 3786
39 3787
1665 3788
115 3789
179 3789
298 3789
2450 3789
419 3790
1015 3791
2978 3791
1877 3792
468 3793
208 3794
361 3794
514 3794
526 3794
620 3794
864 3794
871 3794
909 3794
1087 3794
1926 3794
2057 3794
2162 3794
2182 3794
2268 3794
2546 3794
2937 3794
3458 3794
227 3795
9 3796
9 3797
96 3798
109 3798
641 3798
1811 3798
251 3799
934 3800
3549 3800
119 3801
1053 3802
277 3803
1898 3804
1 3805
6 3805
9 3805
57 3805
81 3805
103 3805
181 3805
226 3805
244 3805
251 3805
266 3805
271 3805
285 3805
290 3805
343 3805
347 3805
455 3805
521 3805
714 3805
735 3805
761 3805
828 3805
834 3805
999 3805
1032 3805
1047 3805
1234 3805
1252 3805
1269 3805
1304 3805
1468 3805
1523 3805
1535 3805
1657 3805
1686 3805
1703 3805
1812 3805
1994 3805
2091 3805
2092 3805
2346 3805
2358 3805
2506 3805
2789 3805
2794 3805
2874 3805
2970 3805
3010 3805
3110 3805
3293 3805
3470 3805
3577 3805
3759 3805
3607 3806
825 3807
1003 3808
841 3809
2882 3809
16 3810
1876 3811
5 3812
357 3812
1926 3812
714 3813
3500 3813
665 3814
2 3815
3266 3815
3271 3815
725 3816
121 3817
4 3818
999 3819
3401 3819
74 3820
1305 3820
416 3821
863 3822
468 3823
339 3824
406 3824
427 3824
562 3824
924 3824
980 3824
981 3824
1236 3824
114 3825
775 3826
450 3827
1492 3828
5 3829
370 3829
2297 3829
232 3830
3205 3830
3343 3830
448 3831
791 3831
1 3832
91 3832
1423 3832
1478 3832
2825 3832
2924 3832
3111 3832
1230 3833
871 3834
1911 3835
2738 3835
3279 3835
3431 3835
714 3836
115 3837
179 3837
298 3837
2450 3837
714 3838
422 3839
1082 3839
792 3840
3386 3840
683 3841
1626 3841
336 3842
2926 3842
13 3843
427 3844
3811 3844
320 3845
14 3846
1446 3847
2349 3848
1501 3849
389 3850
44 3851
358 3851
17 3852
3613 3853
1341 3854
388 3855
1141 3856
2049 3857
3063 3858
17 3859
528 3859
1926 3860
10 3861
725 3861
2478 3861
17 3862
1580 3863
5 3864
1138 3865
3627 3865
1230 3866
3181 3866
96 3867
389 3868
3622 3869
2585 3870
1483 3871
112 3872
16 3873
304 3873
700 3874
1075 3875
2213 3875
3731 3875
141 3876
1845 3876
3314 3876
723 3877
1631 3877
2331 3877
796 3878
2340 3878
6 3879
10 3880
17 3881
17 3882
1506 3882
9 3883
168 3883
461 3884
1341 3885
3460 3886
2204 3887
498 3888
1241 3888
2846 3888
12 3889
986 3889
1580 3889
96 3890
641 3890
2041 3891
63 3892
1080 3893
373 3894
85 3895
176 3895
1188 3896
2009 3896
2049 3897
2 3898
465 3898
138 3899
3500 3900
153 3901
9 3902
739 3903
1069 3904
1224 3904
2177 3904
4 3905
103 3905
468 3905
1141 3905
2092 3905
2216 3905
2642 3905
1828 3906
158 3907
324 3908
15 3909
309 3910
123 3911
176 3911
215 3911
467 3911
827 3911
2216 3911
2681 3911
2929 3911
3554 3911
114 3912
318 3913
74 3914
1561 3914
329 3915
14 3916
397 3917
229 3918
911 3918
2400 3918
364 3919
3250 3920
672 3921
191 3922
421 3922
2539 3923
114 3924
170 3925
743 3926
12 3927
1228 3928
2853 3928
14 3929
1835 3929
26 3930
465 3930
714 3930
1266 3930
1778 3930
525 3931
2745 3931
3846 3931
245 3932
2635 3933
310 3934
3393 3934
362 3935
1532 3936
2 3937
904 3938
3650 3938
114 3939
2807 3939
2781 3940
1146 3941
580 3942
3034 3943
2113 3944
1077 3945
1842 3946
4 3947
1302 3948
5 3949
74 3949
170 3949
208 3949
422 3949
472 3949
600 3949
709 3949
979 3949
1449 3949
2318 3949
2687 3949
3465 3949
2 3950
17 3951
14 3952
86 3953
3824 3953
404 3954
870 3954
245 3955
3835 3956
103 3957
994 3958
1360 3958
358 3959
874 3960
683 3961
2634 3961
499 3962
1610 3962
57 3963
1664 3964
870 3965
811 3966
1344 3966
1845 3966
1454 3967
370 3968
2696 3968
227 3969
1673 3969
1745 3969
3888 3969
1231 3970
2279 3970
39 3971
331 3972
490 3972
613 3973
1378 3973
473 3974
12 3975
335 3976
981 3976
2605 3976
3434 3976
1842 3977
2262 3978
3425 3978
1090 3979
587 3980
1421 3981
3117 3982
1420 3983
3443 3983
19 3984
123 3984
895 3984
1877 3984
1957 3984
2041 3984
318 3985
516 3986
444 3987
14 3988
316 3989
1288 3990
93 3991
12 3992
2634 3993
3731 3994
85 3995
222 3996
227 3997
1620 3997
1326 3998
1390 3998
1503 3998
3264 3998
149 3999
1639 4000
